# time(s), 	 	 acceleration(g)
0.000000000000000000e+00 6.311904000000000181e+00
2.000277970813059281e-05 6.553480999999999668e+00
4.000555941626118562e-05 6.772670999999999886e+00
6.000833912439177504e-05 7.043835999999999764e+00
8.001111883252237124e-05 7.292486000000000246e+00
1.000138985406529674e-04 7.563585999999999920e+00
1.200166782487835501e-04 7.881664999999999921e+00
1.400194579569141598e-04 8.218626000000000431e+00
1.600222376650447425e-04 8.608470999999999762e+00
1.800250173731753251e-04 8.983456000000000330e+00
2.000277970813059349e-04 9.415542999999999552e+00
2.200305767894365175e-04 9.828682000000000585e+00
2.400333564975671002e-04 1.030365899999999968e+01
2.600361362056977099e-04 1.082185199999999980e+01
2.800389159138283197e-04 1.139175999999999966e+01
3.000416956219588752e-04 1.202765800000000063e+01
3.200444753300894850e-04 1.275446400000000047e+01
3.400472550382200947e-04 1.352779499999999935e+01
3.600500347463506503e-04 1.446853499999999926e+01
3.800528144544812600e-04 1.544535300000000078e+01
4.000555941626118698e-04 1.659496700000000047e+01
4.200583738707424253e-04 1.796389999999999887e+01
4.400611535788730351e-04 1.931933700000000087e+01
4.600639332870036448e-04 2.106358099999999922e+01
4.800667129951342003e-04 2.319033699999999953e+01
5.000694927032648101e-04 2.563763799999999904e+01
5.200722724113954198e-04 2.874815399999999954e+01
5.400750521195260296e-04 3.292918699999999887e+01
5.600778318276566393e-04 3.887418900000000122e+01
5.800806115357871407e-04 4.798933900000000108e+01
6.000833912439177504e-04 6.363244199999999751e+01
6.200861709520483602e-04 8.845740000000000691e+01
6.400889506601789699e-04 1.266828789999999998e+02
6.600917303683095797e-04 1.802314360000000022e+02
6.800945100764401894e-04 2.473514940000000024e+02
7.000972897845707992e-04 3.252495769999999879e+02
7.201000694927013005e-04 4.032928130000000237e+02
7.401028492008319103e-04 4.674842990000000214e+02
7.601056289089625200e-04 5.046804670000000215e+02
7.801084086170931298e-04 5.076114400000000160e+02
8.001111883252237395e-04 4.806798420000000078e+02
8.201139680333543493e-04 4.371816600000000221e+02
8.401167477414848506e-04 3.867742470000000026e+02
8.601195274496154604e-04 3.378216790000000174e+02
8.801223071577460701e-04 2.896106469999999717e+02
9.001250868658766799e-04 2.468519890000000032e+02
9.201278665740072896e-04 2.005165979999999877e+02
9.401306462821378994e-04 1.485378670000000056e+02
9.601334259902684007e-04 9.558069500000000573e+01
9.801362056983990104e-04 5.113664800000000099e+01
1.000138985406529620e-03 1.643962600000000052e+01
1.020141765114660230e-03 -2.962091000000000030e+00
1.040144544822790840e-03 -8.668241999999999337e+00
1.060147324530921449e-03 -3.756510000000000016e+00
1.080150104239052059e-03 1.309200899999999912e+01
1.100152883947182669e-03 3.652259699999999754e+01
1.120155663655313279e-03 5.761664799999999786e+01
1.140158443363443888e-03 7.344844299999999748e+01
1.160161223071574281e-03 6.601809900000000653e+01
1.180164002779704891e-03 5.377173299999999756e+01
1.200166782487835501e-03 2.495865399999999923e+01
1.220169562195966111e-03 -8.128895999999999233e+00
1.240172341904096720e-03 -2.541573100000000096e+01
1.260175121612227330e-03 -4.752222299999999677e+01
1.280177901320357940e-03 -4.449670900000000273e+01
1.300180681028488550e-03 -2.646029199999999904e+01
1.320183460736619159e-03 -8.010605999999999227e+00
1.340186240444749769e-03 1.293511099999999914e+01
1.360189020152880379e-03 2.600970299999999824e+01
1.380191799861010989e-03 3.001735599999999948e+01
1.400194579569141598e-03 2.919308900000000051e+01
1.420197359277271991e-03 5.299463000000000257e+00
1.440200138985402601e-03 1.585815999999999892e+00
1.460202918693533211e-03 -2.960274000000000072e+00
1.480205698401663821e-03 -5.306804999999999772e+00
1.500208478109794430e-03 6.324752000000000152e+00
1.520211257817925040e-03 1.058410399999999996e+01
1.540214037526055650e-03 2.044156800000000018e+01
1.560216817234186260e-03 2.361054899999999890e+01
1.580219596942316869e-03 1.611934000000000111e+01
1.600222376650447479e-03 1.162282399999999960e+01
1.620225156358578089e-03 -2.657639000000000085e+00
1.640227936066708699e-03 4.382666000000000395e+00
1.660230715774839308e-03 1.241309000000000040e+01
1.680233495482969701e-03 -2.579772999999999872e+00
1.700236275191100311e-03 4.671610000000000262e+00
1.720239054899230921e-03 1.145942999999999934e+00
1.740241834607361530e-03 -1.015935900000000025e+01
1.760244614315492140e-03 -1.670113200000000120e+01
1.780247394023622750e-03 -2.726016100000000009e+01
1.800250173731753360e-03 -3.436198000000000263e+01
1.820252953439883969e-03 -2.978396499999999847e+01
1.840255733148014579e-03 -1.504851000000000028e+01
1.860258512856145189e-03 1.446436999999999973e+00
1.880261292564275799e-03 1.657121799999999823e+01
1.900264072272406408e-03 3.601128299999999882e+01
1.920266851980536801e-03 4.367956999999999823e+01
1.940269631688667411e-03 4.119891700000000156e+01
1.960272411396798021e-03 2.986616799999999827e+01
1.980275191104928847e-03 1.556351300000000037e+01
2.000277970813059240e-03 -7.565152999999999572e+00
2.020280750521190067e-03 -1.426018999999999970e+01
2.040283530229320460e-03 -1.716962099999999936e+01
2.060286309937450853e-03 -2.253867999999999938e+01
2.080289089645581679e-03 -1.591145000000000032e+01
2.100291869353712072e-03 -8.386889000000000038e+00
2.120294649061842899e-03 -4.121762000000000370e+00
2.140297428769973292e-03 -4.260233000000000381e+00
2.160300208478104118e-03 -1.395460000000000034e-01
2.180302988186234511e-03 -3.670209999999999972e+00
2.200305767894365338e-03 -1.254021499999999989e+01
2.220308547602495731e-03 -1.534549999999999947e+01
2.240311327310626557e-03 -1.331529699999999927e+01
2.260314107018756950e-03 -6.807266000000000261e+00
2.280316886726887777e-03 -1.220377999999999963e+00
2.300319666435018170e-03 3.497923999999999811e+00
2.320322446143148563e-03 1.134400199999999970e+01
2.340325225851279389e-03 1.047132900000000078e+01
2.360328005559409782e-03 1.509476500000000065e+01
2.380330785267540609e-03 1.098238399999999970e+01
2.400333564975671002e-03 4.263921999999999990e+00
2.420336344683801828e-03 4.476753000000000426e+00
2.440339124391932221e-03 7.445945000000000036e+00
2.460341904100063048e-03 3.258099000000000078e+00
2.480344683808193441e-03 -3.984849999999999781e+00
2.500347463516324267e-03 -1.079649000000000036e+01
2.520350243224454660e-03 -1.671449900000000000e+01
2.540353022932585487e-03 -1.552426600000000079e+01
2.560355802640715880e-03 -1.867202800000000096e+01
2.580358582348846273e-03 -1.084619400000000056e+01
2.600361362056977099e-03 -1.123435199999999945e+01
2.620364141765107492e-03 -4.997030999999999779e+00
2.640366921473238319e-03 -3.735031999999999908e+00
2.660369701181368712e-03 -4.352049000000000056e+00
2.680372480889499538e-03 -1.828310000000000102e+00
2.700375260597629931e-03 -7.574106999999999701e+00
2.720378040305760758e-03 -1.705089000000000077e+00
2.740380820013891151e-03 1.458377000000000034e+00
2.760383599722021977e-03 5.801693000000000211e+00
2.780386379430152370e-03 1.121039900000000067e+01
2.800389159138283197e-03 1.651067799999999863e+01
2.820391938846413590e-03 1.230745300000000064e+01
2.840394718554543983e-03 3.645996999999999932e+00
2.860397498262674809e-03 -1.520418999999999965e+00
2.880400277970805202e-03 -4.607390000000000096e-01
2.900403057678936029e-03 -8.555272999999999683e+00
2.920405837387066422e-03 -9.868468000000000018e+00
2.940408617095197248e-03 -1.432475400000000043e+01
2.960411396803327641e-03 -1.113267300000000048e+01
2.980414176511458468e-03 -8.263472999999999402e+00
3.000416956219588861e-03 -6.248517999999999795e+00
3.020419735927719687e-03 -1.087883300000000020e+01
3.040422515635850080e-03 -1.932194199999999995e+01
3.060425295343980907e-03 -1.478688299999999956e+01
3.080428075052111300e-03 -1.105350999999999928e+01
3.100430854760241692e-03 -6.227754000000000012e+00
3.120433634468372519e-03 2.302888999999999964e+00
3.140436414176502912e-03 1.086759799999999920e+01
3.160439193884633739e-03 1.476779699999999984e+01
3.180441973592764131e-03 1.248245499999999986e+01
3.200444753300894958e-03 1.042921699999999952e+01
3.220447533009025351e-03 4.701848000000000027e+00
3.240450312717156178e-03 -4.105151000000000217e+00
3.260453092425286570e-03 -3.827821999999999836e+00
3.280455872133417397e-03 -3.835154000000000174e+00
3.300458651841547790e-03 -6.606893000000000349e+00
3.320461431549678617e-03 5.423580000000000068e-01
3.340464211257809009e-03 5.423981999999999637e+00
3.360466990965939402e-03 -1.952439999999999953e+00
3.380469770674070229e-03 -7.728928999999999938e+00
3.400472550382200622e-03 -1.067184100000000058e+01
3.420475330090331448e-03 -1.801147200000000126e+01
3.440478109798461841e-03 -2.077295900000000017e+01
3.460480889506592668e-03 -1.417609599999999936e+01
3.480483669214723061e-03 -1.392154200000000053e+01
3.500486448922853887e-03 -9.185007000000000588e+00
3.520489228630984280e-03 6.441743999999999915e+00
3.540492008339115107e-03 1.112922400000000067e+01
3.560494788047245500e-03 1.126529400000000081e+01
3.580497567755376326e-03 1.227779999999999916e+01
3.600500347463506719e-03 3.786802999999999919e+00
3.620503127171637112e-03 -2.864434999999999842e+00
3.640505906879767939e-03 -4.077119999999999855e+00
3.660508686587898332e-03 -2.307440000000000158e+00
3.680511466296029158e-03 -1.282475999999999949e+00
3.700514246004159551e-03 -5.947399999999999909e-02
3.720517025712290378e-03 1.955025999999999931e+00
3.740519805420420771e-03 -2.242553000000000019e+00
3.760522585128551597e-03 2.442000000000000004e-01
3.780525364836681990e-03 -9.963859999999999939e-01
3.800528144544812817e-03 -3.533815999999999846e+00
3.820530924252943210e-03 -5.569015000000000271e+00
3.840533703961073603e-03 -9.798000000000000043e+00
3.860536483669204429e-03 -1.231940200000000019e+01
3.880539263377334822e-03 -1.068092500000000022e+01
3.900542043085465649e-03 -1.167344600000000021e+01
3.920544822793596042e-03 -1.155437700000000056e+01
3.940547602501726435e-03 -4.137595000000000134e+00
3.960550382209857695e-03 3.118266000000000204e+00
3.980553161917988088e-03 6.814912999999999776e+00
4.000555941626118481e-03 1.531304699999999919e+01
4.020558721334248874e-03 1.210273300000000063e+01
4.040561501042380134e-03 4.954780000000000406e+00
4.060564280750510527e-03 5.777555000000000440e+00
4.080567060458640920e-03 1.286165000000000003e+00
4.100569840166771313e-03 -3.877410000000000023e-01
4.120572619874901706e-03 2.480930000000000080e-01
4.140575399583032966e-03 -5.981506000000000434e+00
4.160578179291163359e-03 -8.096387000000000000e+00
4.180580958999293752e-03 -7.350698999999999650e+00
4.200583738707424145e-03 -5.953409999999999869e+00
4.220586518415555405e-03 -5.477523999999999837e+00
4.240589298123685798e-03 -5.026165999999999912e+00
4.260592077831816191e-03 -6.468033000000000143e+00
4.280594857539946584e-03 -6.012717000000000311e+00
4.300597637248077844e-03 -1.813774999999999915e+00
4.320600416956208237e-03 -5.674900000000000083e-02
4.340603196664338630e-03 -3.006669000000000036e+00
4.360605976372469023e-03 -1.446719999999999950e-01
4.380608756080599415e-03 2.475554999999999950e+00
4.400611535788730676e-03 2.329622000000000082e+00
4.420614315496861069e-03 8.090797999999999490e+00
4.440617095204991462e-03 7.797699999999999854e+00
4.460619874913121854e-03 1.508080000000000087e+00
4.480622654621253115e-03 -6.047900000000000498e-01
4.500625434329383508e-03 -4.649947000000000052e+00
4.520628214037513901e-03 -7.179395999999999667e+00
4.540630993745644294e-03 -2.697090000000000209e+00
4.560633773453775554e-03 1.825769999999999893e+00
4.580636553161905947e-03 1.775546999999999986e+00
4.600639332870036340e-03 3.952720999999999929e+00
4.620642112578166733e-03 2.117634999999999934e+00
4.640644892286297125e-03 -2.462197000000000191e+00
4.660647671994428386e-03 -3.702459000000000167e+00
4.680650451702558779e-03 -1.010965500000000006e+01
4.700653231410689172e-03 -1.763136099999999828e+01
4.720656011118819564e-03 -1.498083199999999948e+01
4.740658790826950825e-03 -6.085261000000000031e+00
4.760661570535081218e-03 4.192935000000000301e+00
4.780664350243211611e-03 1.076844900000000038e+01
4.800667129951342003e-03 1.171476999999999968e+01
4.820669909659473264e-03 9.511640999999999124e+00
4.840672689367603657e-03 5.418402000000000385e+00
4.860675469075734050e-03 1.451238999999999946e+00
4.880678248783864442e-03 -6.812846000000000402e+00
4.900681028491994835e-03 -8.635213999999999501e+00
4.920683808200126096e-03 -7.966092999999999869e+00
4.940686587908256489e-03 -5.255607999999999613e+00
4.960689367616386881e-03 1.516710000000000003e+00
4.980692147324517274e-03 3.548471000000000153e+00
5.000694927032648535e-03 -1.820329000000000086e+00
5.020697706740778928e-03 -1.856665999999999928e+00
5.040700486448909320e-03 -2.522867000000000193e+00
5.060703266157039713e-03 -2.431830000000000158e+00
5.080706045865170974e-03 9.339549999999999796e-01
5.100708825573301367e-03 8.405700000000000671e-02
5.120711605281431759e-03 -3.595718999999999888e+00
5.140714384989562152e-03 -6.052298000000000400e+00
5.160717164697692545e-03 -5.271635999999999989e+00
5.180719944405823806e-03 -2.735762999999999945e+00
5.200722724113954198e-03 6.173680000000000279e-01
5.220725503822084591e-03 1.374346999999999985e+00
5.240728283530214984e-03 -2.387316999999999911e+00
5.260731063238346245e-03 -2.036080000000000112e+00
5.280733842946476637e-03 3.259656000000000109e+00
5.300736622654607030e-03 3.302741999999999845e+00
5.320739402362737423e-03 3.166932000000000080e+00
5.340742182070868684e-03 2.845599999999999796e-01
5.360744961778999076e-03 -3.884857999999999922e+00
5.380747741487129469e-03 -3.650742999999999849e+00
5.400750521195259862e-03 -2.079489999999999839e+00
5.420753300903390255e-03 -4.371385000000000076e+00
5.440756080611521515e-03 -4.485393000000000185e+00
5.460758860319651908e-03 -4.474815999999999683e+00
5.480761640027782301e-03 -2.679571000000000147e+00
5.500764419735912694e-03 1.735965999999999898e+00
5.520767199444043954e-03 1.730774999999999952e+00
5.540769979152174347e-03 -1.487065999999999999e+00
5.560772758860304740e-03 -4.122606000000000215e+00
5.580775538568435133e-03 -4.870630000000000237e+00
5.600778318276566393e-03 -3.080445999999999795e+00
5.620781097984696786e-03 -1.836689999999999989e-01
5.640783877692827179e-03 1.767112000000000016e+00
5.660786657400957572e-03 -5.964840000000000142e-01
5.680789437109087965e-03 -2.673211999999999922e+00
5.700792216817219225e-03 -1.166585999999999901e+00
5.720794996525349618e-03 -7.860859999999999514e-01
5.740797776233480011e-03 4.731230000000000158e-01
5.760800555941610404e-03 9.139049999999999674e-01
5.780803335649741664e-03 -1.395445000000000046e+00
5.800806115357872057e-03 -1.856211999999999973e+00
5.820808895066002450e-03 -1.611529999999999907e-01
5.840811674774132843e-03 9.663990000000000080e-01
5.860814454482264103e-03 1.617480999999999947e+00
5.880817234190394496e-03 -1.841288000000000036e+00
5.900820013898524889e-03 -6.251178999999999597e+00
5.920822793606655282e-03 -7.469184000000000268e+00
5.940825573314785675e-03 -7.567747999999999919e+00
5.960828353022916935e-03 -5.942962999999999774e+00
5.980831132731047328e-03 -2.752438999999999858e+00
6.000833912439177721e-03 -2.355522000000000116e+00
6.020836692147308114e-03 -9.810079999999999911e-01
6.040839471855439374e-03 3.235259000000000107e+00
6.060842251563569767e-03 6.314370000000000260e+00
6.080845031271700160e-03 5.691708000000000212e+00
6.100847810979830553e-03 1.231918999999999986e+00
6.120850590687961813e-03 -3.556526999999999994e+00
6.140853370396092206e-03 -4.903398000000000145e+00
6.160856150104222599e-03 -2.277851000000000070e+00
6.180858929812352992e-03 -4.802699999999999747e-01
6.200861709520483385e-03 -1.813970000000000082e+00
6.220864489228614645e-03 -2.594179000000000013e+00
6.240867268936745038e-03 -3.237538999999999945e+00
6.260870048644875431e-03 -2.776837000000000000e+00
6.280872828353005824e-03 -2.410299999999999943e-01
6.300875608061137084e-03 -1.220259999999999956e-01
6.320878387769267477e-03 -3.829638000000000098e+00
6.340881167477397870e-03 -5.762316000000000216e+00
6.360883947185528263e-03 -4.418752999999999709e+00
6.380886726893659523e-03 -1.205583999999999989e+00
6.400889506601789916e-03 2.890315999999999885e+00
6.420892286309920309e-03 4.755444999999999922e+00
6.440895066018050702e-03 2.477695999999999898e+00
6.460897845726181095e-03 -7.396260000000000057e-01
6.480900625434312355e-03 -2.280771000000000104e+00
6.500903405142442748e-03 -2.691250000000000142e+00
6.520906184850573141e-03 -1.884373000000000076e+00
6.540908964558703534e-03 -1.789832000000000090e+00
6.560911744266834794e-03 -2.741668000000000216e+00
6.580914523974965187e-03 -1.342250000000000110e-01
6.600917303683095580e-03 2.724981999999999793e+00
6.620920083391225973e-03 1.852114000000000038e+00
6.640922863099357233e-03 -9.292280000000000539e-01
6.660925642807487626e-03 -4.973087999999999731e+00
6.680928422515618019e-03 -6.930291999999999675e+00
6.700931202223748412e-03 -4.082830000000000403e+00
6.720933981931878805e-03 -8.400069999999999482e-01
6.740936761640010065e-03 1.022397000000000000e+00
6.760939541348140458e-03 1.414641999999999955e+00
6.780942321056270851e-03 -5.974570000000000158e-01
6.800945100764401244e-03 -2.702345999999999915e+00
6.820947880472532504e-03 -2.421707000000000054e+00
6.840950660180662897e-03 -2.354289000000000076e+00
6.860953439888793290e-03 -2.490164000000000044e+00
6.880956219596923683e-03 -6.109539999999999971e-01
6.900958999305054943e-03 2.831969999999999765e-01
6.920961779013185336e-03 8.377269999999999994e-01
6.940964558721315729e-03 2.517018000000000200e+00
6.960967338429446122e-03 1.372789999999999955e+00
6.980970118137576515e-03 -2.630060999999999982e+00
7.000972897845707775e-03 -4.763435999999999559e+00
7.020975677553838168e-03 -3.945072999999999830e+00
7.040978457261968561e-03 -2.940872999999999848e+00
7.060981236970098954e-03 -2.917200000000000001e-02
7.080984016678230214e-03 2.261880000000000113e+00
7.100986796386360607e-03 -4.331700000000000134e-02
7.120989576094491000e-03 -1.521522000000000041e+00
7.140992355802621393e-03 -1.077690000000000037e+00
7.160995135510752653e-03 -3.013093000000000021e+00
7.180997915218883046e-03 -4.665585000000000093e+00
7.201000694927013439e-03 -4.550605000000000011e+00
7.221003474635143832e-03 -4.153167999999999971e+00
7.241006254343274225e-03 -1.935505000000000031e+00
7.261009034051405485e-03 1.584128999999999898e+00
7.281011813759535878e-03 2.643028999999999851e+00
7.301014593467666271e-03 1.551231000000000027e+00
7.321017373175796664e-03 2.465360000000000051e-01
7.341020152883927924e-03 -1.485573999999999950e+00
7.361022932592058317e-03 -1.914220999999999950e+00
7.381025712300188710e-03 -5.508030000000000426e-01
7.401028492008319103e-03 -6.041410000000000391e-01
7.421031271716450363e-03 -2.505088000000000203e+00
7.441034051424580756e-03 -3.134367999999999821e+00
7.461036831132711149e-03 -2.232299999999999951e+00
7.481039610840841542e-03 -1.330947000000000102e+00
7.501042390548971935e-03 -4.435439999999999938e-01
7.521045170257103195e-03 -9.720529999999999449e-01
7.541047949965233588e-03 -1.939462999999999937e+00
7.561050729673363981e-03 -2.073261000000000021e+00
7.581053509381494374e-03 -2.310878999999999905e+00
7.601056289089625634e-03 -1.961070000000000091e+00
7.621059068797756027e-03 -2.059829000000000132e+00
7.641061848505886420e-03 -2.040233000000000185e+00
7.661064628214016813e-03 -8.119110000000000493e-01
7.681067407922147205e-03 5.996540000000000203e-01
7.701070187630278466e-03 8.324709999999999610e-01
7.721072967338408859e-03 3.868229999999999724e-01
7.741075747046539252e-03 -1.057055999999999996e+00
7.761078526754669644e-03 -2.449543999999999944e+00
7.781081306462800905e-03 -2.393610999999999933e+00
7.801084086170931298e-03 -1.493036000000000030e+00
7.821086865879062558e-03 -5.181000000000000050e-01
7.841089645587192083e-03 3.979829999999999757e-01
7.861092425295323344e-03 -1.410379999999999967e-01
7.881095205003452869e-03 -1.767835000000000045e+00
7.901097984711584130e-03 -2.157290000000000152e+00
7.921100764419715390e-03 -1.985208000000000084e+00
7.941103544127844915e-03 -2.795329999999999870e+00
7.961106323835976176e-03 -3.226703000000000099e+00
7.981109103544105701e-03 -2.575361000000000011e+00
8.001111883252236961e-03 -1.140306999999999960e+00
8.021114662960368222e-03 6.895879999999999788e-01
8.041117442668497747e-03 1.173259999999999970e+00
8.061120222376629008e-03 -9.653699999999999504e-01
8.081123002084760268e-03 -3.200164000000000009e+00
8.101125781792889793e-03 -2.928284999999999805e+00
8.121128561501021054e-03 -1.877105999999999941e+00
8.141131341209150579e-03 -7.715509999999999868e-01
8.161134120917281840e-03 6.088029999999999831e-01
8.181136900625413100e-03 9.758069999999999800e-01
8.201139680333542625e-03 5.069299999999999917e-01
8.221142460041673886e-03 2.186990000000000045e-01
8.241145239749803411e-03 -6.809680000000000177e-01
8.261148019457934671e-03 -2.228991000000000167e+00
8.281150799166065932e-03 -3.757419000000000064e+00
8.301153578874195457e-03 -4.645794999999999675e+00
8.321156358582326718e-03 -3.822566000000000130e+00
8.341159138290457978e-03 -1.500758000000000036e+00
8.361161917998587503e-03 8.722469999999999946e-01
8.381164697706718764e-03 1.766462999999999894e+00
8.401167477414848289e-03 5.339880000000000182e-01
8.421170257122979549e-03 -1.658498999999999945e+00
8.441173036831110810e-03 -3.171873000000000165e+00
8.461175816539240335e-03 -2.932761999999999869e+00
8.481178596247371596e-03 -1.976512999999999964e+00
8.501181375955501121e-03 -1.755570999999999993e+00
8.521184155663632381e-03 -1.566489000000000020e+00
8.541186935371763642e-03 -5.541770000000000307e-01
8.561189715079893167e-03 1.238407999999999953e+00
8.581192494788024427e-03 1.466358000000000050e+00
8.601195274496155688e-03 -1.800350000000000006e-01
8.621198054204285213e-03 -2.064242000000000132e+00
8.641200833912416474e-03 -3.208598999999999979e+00
8.661203613620545999e-03 -3.412475999999999843e+00
8.681206393328677259e-03 -1.888460999999999945e+00
8.701209173036808520e-03 7.789300000000000390e-02
8.721211952744938045e-03 6.753780000000000339e-01
8.741214732453069305e-03 -2.009940000000000060e-01
8.761217512161198831e-03 -1.035123999999999933e+00
8.781220291869330091e-03 -2.003506999999999927e+00
8.801223071577461352e-03 -2.736995999999999984e+00
8.821225851285590877e-03 -2.979480999999999824e+00
8.841228630993722137e-03 -2.936850000000000183e+00
8.861231410701853398e-03 -2.310294999999999987e+00
8.881234190409982923e-03 -4.929230000000000000e-01
8.901236970118114183e-03 1.172091999999999912e+00
8.921239749826243709e-03 1.770615999999999968e+00
8.941242529534374969e-03 9.549140000000000406e-01
8.961245309242506230e-03 -1.264502000000000015e+00
8.981248088950635755e-03 -2.533443999999999807e+00
9.001250868658767015e-03 -2.181299000000000099e+00
9.021253648366896541e-03 -1.601593000000000044e+00
9.041256428075027801e-03 -1.512631999999999977e+00
9.061259207783159061e-03 -1.584138000000000046e+00
9.081261987491288587e-03 -1.468898000000000037e+00
9.101264767199419847e-03 -1.468898000000000037e+00
9.121267546907551108e-03 -1.322575999999999974e+00
9.141270326615680633e-03 -1.519835000000000047e+00
9.161273106323811893e-03 -1.785029999999999895e+00
9.181275886031941419e-03 -1.518472000000000044e+00
9.201278665740072679e-03 -1.024483000000000033e+00
9.221281445448203939e-03 -1.362359999999999960e-01
9.241284225156333465e-03 2.931900000000000062e-01
9.261287004864464725e-03 -2.760040000000000271e-01
9.281289784572594251e-03 -1.454687000000000063e+00
9.301292564280725511e-03 -2.461418999999999802e+00
9.321295343988856771e-03 -2.449479000000000184e+00
9.341298123696986297e-03 -1.383505999999999903e+00
9.361300903405117557e-03 -6.067360000000000531e-01
9.381303683113248817e-03 -8.519459999999999811e-01
9.401306462821378343e-03 -1.275142999999999915e+00
9.421309242529509603e-03 -1.116362999999999994e+00
9.441312022237639129e-03 -8.274839999999999973e-01
9.461314801945770389e-03 -7.422220000000000484e-01
9.481317581653901649e-03 -1.383245999999999976e+00
9.501320361362031175e-03 -2.339430000000000121e+00
9.521323141070162435e-03 -2.092531999999999837e+00
9.541325920778291961e-03 -1.260998000000000063e+00
9.561328700486423221e-03 -9.199490000000000167e-01
9.581331480194554481e-03 -9.772440000000000015e-01
9.601334259902684007e-03 -1.109031000000000100e+00
9.621337039610815267e-03 -1.013192000000000093e+00
9.641339819318946527e-03 -4.680070000000000063e-01
9.661342599027076053e-03 3.921000000000000006e-03
9.681345378735207313e-03 -5.683230000000000226e-01
9.701348158443336839e-03 -1.449106999999999923e+00
9.721350938151468099e-03 -2.153073000000000015e+00
9.741353717859599359e-03 -2.584509999999999863e+00
9.761356497567728885e-03 -2.081761000000000195e+00
9.781359277275860145e-03 -8.202810000000000379e-01
9.801362056983989671e-03 2.582800000000000096e-01
9.821364836692120931e-03 2.267450000000000021e-01
9.841367616400252191e-03 -8.438360000000000305e-01
9.861370396108381717e-03 -1.971063000000000009e+00
9.881373175816512977e-03 -2.562189000000000050e+00
9.901375955524644237e-03 -2.761458999999999886e+00
9.921378735232773763e-03 -2.976302000000000003e+00
9.941381514940905023e-03 -2.317692000000000085e+00
9.961384294649034549e-03 -4.078559999999999963e-01
9.981387074357165809e-03 1.493220999999999909e+00
1.000138985406529707e-02 2.269991000000000092e+00
1.002139263377342659e-02 1.271176000000000084e+00
1.004139541348155786e-02 -1.101245000000000029e+00
1.006139819318968738e-02 -2.877672000000000008e+00
1.008140097289781864e-02 -3.385742000000000029e+00
1.010140375260594990e-02 -3.100042000000000186e+00
1.012140653231407943e-02 -2.281744999999999912e+00
1.014140931202221069e-02 -9.503810000000000313e-01
1.016141209173034195e-02 2.997440000000000104e-01
1.018141487143847147e-02 6.535760000000000458e-01
1.020141765114660273e-02 3.195339999999999847e-01
1.022142043085473226e-02 -7.997769999999999602e-01
1.024142321056286352e-02 -2.164232999999999851e+00
1.026142599027099478e-02 -2.658351999999999826e+00
1.028142876997912430e-02 -2.675352999999999870e+00
1.030143154968725556e-02 -2.376805000000000057e+00
1.032143432939538509e-02 -1.040964000000000000e+00
1.034143710910351635e-02 2.904649999999999732e-01
1.036143988881164761e-02 2.033850000000000102e-01
1.038144266851977714e-02 -7.681769999999999987e-01
1.040144544822790840e-02 -1.669920000000000071e+00
1.042144822793603966e-02 -1.617620000000000058e+00
1.044145100764416918e-02 -8.552560000000000162e-01
1.046145378735230044e-02 -5.267950000000000133e-01
1.048145656706042997e-02 -8.443549999999999667e-01
1.050145934676856123e-02 -1.017085000000000017e+00
1.052146212647669249e-02 -8.039300000000000335e-01
1.054146490618482201e-02 -8.668709999999999471e-01
1.056146768589295327e-02 -1.463057999999999970e+00
1.058147046560108280e-02 -2.081501999999999963e+00
1.060147324530921406e-02 -2.196353000000000222e+00
1.062147602501734532e-02 -1.752780999999999922e+00
1.064147880472547485e-02 -9.649159999999999959e-01
1.066148158443360611e-02 -3.451089999999999991e-01
1.068148436414173737e-02 -3.153909999999999769e-01
1.070148714384986689e-02 -8.171019999999999950e-01
1.072148992355799815e-02 -1.420296999999999921e+00
1.074149270326612768e-02 -1.784316000000000013e+00
1.076149548297425894e-02 -1.809493000000000018e+00
1.078149826268239020e-02 -1.358719000000000010e+00
1.080150104239051972e-02 -1.144069999999999920e+00
1.082150382209865098e-02 -1.347428000000000070e+00
1.084150660180678051e-02 -1.161265999999999909e+00
1.086150938151491177e-02 -3.807329999999999881e-01
1.088151216122304303e-02 6.815999999999999837e-02
1.090151494093117256e-02 -4.053899999999999726e-01
1.092151772063930382e-02 -1.356902000000000053e+00
1.094152050034743508e-02 -1.992021999999999959e+00
1.096152328005556460e-02 -1.615998000000000046e+00
1.098152605976369586e-02 -8.263160000000000505e-01
1.100152883947182539e-02 -7.315800000000000081e-01
1.102153161917995665e-02 -1.164770000000000083e+00
1.104153439888808791e-02 -1.312972999999999946e+00
1.106153717859621743e-02 -1.343080999999999969e+00
1.108153995830434869e-02 -1.583814000000000055e+00
1.110154273801247822e-02 -1.842325999999999908e+00
1.112154551772060948e-02 -1.995915000000000106e+00
1.114154829742874074e-02 -2.005843000000000043e+00
1.116155107713687027e-02 -1.563244000000000078e+00
1.118155385684500153e-02 -6.186110000000000220e-01
1.120155663655313279e-02 2.565800000000000025e-02
1.122155941626126231e-02 2.046179999999999943e-01
1.124156219596939357e-02 -6.979100000000000581e-02
1.126156497567752310e-02 -1.030321999999999960e+00
1.128156775538565436e-02 -1.760567999999999911e+00
1.130157053509378562e-02 -1.649610000000000021e+00
1.132157331480191514e-02 -1.438075999999999910e+00
1.134157609451004640e-02 -1.695810000000000040e+00
1.136157887421817593e-02 -1.945303000000000004e+00
1.138158165392630719e-02 -1.525673999999999975e+00
1.140158443363443845e-02 -6.805780000000000163e-01
1.142158721334256798e-02 -1.220259999999999956e-01
1.144158999305069924e-02 -4.377039999999999820e-01
1.146159277275883050e-02 -1.358070000000000110e+00
1.148159555246696002e-02 -1.881388000000000060e+00
1.150159833217509128e-02 -1.825066000000000077e+00
1.152160111188322081e-02 -1.783797000000000077e+00
1.154160389159135207e-02 -1.805600000000000094e+00
1.156160667129948333e-02 -1.651361999999999997e+00
1.158160945100761285e-02 -1.167105999999999977e+00
1.160161223071574411e-02 -5.940830000000000277e-01
1.162161501042387364e-02 -2.160479999999999901e-01
1.164161779013200490e-02 -2.060549999999999882e-01
1.166162056984013616e-02 -6.874559999999999560e-01
1.168162334954826569e-02 -1.345676000000000094e+00
1.170162612925639695e-02 -2.035041999999999796e+00
1.172162890896452821e-02 -2.279539000000000204e+00
1.174163168867265773e-02 -1.658693999999999891e+00
1.176163446838078899e-02 -6.376230000000000508e-01
1.178163724808891852e-02 -1.802950000000000108e-01
1.180164002779704978e-02 -5.578109999999999458e-01
1.182164280750518104e-02 -9.977489999999999970e-01
1.184164558721331056e-02 -1.180407999999999902e+00
1.186164836692144182e-02 -1.605680999999999914e+00
1.188165114662957135e-02 -2.286611000000000171e+00
1.190165392633770261e-02 -2.640768000000000004e+00
1.192165670604583387e-02 -2.186490000000000045e+00
1.194165948575396340e-02 -9.548579999999999846e-01
1.196166226546209466e-02 1.636739999999999862e-01
1.198166504517022592e-02 1.841790000000000094e-01
1.200166782487835544e-02 -5.646889999999999965e-01
1.202167060458648670e-02 -1.279814999999999925e+00
1.204167338429461623e-02 -1.664533999999999958e+00
1.206167616400274749e-02 -1.821042999999999967e+00
1.208167894371087875e-02 -1.624692999999999943e+00
1.210168172341900827e-02 -1.219859000000000027e+00
1.212168450312713953e-02 -8.413699999999999513e-01
1.214168728283526906e-02 -7.626610000000000333e-01
1.216169006254340032e-02 -9.829550000000000232e-01
1.218169284225153158e-02 -1.376303000000000054e+00
1.220169562195966111e-02 -1.692825000000000024e+00
1.222169840166779237e-02 -1.709500999999999937e+00
1.224170118137592363e-02 -1.533849999999999936e+00
1.226170396108405315e-02 -1.028764999999999930e+00
1.228170674079218441e-02 -2.087160000000000126e-01
1.230170952050031394e-02 2.101339999999999875e-01
1.232171230020844520e-02 -4.485399999999999943e-01
1.234171507991657646e-02 -1.642017999999999978e+00
1.236171785962470598e-02 -2.529939999999999856e+00
1.238172063933283724e-02 -2.645049999999999901e+00
1.240172341904096677e-02 -2.019468999999999959e+00
1.242172619874909803e-02 -1.236275999999999931e+00
1.244172897845722929e-02 -6.783069999999999933e-01
1.246173175816535882e-02 -2.674389999999999823e-01
1.248173453787349008e-02 -4.383599999999999997e-02
1.250173731758162134e-02 -3.478350000000000053e-01
1.252174009728975086e-02 -1.123177000000000092e+00
1.254174287699788212e-02 -1.912015000000000020e+00
1.256174565670601165e-02 -2.293683999999999834e+00
1.258174843641414291e-02 -2.057946999999999971e+00
1.260175121612227417e-02 -1.428018999999999927e+00
1.262175399583040369e-02 -7.746650000000000480e-01
1.264175677553853495e-02 -4.438030000000000030e-01
1.266175955524666448e-02 -5.682580000000000409e-01
1.268176233495479574e-02 -9.511600000000000055e-01
1.270176511466292700e-02 -1.413418999999999981e+00
1.272176789437105653e-02 -1.608276000000000039e+00
1.274177067407918779e-02 -1.454687000000000063e+00
1.276177345378731905e-02 -1.410109999999999975e+00
1.278177623349544857e-02 -1.455141999999999936e+00
1.280177901320357983e-02 -1.314400000000000013e+00
1.282178179291170936e-02 -1.106241000000000030e+00
1.284178457261984062e-02 -9.937259999999999982e-01
1.286178735232797188e-02 -9.484989999999999810e-01
1.288179013203610140e-02 -1.124603999999999937e+00
1.290179291174423266e-02 -1.364559000000000077e+00
1.292179569145236219e-02 -1.318229000000000095e+00
1.294179847116049345e-02 -1.104294000000000109e+00
1.296180125086862471e-02 -1.083140999999999909e+00
1.298180403057675424e-02 -1.174438000000000093e+00
1.300180681028488550e-02 -1.246788000000000007e+00
1.302180958999301676e-02 -1.200523000000000007e+00
1.304181236970114628e-02 -1.016046999999999922e+00
1.306181514940927754e-02 -9.290329999999999977e-01
1.308181792911740707e-02 -1.117596000000000034e+00
1.310182070882553833e-02 -1.427110000000000101e+00
1.312182348853366959e-02 -1.636373000000000077e+00
1.314182626824179911e-02 -1.698080999999999952e+00
1.316182904794993037e-02 -1.468379000000000101e+00
1.318183182765805990e-02 -1.121490000000000098e+00
1.320183460736619116e-02 -8.718669999999999476e-01
1.322183738707432242e-02 -8.063299999999999912e-01
1.324184016678245195e-02 -8.008150000000000546e-01
1.326184294649058321e-02 -7.889410000000000034e-01
1.328184572619871447e-02 -1.031619999999999981e+00
1.330184850590684399e-02 -1.554548999999999959e+00
1.332185128561497525e-02 -1.904878000000000071e+00
1.334185406532310478e-02 -1.826818000000000053e+00
1.336185684503123604e-02 -1.513215999999999894e+00
1.338185962473936730e-02 -1.058159000000000072e+00
1.340186240444749682e-02 -8.340370000000000283e-01
1.342186518415562808e-02 -9.512239999999999585e-01
1.344186796386375761e-02 -1.146860999999999908e+00
1.346187074357188887e-02 -1.206037999999999943e+00
1.348187352328002013e-02 -1.166522000000000059e+00
1.350187630298814966e-02 -1.235173000000000076e+00
1.352187908269628092e-02 -1.267552000000000012e+00
1.354188186240441218e-02 -1.279036999999999979e+00
1.356188464211254170e-02 -1.104359000000000091e+00
1.358188742182067296e-02 -8.766040000000000498e-01
1.360189020152880249e-02 -9.287090000000000067e-01
1.362189298123693375e-02 -1.223492999999999942e+00
1.364189576094506501e-02 -1.572003999999999957e+00
1.366189854065319453e-02 -1.714757000000000087e+00
1.368190132036132579e-02 -1.495436999999999905e+00
1.370190410006945532e-02 -1.060559999999999947e+00
1.372190687977758658e-02 -7.753139999999999477e-01
1.374190965948571784e-02 -7.976999999999999647e-01
1.376191243919384737e-02 -1.131677000000000044e+00
1.378191521890197863e-02 -1.459165000000000045e+00
1.380191799861010989e-02 -1.592054000000000080e+00
1.382192077831823941e-02 -1.579466000000000037e+00
1.384192355802637067e-02 -1.525673999999999975e+00
1.386192633773450020e-02 -1.493619999999999948e+00
1.388192911744263146e-02 -1.157243000000000022e+00
1.390193189715076272e-02 -6.083579999999999544e-01
1.392193467685889224e-02 -2.566680000000000073e-01
1.394193745656702350e-02 -4.598309999999999897e-01
1.396194023627515303e-02 -1.125188000000000077e+00
1.398194301598328429e-02 -1.875742999999999938e+00
1.400194579569141555e-02 -2.156641000000000030e+00
1.402194857539954508e-02 -1.932390000000000052e+00
1.404195135510767634e-02 -1.439243999999999968e+00
1.406195413481580760e-02 -9.987219999999999986e-01
1.408195691452393712e-02 -7.171750000000000069e-01
1.410195969423206838e-02 -5.335429999999999895e-01
1.412196247394019791e-02 -6.085530000000000106e-01
1.414196525364832917e-02 -9.902220000000000466e-01
1.416196803335646043e-02 -1.563827999999999996e+00
1.418197081306458995e-02 -2.000976000000000088e+00
1.420197359277272121e-02 -1.984429999999999916e+00
1.422197637248085074e-02 -1.593482000000000065e+00
1.424197915218898200e-02 -9.518729999999999691e-01
1.426198193189711326e-02 -3.953969999999999985e-01
1.428198471160524279e-02 -3.374530000000000030e-01
1.430198749131337405e-02 -7.693449999999999456e-01
1.432199027102150531e-02 -1.348076999999999970e+00
1.434199305072963483e-02 -1.688477000000000006e+00
1.436199583043776609e-02 -1.668296999999999919e+00
1.438199861014589562e-02 -1.524766000000000066e+00
1.440200138985402688e-02 -1.359561999999999937e+00
1.442200416956215814e-02 -1.149261000000000088e+00
1.444200694927028766e-02 -9.438269999999999715e-01
1.446200972897841892e-02 -8.010099999999999998e-01
1.448201250868654845e-02 -7.973109999999999919e-01
1.450201528839467971e-02 -1.135440000000000005e+00
1.452201806810281097e-02 -1.540273999999999921e+00
1.454202084781094050e-02 -1.535277999999999921e+00
1.456202362751907176e-02 -1.254704000000000041e+00
1.458202640722720302e-02 -1.037265000000000104e+00
1.460202918693533254e-02 -1.002680000000000016e+00
1.462203196664346380e-02 -1.154193000000000024e+00
1.464203474635159333e-02 -1.330038000000000054e+00
1.466203752605972459e-02 -1.318942999999999977e+00
1.468204030576785585e-02 -1.187545000000000073e+00
1.470204308547598537e-02 -1.042780999999999958e+00
1.472204586518411663e-02 -9.520680000000000254e-01
1.474204864489224616e-02 -9.633580000000000476e-01
1.476205142460037742e-02 -1.007481999999999989e+00
1.478205420430850868e-02 -1.038562999999999903e+00
1.480205698401663821e-02 -1.130703999999999931e+00
1.482205976372476947e-02 -1.234847999999999946e+00
1.484206254343290073e-02 -1.331596000000000002e+00
1.486206532314103025e-02 -1.368192000000000075e+00
1.488206810284916151e-02 -1.231927999999999912e+00
1.490207088255729104e-02 -9.775690000000000213e-01
1.492207366226542230e-02 -8.645350000000000534e-01
1.494207644197355356e-02 -1.073018999999999945e+00
1.496207922168168308e-02 -1.251784000000000008e+00
1.498208200138981434e-02 -1.237054000000000098e+00
1.500208478109794387e-02 -1.022016999999999953e+00
1.502208756080607513e-02 -9.061280000000000445e-01
1.504209034051420639e-02 -9.082689999999999930e-01
1.506209312022233592e-02 -1.008909999999999973e+00
1.508209589993046718e-02 -1.154906999999999906e+00
1.510209867963859844e-02 -1.253989999999999938e+00
1.512210145934672796e-02 -1.276829999999999909e+00
1.514210423905485922e-02 -1.282604999999999995e+00
1.516210701876298875e-02 -1.296102000000000087e+00
1.518210979847112001e-02 -1.214279000000000108e+00
1.520211257817925127e-02 -1.087423999999999946e+00
1.522211535788738079e-02 -1.050891999999999937e+00
1.524211813759551205e-02 -1.131936000000000053e+00
1.526212091730364158e-02 -1.273975000000000080e+00
1.528212369701177284e-02 -1.323485000000000023e+00
1.530212647671990410e-02 -1.194552999999999976e+00
1.532212925642803363e-02 -8.427970000000000184e-01
1.534213203613616489e-02 -5.197869999999999990e-01
1.536213481584429441e-02 -4.481510000000000216e-01
1.538213759555242567e-02 -7.398860000000000436e-01
1.540214037526055693e-02 -1.244191999999999965e+00
1.542214315496868646e-02 -1.616322000000000036e+00
1.544214593467681772e-02 -1.705802000000000040e+00
1.546214871438494898e-02 -1.683481000000000005e+00
1.548215149409307850e-02 -1.545984000000000025e+00
1.550215427380120976e-02 -1.174827000000000066e+00
1.552215705350933929e-02 -7.014070000000000027e-01
1.554215983321747055e-02 -4.136310000000000264e-01
1.556216261292560181e-02 -5.278329999999999966e-01
1.558216539263373134e-02 -9.272160000000000402e-01
1.560216817234186260e-02 -1.488429000000000002e+00
1.562217095204999212e-02 -1.763876999999999917e+00
1.564217373175812512e-02 -1.643639999999999990e+00
1.566217651146625464e-02 -1.313231999999999955e+00
1.568217929117438417e-02 -9.694580000000000419e-01
1.570218207088251369e-02 -7.426760000000000028e-01
1.572218485059064669e-02 -7.507869999999999822e-01
1.574218763029877621e-02 -9.027530000000000276e-01
1.576219041000690574e-02 -1.033697000000000088e+00
1.578219318971503873e-02 -1.202339999999999964e+00
1.580219596942316826e-02 -1.326664000000000065e+00
1.582219874913129778e-02 -1.325496000000000008e+00
1.584220152883943078e-02 -1.184171000000000085e+00
1.586220430854756031e-02 -9.330559999999999965e-01
1.588220708825568983e-02 -6.929070000000000507e-01
1.590220986796382283e-02 -6.889490000000000336e-01
1.592221264767195235e-02 -1.072435000000000027e+00
1.594221542738008188e-02 -1.539625000000000021e+00
1.596221820708821140e-02 -1.710928999999999922e+00
1.598222098679634440e-02 -1.536899999999999933e+00
1.600222376650447392e-02 -1.216874000000000011e+00
1.602222654621260345e-02 -9.670570000000000555e-01
1.604222932592073644e-02 -8.316369999999999596e-01
1.606223210562886597e-02 -6.751279999999999504e-01
1.608223488533699549e-02 -5.922659999999999592e-01
1.610223766504512849e-02 -6.809680000000000177e-01
1.612224044475325802e-02 -9.757519999999999527e-01
1.614224322446138754e-02 -1.291236000000000050e+00
1.616224600416952054e-02 -1.444304999999999950e+00
1.618224878387765006e-02 -1.408033000000000090e+00
1.620225156358577959e-02 -1.195397000000000043e+00
1.622225434329390911e-02 -1.023833999999999911e+00
1.624225712300204211e-02 -1.001252999999999949e+00
1.626225990271017163e-02 -1.083984999999999976e+00
1.628226268241830116e-02 -1.143097000000000030e+00
1.630226546212643415e-02 -1.108381999999999978e+00
1.632226824183456368e-02 -1.032982999999999985e+00
1.634227102154269320e-02 -9.598550000000000137e-01
1.636227380125082620e-02 -9.946340000000000181e-01
1.638227658095895573e-02 -1.102606999999999893e+00
1.640227936066708525e-02 -1.158150999999999931e+00
1.642228214037521825e-02 -1.181769999999999987e+00
1.644228492008334777e-02 -1.273781000000000052e+00
1.646228769979147730e-02 -1.413613999999999926e+00
1.648229047949960682e-02 -1.490180999999999978e+00
1.650229325920773982e-02 -1.378703999999999930e+00
1.652229603891586934e-02 -1.050437999999999983e+00
1.654229881862399887e-02 -7.053650000000000198e-01
1.656230159833213186e-02 -6.095909999999999940e-01
1.658230437804026139e-02 -7.591569999999999707e-01
1.660230715774839091e-02 -9.569990000000000441e-01
1.662230993745652391e-02 -1.095145000000000035e+00
1.664231271716465344e-02 -1.186571999999999960e+00
1.666231549687278296e-02 -1.255287999999999959e+00
1.668231827658091596e-02 -1.289158999999999944e+00
1.670232105628904548e-02 -1.306872999999999951e+00
1.672232383599717501e-02 -1.190075999999999912e+00
1.674232661570530453e-02 -9.967759999999999954e-01
1.676232939541343753e-02 -8.787449999999999983e-01
1.678233217512156705e-02 -9.233879999999999866e-01
1.680233495482969658e-02 -1.058418999999999999e+00
1.682233773453782957e-02 -1.220572999999999908e+00
1.684234051424595910e-02 -1.248280000000000056e+00
1.686234329395408862e-02 -1.202922999999999965e+00
1.688234607366222162e-02 -1.178655999999999926e+00
1.690234885337035114e-02 -1.218755999999999950e+00
1.692235163307848067e-02 -1.179368999999999890e+00
1.694235441278661367e-02 -1.065620999999999929e+00
1.696235719249474319e-02 -8.817300000000000137e-01
1.698235997220287272e-02 -7.797269999999999479e-01
1.700236275191100224e-02 -8.638860000000000428e-01
1.702236553161913524e-02 -1.063220000000000054e+00
1.704236831132726476e-02 -1.294869000000000048e+00
1.706237109103539429e-02 -1.405113000000000056e+00
1.708237387074352728e-02 -1.338862999999999914e+00
1.710237665045165681e-02 -1.214863000000000026e+00
1.712237943015978633e-02 -1.102152999999999938e+00
1.714238220986791933e-02 -9.584270000000000289e-01
1.716238498957604885e-02 -8.659620000000000095e-01
1.718238776928417838e-02 -8.858829999999999760e-01
1.720239054899231138e-02 -1.050308000000000019e+00
1.722239332870044090e-02 -1.311350999999999933e+00
1.724239610840857043e-02 -1.553187000000000095e+00
1.726239888811669995e-02 -1.600165000000000060e+00
1.728240166782483295e-02 -1.356772000000000089e+00
1.730240444753296247e-02 -9.751030000000000530e-01
1.732240722724109200e-02 -5.931750000000000078e-01
1.734241000694922499e-02 -5.576160000000000005e-01
1.736241278665735452e-02 -8.012040000000000273e-01
1.738241556636548404e-02 -1.088201999999999892e+00
1.740241834607361704e-02 -1.330621999999999971e+00
1.742242112578174656e-02 -1.497319000000000067e+00
1.744242390548987609e-02 -1.539106000000000085e+00
1.746242668519800909e-02 -1.382403000000000048e+00
1.748242946490613861e-02 -1.121553999999999940e+00
1.750243224461426814e-02 -8.512979999999999992e-01
1.752243502432239766e-02 -7.383279999999999843e-01
1.754243780403053066e-02 -8.779019999999999602e-01
1.756244058373866018e-02 -1.168598000000000026e+00
1.758244336344678971e-02 -1.417831000000000063e+00
1.760244614315492270e-02 -1.440347000000000044e+00
1.762244892286305223e-02 -1.322446000000000010e+00
1.764245170257118175e-02 -1.096702000000000066e+00
1.766245448227931475e-02 -9.415559999999999485e-01
1.768245726198744427e-02 -9.070359999999999534e-01
1.770246004169557380e-02 -9.938559999999999617e-01
1.772246282140370680e-02 -1.110394000000000103e+00
1.774246560111183632e-02 -1.233940000000000037e+00
1.776246838081996585e-02 -1.234847999999999946e+00
1.778247116052809537e-02 -1.182353999999999905e+00
1.780247394023622837e-02 -1.127718999999999916e+00
1.782247671994435789e-02 -1.012153999999999998e+00
1.784247949965248742e-02 -9.498619999999999841e-01
1.786248227936062041e-02 -1.017020999999999953e+00
1.788248505906874994e-02 -1.217653000000000096e+00
1.790248783877687946e-02 -1.449237000000000108e+00
1.792249061848501246e-02 -1.512891999999999904e+00
1.794249339819314198e-02 -1.385777000000000037e+00
1.796249617790127151e-02 -1.125123000000000095e+00
1.798249895760940451e-02 -9.013910000000000533e-01
1.800250173731753403e-02 -8.370870000000000255e-01
1.802250451702566356e-02 -8.324150000000000160e-01
1.804250729673379308e-02 -9.140439999999999676e-01
1.806251007644192608e-02 -1.041352999999999973e+00
1.808251285615005560e-02 -1.196758999999999906e+00
1.810251563585818513e-02 -1.298502999999999963e+00
1.812251841556631812e-02 -1.281436999999999937e+00
1.814252119527444765e-02 -1.192282000000000064e+00
1.816252397498257717e-02 -1.118374999999999897e+00
1.818252675469071017e-02 -1.049724000000000101e+00
1.820252953439883969e-02 -1.093199000000000032e+00
1.822253231410696922e-02 -1.207594999999999974e+00
1.824253509381510222e-02 -1.324068999999999940e+00
1.826253787352323174e-02 -1.324653000000000080e+00
1.828254065323136127e-02 -1.282540999999999931e+00
1.830254343293949079e-02 -1.157631999999999994e+00
1.832254621264762379e-02 -1.077105999999999897e+00
1.834254899235575331e-02 -1.021238000000000090e+00
1.836255177206388284e-02 -1.002550999999999970e+00
1.838255455177201583e-02 -1.007417000000000007e+00
1.840255733148014536e-02 -1.058094000000000090e+00
1.842256011118827488e-02 -1.155750000000000055e+00
1.844256289089640788e-02 -1.305446000000000106e+00
1.846256567060453740e-02 -1.367283999999999944e+00
1.848256845031266693e-02 -1.266189000000000009e+00
1.850257123002079993e-02 -1.131416999999999895e+00
1.852257400972892945e-02 -1.025651000000000090e+00
1.854257678943705898e-02 -9.835390000000000521e-01
1.856257956914518850e-02 -9.423350000000000337e-01
1.858258234885332150e-02 -8.989249999999999741e-01
1.860258512856145102e-02 -9.338999999999999524e-01
1.862258790826958055e-02 -1.070422999999999902e+00
1.864259068797771354e-02 -1.283060000000000089e+00
1.866259346768584307e-02 -1.472725999999999980e+00
1.868259624739397259e-02 -1.528010000000000090e+00
1.870259902710210559e-02 -1.405696999999999974e+00
1.872260180681023511e-02 -1.203117999999999910e+00
1.874260458651836464e-02 -1.057250999999999941e+00
1.876260736622649763e-02 -9.623199999999999532e-01
1.878261014593462716e-02 -9.107349999999999612e-01
1.880261292564275669e-02 -9.258530000000000371e-01
1.882261570535088621e-02 -9.551830000000000043e-01
1.884261848505901921e-02 -1.062442000000000109e+00
1.886262126476714873e-02 -1.193060999999999927e+00
1.888262404447527826e-02 -1.275727000000000055e+00
1.890262682418341125e-02 -1.219470000000000054e+00
1.892262960389154078e-02 -1.076651999999999942e+00
1.894263238359967030e-02 -9.256590000000000096e-01
1.896263516330780330e-02 -9.239070000000000338e-01
1.898263794301593282e-02 -1.078794000000000031e+00
1.900264072272406235e-02 -1.233225999999999933e+00
1.902264350243219534e-02 -1.285460999999999965e+00
1.904264628214032487e-02 -1.265020999999999951e+00
1.906264906184845440e-02 -1.183521999999999963e+00
1.908265184155658392e-02 -1.135958999999999941e+00
1.910265462126471692e-02 -1.122851999999999961e+00
1.912265740097284644e-02 -1.066918999999999951e+00
1.914266018068097597e-02 -1.023768999999999929e+00
1.916266296038910896e-02 -1.062896000000000063e+00
1.918266574009723849e-02 -1.200523000000000007e+00
1.920266851980536801e-02 -1.346778999999999948e+00
1.922267129951350101e-02 -1.347039000000000097e+00
1.924267407922163053e-02 -1.201300999999999952e+00
1.926267685892976006e-02 -9.346130000000000271e-01
1.928267963863789305e-02 -7.391069999999999585e-01
1.930268241834602258e-02 -7.503319999999999990e-01
1.932268519805415211e-02 -9.250749999999999806e-01
1.934268797776228163e-02 -1.091771000000000047e+00
1.936269075747041463e-02 -1.207920000000000105e+00
1.938269353717854415e-02 -1.274105000000000043e+00
1.940269631688667368e-02 -1.311739999999999906e+00
1.942269909659480667e-02 -1.299800999999999984e+00
1.944270187630293620e-02 -1.242569999999999952e+00
1.946270465601106572e-02 -1.142058999999999935e+00
1.948270743571919872e-02 -1.084179000000000004e+00
1.950271021542732824e-02 -1.138036000000000048e+00
1.952271299513545777e-02 -1.269887999999999906e+00
1.954271577484359076e-02 -1.392330000000000068e+00
1.956271855455172029e-02 -1.351711000000000107e+00
1.958272133425984982e-02 -1.195006999999999930e+00
1.960272411396797934e-02 -9.736759999999999859e-01
1.962272689367611234e-02 -8.586300000000000043e-01
1.964272967338424186e-02 -8.748519999999999630e-01
1.966273245309237139e-02 -1.013840999999999992e+00
1.968273523280050438e-02 -1.149650999999999978e+00
1.970273801250863391e-02 -1.269239000000000006e+00
1.972274079221676343e-02 -1.300059999999999993e+00
1.974274357192489643e-02 -1.230175999999999936e+00
1.976274635163302595e-02 -1.141863999999999990e+00
1.978274913134115548e-02 -9.865230000000000388e-01
1.980275191104928847e-02 -8.704389999999999628e-01
1.982275469075741800e-02 -8.594089999999999785e-01
1.984275747046554753e-02 -1.011765000000000025e+00
1.986276025017367705e-02 -1.271703999999999946e+00
1.988276302988181005e-02 -1.479020000000000001e+00
1.990276580958993957e-02 -1.533395999999999981e+00
1.992276858929806910e-02 -1.405372999999999983e+00
1.994277136900620209e-02 -1.214733000000000063e+00
1.996277414871433162e-02 -1.078729000000000049e+00
1.998277692842246114e-02 -9.707559999999999523e-01
2.000277970813059414e-02 -9.220249999999999835e-01
2.002278248783872366e-02 -9.229979999999999851e-01
2.004278526754685319e-02 -9.639419999999999655e-01
2.006278804725498618e-02 -1.034669999999999979e+00
2.008279082696311571e-02 -1.102087999999999957e+00
2.010279360667124524e-02 -1.157696999999999976e+00
2.012279638637937476e-02 -1.154193000000000024e+00
2.014279916608750776e-02 -1.134401999999999910e+00
2.016280194579563728e-02 -1.155361000000000082e+00
2.018280472550376681e-02 -1.188843000000000094e+00
2.020280750521189980e-02 -1.202274999999999983e+00
2.022281028492002933e-02 -1.200782000000000016e+00
2.024281306462815885e-02 -1.144265000000000088e+00
2.026281584433629185e-02 -1.087747999999999937e+00
2.028281862404442137e-02 -1.062376999999999905e+00
2.030282140375255090e-02 -1.082103000000000037e+00
2.032282418346068389e-02 -1.108707000000000109e+00
2.034282696316881342e-02 -1.085347000000000062e+00
2.036282974287694295e-02 -1.089889000000000108e+00
2.038283252258507247e-02 -1.073342999999999936e+00
2.040283530229320547e-02 -1.095210000000000017e+00
2.042283808200133499e-02 -1.125123000000000095e+00
2.044284086170946452e-02 -1.146082000000000045e+00
2.046284364141759751e-02 -1.172490999999999950e+00
2.048284642112572704e-02 -1.184431000000000012e+00
2.050284920083385656e-02 -1.155035999999999952e+00
2.052285198054198956e-02 -1.110459000000000085e+00
2.054285476025011908e-02 -1.045830999999999955e+00
2.056285753995824861e-02 -9.790609999999999591e-01
2.058286031966638160e-02 -9.624500000000000277e-01
2.060286309937451113e-02 -1.045052000000000092e+00
2.062286587908264066e-02 -1.187869999999999981e+00
2.064286865879077018e-02 -1.300059999999999993e+00
2.066287143849890318e-02 -1.338797999999999933e+00
2.068287421820703270e-02 -1.299217000000000066e+00
2.070287699791516223e-02 -1.218366999999999978e+00
2.072287977762329522e-02 -1.121749000000000107e+00
2.074288255733142475e-02 -1.053293000000000035e+00
2.076288533703955427e-02 -1.005665000000000031e+00
2.078288811674768727e-02 -1.009883000000000086e+00
2.080289089645581679e-02 -1.081388999999999934e+00
2.082289367616394632e-02 -1.168274000000000035e+00
2.084289645587207931e-02 -1.196369999999999933e+00
2.086289923558020884e-02 -1.176255000000000051e+00
2.088290201528833837e-02 -1.117855999999999961e+00
2.090290479499646789e-02 -1.091317000000000093e+00
2.092290757470460089e-02 -1.107019999999999893e+00
2.094291035441273041e-02 -1.184495000000000076e+00
2.096291313412085994e-02 -1.265409999999999924e+00
2.098291591382899293e-02 -1.269433000000000034e+00
2.100291869353712246e-02 -1.200198000000000098e+00
2.102292147324525198e-02 -1.074834999999999985e+00
2.104292425295338498e-02 -9.684850000000000403e-01
2.106292703266151450e-02 -9.237769999999999593e-01
2.108292981236964403e-02 -9.150169999999999693e-01
2.110293259207777702e-02 -1.039082000000000061e+00
2.112293537178590655e-02 -1.177162999999999959e+00
2.114293815149403608e-02 -1.328286000000000078e+00
2.116294093120216560e-02 -1.432625999999999955e+00
2.118294371091029860e-02 -1.386945000000000094e+00
2.120294649061842812e-02 -1.252626999999999935e+00
2.122294927032655765e-02 -9.958019999999999650e-01
2.124295205003469064e-02 -8.646639999999999882e-01
2.126295482974282017e-02 -8.254719999999999835e-01
2.128295760945094969e-02 -9.308499999999999552e-01
2.130296038915908269e-02 -1.061598000000000042e+00
2.132296316886721221e-02 -1.193969000000000058e+00
2.134296594857534174e-02 -1.275207999999999897e+00
2.136296872828347473e-02 -1.268264999999999976e+00
2.138297150799160426e-02 -1.245295000000000041e+00
2.140297428769973379e-02 -1.172620999999999913e+00
2.142297706740786331e-02 -1.079897000000000107e+00
2.144297984711599631e-02 -1.038823000000000052e+00
2.146298262682412583e-02 -1.086645000000000083e+00
2.148298540653225536e-02 -1.157891999999999921e+00
2.150298818624038835e-02 -1.235951000000000022e+00
2.152299096594851788e-02 -1.237443999999999988e+00
2.154299374565664740e-02 -1.141993999999999954e+00
2.156299652536478040e-02 -1.025975000000000081e+00
2.158299930507290992e-02 -9.406480000000000397e-01
2.160300208478103945e-02 -9.384419999999999984e-01
2.162300486448917244e-02 -9.818510000000000293e-01
2.164300764419730197e-02 -1.054265999999999925e+00
2.166301042390543150e-02 -1.136738000000000026e+00
2.168301320361356102e-02 -1.186960999999999933e+00
2.170301598332169402e-02 -1.229851999999999945e+00
2.172301876302982354e-02 -1.209346999999999950e+00
2.174302154273795307e-02 -1.125383000000000022e+00
2.176302432244608606e-02 -1.014229999999999965e+00
2.178302710215421559e-02 -9.350669999999999815e-01
2.180302988186234511e-02 -9.496670000000000389e-01
2.182303266157047811e-02 -1.029090000000000060e+00
2.184303544127860763e-02 -1.135245999999999977e+00
2.186303822098673716e-02 -1.190465000000000106e+00
2.188304100069487015e-02 -1.190075999999999912e+00
2.190304378040299968e-02 -1.180862000000000078e+00
2.192304656011112921e-02 -1.183456999999999981e+00
2.194304933981925873e-02 -1.155426000000000064e+00
2.196305211952739173e-02 -1.111950999999999912e+00
2.198305489923552125e-02 -1.044467999999999952e+00
2.200305767894365078e-02 -9.943750000000000089e-01
2.202306045865178377e-02 -1.002030999999999894e+00
2.204306323835991330e-02 -1.042456000000000049e+00
2.206306601806804282e-02 -1.053941999999999934e+00
2.208306879777617582e-02 -1.046349999999999891e+00
2.210307157748430534e-02 -1.058613000000000026e+00
2.212307435719243487e-02 -1.116362999999999994e+00
2.214307713690056786e-02 -1.198186999999999891e+00
2.216307991660869739e-02 -1.232836999999999961e+00
2.218308269631682692e-02 -1.226542999999999939e+00
2.220308547602495644e-02 -1.183716999999999908e+00
2.222308825573308944e-02 -1.119089000000000000e+00
2.224309103544121896e-02 -1.110068999999999972e+00
2.226309381514934849e-02 -1.111626999999999921e+00
2.228309659485748148e-02 -1.102932000000000023e+00
2.230309937456561101e-02 -1.080286000000000080e+00
2.232310215427374053e-02 -1.048426000000000080e+00
2.234310493398187353e-02 -1.045765999999999973e+00
2.236310771369000305e-02 -1.077625999999999973e+00
2.238311049339813258e-02 -1.133299000000000056e+00
2.240311327310626557e-02 -1.155620000000000092e+00
2.242311605281439510e-02 -1.135829999999999895e+00
2.244311883252252462e-02 -1.132325999999999944e+00
2.246312161223065415e-02 -1.125188000000000077e+00
2.248312439193878715e-02 -1.100985000000000102e+00
2.250312717164691667e-02 -1.067827999999999999e+00
2.252312995135504620e-02 -1.007805999999999980e+00
2.254313273106317919e-02 -9.838630000000000431e-01
2.256313551077130872e-02 -1.034799999999999942e+00
2.258313829047943824e-02 -1.122592999999999952e+00
2.260314107018757124e-02 -1.221222000000000030e+00
2.262314384989570076e-02 -1.254378999999999911e+00
2.264314662960383029e-02 -1.196758999999999906e+00
2.266314940931196328e-02 -1.122981999999999925e+00
2.268315218902009281e-02 -1.071007000000000042e+00
2.270315496872822233e-02 -1.037719999999999976e+00
2.272315774843635186e-02 -1.057120999999999977e+00
2.274316052814448486e-02 -1.085606999999999989e+00
2.276316330785261438e-02 -1.132584999999999953e+00
2.278316608756074391e-02 -1.172944999999999904e+00
2.280316886726887690e-02 -1.177488000000000090e+00
2.282317164697700643e-02 -1.128368000000000038e+00
2.284317442668513595e-02 -1.038043999999999967e+00
2.286317720639326895e-02 -9.577130000000000365e-01
2.288317998610139847e-02 -9.353920000000000012e-01
2.290318276580952800e-02 -1.005859999999999976e+00
2.292318554551766099e-02 -1.148093000000000030e+00
2.294318832522579052e-02 -1.252302999999999944e+00
2.296319110493392004e-02 -1.288769999999999971e+00
2.298319388464204957e-02 -1.240817999999999977e+00
2.300319666435018257e-02 -1.108511999999999942e+00
2.302319944405831209e-02 -1.021044000000000063e+00
2.304320222376644162e-02 -9.656299999999999883e-01
2.306320500347457461e-02 -9.601140000000000230e-01
2.308320778318270414e-02 -1.031879999999999908e+00
2.310321056289083366e-02 -1.147184999999999899e+00
2.312321334259896666e-02 -1.250097000000000014e+00
2.314321612230709618e-02 -1.284682000000000102e+00
2.316321890201522571e-02 -1.272353000000000067e+00
2.318322168172335870e-02 -1.159383999999999970e+00
2.320322446143148823e-02 -1.041547999999999918e+00
2.322322724113961775e-02 -9.852260000000000462e-01
2.324323002084774728e-02 -9.961919999999999664e-01
2.326323280055588028e-02 -1.047387999999999986e+00
2.328323558026400980e-02 -1.090214000000000016e+00
2.330323835997213933e-02 -1.114676000000000000e+00
2.332324113968027232e-02 -1.111302000000000012e+00
2.334324391938840185e-02 -1.077171000000000101e+00
2.336324669909653137e-02 -1.057120999999999977e+00
2.338324947880466437e-02 -1.025325999999999960e+00
2.340325225851279389e-02 -1.052774000000000099e+00
2.342325503822092342e-02 -1.087358999999999964e+00
2.344325781792905641e-02 -1.119412999999999991e+00
2.346326059763718594e-02 -1.182873000000000063e+00
2.348326337734531546e-02 -1.184755000000000003e+00
2.350326615705344499e-02 -1.166131999999999946e+00
2.352326893676157799e-02 -1.115194999999999936e+00
2.354327171646970751e-02 -1.080090999999999912e+00
2.356327449617783704e-02 -1.052643999999999913e+00
2.358327727588597003e-02 -1.062181999999999960e+00
2.360328005559409956e-02 -1.075549000000000088e+00
2.362328283530222908e-02 -1.102802000000000060e+00
2.364328561501036208e-02 -1.104100000000000081e+00
2.366328839471849160e-02 -1.090991999999999962e+00
2.368329117442662113e-02 -1.059976000000000029e+00
2.370329395413475412e-02 -1.064324000000000048e+00
2.372329673384288365e-02 -1.030777000000000054e+00
2.374329951355101317e-02 -1.038888000000000034e+00
2.376330229325914270e-02 -1.068475999999999981e+00
2.378330507296727570e-02 -1.086125999999999925e+00
2.380330785267540522e-02 -1.100465999999999944e+00
2.382331063238353475e-02 -1.095145000000000035e+00
2.384331341209166774e-02 -1.087488000000000010e+00
2.386331619179979727e-02 -1.087488000000000010e+00
2.388331897150792679e-02 -1.110068999999999972e+00
2.390332175121605979e-02 -1.127264999999999961e+00
2.392332453092418931e-02 -1.138619999999999965e+00
2.394332731063231884e-02 -1.118244999999999933e+00
2.396333009034045183e-02 -1.098648999999999987e+00
2.398333287004858136e-02 -1.104683999999999999e+00
2.400333564975671088e-02 -1.100011999999999990e+00
2.402333842946484041e-02 -1.090278999999999998e+00
2.404334120917297341e-02 -1.060754999999999892e+00
2.406334398888110293e-02 -1.041482999999999937e+00
2.408334676858923246e-02 -1.007028000000000034e+00
2.410334954829736545e-02 -1.006313999999999931e+00
2.412335232800549498e-02 -1.007157999999999998e+00
2.414335510771362450e-02 -1.028764999999999930e+00
2.416335788742175750e-02 -1.036875999999999909e+00
2.418336066712988702e-02 -1.074899999999999967e+00
2.420336344683801655e-02 -1.094171999999999922e+00
2.422336622654614954e-02 -1.126031999999999922e+00
2.424336900625427907e-02 -1.126681000000000044e+00
2.426337178596240859e-02 -1.067633000000000054e+00
2.428337456567053812e-02 -1.006702999999999903e+00
2.430337734537867111e-02 -9.795150000000000245e-01
2.432338012508680064e-02 -1.004626999999999937e+00
2.434338290479493017e-02 -1.065426999999999902e+00
2.436338568450306316e-02 -1.137321999999999944e+00
2.438338846421119269e-02 -1.165548000000000028e+00
2.440339124391932221e-02 -1.183327000000000018e+00
2.442339402362745521e-02 -1.170285000000000020e+00
2.444339680333558473e-02 -1.113118999999999970e+00
2.446339958304371426e-02 -1.028505999999999920e+00
2.448340236275184725e-02 -9.420100000000000140e-01
2.450340514245997678e-02 -9.123569999999999736e-01
2.452340792216810630e-02 -9.226739999999999942e-01
2.454341070187623583e-02 -1.023638999999999966e+00
2.456341348158436882e-02 -1.056083000000000105e+00
2.458341626129249835e-02 -1.212657000000000096e+00
2.460341904100062788e-02 -1.122527999999999970e+00
2.462342182070876087e-02 -1.113053999999999988e+00
2.464342460041689040e-02 -1.080934999999999979e+00
2.466342738012501992e-02 -1.023703999999999947e+00
2.468343015983315292e-02 -9.765960000000000196e-01
2.470343293954128244e-02 -9.609579999999999789e-01
2.472343571924941197e-02 -1.175929999999999920e+00
2.474343849895754496e-02 -1.110394000000000103e+00
2.476344127866567449e-02 -1.261970999999999954e+00
2.478344405837380401e-02 -1.156398999999999955e+00
2.480344683808193354e-02 -9.427240000000000064e-01
2.482344961779006653e-02 -1.084438999999999931e+00
2.484345239749819606e-02 -1.082621999999999973e+00
2.486345517720632559e-02 -9.966460000000000319e-01
2.488345795691445858e-02 -1.110328999999999899e+00
2.490346073662258811e-02 -1.134077999999999919e+00
2.492346351633071763e-02 -1.077105999999999897e+00
2.494346629603885063e-02 -1.116298999999999930e+00
2.496346907574698015e-02 -1.044402999999999970e+00
2.498347185545510968e-02 -1.028570999999999902e+00
2.500347463516324267e-02 -1.081453999999999915e+00
2.502347741487137220e-02 -1.063220000000000054e+00
2.504348019457950172e-02 -1.012024000000000035e+00
2.506348297428763125e-02 -1.017020999999999953e+00
2.508348575399576424e-02 -1.094495999999999913e+00
2.510348853370389377e-02 -1.173918999999999935e+00
2.512349131341202330e-02 -1.223751999999999951e+00
2.514349409312015629e-02 -1.149715999999999960e+00
2.516349687282828582e-02 -1.044078999999999979e+00
2.518349965253641534e-02 -1.000539000000000067e+00
2.520350243224454834e-02 -1.068087000000000009e+00
2.522350521195267786e-02 -1.133040000000000047e+00
2.524350799166080739e-02 -1.149002000000000079e+00
2.526351077136894038e-02 -1.087682999999999955e+00
2.528351355107706991e-02 -1.062246999999999941e+00
2.530351633078519943e-02 -1.061922999999999950e+00
2.532351911049332896e-02 -1.066335000000000033e+00
2.534352189020146195e-02 -1.042780999999999958e+00
2.536352466990959148e-02 -1.006509000000000098e+00
2.538352744961772101e-02 -1.037201000000000040e+00
2.540353022932585400e-02 -1.103515999999999941e+00
2.542353300903398353e-02 -1.202339999999999964e+00
2.544353578874211305e-02 -1.187675000000000036e+00
2.546353856845024605e-02 -1.123436000000000101e+00
2.548354134815837557e-02 -1.044791999999999943e+00
2.550354412786650510e-02 -1.030192999999999914e+00
2.552354690757463809e-02 -1.035968000000000000e+00
2.554354968728276762e-02 -1.043689000000000089e+00
2.556355246699089714e-02 -1.031360999999999972e+00
2.558355524669902667e-02 -1.051865000000000050e+00
2.560355802640715966e-02 -1.083595000000000086e+00
2.562356080611528919e-02 -1.140695999999999932e+00
2.564356358582341872e-02 -1.154452000000000034e+00
2.566356636553155171e-02 -1.132845000000000102e+00
2.568356914523968124e-02 -1.113768000000000091e+00
2.570357192494781076e-02 -1.098389999999999977e+00
2.572357470465594376e-02 -1.095728999999999953e+00
2.574357748436407328e-02 -1.094821000000000044e+00
2.576358026407220281e-02 -1.063933999999999935e+00
2.578358304378033580e-02 -1.055239000000000038e+00
2.580358582348846533e-02 -1.023962999999999957e+00
2.582358860319659485e-02 -1.063674999999999926e+00
2.584359138290472438e-02 -1.094691000000000081e+00
2.586359416261285737e-02 -1.121618999999999922e+00
2.588359694232098690e-02 -1.095080000000000053e+00
2.590359972202911643e-02 -1.096832000000000029e+00
2.592360250173724942e-02 -1.098000000000000087e+00
2.594360528144537895e-02 -1.130314000000000041e+00
2.596360806115350847e-02 -1.149845000000000006e+00
2.598361084086164147e-02 -1.139269000000000087e+00
2.600361362056977099e-02 -1.116103999999999985e+00
2.602361640027790052e-02 -1.096247999999999889e+00
2.604361917998603351e-02 -1.085412000000000043e+00
2.606362195969416304e-02 -1.054461000000000093e+00
2.608362473940229256e-02 -1.000604000000000049e+00
2.610362751911042209e-02 -9.628390000000000004e-01
2.612363029881855508e-02 -9.854850000000000554e-01
2.614363307852668461e-02 -1.050437999999999983e+00
2.616363585823481414e-02 -1.143356999999999957e+00
2.618363863794294713e-02 -1.196758999999999906e+00
2.620364141765107666e-02 -1.213370000000000060e+00
2.622364419735920618e-02 -1.185599000000000069e+00
2.624364697706733918e-02 -1.171713000000000005e+00
2.626364975677546870e-02 -1.110394000000000103e+00
2.628365253648359823e-02 -1.027403000000000066e+00
2.630365531619173122e-02 -9.859390000000000098e-01
2.632365809589986075e-02 -1.002356000000000025e+00
2.634366087560799027e-02 -1.042067000000000077e+00
2.636366365531611980e-02 -1.099622000000000099e+00
2.638366643502425279e-02 -1.125383000000000022e+00
2.640366921473238232e-02 -1.102541999999999911e+00
2.642367199444051185e-02 -1.082880999999999982e+00
2.644367477414864484e-02 -1.088656000000000068e+00
2.646367755385677437e-02 -1.096702000000000066e+00
2.648368033356490389e-02 -1.098778999999999950e+00
2.650368311327303689e-02 -1.113118999999999970e+00
2.652368589298116641e-02 -1.120840999999999976e+00
2.654368867268929594e-02 -1.123436000000000101e+00
2.656369145239742893e-02 -1.126290999999999931e+00
2.658369423210555846e-02 -1.069190000000000085e+00
2.660369701181368798e-02 -1.026882999999999990e+00
2.662369979152181751e-02 -9.980729999999999880e-01
2.664370257122995050e-02 -1.021433000000000035e+00
2.666370535093808003e-02 -1.067372999999999905e+00
2.668370813064620956e-02 -1.131871999999999989e+00
2.670371091035434255e-02 -1.150493999999999906e+00
2.672371369006247208e-02 -1.147380000000000067e+00
2.674371646977060160e-02 -1.130508999999999986e+00
2.676371924947873460e-02 -1.099558000000000035e+00
2.678372202918686412e-02 -1.062572000000000072e+00
2.680372480889499365e-02 -1.042910999999999921e+00
2.682372758860312664e-02 -1.037330000000000085e+00
2.684373036831125617e-02 -1.064907999999999966e+00
2.686373314801938569e-02 -1.084697999999999940e+00
2.688373592772751522e-02 -1.120581000000000049e+00
2.690373870743564821e-02 -1.111366999999999994e+00
2.692374148714377774e-02 -1.080221000000000098e+00
2.694374426685190727e-02 -1.037914000000000003e+00
2.696374704656004026e-02 -1.029155000000000042e+00
2.698374982626816979e-02 -1.055239000000000038e+00
2.700375260597629931e-02 -1.086384999999999934e+00
2.702375538568443231e-02 -1.106630000000000003e+00
2.704375816539256183e-02 -1.130573999999999968e+00
2.706376094510069136e-02 -1.136608000000000063e+00
2.708376372480882435e-02 -1.140176999999999996e+00
2.710376650451695388e-02 -1.109420000000000073e+00
2.712376928422508340e-02 -1.067048999999999914e+00
2.714377206393321293e-02 -1.025714999999999932e+00
2.716377484364134592e-02 -1.025260999999999978e+00
2.718377762334947545e-02 -1.047387999999999986e+00
2.720378040305760498e-02 -1.079053000000000040e+00
2.722378318276573797e-02 -1.074446000000000012e+00
2.724378596247386750e-02 -1.070618000000000070e+00
2.726378874218199702e-02 -1.074122000000000021e+00
2.728379152189013002e-02 -1.070033999999999930e+00
2.730379430159825954e-02 -1.073147999999999991e+00
2.732379708130638907e-02 -1.053876999999999953e+00
2.734379986101452206e-02 -1.034086000000000061e+00
2.736380264072265159e-02 -1.055369000000000002e+00
2.738380542043078111e-02 -1.079897000000000107e+00
2.740380820013891064e-02 -1.107798000000000060e+00
2.742381097984704363e-02 -1.105007999999999990e+00
2.744381375955517316e-02 -1.083010999999999946e+00
2.746381653926330269e-02 -1.073212999999999973e+00
2.748381931897143568e-02 -1.088656000000000068e+00
2.750382209867956521e-02 -1.100595999999999908e+00
2.752382487838769473e-02 -1.084958000000000089e+00
2.754382765809582773e-02 -1.055952999999999919e+00
2.756383043780395725e-02 -1.034086000000000061e+00
2.758383321751208678e-02 -1.060948999999999920e+00
2.760383599722021977e-02 -1.081518999999999897e+00
2.762383877692834930e-02 -1.110068999999999972e+00
2.764384155663647882e-02 -1.084762999999999922e+00
2.766384433634460835e-02 -1.079183000000000003e+00
2.768384711605274134e-02 -1.045312000000000019e+00
2.770384989576087087e-02 -1.045700999999999992e+00
2.772385267546900040e-02 -1.068735999999999908e+00
2.774385545517713339e-02 -1.047971999999999904e+00
2.776385823488526292e-02 -1.037460000000000049e+00
2.778386101459339244e-02 -1.027403000000000066e+00
2.780386379430152544e-02 -1.058483999999999980e+00
2.782386657400965496e-02 -1.106370999999999993e+00
2.784386935371778449e-02 -1.117855999999999961e+00
2.786387213342591748e-02 -1.091121999999999925e+00
2.788387491313404701e-02 -1.065816000000000097e+00
2.790387769284217653e-02 -1.059196999999999944e+00
2.792388047255030606e-02 -1.061274000000000051e+00
2.794388325225843905e-02 -1.095989000000000102e+00
2.796388603196656858e-02 -1.108446999999999960e+00
2.798388881167469810e-02 -1.104748999999999981e+00
2.800389159138283110e-02 -1.102932000000000023e+00
2.802389437109096063e-02 -1.084697999999999940e+00
2.804389715079909015e-02 -1.060429999999999984e+00
2.806389993050722315e-02 -1.038758000000000070e+00
2.808390271021535267e-02 -1.034410000000000052e+00
2.810390548992348220e-02 -1.031101000000000045e+00
2.812390826963161519e-02 -1.052578999999999931e+00
2.814391104933974472e-02 -1.082621999999999973e+00
2.816391382904787424e-02 -1.106306000000000012e+00
2.818391660875600377e-02 -1.089760000000000062e+00
2.820391938846413676e-02 -1.085865999999999998e+00
2.822392216817226629e-02 -1.059522000000000075e+00
2.824392494788039581e-02 -1.048880000000000035e+00
2.826392772758852881e-02 -1.061598000000000042e+00
2.828393050729665834e-02 -1.080090999999999912e+00
2.830393328700478786e-02 -1.102476999999999929e+00
2.832393606671292086e-02 -1.117790999999999979e+00
2.834393884642105038e-02 -1.103061000000000069e+00
2.836394162612917991e-02 -1.098195000000000032e+00
2.838394440583731290e-02 -1.055174000000000056e+00
2.840394718554544243e-02 -1.026105000000000045e+00
2.842394996525357195e-02 -1.026947999999999972e+00
2.844395274496170148e-02 -1.031749999999999945e+00
2.846395552466983447e-02 -1.057704999999999895e+00
2.848395830437796400e-02 -1.080090999999999912e+00
2.850396108408609352e-02 -1.089175999999999922e+00
2.852396386379422652e-02 -1.070422999999999902e+00
2.854396664350235605e-02 -1.047971999999999904e+00
2.856396942321048557e-02 -1.006639000000000062e+00
2.858397220291861857e-02 -9.751680000000000348e-01
2.860397498262674809e-02 -9.758820000000000272e-01
2.862397776233487762e-02 -1.003135000000000110e+00
2.864398054204301061e-02 -1.040640000000000009e+00
2.866398332175114014e-02 -1.097156999999999938e+00
2.868398610145926966e-02 -1.108772000000000091e+00
2.870398888116739919e-02 -1.110003999999999991e+00
2.872399166087553218e-02 -1.102997000000000005e+00
2.874399444058366171e-02 -1.077042000000000055e+00
2.876399722029179123e-02 -1.077690000000000037e+00
