# time(s), 	 	 acceleration(g)
0.000000000000000000e+00 6.206591999999999665e+00
2.000277970813059281e-05 6.437396999999999814e+00
4.000555941626118562e-05 6.669044999999999668e+00
6.000833912439177504e-05 6.942091999999999707e+00
8.001111883252237124e-05 7.211311000000000249e+00
1.000138985406529674e-04 7.525301999999999936e+00
1.200166782487835501e-04 7.847729000000000177e+00
1.400194579569141598e-04 8.187286000000000286e+00
1.600222376650447425e-04 8.530865000000000364e+00
1.800250173731753251e-04 8.908640999999999366e+00
2.000277970813059349e-04 9.289531000000000205e+00
2.200305767894365175e-04 9.685409999999999187e+00
2.400333564975671002e-04 1.016512400000000049e+01
2.600361362056977099e-04 1.064127000000000045e+01
2.800389159138283197e-04 1.121526500000000048e+01
3.000416956219588752e-04 1.186394699999999958e+01
3.200444753300894850e-04 1.255889299999999942e+01
3.400472550382200947e-04 1.342118400000000022e+01
3.600500347463506503e-04 1.431306400000000068e+01
3.800528144544812600e-04 1.523901000000000039e+01
4.000555941626118698e-04 1.636552400000000063e+01
4.200583738707424253e-04 1.755225300000000033e+01
4.400611535788730351e-04 1.910176900000000089e+01
4.600639332870036448e-04 2.074816200000000066e+01
4.800667129951342003e-04 2.267636200000000102e+01
5.000694927032648101e-04 2.513975500000000096e+01
5.200722724113954198e-04 2.829277300000000039e+01
5.400750521195260296e-04 3.225779500000000155e+01
5.600778318276566393e-04 3.807775800000000288e+01
5.800806115357871407e-04 4.707416500000000070e+01
6.000833912439177504e-04 6.191960399999999964e+01
6.200861709520483602e-04 8.586922800000000677e+01
6.400889506601789699e-04 1.226442749999999933e+02
6.600917303683095797e-04 1.730577879999999880e+02
6.800945100764401894e-04 2.368865519999999947e+02
7.000972897845707992e-04 3.096060850000000073e+02
7.201000694927013005e-04 3.818765960000000064e+02
7.401028492008319103e-04 4.429600310000000150e+02
7.601056289089625200e-04 4.812812200000000189e+02
7.801084086170931298e-04 4.918741850000000113e+02
8.001111883252237395e-04 4.736828170000000000e+02
8.201139680333543493e-04 4.370567520000000172e+02
8.401167477414848506e-04 3.918995239999999853e+02
8.601195274496154604e-04 3.441621059999999943e+02
8.801223071577460701e-04 2.981203310000000215e+02
9.001250868658766799e-04 2.567456609999999841e+02
9.201278665740072896e-04 2.090003920000000051e+02
9.401306462821378994e-04 1.572994449999999915e+02
9.601334259902684007e-04 1.038507500000000050e+02
9.801362056983990104e-04 5.906480899999999679e+01
1.000138985406529620e-03 2.318722199999999845e+01
1.020141765114660230e-03 1.065871000000000013e+00
1.040144544822790840e-03 -7.132806999999999675e+00
1.060147324530921449e-03 -4.575066999999999773e+00
1.080150104239052059e-03 1.081971099999999986e+01
1.100152883947182669e-03 3.308005099999999743e+01
1.120155663655313279e-03 5.156010400000000260e+01
1.140158443363443888e-03 6.884324100000000612e+01
1.160161223071574281e-03 6.790074799999999300e+01
1.180164002779704891e-03 5.699580300000000221e+01
1.200166782487835501e-03 3.011176700000000039e+01
1.220169562195966111e-03 2.903553000000000051e+00
1.240172341904096720e-03 -1.973521099999999961e+01
1.260175121612227330e-03 -4.455763799999999719e+01
1.280177901320357940e-03 -4.476268300000000266e+01
1.300180681028488550e-03 -3.745218700000000212e+01
1.320183460736619159e-03 -2.224934599999999918e+01
1.340186240444749769e-03 7.050309999999999633e-01
1.360189020152880379e-03 1.839014699999999891e+01
1.380191799861010989e-03 3.063054400000000044e+01
1.400194579569141598e-03 3.526546499999999895e+01
1.420197359277271991e-03 1.926048400000000171e+01
1.440200138985402601e-03 2.080487400000000164e+01
1.460202918693533211e-03 8.249643000000000725e+00
1.480205698401663821e-03 3.696089999999999876e+00
1.500208478109794430e-03 6.056441999999999659e+00
1.520211257817925040e-03 9.190960000000000241e-01
1.540214037526055650e-03 1.076221999999999923e+01
1.560216817234186260e-03 1.421235899999999930e+01
1.580219596942316869e-03 7.731904000000000110e+00
1.600222376650447479e-03 7.623477000000000281e+00
1.620225156358578089e-03 -4.007819999999999716e+00
1.640227936066708699e-03 2.463680000000000092e+00
1.660230715774839308e-03 9.513847999999999416e+00
1.680233495482969701e-03 8.095079999999999387e+00
1.700236275191100311e-03 4.565909000000000439e+00
1.720239054899230921e-03 1.863145000000000051e+00
1.740241834607361530e-03 -2.844904000000000099e+00
1.760244614315492140e-03 -1.701427999999999940e+01
1.780247394023622750e-03 -1.867137900000000172e+01
1.800250173731753360e-03 -3.350059699999999907e+01
1.820252953439883969e-03 -3.170431299999999908e+01
1.840255733148014579e-03 -1.491471199999999975e+01
1.860258512856145189e-03 -5.531445999999999863e+00
1.880261292564275799e-03 2.480993099999999885e+01
1.900264072272406408e-03 2.451644500000000093e+01
1.920266851980536801e-03 4.225295100000000303e+01
1.940269631688667411e-03 4.408648000000000167e+01
1.960272411396798021e-03 1.976634800000000070e+01
1.980275191104928847e-03 3.044775500000000079e+01
2.000277970813059240e-03 -1.283253999999999895e+00
2.020280750521190067e-03 -1.249855699999999992e+01
2.040283530229320460e-03 -1.378845800000000033e+01
2.060286309937450853e-03 -3.095719700000000074e+01
2.080289089645581679e-03 -2.052768400000000071e+01
2.100291869353712072e-03 -1.514382999999999946e+01
2.120294649061842899e-03 -1.202773200000000031e+01
2.140297428769973292e-03 -5.159119999999999706e+00
2.160300208478104118e-03 -1.184137499999999932e+01
2.180302988186234511e-03 7.022682999999999787e+00
2.200305767894365338e-03 -7.189973000000000170e+00
2.220308547602495731e-03 -1.207141000000000020e+00
2.240311327310626557e-03 -2.921016999999999975e+00
2.260314107018756950e-03 -5.229912999999999812e+00
2.280316886726887777e-03 4.869583000000000439e+00
2.300319666435018170e-03 2.036135999999999946e+00
2.320322446143148563e-03 6.585340000000000416e+00
2.340325225851279389e-03 1.028749999999999942e-01
2.360328005559409782e-03 3.416360000000000063e+00
2.380330785267540609e-03 5.129262999999999906e+00
2.400333564975671002e-03 -1.438919999999999977e+00
2.420336344683801828e-03 1.592046000000000028e+01
2.440339124391932221e-03 6.222424000000000177e+00
2.460341904100063048e-03 5.287848000000000326e+00
2.480344683808193441e-03 7.789394999999999847e+00
2.500347463516324267e-03 -9.526056000000000523e+00
2.520350243224454660e-03 -1.325306999999999924e+01
2.540353022932585487e-03 -1.718850300000000075e+01
2.560355802640715880e-03 -2.291003200000000106e+01
2.580358582348846273e-03 -2.330831200000000081e+01
2.600361362056977099e-03 -1.782874899999999840e+01
2.620364141765107492e-03 -3.183162999999999965e+00
2.640366921473238319e-03 -1.077884999999999982e+00
2.660369701181368712e-03 3.792447999999999819e+00
2.680372480889499538e-03 7.550479000000000163e+00
2.700375260597629931e-03 -4.527893999999999863e+00
2.720378040305760758e-03 1.825445999999999902e+00
2.740380820013891151e-03 2.042040000000000077e+00
2.760383599722021977e-03 5.380247999999999919e+00
2.780386379430152370e-03 4.848948000000000036e+00
2.800389159138283197e-03 9.618575999999999127e+00
2.820391938846413590e-03 4.283192999999999806e+00
2.840394718554543983e-03 1.033687000000000022e+00
2.860397498262674809e-03 9.809980000000000366e-01
2.880400277970805202e-03 7.179440000000000266e-01
2.900403057678936029e-03 -8.687642999999999560e+00
2.920405837387066422e-03 -6.305813999999999808e+00
2.940408617095197248e-03 -7.641005999999999965e+00
2.960411396803327641e-03 -1.047867100000000029e+01
2.980414176511458468e-03 -7.256872000000000433e+00
3.000416956219588861e-03 -8.954914999999999736e+00
3.020419735927719687e-03 -1.736668399999999934e+01
3.040422515635850080e-03 -1.749801700000000082e+01
3.060425295343980907e-03 -1.169959599999999966e+01
3.080428075052111300e-03 -8.229342000000000823e+00
3.100430854760241692e-03 -4.034423999999999566e+00
3.120433634468372519e-03 1.137637000000000009e+00
3.140436414176502912e-03 8.775361999999999441e+00
3.160439193884633739e-03 1.350917199999999951e+01
3.180441973592764131e-03 1.255889299999999942e+01
3.200444753300894958e-03 1.145522000000000062e+01
3.220447533009025351e-03 3.299952000000000218e+00
3.240450312717156178e-03 -2.174109999999999931e-01
3.260453092425286570e-03 -3.653662999999999883e+00
3.280455872133417397e-03 -6.919261999999999802e+00
3.300458651841547790e-03 -5.031291999999999653e+00
3.320461431549678617e-03 -9.385710000000000441e-01
3.340464211257809009e-03 -2.044451000000000018e+00
3.360466990965939402e-03 -4.095742000000000438e+00
3.380469770674070229e-03 -6.867351000000000205e+00
3.400472550382200622e-03 -1.591462899999999969e+01
3.420475330090331448e-03 -1.638207999999999842e+01
3.440478109798461841e-03 -1.666064199999999929e+01
3.460480889506592668e-03 -1.313153499999999951e+01
3.480483669214723061e-03 -5.538972000000000229e+00
3.500486448922853887e-03 6.034180000000000099e-01
3.520489228630984280e-03 8.388113000000000596e+00
3.540492008339115107e-03 9.436631000000000213e+00
3.560494788047245500e-03 5.819990999999999914e+00
3.580497567755376326e-03 4.027989999999999959e+00
3.600500347463506719e-03 -5.386689999999999534e-01
3.620503127171637112e-03 -3.295158999999999949e+00
3.640505906879767939e-03 -4.908914000000000222e+00
3.660508686587898332e-03 -4.805029000000000217e+00
3.680511466296029158e-03 4.044719999999999982e-01
3.700514246004159551e-03 4.639166999999999597e+00
3.720517025712290378e-03 6.037365000000000315e+00
3.740519805420420771e-03 1.444684999999999997e+00
3.760522585128551597e-03 -2.097593999999999959e+00
3.780525364836681990e-03 -5.748429999999999929e+00
3.800528144544812817e-03 -1.055303199999999997e+01
3.820530924252943210e-03 -9.410360999999999976e+00
3.840533703961073603e-03 -1.196920399999999951e+01
3.860536483669204429e-03 -1.127516600000000047e+01
3.880539263377334822e-03 -7.102179999999999715e+00
3.900542043085465649e-03 -6.076761000000000301e+00
3.920544822793596042e-03 -3.535438000000000081e+00
3.940547602501726435e-03 -6.107590000000000519e-01
3.960550382209857695e-03 3.366979999999999862e+00
3.980553161917988088e-03 7.123908000000000129e+00
4.000555941626118481e-03 9.250080000000000524e+00
4.020558721334248874e-03 1.025973100000000038e+01
4.040561501042380134e-03 7.412073000000000356e+00
4.060564280750510527e-03 1.686261999999999928e+00
4.080567060458640920e-03 -1.069579000000000057e+00
4.100569840166771313e-03 -4.831957000000000058e+00
4.120572619874901706e-03 -4.801914000000000016e+00
4.140575399583032966e-03 -5.480313999999999908e+00
4.160578179291163359e-03 -5.811630000000000074e+00
4.180580958999293752e-03 -7.039367999999999626e+00
4.200583738707424145e-03 -6.066703000000000401e+00
4.220586518415555405e-03 -6.007137000000000171e+00
4.240589298123685798e-03 -5.447869999999999990e+00
4.260592077831816191e-03 -1.937580999999999998e+00
4.280594857539946584e-03 -1.384420000000000095e-01
4.300597637248077844e-03 2.303139999999999910e-01
4.320600416956208237e-03 2.887779999999999792e-01
4.340603196664338630e-03 7.145049999999999457e-01
4.360605976372469023e-03 1.581922999999999968e+00
4.380608756080599415e-03 4.967420000000000169e-01
4.400611535788730676e-03 -1.246860000000000052e-01
4.420614315496861069e-03 1.356762999999999941e+00
4.440617095204991462e-03 1.756275999999999948e+00
4.460619874913121854e-03 5.742829999999999879e-01
4.480622654621253115e-03 1.270779999999999965e-01
4.500625434329383508e-03 -2.838414999999999910e+00
4.520628214037513901e-03 -5.397323000000000093e+00
4.540630993745644294e-03 -2.269934999999999814e+00
4.560633773453775554e-03 1.876180000000000070e-01
4.580636553161905947e-03 3.239736000000000171e+00
4.600639332870036340e-03 2.870785000000000142e+00
4.620642112578166733e-03 7.676479999999999970e-01
4.640644892286297125e-03 5.262660000000000116e-01
4.660647671994428386e-03 -5.951398000000000188e+00
4.680650451702558779e-03 -9.289865000000000705e+00
4.700653231410689172e-03 -1.262826699999999924e+01
4.720656011118819564e-03 -1.292357100000000081e+01
4.740658790826950825e-03 -4.240116999999999692e+00
4.760661570535081218e-03 1.435081999999999969e+00
4.780664350243211611e-03 7.973220999999999670e+00
4.800667129951342003e-03 1.210454999999999970e+01
4.820669909659473264e-03 1.018342299999999945e+01
4.840672689367603657e-03 3.985034999999999883e+00
4.860675469075734050e-03 -2.447273000000000032e+00
4.880678248783864442e-03 -6.982916000000000345e+00
4.900681028491994835e-03 -6.908101000000000269e+00
4.920683808200126096e-03 -3.858578000000000063e+00
4.940686587908256489e-03 -1.929599999999999982e+00
4.960689367616386881e-03 -1.291041000000000105e+00
4.980692147324517274e-03 2.972130000000000050e-01
5.000694927032648535e-03 -2.142691000000000123e+00
5.020697706740778928e-03 -2.102135999999999783e+00
5.040700486448909320e-03 -2.834003000000000050e+00
5.060703266157039713e-03 -3.835868000000000055e+00
5.080706045865170974e-03 -3.920879999999999921e-01
5.100708825573301367e-03 5.735040000000000138e-01
5.120711605281431759e-03 9.636090000000000488e-01
5.140714384989562152e-03 -8.610309999999999908e-01
5.160717164697692545e-03 -2.274283000000000055e+00
5.180719944405823806e-03 -2.657313999999999954e+00
5.200722724113954198e-03 -4.338682000000000372e+00
5.220725503822084591e-03 -3.395475999999999939e+00
5.240728283530214984e-03 -2.245277999999999885e+00
5.260731063238346245e-03 -3.882599999999999940e-01
5.280733842946476637e-03 3.887055000000000149e+00
5.300736622654607030e-03 2.741138999999999992e+00
5.320739402362737423e-03 2.919125999999999888e+00
5.340742182070868684e-03 1.193375999999999992e+00
5.360744961778999076e-03 -1.333866999999999914e+00
5.380747741487129469e-03 -2.375182999999999822e+00
5.400750521195259862e-03 -5.974562999999999846e+00
5.420753300903390255e-03 -6.912319000000000102e+00
5.440756080611521515e-03 -5.336522999999999683e+00
5.460758860319651908e-03 -2.100124000000000102e+00
5.480761640027782301e-03 4.908379999999999965e-01
5.500764419735912694e-03 -9.238420000000000520e-01
5.520767199444043954e-03 -5.944720000000000004e-01
5.540769979152174347e-03 -2.255205999999999822e+00
5.560772758860304740e-03 -2.458238999999999841e+00
5.580775538568435133e-03 -9.823709999999999942e-01
5.600778318276566393e-03 -1.437491999999999992e+00
5.620781097984696786e-03 -1.782305000000000028e+00
5.640783877692827179e-03 -5.282869999999999511e-01
5.660786657400957572e-03 -3.004669999999999841e-01
5.680789437109087965e-03 8.238410000000000455e-01
5.700792216817219225e-03 2.365115999999999996e+00
5.720794996525349618e-03 4.835699999999999998e-01
5.740797776233480011e-03 -2.133217000000000141e+00
5.760800555941610404e-03 -2.367980000000000196e+00
5.780803335649741664e-03 -2.788647000000000098e+00
5.800806115357872057e-03 -2.842438000000000020e+00
5.820808895066002450e-03 -1.557924000000000087e+00
5.840811674774132843e-03 -1.981184999999999974e+00
5.860814454482264103e-03 -2.672498000000000040e+00
5.880817234190394496e-03 -2.373689999999999856e+00
5.900820013898524889e-03 -2.330604999999999816e+00
5.920822793606655282e-03 -2.625000000000000000e+00
5.940825573314785675e-03 -4.216238999999999848e+00
5.960828353022916935e-03 -4.907226999999999784e+00
5.980831132731047328e-03 -2.294073000000000029e+00
6.000833912439177721e-03 -4.571800000000000169e-02
6.020836692147308114e-03 1.164630000000000054e+00
6.040839471855439374e-03 2.582294999999999785e+00
6.060842251563569767e-03 2.402490999999999932e+00
6.080845031271700160e-03 1.400550000000000128e-01
6.100847810979830553e-03 -1.800732999999999917e+00
6.120850590687961813e-03 -2.238983999999999863e+00
6.140853370396092206e-03 -1.932973999999999970e+00
6.160856150104222599e-03 -1.740452000000000110e+00
6.180858929812352992e-03 -1.234653999999999918e+00
6.200861709520483385e-03 -2.295889999999999986e+00
6.220864489228614645e-03 -2.452787999999999968e+00
6.240867268936745038e-03 -1.731886999999999954e+00
6.260870048644875431e-03 -2.371290000000000120e+00
6.280872828353005824e-03 -2.472709000000000046e+00
6.300875608061137084e-03 -2.064824999999999910e+00
6.320878387769267477e-03 -3.168238999999999805e+00
6.340881167477397870e-03 -3.151952000000000087e+00
6.360883947185528263e-03 -6.479399999999999604e-01
6.380886726893659523e-03 3.005869999999999931e-01
6.400889506601789916e-03 1.123491999999999935e+00
6.420892286309920309e-03 2.920488999999999891e+00
6.440895066018050702e-03 1.968782000000000032e+00
6.460897845726181095e-03 -8.521410000000000373e-01
6.480900625434312355e-03 -1.819485000000000019e+00
6.500903405142442748e-03 -2.795783999999999825e+00
6.520906184850573141e-03 -3.754823000000000022e+00
6.540908964558703534e-03 -2.122446000000000055e+00
6.560911744266834794e-03 -1.044662999999999897e+00
6.580914523974965187e-03 2.630700000000000052e-02
6.600917303683095580e-03 1.386157000000000084e+00
6.620920083391225973e-03 -4.964270000000000072e-01
6.640922863099357233e-03 -2.983179999999999943e+00
6.660925642807487626e-03 -3.937091999999999814e+00
6.680928422515618019e-03 -4.279180000000000206e+00
6.700931202223748412e-03 -2.816612999999999811e+00
6.720933981931878805e-03 -6.628699999999999870e-02
6.740936761640010065e-03 1.824278000000000066e+00
6.760939541348140458e-03 1.775417000000000023e+00
6.780942321056270851e-03 2.841060000000000252e-01
6.800945100764401244e-03 -1.574144999999999905e+00
6.820947880472532504e-03 -4.220132000000000438e+00
6.840950660180662897e-03 -5.180857999999999741e+00
6.860953439888793290e-03 -3.466917000000000026e+00
6.880956219596923683e-03 -1.185078999999999994e+00
6.900958999305054943e-03 1.091501999999999972e+00
6.920961779013185336e-03 2.299643999999999799e+00
6.940964558721315729e-03 2.714275999999999911e+00
6.960967338429446122e-03 2.079610000000000181e+00
6.980970118137576515e-03 -1.085412000000000043e+00
7.000972897845707775e-03 -4.130263000000000240e+00
7.020975677553838168e-03 -4.675708000000000197e+00
7.040978457261968561e-03 -4.876730000000000231e+00
7.060981236970098954e-03 -2.764184000000000196e+00
7.080984016678230214e-03 6.104899999999999771e-01
7.100986796386360607e-03 1.575628000000000029e+00
7.120989576094491000e-03 9.404439999999999467e-01
7.140992355802621393e-03 -6.914199999999999513e-02
7.160995135510752653e-03 -2.320806999999999842e+00
7.180997915218883046e-03 -4.163484999999999658e+00
7.201000694927013439e-03 -4.350556000000000090e+00
7.221003474635143832e-03 -4.026182999999999623e+00
7.241006254343274225e-03 -2.501778999999999975e+00
7.261009034051405485e-03 4.458059999999999801e-01
7.281011813759535878e-03 1.679383999999999988e+00
7.301014593467666271e-03 8.998239999999999572e-01
7.321017373175796664e-03 7.793280000000000207e-01
7.341020152883927924e-03 -2.762000000000000132e-03
7.361022932592058317e-03 -1.387204000000000104e+00
7.381025712300188710e-03 -8.060060000000000002e-01
7.401028492008319103e-03 2.533399999999999888e-02
7.421031271716450363e-03 -1.212202000000000002e+00
7.441034051424580756e-03 -2.686383999999999883e+00
7.461036831132711149e-03 -3.183162999999999965e+00
7.481039610840841542e-03 -3.444789999999999797e+00
7.501042390548971935e-03 -3.022437000000000040e+00
7.521045170257103195e-03 -1.603928999999999938e+00
7.541047949965233588e-03 -1.044402999999999970e+00
7.561050729673363981e-03 -7.124380000000000157e-01
7.581053509381494374e-03 -4.041569999999999885e-01
7.601056289089625634e-03 -7.854370000000000518e-01
7.621059068797756027e-03 -1.001902000000000070e+00
7.641061848505886420e-03 -1.054785000000000084e+00
7.661064628214016813e-03 -1.435481000000000007e+00
7.681067407922147205e-03 -1.338602999999999987e+00
7.701070187630278466e-03 -9.651750000000000052e-01
7.721072967338408859e-03 -7.324880000000000280e-01
7.741075747046539252e-03 -6.056329999999999769e-01
7.761078526754669644e-03 -7.733029999999999626e-01
7.781081306462800905e-03 -6.605280000000000040e-01
7.801084086170931298e-03 -8.936690000000000467e-01
7.821086865879062558e-03 -1.256196000000000090e+00
7.841089645587192083e-03 -8.902949999999999475e-01
7.861092425295323344e-03 -1.072044999999999915e+00
7.881095205003452869e-03 -2.494641000000000108e+00
7.901097984711584130e-03 -3.213855000000000128e+00
7.921100764419715390e-03 -3.040540000000000020e+00
7.941103544127844915e-03 -2.816028999999999893e+00
7.961106323835976176e-03 -1.282216000000000022e+00
7.981109103544105701e-03 3.224540000000000184e-01
8.001111883252236961e-03 3.170040000000000080e-01
8.021114662960368222e-03 -2.261799999999999922e-02
8.041117442668497747e-03 -3.863130000000000175e-01
8.061120222376629008e-03 -1.748887999999999998e+00
8.081123002084760268e-03 -2.528446999999999889e+00
8.101125781792889793e-03 -2.505282999999999927e+00
8.121128561501021054e-03 -2.307246000000000130e+00
8.141131341209150579e-03 -1.137126999999999999e+00
8.161134120917281840e-03 5.544919999999999849e-01
8.181136900625413100e-03 1.372854999999999936e+00
8.201139680333542625e-03 7.862710000000000532e-01
8.221142460041673886e-03 3.714300000000000240e-02
8.241145239749803411e-03 -1.543193999999999955e+00
8.261148019457934671e-03 -3.894525999999999932e+00
8.281150799166065932e-03 -4.501224999999999810e+00
8.301153578874195457e-03 -3.829444000000000070e+00
8.321156358582326718e-03 -2.741928000000000143e+00
8.341159138290457978e-03 -6.287329999999999863e-01
8.361161917998587503e-03 1.104025000000000034e+00
8.381164697706718764e-03 1.298623000000000083e+00
8.401167477414848289e-03 9.645820000000000505e-01
8.421170257122979549e-03 -5.979759999999999520e-01
8.441173036831110810e-03 -2.732324000000000197e+00
8.461175816539240335e-03 -3.476649999999999796e+00
8.481178596247371596e-03 -3.228908999999999807e+00
8.501181375955501121e-03 -2.260785999999999962e+00
8.521184155663632381e-03 -8.437710000000000488e-01
8.541186935371763642e-03 3.934409999999999852e-01
8.561189715079893167e-03 9.216910000000000380e-01
8.581192494788024427e-03 5.766839999999999744e-01
8.601195274496155688e-03 -5.242639999999999523e-01
8.621198054204285213e-03 -2.134580000000000144e+00
8.641200833912416474e-03 -3.318000000000000060e+00
8.661203613620545999e-03 -3.181801000000000101e+00
8.681206393328677259e-03 -1.834864000000000051e+00
8.701209173036808520e-03 -3.387499999999999956e-01
8.721211952744938045e-03 4.731879999999999975e-01
8.741214732453069305e-03 5.487819999999999920e-01
8.761217512161198831e-03 4.960200000000000026e-02
8.781220291869330091e-03 -1.445928000000000102e+00
8.801223071577461352e-03 -3.128267999999999827e+00
8.821225851285590877e-03 -3.571579999999999977e+00
8.841228630993722137e-03 -2.933800000000000185e+00
8.861231410701853398e-03 -1.961589000000000027e+00
8.881234190409982923e-03 -2.538130000000000108e-01
8.901236970118114183e-03 1.153080000000000105e+00
8.921239749826243709e-03 1.180657999999999985e+00
8.941242529534374969e-03 6.289179999999999771e-01
8.961245309242506230e-03 -6.170529999999999626e-01
8.981248088950635755e-03 -2.171305999999999958e+00
9.001250868658767015e-03 -2.753931999999999825e+00
9.021253648366896541e-03 -2.531432000000000127e+00
9.041256428075027801e-03 -1.928431999999999924e+00
9.061259207783159061e-03 -1.360535000000000050e+00
9.081261987491288587e-03 -1.258143000000000011e+00
9.101264767199419847e-03 -1.527296999999999905e+00
9.121267546907551108e-03 -1.634686000000000083e+00
9.141270326615680633e-03 -1.670244000000000062e+00
9.161273106323811893e-03 -1.640395999999999965e+00
9.181275886031941419e-03 -8.623279999999999834e-01
9.201278665740072679e-03 4.262739999999999863e-01
9.221281445448203939e-03 8.250739999999999741e-01
9.241284225156333465e-03 2.042940000000000034e-01
9.261287004864464725e-03 -8.310530000000000417e-01
9.281289784572594251e-03 -2.092468000000000217e+00
9.301292564280725511e-03 -3.080900000000000194e+00
9.321295343988856771e-03 -3.388662000000000063e+00
9.341298123696986297e-03 -2.598460999999999910e+00
9.361300903405117557e-03 -1.300904000000000060e+00
9.381303683113248817e-03 -1.556379999999999986e-01
9.401306462821378343e-03 4.701380000000000003e-01
9.421309242529509603e-03 3.076599999999999890e-01
9.441312022237639129e-03 -8.697259999999999991e-01
9.461314801945770389e-03 -1.903126000000000095e+00
9.481317581653901649e-03 -2.249235999999999791e+00
9.501320361362031175e-03 -2.449869000000000074e+00
9.521323141070162435e-03 -2.199532000000000043e+00
9.541325920778291961e-03 -1.335228999999999999e+00
9.561328700486423221e-03 -4.584679999999999866e-01
9.581331480194554481e-03 -6.421100000000000418e-02
9.601334259902684007e-03 -1.518740000000000090e-01
9.621337039610815267e-03 -5.030459999999999932e-01
9.641339819318946527e-03 -9.088530000000000220e-01
9.661342599027076053e-03 -1.111366999999999994e+00
9.681345378735207313e-03 -1.714887000000000050e+00
9.701348158443336839e-03 -2.383553000000000033e+00
9.721350938151468099e-03 -2.311332999999999860e+00
9.741353717859599359e-03 -2.062489999999999934e+00
9.761356497567728885e-03 -1.618592999999999948e+00
9.781359277275860145e-03 -4.366010000000000169e-01
9.801362056983989671e-03 4.007740000000000191e-01
9.821364836692120931e-03 2.227220000000000033e-01
9.841367616400252191e-03 -4.294629999999999836e-01
9.861370396108381717e-03 -1.592378999999999989e+00
9.881373175816512977e-03 -2.808762000000000203e+00
9.901375955524644237e-03 -3.304956999999999923e+00
9.921378735232773763e-03 -2.710782000000000025e+00
9.941381514940905023e-03 -1.716639000000000026e+00
9.961384294649034549e-03 -4.522390000000000021e-01
9.981387074357165809e-03 8.655629999999999713e-01
1.000138985406529707e-02 1.602881000000000000e+00
1.002139263377342659e-02 1.028237000000000068e+00
1.004139541348155786e-02 -6.062819999999999876e-01
1.006139819318968738e-02 -2.418527999999999789e+00
1.008140097289781864e-02 -3.389635999999999871e+00
1.010140375260594990e-02 -3.299961000000000144e+00
1.012140653231407943e-02 -2.535261000000000209e+00
1.014140931202221069e-02 -1.176773999999999987e+00
1.016141209173034195e-02 2.524399999999999977e-01
1.018141487143847147e-02 6.982829999999999870e-01
1.020141765114660273e-02 1.325280000000000069e-01
1.022142043085473226e-02 -8.937340000000000284e-01
1.024142321056286352e-02 -2.024855000000000071e+00
1.026142599027099478e-02 -2.648683999999999816e+00
1.028142876997912430e-02 -2.514237000000000055e+00
1.030143154968725556e-02 -1.963017000000000012e+00
1.032143432939538509e-02 -1.049463999999999952e+00
1.034143710910351635e-02 -2.702289999999999970e-01
1.036143988881164761e-02 -7.264600000000000224e-02
1.038144266851977714e-02 -4.246619999999999839e-01
1.040144544822790840e-02 -1.290910999999999920e+00
1.042144822793603966e-02 -1.957111999999999963e+00
1.044145100764416918e-02 -1.673294000000000059e+00
1.046145378735230044e-02 -8.866610000000000325e-01
1.048145656706042997e-02 -6.007019999999999582e-01
1.050145934676856123e-02 -5.994690000000000296e-01
1.052146212647669249e-02 -6.287329999999999863e-01
1.054146490618482201e-02 -1.023120000000000029e+00
1.056146768589295327e-02 -1.560972999999999944e+00
1.058147046560108280e-02 -1.899491999999999958e+00
1.060147324530921406e-02 -2.019210000000000171e+00
1.062147602501734532e-02 -1.708528000000000047e+00
1.064147880472547485e-02 -1.048815000000000053e+00
1.066148158443360611e-02 -6.142630000000000035e-01
1.068148436414173737e-02 -5.596280000000000143e-01
1.070148714384986689e-02 -7.757680000000000131e-01
1.072148992355799815e-02 -1.236404999999999976e+00
1.074149270326612768e-02 -1.759528999999999899e+00
1.076149548297425894e-02 -1.954776000000000069e+00
1.078149826268239020e-02 -1.651232000000000033e+00
1.080150104239051972e-02 -1.115065999999999891e+00
1.082150382209865098e-02 -4.980490000000000195e-01
1.084150660180678051e-02 -1.459689999999999876e-01
1.086150938151491177e-02 -2.366820000000000035e-01
1.088151216122304303e-02 -5.473639999999999617e-01
1.090151494093117256e-02 -1.026494000000000018e+00
1.092151772063930382e-02 -1.754013999999999962e+00
1.094152050034743508e-02 -2.431115999999999833e+00
1.096152328005556460e-02 -2.290439999999999809e+00
1.098152605976369586e-02 -1.425748000000000015e+00
1.100152883947182539e-02 -4.460100000000000176e-01
1.102153161917995665e-02 5.115900000000000308e-02
1.104153439888808791e-02 -6.044800000000000173e-02
1.106153717859621743e-02 -7.854370000000000518e-01
1.108153995830434869e-02 -1.738180999999999976e+00
1.110154273801247822e-02 -2.471929999999999961e+00
1.112154551772060948e-02 -2.884745000000000115e+00
1.114154829742874074e-02 -2.642454999999999998e+00
1.116155107713687027e-02 -1.557145000000000001e+00
1.118155385684500153e-02 -3.214899999999999980e-01
1.120155663655313279e-02 4.666339999999999932e-01
1.122155941626126231e-02 6.664879999999999693e-01
1.124156219596939357e-02 1.225360000000000060e-01
1.126156497567752310e-02 -7.957539999999999614e-01
1.128156775538565436e-02 -1.738571000000000089e+00
1.130157053509378562e-02 -2.345528999999999975e+00
1.132157331480191514e-02 -2.409832999999999892e+00
1.134157609451004640e-02 -2.095842000000000205e+00
1.136157887421817593e-02 -1.549228999999999967e+00
1.138158165392630719e-02 -1.030062999999999951e+00
1.140158443363443845e-02 -6.960859999999999825e-01
1.142158721334256798e-02 -4.931829999999999825e-01
1.144158999305069924e-02 -5.637809999999999766e-01
1.146159277275883050e-02 -9.128760000000000208e-01
1.148159555246696002e-02 -1.385582000000000091e+00
1.150159833217509128e-02 -1.703271999999999897e+00
1.152160111188322081e-02 -1.913313000000000041e+00
1.154160389159135207e-02 -1.826492999999999922e+00
1.156160667129948333e-02 -1.674072000000000005e+00
1.158160945100761285e-02 -1.292467999999999950e+00
1.160161223071574411e-02 -8.094449999999999701e-01
1.162161501042387364e-02 -4.687850000000000072e-01
1.164161779013200490e-02 -4.612580000000000013e-01
1.166162056984013616e-02 -6.814219999999999722e-01
1.168162334954826569e-02 -1.163342000000000098e+00
1.170162612925639695e-02 -1.713848000000000038e+00
1.172162890896452821e-02 -1.980407000000000028e+00
1.174163168867265773e-02 -1.747784999999999922e+00
1.176163446838078899e-02 -1.204285999999999968e+00
1.178163724808891852e-02 -6.603980000000000405e-01
1.180164002779704978e-02 -3.539340000000000264e-01
1.182164280750518104e-02 -4.791670000000000096e-01
1.184164558721331056e-02 -1.015333000000000041e+00
1.186164836692144182e-02 -1.617361000000000049e+00
1.188165114662957135e-02 -2.077738000000000085e+00
1.190165392633770261e-02 -2.170722000000000040e+00
1.192165670604583387e-02 -1.981899000000000077e+00
1.194165948575396340e-02 -1.326923999999999992e+00
1.196166226546209466e-02 -5.940830000000000277e-01
1.198166504517022592e-02 -2.793129999999999780e-01
1.200166782487835544e-02 -5.536579999999999835e-01
1.202167060458648670e-02 -1.138295000000000057e+00
1.204167338429461623e-02 -1.594001000000000001e+00
1.206167616400274749e-02 -1.778477000000000086e+00
1.208167894371087875e-02 -1.585240999999999900e+00
1.210168172341900827e-02 -1.059326999999999908e+00
1.212168450312713953e-02 -5.628069999999999462e-01
1.214168728283526906e-02 -5.013589999999999991e-01
1.216169006254340032e-02 -9.194940000000000335e-01
1.218169284225153158e-02 -1.508869000000000016e+00
1.220169562195966111e-02 -1.966585999999999945e+00
1.222169840166779237e-02 -2.027255999999999947e+00
1.224170118137592363e-02 -1.551434999999999897e+00
1.226170396108405315e-02 -7.032239999999999602e-01
1.228170674079218441e-02 -1.061280000000000001e-01
1.230170952050031394e-02 -8.160100000000000686e-02
1.232171230020844520e-02 -6.496269999999999545e-01
1.234171507991657646e-02 -1.639421999999999935e+00
1.236171785962470598e-02 -2.625129999999999963e+00
1.238172063933283724e-02 -2.946972000000000147e+00
1.240172341904096677e-02 -2.406394000000000144e+00
1.242172619874909803e-02 -1.297465000000000090e+00
1.244172897845722929e-02 -1.719239999999999935e-01
1.246173175816535882e-02 4.737720000000000264e-01
1.248173453787349008e-02 5.964099999999999957e-01
1.250173731758162134e-02 -5.395900000000000002e-02
1.252174009728975086e-02 -1.191762999999999906e+00
1.254174287699788212e-02 -2.302897999999999890e+00
1.256174565670601165e-02 -2.823685999999999918e+00
1.258174843641414291e-02 -2.582304000000000155e+00
1.260175121612227417e-02 -1.826948000000000016e+00
1.262175399583040369e-02 -9.134600000000000497e-01
1.264175677553853495e-02 -2.469989999999999963e-01
1.266175955524666448e-02 -2.115059999999999996e-01
1.268176233495479574e-02 -5.932399999999999896e-01
1.270176511466292700e-02 -1.123696000000000028e+00
1.272176789437105653e-02 -1.606589000000000045e+00
1.274177067407918779e-02 -1.835318000000000005e+00
1.276177345378731905e-02 -1.735780000000000101e+00
1.278177623349544857e-02 -1.416403999999999996e+00
1.280177901320357983e-02 -1.074705999999999939e+00
1.282178179291170936e-02 -8.717369999999999841e-01
1.284178457261984062e-02 -7.421569999999999556e-01
1.286178735232797188e-02 -7.674630000000000063e-01
1.288179013203610140e-02 -1.000604000000000049e+00
1.290179291174423266e-02 -1.458450999999999942e+00
1.292179569145236219e-02 -1.705543000000000031e+00
1.294179847116049345e-02 -1.621968000000000076e+00
1.296180125086862471e-02 -1.412900000000000045e+00
1.298180403057675424e-02 -1.172944999999999904e+00
1.300180681028488550e-02 -1.092030999999999974e+00
1.302180958999301676e-02 -1.063285000000000036e+00
1.304181236970114628e-02 -9.406480000000000397e-01
1.306181514940927754e-02 -7.380689999999999751e-01
1.308181792911740707e-02 -7.941970000000000418e-01
1.310182070882553833e-02 -1.037006000000000094e+00
1.312182348853366959e-02 -1.329844000000000026e+00
1.314182626824179911e-02 -1.560648999999999953e+00
1.316182904794993037e-02 -1.559739999999999904e+00
1.318183182765805990e-02 -1.382403000000000048e+00
1.320183460736619116e-02 -1.255741999999999914e+00
1.322183738707432242e-02 -1.164509999999999934e+00
1.324184016678245195e-02 -1.101893999999999929e+00
1.326184294649058321e-02 -1.126551000000000080e+00
1.328184572619871447e-02 -1.172101999999999977e+00
1.330184850590684399e-02 -1.207789999999999919e+00
1.332185128561497525e-02 -1.287991000000000108e+00
1.334185406532310478e-02 -1.380586000000000091e+00
1.336185684503123604e-02 -1.433664000000000049e+00
1.338185962473936730e-02 -1.338214000000000015e+00
1.340186240444749682e-02 -1.207335999999999965e+00
1.342186518415562808e-02 -1.042067000000000077e+00
1.344186796386375761e-02 -1.048556000000000044e+00
1.346187074357188887e-02 -1.190725000000000033e+00
1.348187352328002013e-02 -1.300513999999999948e+00
1.350187630298814966e-02 -1.217587999999999893e+00
1.352187908269628092e-02 -1.102997000000000005e+00
1.354188186240441218e-02 -1.166457000000000077e+00
1.356188464211254170e-02 -1.221675999999999984e+00
1.358188742182067296e-02 -1.275922000000000001e+00
1.360189020152880249e-02 -1.262231000000000103e+00
1.362189298123693375e-02 -1.269951999999999970e+00
1.364189576094506501e-02 -1.270990999999999982e+00
1.366189854065319453e-02 -1.253471000000000002e+00
1.368190132036132579e-02 -1.171192999999999929e+00
1.370190410006945532e-02 -1.050761999999999974e+00
1.372190687977758658e-02 -9.995009999999999728e-01
1.374190965948571784e-02 -1.029479000000000033e+00
1.376191243919384737e-02 -1.129081000000000001e+00
1.378191521890197863e-02 -1.349115000000000064e+00
1.380191799861010989e-02 -1.578881999999999897e+00
1.382192077831823941e-02 -1.685556999999999972e+00
1.384192355802637067e-02 -1.628131999999999913e+00
1.386192633773450020e-02 -1.347039000000000097e+00
1.388192911744263146e-02 -8.864670000000000050e-01
1.390193189715076272e-02 -4.889000000000000012e-01
1.392193467685889224e-02 -4.203790000000000027e-01
1.394193745656702350e-02 -6.927769999999999762e-01
1.396194023627515303e-02 -1.172296999999999922e+00
1.398194301598328429e-02 -1.721570000000000045e+00
1.400194579569141555e-02 -2.077802999999999845e+00
1.402194857539954508e-02 -2.039130000000000109e+00
1.404195135510767634e-02 -1.552732999999999919e+00
1.406195413481580760e-02 -9.044410000000000505e-01
1.408195691452393712e-02 -3.347269999999999968e-01
1.410195969423206838e-02 -1.429199999999999915e-01
1.412196247394019791e-02 -4.275820000000000176e-01
1.414196525364832917e-02 -1.076133000000000006e+00
1.416196803335646043e-02 -1.814683999999999964e+00
1.418197081306458995e-02 -2.334239000000000175e+00
1.420197359277272121e-02 -2.284664999999999946e+00
1.422197637248085074e-02 -1.693604000000000109e+00
1.424197915218898200e-02 -8.917230000000000434e-01
1.426198193189711326e-02 -2.515419999999999878e-01
1.428198471160524279e-02 -1.716700000000000170e-02
1.430198749131337405e-02 -3.301200000000000245e-01
1.432199027102150531e-02 -9.752330000000000165e-01
1.434199305072963483e-02 -1.559546000000000099e+00
1.436199583043776609e-02 -1.863348999999999922e+00
1.438199861014589562e-02 -1.831619000000000108e+00
1.440200138985402688e-02 -1.464226000000000028e+00
1.442200416956215814e-02 -1.022211999999999898e+00
1.444200694927028766e-02 -7.259349999999999969e-01
1.446200972897841892e-02 -6.666919999999999513e-01
1.448201250868654845e-02 -8.284569999999999990e-01
1.450201528839467971e-02 -1.178784999999999972e+00
1.452201806810281097e-02 -1.499006000000000061e+00
1.454202084781094050e-02 -1.543778000000000095e+00
1.456202362751907176e-02 -1.355150000000000077e+00
1.458202640722720302e-02 -1.018124000000000029e+00
1.460202918693533254e-02 -7.726539999999999520e-01
1.462203196664346380e-02 -8.248879999999999546e-01
1.464203474635159333e-02 -1.081584000000000101e+00
1.466203752605972459e-02 -1.280270000000000019e+00
1.468204030576785585e-02 -1.312648000000000037e+00
1.470204308547598537e-02 -1.301617999999999942e+00
1.472204586518411663e-02 -1.174697000000000102e+00
1.474204864489224616e-02 -1.052059999999999995e+00
1.476205142460037742e-02 -1.056278000000000050e+00
1.478205420430850868e-02 -1.096961999999999993e+00
1.480205698401663821e-02 -1.143162000000000011e+00
1.482205976372476947e-02 -1.214537999999999895e+00
1.484206254343290073e-02 -1.228684000000000109e+00
1.486206532314103025e-02 -1.171322999999999892e+00
1.488206810284916151e-02 -1.051280999999999910e+00
1.490207088255729104e-02 -8.892569999999999641e-01
1.492207366226542230e-02 -7.792719999999999647e-01
1.494207644197355356e-02 -8.793290000000000273e-01
1.496207922168168308e-02 -1.172231999999999941e+00
1.498208200138981434e-02 -1.401609000000000105e+00
1.500208478109794387e-02 -1.493425000000000002e+00
1.502208756080607513e-02 -1.409396000000000093e+00
1.504209034051420639e-02 -1.200523000000000007e+00
1.506209312022233592e-02 -1.090149000000000035e+00
1.508209589993046718e-02 -1.052578999999999931e+00
1.510209867963859844e-02 -1.050048000000000092e+00
1.512210145934672796e-02 -1.018383000000000038e+00
1.514210423905485922e-02 -1.052124999999999977e+00
1.516210701876298875e-02 -1.125836999999999977e+00
1.518210979847112001e-02 -1.170414999999999983e+00
1.520211257817925127e-02 -1.222583999999999893e+00
1.522211535788738079e-02 -1.283514000000000044e+00
1.524211813759551205e-02 -1.291430000000000078e+00
1.526212091730364158e-02 -1.289547999999999917e+00
1.528212369701177284e-02 -1.227840000000000042e+00
1.530212647671990410e-02 -1.020523999999999987e+00
1.532212925642803363e-02 -8.071739999999999471e-01
1.534213203613616489e-02 -6.378169999999999673e-01
1.536213481584429441e-02 -6.112779999999999880e-01
1.538213759555242567e-02 -8.209950000000000303e-01
1.540214037526055693e-02 -1.184236000000000066e+00
1.542214315496868646e-02 -1.575118999999999936e+00
1.544214593467681772e-02 -1.779838999999999949e+00
1.546214871438494898e-02 -1.698274999999999979e+00
1.548215149409307850e-02 -1.355344000000000104e+00
1.550215427380120976e-02 -9.568050000000000166e-01
1.552215705350933929e-02 -6.565699999999999870e-01
1.554215983321747055e-02 -5.151149999999999896e-01
1.556216261292560181e-02 -6.262029999999999541e-01
1.558216539263373134e-02 -9.963859999999999939e-01
1.560216817234186260e-02 -1.446186999999999889e+00
1.562217095204999212e-02 -1.687114999999999920e+00
1.564217373175812512e-02 -1.621188999999999991e+00
1.566217651146625464e-02 -1.344767999999999963e+00
1.568217929117438417e-02 -9.390910000000000091e-01
1.570218207088251369e-02 -6.281489999999999574e-01
1.572218485059064669e-02 -5.779260000000000508e-01
1.574218763029877621e-02 -7.790780000000000483e-01
1.576219041000690574e-02 -1.074251000000000067e+00
1.578219318971503873e-02 -1.347298000000000107e+00
1.580219596942316826e-02 -1.531190000000000051e+00
1.582219874913129778e-02 -1.522949000000000108e+00
1.584220152883943078e-02 -1.256715000000000027e+00
1.586220430854756031e-02 -9.858740000000000281e-01
1.588220708825568983e-02 -7.485810000000000519e-01
1.590220986796382283e-02 -6.955670000000000464e-01
1.592221264767195235e-02 -9.096959999999999491e-01
1.594221542738008188e-02 -1.268914000000000097e+00
1.596221820708821140e-02 -1.607107999999999981e+00
1.598222098679634440e-02 -1.649804000000000048e+00
1.600222376650447392e-02 -1.400052000000000074e+00
1.602222654621260345e-02 -1.077625999999999973e+00
1.604222932592073644e-02 -8.251479999999999926e-01
1.606223210562886597e-02 -6.315880000000000383e-01
1.608223488533699549e-02 -5.999879999999999658e-01
1.610223766504512849e-02 -7.253509999999999680e-01
1.612224044475325802e-02 -9.846420000000000172e-01
1.614224322446138754e-02 -1.352035000000000098e+00
1.616224600416952054e-02 -1.526064000000000087e+00
1.618224878387765006e-02 -1.415365999999999902e+00
1.620225156358577959e-02 -1.217913000000000023e+00
1.622225434329390911e-02 -9.874969999999999581e-01
1.624225712300204211e-02 -9.080089999999999550e-01
1.626225990271017163e-02 -1.031166000000000027e+00
1.628226268241830116e-02 -1.186247000000000051e+00
1.630226546212643415e-02 -1.200004000000000071e+00
1.632226824183456368e-02 -1.226153000000000048e+00
1.634227102154269320e-02 -1.119996999999999909e+00
1.636227380125082620e-02 -9.904169999999999918e-01
1.638227658095895573e-02 -1.000280000000000058e+00
1.640227936066708525e-02 -1.074057000000000039e+00
1.642228214037521825e-02 -1.172490999999999950e+00
1.644228492008334777e-02 -1.307976999999999945e+00
1.646228769979147730e-02 -1.451637999999999984e+00
1.648229047949960682e-02 -1.512048000000000059e+00
1.650229325920773982e-02 -1.392136000000000040e+00
1.652229603891586934e-02 -1.063674999999999926e+00
1.654229881862399887e-02 -6.481989999999999696e-01
1.656230159833213186e-02 -3.909850000000000270e-01
1.658230437804026139e-02 -4.582089999999999774e-01
1.660230715774839091e-02 -7.844630000000000214e-01
1.662230993745652391e-02 -1.208309000000000077e+00
1.664231271716465344e-02 -1.519314999999999971e+00
1.666231549687278296e-02 -1.625796000000000019e+00
1.668231827658091596e-02 -1.554030000000000022e+00
1.670232105628904548e-02 -1.360600000000000032e+00
1.672232383599717501e-02 -1.103450999999999960e+00
1.674232661570530453e-02 -8.908139999999999947e-01
1.676232939541343753e-02 -8.688169999999999504e-01
1.678233217512156705e-02 -9.241009999999999502e-01
1.680233495482969658e-02 -1.029997999999999969e+00
1.682233773453782957e-02 -1.199874000000000107e+00
1.684234051424595910e-02 -1.291299999999999892e+00
1.686234329395408862e-02 -1.251978999999999953e+00
1.688234607366222162e-02 -1.127718999999999916e+00
1.690234885337035114e-02 -1.058483999999999980e+00
1.692235163307848067e-02 -1.062961000000000045e+00
1.694235441278661367e-02 -1.075094999999999912e+00
1.696235719249474319e-02 -1.067503000000000091e+00
1.698235997220287272e-02 -1.077301000000000064e+00
1.700236275191100224e-02 -1.075094999999999912e+00
1.702236553161913524e-02 -1.139658000000000060e+00
1.704236831132726476e-02 -1.221481000000000039e+00
1.706237109103539429e-02 -1.296750999999999987e+00
1.708237387074352728e-02 -1.247500999999999971e+00
1.710237665045165681e-02 -1.185273999999999939e+00
1.712237943015978633e-02 -1.126225999999999949e+00
1.714238220986791933e-02 -9.621260000000000367e-01
1.716238498957604885e-02 -8.932149999999999812e-01
1.718238776928417838e-02 -9.704960000000000253e-01
1.720239054899231138e-02 -1.170544999999999947e+00
1.722239332870044090e-02 -1.422763000000000000e+00
1.724239610840857043e-02 -1.572522999999999893e+00
1.726239888811669995e-02 -1.535797000000000079e+00
1.728240166782483295e-02 -1.285979999999999901e+00
1.730240444753296247e-02 -9.452549999999999564e-01
1.732240722724109200e-02 -6.788910000000000222e-01
1.734241000694922499e-02 -5.828579999999999872e-01
1.736241278665735452e-02 -7.176940000000000541e-01
1.738241556636548404e-02 -9.992410000000000458e-01
1.740241834607361704e-02 -1.336203000000000030e+00
1.742242112578174656e-02 -1.555004000000000053e+00
1.744242390548987609e-02 -1.616711999999999927e+00
1.746242668519800909e-02 -1.426460999999999979e+00
1.748242946490613861e-02 -1.169181999999999944e+00
1.750243224461426814e-02 -8.804319999999999924e-01
1.752243502432239766e-02 -7.455960000000000365e-01
1.754243780403053066e-02 -8.450680000000000414e-01
1.756244058373866018e-02 -1.077042000000000055e+00
1.758244336344678971e-02 -1.335877999999999899e+00
1.760244614315492270e-02 -1.395834000000000019e+00
1.762244892286305223e-02 -1.304796999999999985e+00
1.764245170257118175e-02 -1.107409000000000088e+00
1.766245448227931475e-02 -9.353920000000000012e-01
1.768245726198744427e-02 -9.300059999999999993e-01
1.770246004169557380e-02 -1.062637000000000054e+00
1.772246282140370680e-02 -1.182938000000000045e+00
1.774246560111183632e-02 -1.298826999999999954e+00
1.776246838081996585e-02 -1.336332000000000075e+00
1.778247116052809537e-02 -1.250421000000000005e+00
1.780247394023622837e-02 -1.123305999999999916e+00
1.782247671994435789e-02 -1.014748999999999901e+00
1.784247949965248742e-02 -9.172230000000000105e-01
1.786248227936062041e-02 -9.510950000000000237e-01
1.788248505906874994e-02 -1.140760999999999914e+00
1.790248783877687946e-02 -1.388047999999999949e+00
1.792249061848501246e-02 -1.519444999999999935e+00
1.794249339819314198e-02 -1.434118000000000004e+00
1.796249617790127151e-02 -1.152180999999999900e+00
1.798249895760940451e-02 -8.679740000000000233e-01
1.800250173731753403e-02 -7.329430000000000112e-01
1.802250451702566356e-02 -8.037349999999999772e-01
1.804250729673379308e-02 -9.596599999999999575e-01
1.806251007644192608e-02 -1.176384000000000096e+00
1.808251285615005560e-02 -1.323485000000000023e+00
1.810251563585818513e-02 -1.396808000000000050e+00
1.812251841556631812e-02 -1.388177999999999912e+00
1.814252119527444765e-02 -1.286434000000000077e+00
1.816252397498257717e-02 -1.101115000000000066e+00
1.818252675469071017e-02 -9.581030000000000380e-01
1.820252953439883969e-02 -9.649159999999999959e-01
1.822253231410696922e-02 -1.094236999999999904e+00
1.824253509381510222e-02 -1.330038000000000054e+00
1.826253787352323174e-02 -1.446576000000000084e+00
1.828254065323136127e-02 -1.421011000000000024e+00
1.830254343293949079e-02 -1.232577000000000034e+00
1.832254621264762379e-02 -1.040445000000000064e+00
1.834254899235575331e-02 -9.132000000000000117e-01
1.836255177206388284e-02 -8.845849999999999547e-01
1.838255455177201583e-02 -9.566099999999999604e-01
1.840255733148014536e-02 -1.061144000000000087e+00
1.842256011118827488e-02 -1.220637999999999890e+00
1.844256289089640788e-02 -1.335488999999999926e+00
1.846256567060453740e-02 -1.403426000000000062e+00
1.848256845031266693e-02 -1.310248000000000079e+00
1.850257123002079993e-02 -1.143097000000000030e+00
1.852257400972892945e-02 -9.725080000000000391e-01
1.854257678943705898e-02 -8.434460000000000290e-01
1.856257956914518850e-02 -8.531790000000000207e-01
1.858258234885332150e-02 -9.686789999999999567e-01
1.860258512856145102e-02 -1.141993999999999954e+00
1.862258790826958055e-02 -1.288056000000000090e+00
1.864259068797771354e-02 -1.408487000000000045e+00
1.866259346768584307e-02 -1.463642000000000110e+00
1.868259624739397259e-02 -1.403944999999999999e+00
1.870259902710210559e-02 -1.312129000000000101e+00
1.872260180681023511e-02 -1.181251000000000051e+00
1.874260458651836464e-02 -1.054589999999999916e+00
1.876260736622649763e-02 -9.116429999999999811e-01
1.878261014593462716e-02 -8.834819999999999895e-01
1.880261292564275669e-02 -9.181970000000000409e-01
1.882261570535088621e-02 -9.923629999999999951e-01
1.884261848505901921e-02 -1.113248999999999933e+00
1.886262126476714873e-02 -1.246267999999999931e+00
1.888262404447527826e-02 -1.308235999999999954e+00
1.890262682418341125e-02 -1.313361999999999918e+00
1.892262960389154078e-02 -1.254313999999999929e+00
1.894263238359967030e-02 -1.170933999999999919e+00
1.896263516330780330e-02 -1.133623999999999965e+00
1.898263794301593282e-02 -1.096443000000000056e+00
1.900264072272406235e-02 -1.117596000000000034e+00
1.902264350243219534e-02 -1.149002000000000079e+00
1.904264628214032487e-02 -1.177681999999999896e+00
1.906264906184845440e-02 -1.167883999999999922e+00
1.908265184155658392e-02 -1.144200000000000106e+00
1.910265462126471692e-02 -1.146471000000000018e+00
1.912265740097284644e-02 -1.109031000000000100e+00
1.914266018068097597e-02 -1.080740000000000034e+00
1.916266296038910896e-02 -1.141863999999999990e+00
1.918266574009723849e-02 -1.239130999999999982e+00
1.920266851980536801e-02 -1.294934000000000029e+00
1.922267129951350101e-02 -1.280723999999999974e+00
1.924267407922163053e-02 -1.186960999999999933e+00
1.926267685892976006e-02 -1.010207000000000077e+00
1.928267963863789305e-02 -8.740729999999999889e-01
1.930268241834602258e-02 -8.362439999999999873e-01
1.932268519805415211e-02 -9.489530000000000465e-01
1.934268797776228163e-02 -1.081973000000000074e+00
1.936269075747041463e-02 -1.231343999999999994e+00
1.938269353717854415e-02 -1.351320999999999994e+00
1.940269631688667368e-02 -1.372929000000000066e+00
1.942269909659480667e-02 -1.318748000000000031e+00
1.944270187630293620e-02 -1.204415999999999931e+00
1.946270465601106572e-02 -1.117402000000000006e+00
1.948270743571919872e-02 -1.079442000000000013e+00
1.950271021542732824e-02 -1.145497999999999905e+00
1.952271299513545777e-02 -1.249578000000000078e+00
1.954271577484359076e-02 -1.335423999999999944e+00
1.956271855455172029e-02 -1.288316000000000017e+00
1.958272133425984982e-02 -1.132390999999999925e+00
1.960272411396797934e-02 -9.010660000000000336e-01
1.962272689367611234e-02 -7.805699999999999861e-01
1.964272967338424186e-02 -7.816079999999999695e-01
1.966273245309237139e-02 -9.911299999999999555e-01
1.968273523280050438e-02 -1.234523999999999955e+00
1.970273801250863391e-02 -1.400571000000000010e+00
1.972274079221676343e-02 -1.433534000000000086e+00
1.974274357192489643e-02 -1.325820999999999916e+00
1.976274635163302595e-02 -1.134077999999999919e+00
1.978274913134115548e-02 -9.069709999999999717e-01
1.980275191104928847e-02 -7.488399999999999501e-01
1.982275469075741800e-02 -7.892000000000000126e-01
1.984275747046554753e-02 -9.746489999999999876e-01
1.986276025017367705e-02 -1.268979000000000079e+00
1.988276302988181005e-02 -1.502769000000000021e+00
1.990276580958993957e-02 -1.590627000000000013e+00
1.992276858929806910e-02 -1.467664999999999997e+00
1.994277136900620209e-02 -1.206426999999999916e+00
1.996277414871433162e-02 -9.587510000000000199e-01
1.998277692842246114e-02 -8.279379999999999518e-01
2.000277970813059414e-02 -8.274190000000000156e-01
2.002278248783872366e-02 -9.270209999999999839e-01
2.004278526754685319e-02 -1.062442000000000109e+00
2.006278804725498618e-02 -1.165807999999999955e+00
2.008279082696311571e-02 -1.190269999999999939e+00
2.010279360667124524e-02 -1.195526000000000089e+00
2.012279638637937476e-02 -1.175799999999999956e+00
2.014279916608750776e-02 -1.133947999999999956e+00
2.016280194579563728e-02 -1.105722000000000094e+00
2.018280472550376681e-02 -1.126160999999999968e+00
2.020280750521189980e-02 -1.217718000000000078e+00
2.022281028492002933e-02 -1.241726000000000107e+00
2.024281306462815885e-02 -1.218107000000000051e+00
2.026281584433629185e-02 -1.156268999999999991e+00
2.028281862404442137e-02 -1.090408000000000044e+00
2.030282140375255090e-02 -1.026947999999999972e+00
2.032282418346068389e-02 -1.027142999999999917e+00
2.034282696316881342e-02 -1.061144000000000087e+00
2.036282974287694295e-02 -1.116753000000000107e+00
2.038283252258507247e-02 -1.139138999999999902e+00
2.040283530229320547e-02 -1.165418000000000065e+00
2.042283808200133499e-02 -1.180277999999999938e+00
2.044284086170946452e-02 -1.177551999999999932e+00
2.046284364141759751e-02 -1.146276999999999990e+00
2.048284642112572704e-02 -1.144265000000000088e+00
2.050284920083385656e-02 -1.092289999999999983e+00
2.052285198054198956e-02 -1.063350000000000017e+00
2.054285476025011908e-02 -1.021238000000000090e+00
2.056285753995824861e-02 -1.004367000000000010e+00
2.058286031966638160e-02 -1.014814000000000105e+00
2.060286309937451113e-02 -1.059391999999999889e+00
2.062286587908264066e-02 -1.150624000000000091e+00
2.064286865879077018e-02 -1.225699000000000094e+00
2.066287143849890318e-02 -1.285654999999999992e+00
2.068287421820703270e-02 -1.299217000000000066e+00
2.070287699791516223e-02 -1.292273999999999923e+00
2.072287977762329522e-02 -1.219340000000000090e+00
2.074288255733142475e-02 -1.152700000000000058e+00
2.076288533703955427e-02 -1.081973000000000074e+00
2.078288811674768727e-02 -1.033501999999999921e+00
2.080289089645581679e-02 -1.048037000000000107e+00
2.082289367616394632e-02 -1.079766999999999921e+00
2.084289645587207931e-02 -1.096054000000000084e+00
2.086289923558020884e-02 -1.105396999999999963e+00
2.088290201528833837e-02 -1.097741000000000078e+00
2.090290479499646789e-02 -1.110718000000000094e+00
2.092290757470460089e-02 -1.156983000000000095e+00
2.094291035441273041e-02 -1.199874000000000107e+00
2.096291313412085994e-02 -1.227775000000000061e+00
2.098291591382899293e-02 -1.207659999999999956e+00
2.100291869353712246e-02 -1.141410000000000036e+00
2.102292147324525198e-02 -1.037265000000000104e+00
2.104292425295338498e-02 -9.466170000000000417e-01
2.106292703266151450e-02 -9.342240000000000544e-01
2.108292981236964403e-02 -9.633580000000000476e-01
2.110293259207777702e-02 -1.071460999999999997e+00
2.112293537178590655e-02 -1.205842999999999998e+00
2.114293815149403608e-02 -1.322251999999999983e+00
2.116294093120216560e-02 -1.382466999999999890e+00
2.118294371091029860e-02 -1.353593000000000046e+00
2.120294649061842812e-02 -1.199808999999999903e+00
2.122294927032655765e-02 -9.969050000000000411e-01
2.124295205003469064e-02 -8.563589999999999813e-01
2.126295482974282017e-02 -8.265109999999999957e-01
2.128295760945094969e-02 -9.098910000000000053e-01
2.130296038915908269e-02 -1.078923000000000076e+00
2.132296316886721221e-02 -1.214537999999999895e+00
2.134296594857534174e-02 -1.299865999999999966e+00
2.136296872828347473e-02 -1.309274000000000049e+00
2.138297150799160426e-02 -1.242763999999999980e+00
2.140297428769973379e-02 -1.156333999999999973e+00
2.142297706740786331e-02 -1.064518000000000075e+00
2.144297984711599631e-02 -1.018901999999999974e+00
2.146298262682412583e-02 -1.059846000000000066e+00
2.148298540653225536e-02 -1.124409999999999910e+00
2.150298818624038835e-02 -1.222649000000000097e+00
2.152299096594851788e-02 -1.231992999999999894e+00
2.154299374565664740e-02 -1.179499000000000075e+00
2.156299652536478040e-02 -1.056796999999999986e+00
2.158299930507290992e-02 -9.230629999999999669e-01
2.160300208478103945e-02 -8.844549999999999912e-01
2.162300486448917244e-02 -9.477210000000000356e-01
2.164300764419730197e-02 -1.087552999999999992e+00
2.166301042390543150e-02 -1.231149999999999967e+00
2.168301320361356102e-02 -1.306483999999999979e+00
2.170301598332169402e-02 -1.287795999999999941e+00
2.172301876302982354e-02 -1.218496999999999941e+00
2.174302154273795307e-02 -1.103839999999999932e+00
2.176302432244608606e-02 -1.011894000000000071e+00
2.178302710215421559e-02 -9.508349999999999858e-01
2.180302988186234511e-02 -9.781530000000000502e-01
2.182303266157047811e-02 -1.064583000000000057e+00
2.184303544127860763e-02 -1.163926000000000016e+00
2.186303822098673716e-02 -1.223946999999999896e+00
2.188304100069487015e-02 -1.219405000000000072e+00
2.190304378040299968e-02 -1.154906999999999906e+00
2.192304656011112921e-02 -1.090797999999999934e+00
2.194304933981925873e-02 -1.040315000000000101e+00
2.196305211952739173e-02 -1.062052999999999914e+00
2.198305489923552125e-02 -1.097545999999999911e+00
2.200305767894365078e-02 -1.141410000000000036e+00
2.202306045865178377e-02 -1.122981999999999925e+00
2.204306323835991330e-02 -1.088656000000000068e+00
2.206306601806804282e-02 -1.036032999999999982e+00
2.208306879777617582e-02 -1.009818000000000104e+00
2.210307157748430534e-02 -1.033890999999999893e+00
2.212307435719243487e-02 -1.093911999999999995e+00
2.214307713690056786e-02 -1.174438000000000093e+00
2.216307991660869739e-02 -1.248345000000000038e+00
2.218308269631682692e-02 -1.289678000000000102e+00
2.220308547602495644e-02 -1.240558000000000050e+00
2.222308825573308944e-02 -1.197926999999999964e+00
2.224309103544121896e-02 -1.089175999999999922e+00
2.226309381514934849e-02 -1.004626999999999937e+00
2.228309659485748148e-02 -9.621910000000000185e-01
2.230309937456561101e-02 -9.759470000000000089e-01
2.232310215427374053e-02 -1.034799999999999942e+00
2.234310493398187353e-02 -1.097935000000000105e+00
2.236310771369000305e-02 -1.150365000000000082e+00
2.238311049339813258e-02 -1.172555999999999932e+00
2.240311327310626557e-02 -1.168857999999999953e+00
2.242311605281439510e-02 -1.148352999999999957e+00
2.244311883252252462e-02 -1.138490000000000002e+00
2.246312161223065415e-02 -1.113442999999999961e+00
2.248312439193878715e-02 -1.081193999999999988e+00
2.250312717164691667e-02 -1.012542999999999971e+00
2.252312995135504620e-02 -1.004887000000000086e+00
2.254313273106317919e-02 -1.010337000000000041e+00
2.256313551077130872e-02 -1.069450000000000012e+00
2.258313829047943824e-02 -1.143421999999999938e+00
2.260314107018757124e-02 -1.210191000000000017e+00
2.262314384989570076e-02 -1.206687000000000065e+00
2.264314662960383029e-02 -1.181251000000000051e+00
2.266314940931196328e-02 -1.122203000000000062e+00
2.268315218902009281e-02 -1.086256000000000110e+00
2.270315496872822233e-02 -1.057574999999999932e+00
2.272315774843635186e-02 -1.066594999999999960e+00
2.274316052814448486e-02 -1.076197999999999988e+00
2.276316330785261438e-02 -1.137386999999999926e+00
2.278316608756074391e-02 -1.173594000000000026e+00
2.280316886726887690e-02 -1.166585999999999901e+00
2.282317164697700643e-02 -1.125642000000000031e+00
2.284317442668513595e-02 -1.028310999999999975e+00
2.286317720639326895e-02 -9.510950000000000237e-01
2.288317998610139847e-02 -9.543390000000000484e-01
2.290318276580952800e-02 -1.040899000000000019e+00
2.292318554551766099e-02 -1.164444999999999952e+00
2.294318832522579052e-02 -1.241141999999999967e+00
2.296319110493392004e-02 -1.279490999999999934e+00
2.298319388464204957e-02 -1.216290000000000093e+00
2.300319666435018257e-02 -1.121294999999999931e+00
2.302319944405831209e-02 -1.028310999999999975e+00
2.304320222376644162e-02 -9.683549999999999658e-01
2.306320500347457461e-02 -9.604390000000000427e-01
2.308320778318270414e-02 -1.005471000000000004e+00
2.310321056289083366e-02 -1.103709999999999969e+00
2.312321334259896666e-02 -1.197537999999999991e+00
2.314321612230709618e-02 -1.247695999999999916e+00
2.316321890201522571e-02 -1.209996000000000071e+00
2.318322168172335870e-02 -1.119348000000000010e+00
2.320322446143148823e-02 -1.026235000000000008e+00
2.322322724113961775e-02 -9.781530000000000502e-01
2.324323002084774728e-02 -1.008000999999999925e+00
2.326323280055588028e-02 -1.078403999999999918e+00
2.328323558026400980e-02 -1.122203000000000062e+00
2.330323835997213933e-02 -1.141539999999999999e+00
2.332324113968027232e-02 -1.133299000000000056e+00
2.334324391938840185e-02 -1.093328000000000078e+00
2.336324669909653137e-02 -1.052643999999999913e+00
2.338324947880466437e-02 -1.016761000000000026e+00
2.340325225851279389e-02 -1.040445000000000064e+00
2.342325503822092342e-02 -1.101893999999999929e+00
2.344325781792905641e-02 -1.178784999999999972e+00
2.346326059763718594e-02 -1.222779000000000060e+00
2.348326337734531546e-02 -1.213824999999999932e+00
2.350326615705344499e-02 -1.166651000000000105e+00
2.352326893676157799e-02 -1.066400000000000015e+00
2.354327171646970751e-02 -9.987869999999999804e-01
2.356327449617783704e-02 -9.731570000000000498e-01
2.358327727588597003e-02 -9.936610000000000165e-01
2.360328005559409956e-02 -1.051345999999999892e+00
2.362328283530222908e-02 -1.108252000000000015e+00
2.364328561501036208e-02 -1.138101000000000029e+00
2.366328839471849160e-02 -1.116753000000000107e+00
2.368329117442662113e-02 -1.073796999999999890e+00
2.370329395413475412e-02 -1.036032999999999982e+00
2.372329673384288365e-02 -1.004950999999999928e+00
2.374329951355101317e-02 -1.015592999999999968e+00
2.376330229325914270e-02 -1.053746999999999989e+00
2.378330507296727570e-02 -1.132455999999999907e+00
2.380330785267540522e-02 -1.175475999999999965e+00
2.382331063238353475e-02 -1.173140000000000072e+00
2.384331341209166774e-02 -1.138490000000000002e+00
2.386331619179979727e-02 -1.104359000000000091e+00
2.388331897150792679e-02 -1.060754999999999892e+00
2.390332175121605979e-02 -1.039341999999999988e+00
2.392332453092418931e-02 -1.065750999999999893e+00
2.394332731063231884e-02 -1.080869999999999997e+00
2.396333009034045183e-02 -1.114676000000000000e+00
2.398333287004858136e-02 -1.134012999999999938e+00
2.400333564975671088e-02 -1.112859999999999960e+00
2.402333842946484041e-02 -1.075809000000000015e+00
2.404334120917297341e-02 -9.992410000000000458e-01
2.406334398888110293e-02 -9.621260000000000367e-01
2.408334676858923246e-02 -9.671220000000000372e-01
2.410334954829736545e-02 -9.884049999999999780e-01
2.412335232800549498e-02 -1.044273000000000007e+00
2.414335510771362450e-02 -1.039665999999999979e+00
2.416335788742175750e-02 -1.051541000000000059e+00
2.418336066712988702e-02 -1.200976999999999961e+00
2.420336344683801655e-02 -1.121229999999999949e+00
2.422336622654614954e-02 -1.124344999999999928e+00
2.424336900625427907e-02 -1.112470000000000070e+00
2.426337178596240859e-02 -1.056278000000000050e+00
2.428337456567053812e-02 -9.703009999999999691e-01
2.430337734537867111e-02 -9.694580000000000419e-01
2.432338012508680064e-02 -1.093458000000000041e+00
2.434338290479493017e-02 -1.032073999999999936e+00
2.436338568450306316e-02 -1.141345000000000054e+00
2.438338846421119269e-02 -1.080805000000000016e+00
2.440339124391932221e-02 -1.026299000000000072e+00
2.442339402362745521e-02 -1.177681999999999896e+00
2.444339680333558473e-02 -1.208309000000000077e+00
2.446339958304371426e-02 -1.070033999999999930e+00
2.448340236275184725e-02 -1.023444000000000020e+00
2.450340514245997678e-02 -9.443460000000000187e-01
2.452340792216810630e-02 -9.139789999999999859e-01
2.454341070187623583e-02 -1.013192000000000093e+00
2.456341348158436882e-02 -1.081908000000000092e+00
2.458341626129249835e-02 -1.127394000000000007e+00
2.460341904100062788e-02 -1.199030000000000040e+00
2.462342182070876087e-02 -1.134856000000000087e+00
2.464342460041689040e-02 -1.046024999999999983e+00
2.466342738012501992e-02 -1.014100999999999919e+00
2.468343015983315292e-02 -1.040249999999999897e+00
2.470343293954128244e-02 -1.112989000000000006e+00
2.472343571924941197e-02 -1.191178999999999988e+00
2.474343849895754496e-02 -1.169051999999999980e+00
2.476344127866567449e-02 -1.126616000000000062e+00
2.478344405837380401e-02 -1.099102999999999941e+00
2.480344683808193354e-02 -1.070553000000000088e+00
2.482344961779006653e-02 -1.024872000000000005e+00
2.484345239749819606e-02 -9.898329999999999629e-01
2.486345517720632559e-02 -9.605679999999999774e-01
2.488345795691445858e-02 -1.039795999999999943e+00
2.490346073662258811e-02 -1.133623999999999965e+00
2.492346351633071763e-02 -1.171129000000000087e+00
2.494346629603885063e-02 -1.151272999999999991e+00
2.496346907574698015e-02 -1.053422000000000081e+00
2.498347185545510968e-02 -9.852899999999999991e-01
2.500347463516324267e-02 -1.013970999999999956e+00
2.502347741487137220e-02 -1.046478999999999937e+00
2.504348019457950172e-02 -1.091186999999999907e+00
2.506348297428763125e-02 -1.111366999999999994e+00
2.508348575399576424e-02 -1.125577000000000050e+00
2.510348853370389377e-02 -1.167689999999999895e+00
2.512349131341202330e-02 -1.162822999999999940e+00
2.514349409312015629e-02 -1.114092000000000082e+00
2.516349687282828582e-02 -1.026947999999999972e+00
2.518349965253641534e-02 -9.836679999999999868e-01
2.520350243224454834e-02 -1.031749999999999945e+00
2.522350521195267786e-02 -1.099493000000000054e+00
2.524350799166080739e-02 -1.168338000000000099e+00
2.526351077136894038e-02 -1.149909999999999988e+00
2.528351355107706991e-02 -1.091965999999999992e+00
2.530351633078519943e-02 -1.038758000000000070e+00
2.532351911049332896e-02 -9.972950000000000426e-01
2.534352189020146195e-02 -9.807479999999999531e-01
2.536352466990959148e-02 -9.949590000000000378e-01
2.538352744961772101e-02 -1.028375999999999957e+00
2.540353022932585400e-02 -1.098065000000000069e+00
2.542353300903398353e-02 -1.169181999999999944e+00
2.544353578874211305e-02 -1.195202000000000098e+00
2.546353856845024605e-02 -1.182679000000000036e+00
2.548354134815837557e-02 -1.105396999999999963e+00
2.550354412786650510e-02 -1.044532999999999934e+00
2.552354690757463809e-02 -1.001317999999999930e+00
2.554354968728276762e-02 -1.022860000000000102e+00
2.556355246699089714e-02 -1.042910999999999921e+00
2.558355524669902667e-02 -1.079506999999999994e+00
2.560355802640715966e-02 -1.091382000000000074e+00
2.562356080611528919e-02 -1.122009000000000034e+00
2.564356358582341872e-02 -1.127588999999999952e+00
2.566356636553155171e-02 -1.131092999999999904e+00
2.568356914523968124e-02 -1.106500999999999957e+00
2.570357192494781076e-02 -1.064972000000000030e+00
2.572357470465594376e-02 -1.076262999999999970e+00
2.574357748436407328e-02 -1.051800000000000068e+00
2.576358026407220281e-02 -1.106565000000000021e+00
2.578358304378033580e-02 -1.166911000000000032e+00
2.580358582348846533e-02 -1.052513999999999950e+00
2.582358860319659485e-02 -1.015852999999999895e+00
2.584359138290472438e-02 -1.094756000000000062e+00
2.586359416261285737e-02 -1.140891000000000099e+00
2.588359694232098690e-02 -1.133558999999999983e+00
2.590359972202911643e-02 -1.096961999999999993e+00
2.592360250173724942e-02 -1.096573000000000020e+00
2.594360528144537895e-02 -1.110133999999999954e+00
2.596360806115350847e-02 -1.117402000000000006e+00
2.598361084086164147e-02 -1.097415999999999947e+00
2.600361362056977099e-02 -1.087943000000000104e+00
2.602361640027790052e-02 -1.057380999999999904e+00
2.604361917998603351e-02 -1.079831999999999903e+00
2.606362195969416304e-02 -1.075744000000000034e+00
2.608362473940229256e-02 -1.060689999999999911e+00
2.610362751911042209e-02 -1.078209999999999891e+00
2.612363029881855508e-02 -1.051671000000000022e+00
2.614363307852668461e-02 -1.051865000000000050e+00
2.616363585823481414e-02 -1.088786000000000032e+00
2.618363863794294713e-02 -1.144395000000000051e+00
2.620364141765107666e-02 -1.159124000000000043e+00
2.622364419735920618e-02 -1.139334000000000069e+00
2.624364697706733918e-02 -1.093004000000000087e+00
2.626364975677546870e-02 -1.062246999999999941e+00
2.628365253648359823e-02 -1.041223999999999927e+00
2.630365531619173122e-02 -1.052319000000000004e+00
2.632365809589986075e-02 -1.070683000000000051e+00
2.634366087560799027e-02 -1.071851000000000109e+00
2.636366365531611980e-02 -1.091771000000000047e+00
2.638366643502425279e-02 -1.097026999999999974e+00
2.640366921473238232e-02 -1.125383000000000022e+00
2.642367199444051185e-02 -1.113313999999999915e+00
2.644367477414864484e-02 -1.065555999999999948e+00
2.646367755385677437e-02 -1.051345999999999892e+00
2.648368033356490389e-02 -1.059326999999999908e+00
2.650368311327303689e-02 -1.075938000000000061e+00
2.652368589298116641e-02 -1.098000000000000087e+00
2.654368867268929594e-02 -1.117725999999999997e+00
2.656369145239742893e-02 -1.102672000000000097e+00
2.658369423210555846e-02 -1.073538000000000103e+00
2.660369701181368798e-02 -1.050373000000000001e+00
2.662369979152181751e-02 -1.025844999999999896e+00
2.664370257122995050e-02 -1.037265000000000104e+00
2.666370535093808003e-02 -1.074316000000000049e+00
2.668370813064620956e-02 -1.108576999999999924e+00
2.670371091035434255e-02 -1.128951999999999956e+00
2.672371369006247208e-02 -1.128042999999999907e+00
2.674371646977060160e-02 -1.076716999999999924e+00
2.676371924947873460e-02 -1.036032999999999982e+00
2.678372202918686412e-02 -9.800349999999999895e-01
2.680372480889499365e-02 -9.809430000000000094e-01
2.682372758860312664e-02 -9.903520000000000101e-01
2.684373036831125617e-02 -1.021044000000000063e+00
2.686373314801938569e-02 -1.101957999999999993e+00
2.688373592772751522e-02 -1.147184999999999899e+00
2.690373870743564821e-02 -1.146860999999999908e+00
2.692374148714377774e-02 -1.104294000000000109e+00
2.694374426685190727e-02 -1.051087000000000105e+00
2.696374704656004026e-02 -1.017798999999999898e+00
2.698374982626816979e-02 -1.031036000000000064e+00
2.700375260597629931e-02 -1.074964999999999948e+00
2.702375538568443231e-02 -1.114481999999999973e+00
2.704375816539256183e-02 -1.116168999999999967e+00
2.706376094510069136e-02 -1.129340999999999928e+00
2.708376372480882435e-02 -1.122657999999999934e+00
2.710376650451695388e-02 -1.106241000000000030e+00
2.712376928422508340e-02 -1.059911000000000048e+00
2.714377206393321293e-02 -1.007222000000000062e+00
2.716377484364134592e-02 -9.886000000000000343e-01
2.718377762334947545e-02 -1.015852999999999895e+00
2.720378040305760498e-02 -1.066853999999999969e+00
2.722378318276573797e-02 -1.115779000000000076e+00
2.724378596247386750e-02 -1.103450999999999960e+00
2.726378874218199702e-02 -1.090408000000000044e+00
2.728379152189013002e-02 -1.048230999999999913e+00
2.730379430159825954e-02 -1.038758000000000070e+00
2.732379708130638907e-02 -1.061339000000000032e+00
2.734379986101452206e-02 -1.096573000000000020e+00
2.736380264072265159e-02 -1.124929000000000068e+00
2.738380542043078111e-02 -1.101310000000000011e+00
2.740380820013891064e-02 -1.089175999999999922e+00
2.742381097984704363e-02 -1.105267999999999917e+00
2.744381375955517316e-02 -1.115844000000000058e+00
2.746381653926330269e-02 -1.085606999999999989e+00
2.748381931897143568e-02 -1.055952999999999919e+00
2.750382209867956521e-02 -1.056213000000000068e+00
2.752382487838769473e-02 -1.081712999999999925e+00
2.754382765809582773e-02 -1.081129000000000007e+00
2.756383043780395725e-02 -1.070033999999999930e+00
2.758383321751208678e-02 -1.044791999999999943e+00
2.760383599722021977e-02 -1.033177999999999930e+00
2.762383877692834930e-02 -1.040056000000000092e+00
2.764384155663647882e-02 -1.035643000000000091e+00
2.766384433634460835e-02 -1.068931000000000076e+00
2.768384711605274134e-02 -1.070227999999999957e+00
2.770384989576087087e-02 -1.108316999999999997e+00
2.772385267546900040e-02 -1.100206000000000017e+00
2.774385545517713339e-02 -1.080090999999999912e+00
2.776385823488526292e-02 -1.080481000000000025e+00
2.778386101459339244e-02 -1.071590999999999960e+00
2.780386379430152544e-02 -1.059133000000000102e+00
2.782386657400965496e-02 -1.082297000000000065e+00
2.784386935371778449e-02 -1.072175000000000100e+00
2.786387213342591748e-02 -1.066205000000000069e+00
2.788387491313404701e-02 -1.051476000000000077e+00
2.790387769284217653e-02 -1.061404000000000014e+00
2.792388047255030606e-02 -1.059326999999999908e+00
2.794388325225843905e-02 -1.090797999999999934e+00
2.796388603196656858e-02 -1.093588000000000005e+00
2.798388881167469810e-02 -1.065426999999999902e+00
2.800389159138283110e-02 -1.056796999999999986e+00
2.802389437109096063e-02 -1.042780999999999958e+00
2.804389715079909015e-02 -1.043299999999999894e+00
2.806389993050722315e-02 -1.029284000000000088e+00
2.808390271021535267e-02 -1.014359999999999928e+00
2.810390548992348220e-02 -1.016111999999999904e+00
2.812390826963161519e-02 -1.045700999999999992e+00
2.814391104933974472e-02 -1.079506999999999994e+00
2.816391382904787424e-02 -1.123501000000000083e+00
2.818391660875600377e-02 -1.137841000000000102e+00
2.820391938846413676e-02 -1.100335999999999981e+00
2.822392216817226629e-02 -1.079183000000000003e+00
2.824392494788039581e-02 -1.062700999999999896e+00
2.826392772758852881e-02 -1.061663000000000023e+00
2.828393050729665834e-02 -1.057835000000000081e+00
2.830393328700478786e-02 -1.083919999999999995e+00
2.832393606671292086e-02 -1.093911999999999995e+00
2.834393884642105038e-02 -1.052643999999999913e+00
2.836394162612917991e-02 -1.060948999999999920e+00
2.838394440583731290e-02 -1.052189999999999959e+00
2.840394718554544243e-02 -1.008585000000000065e+00
2.842394996525357195e-02 -9.925580000000000513e-01
2.844395274496170148e-02 -9.883399999999999963e-01
2.846395552466983447e-02 -1.015916999999999959e+00
2.848395830437796400e-02 -1.083464999999999900e+00
2.850396108408609352e-02 -1.098324999999999996e+00
2.852396386379422652e-02 -1.099687000000000081e+00
2.854396664350235605e-02 -1.028116000000000030e+00
2.856396942321048557e-02 -1.023249999999999993e+00
2.858397220291861857e-02 -1.000669000000000031e+00
2.860397498262674809e-02 -9.650459999999999594e-01
2.862397776233487762e-02 -1.010142000000000095e+00
2.864398054204301061e-02 -1.053098000000000090e+00
2.866398332175114014e-02 -1.116362999999999994e+00
2.868398610145926966e-02 -1.135829999999999895e+00
2.870398888116739919e-02 -1.142643000000000075e+00
2.872399166087553218e-02 -1.115715000000000012e+00
2.874399444058366171e-02 -1.048686000000000007e+00
2.876399722029179123e-02 -1.045636000000000010e+00
