# time(s), 	 	 acceleration(g)
0.000000000000000000e+00 6.155848999999999904e+00
2.000277970813059281e-05 6.387888000000000233e+00
4.000555941626118562e-05 6.614670000000000272e+00
6.000833912439177504e-05 6.864940999999999960e+00
8.001111883252237124e-05 7.148953999999999809e+00
1.000138985406529674e-04 7.434264999999999901e+00
1.200166782487835501e-04 7.753900999999999932e+00
1.400194579569141598e-04 8.086449999999999250e+00
1.600222376650447425e-04 8.434701999999999700e+00
1.800250173731753251e-04 8.796514999999999418e+00
2.000277970813059349e-04 9.165400999999999243e+00
2.200305767894365175e-04 9.576852999999999838e+00
2.400333564975671002e-04 1.002185300000000012e+01
2.600361362056977099e-04 1.052096799999999988e+01
2.800389159138283197e-04 1.107919599999999960e+01
3.000416956219588752e-04 1.167836800000000075e+01
3.200444753300894850e-04 1.237052399999999963e+01
3.400472550382200947e-04 1.317571399999999926e+01
3.600500347463506503e-04 1.398389000000000060e+01
3.800528144544812600e-04 1.497712399999999988e+01
4.000555941626118698e-04 1.608955699999999922e+01
4.200583738707424253e-04 1.715118299999999962e+01
4.400611535788730351e-04 1.854496899999999826e+01
4.600639332870036448e-04 2.032769100000000151e+01
4.800667129951342003e-04 2.211274799999999985e+01
5.000694927032648101e-04 2.431905700000000081e+01
5.200722724113954198e-04 2.727014499999999941e+01
5.400750521195260296e-04 3.095615000000000094e+01
5.600778318276566393e-04 3.603289099999999934e+01
5.800806115357871407e-04 4.393211199999999650e+01
6.000833912439177504e-04 5.652997500000000031e+01
6.200861709520483602e-04 7.742125199999999552e+01
6.400889506601789699e-04 1.096991340000000008e+02
6.600917303683095797e-04 1.558777570000000026e+02
6.800945100764401894e-04 2.154179049999999904e+02
7.000972897845707992e-04 2.862856760000000236e+02
7.201000694927013005e-04 3.593784430000000043e+02
7.401028492008319103e-04 4.253046990000000278e+02
7.601056289089625200e-04 4.711112570000000233e+02
7.801084086170931298e-04 4.902705530000000067e+02
8.001111883252237395e-04 4.793182400000000030e+02
8.201139680333543493e-04 4.470933709999999905e+02
8.401167477414848506e-04 4.033326539999999909e+02
8.601195274496154604e-04 3.566522550000000251e+02
8.801223071577460701e-04 3.093337520000000040e+02
9.001250868658766799e-04 2.670472809999999981e+02
9.201278665740072896e-04 2.227964690000000019e+02
9.401306462821378994e-04 1.730159350000000131e+02
9.601334259902684007e-04 1.197011679999999956e+02
9.801362056983990104e-04 7.196472400000000391e+01
1.000138985406529620e-03 3.367292900000000344e+01
1.020141765114660230e-03 6.856181000000000303e+00
1.040144544822790840e-03 -5.501273000000000302e+00
1.060147324530921449e-03 -6.155210000000000292e+00
1.080150104239052059e-03 5.017851000000000283e+00
1.100152883947182669e-03 2.621215199999999967e+01
1.120155663655313279e-03 4.629797899999999800e+01
1.140158443363443888e-03 6.469899900000000059e+01
1.160161223071574281e-03 6.868446099999999888e+01
1.180164002779704891e-03 5.872213800000000106e+01
1.200166782487835501e-03 3.999252700000000260e+01
1.220169562195966111e-03 6.031460000000000043e+00
1.240172341904096720e-03 -1.442253900000000044e+01
1.260175121612227330e-03 -3.492617700000000269e+01
1.280177901320357940e-03 -4.424754000000000076e+01
1.300180681028488550e-03 -3.302386700000000275e+01
1.320183460736619159e-03 -1.909496499999999841e+01
1.340186240444749769e-03 -2.340467999999999993e+00
1.360189020152880379e-03 1.690123600000000081e+01
1.380191799861010989e-03 2.532014300000000162e+01
1.400194579569141598e-03 2.976864199999999983e+01
1.420197359277271991e-03 1.442408700000000010e+01
1.440200138985402601e-03 6.510720000000000063e+00
1.460202918693533211e-03 8.366505000000000081e+00
1.480205698401663821e-03 -3.596440000000000192e-01
1.500208478109794430e-03 5.689892000000000394e+00
1.520211257817925040e-03 1.150661099999999948e+01
1.540214037526055650e-03 1.195128500000000038e+01
1.560216817234186260e-03 1.976271399999999900e+01
1.580219596942316869e-03 1.648030999999999935e+01
1.600222376650447479e-03 9.210433000000000092e+00
1.620225156358578089e-03 -1.136673000000000044e+00
1.640227936066708699e-03 -3.875460000000000016e-01
1.660230715774839308e-03 5.459735000000000227e+00
1.680233495482969701e-03 4.233944000000000152e+00
1.700236275191100311e-03 5.928224000000000160e+00
1.720239054899230921e-03 5.591457000000000122e+00
1.740241834607361530e-03 -9.180669999999999664e-01
1.760244614315492140e-03 -9.776457000000000619e+00
1.780247394023622750e-03 -1.846114299999999986e+01
1.800250173731753360e-03 -2.875634000000000157e+01
1.820252953439883969e-03 -3.390834999999999866e+01
1.840255733148014579e-03 -2.281334899999999877e+01
1.860258512856145189e-03 -1.308416700000000077e+01
1.880261292564275799e-03 6.887326999999999977e+00
1.900264072272406408e-03 2.950059100000000001e+01
1.920266851980536801e-03 3.084668399999999977e+01
1.940269631688667411e-03 4.769131099999999890e+01
1.960272411396798021e-03 3.441329600000000255e+01
1.980275191104928847e-03 2.220806800000000081e+01
2.000277970813059240e-03 1.417186899999999916e+01
2.020280750521190067e-03 -9.595485999999999294e+00
2.040283530229320460e-03 -1.439878999999999998e+01
2.060286309937450853e-03 -2.134675999999999974e+01
2.080289089645581679e-03 -2.234226500000000115e+01
2.100291869353712072e-03 -1.523025999999999947e+01
2.120294649061842899e-03 -1.081874700000000011e+01
2.140297428769973292e-03 -6.024072000000000315e+00
2.160300208478104118e-03 -6.470303999999999611e+00
2.180302988186234511e-03 -3.919312999999999825e+00
2.200305767894365338e-03 -2.796432999999999947e+00
2.220308547602495731e-03 -1.057762400000000014e+01
2.240311327310626557e-03 -5.772372999999999976e+00
2.260314107018756950e-03 -6.709998999999999825e+00
2.280316886726887777e-03 3.419849999999999834e-01
2.300319666435018170e-03 3.941549999999999776e-01
2.320322446143148563e-03 5.742450999999999972e+00
2.340325225851279389e-03 6.486062000000000438e+00
2.360328005559409782e-03 4.682512000000000008e+00
2.380330785267540609e-03 1.077175899999999942e+01
2.400333564975671002e-03 4.405052000000000412e+00
2.420336344683801828e-03 6.596890000000000143e+00
2.440339124391932221e-03 1.043628999999999962e+01
2.460341904100063048e-03 5.227891999999999761e+00
2.480344683808193441e-03 1.286553999999999975e+00
2.500347463516324267e-03 -3.933523000000000103e+00
2.520350243224454660e-03 -1.218826400000000021e+01
2.540353022932585487e-03 -1.488038599999999967e+01
2.560355802640715880e-03 -1.772732900000000100e+01
2.580358582348846273e-03 -1.816142800000000079e+01
2.600361362056977099e-03 -1.444388700000000014e+01
2.620364141765107492e-03 -1.169258800000000065e+01
2.640366921473238319e-03 -3.437133000000000216e+00
2.660369701181368712e-03 -4.721453999999999596e+00
2.680372480889499538e-03 2.336176000000000030e+00
2.700375260597629931e-03 -3.084014999999999951e+00
2.720378040305760758e-03 -2.203295999999999921e+00
2.740380820013891151e-03 4.804559999999999942e-01
2.760383599722021977e-03 4.085416000000000381e+00
2.780386379430152370e-03 8.969699999999999562e+00
2.800389159138283197e-03 1.424739800000000045e+01
2.820391938846413590e-03 9.961052999999999713e+00
2.840394718554543983e-03 4.676606999999999736e+00
2.860397498262674809e-03 -1.441256000000000093e+00
2.880400277970805202e-03 -1.390260000000000107e-01
2.900403057678936029e-03 -3.789149000000000100e+00
2.920405837387066422e-03 -8.858686999999999756e+00
2.940408617095197248e-03 -1.041462699999999941e+01
2.960411396803327641e-03 -9.201294000000000750e+00
2.980414176511458468e-03 -8.289882000000000417e+00
3.000416956219588861e-03 -7.332271000000000427e+00
3.020419735927719687e-03 -1.033598300000000059e+01
3.040422515635850080e-03 -1.933732099999999932e+01
3.060425295343980907e-03 -1.606828300000000098e+01
3.080428075052111300e-03 -1.084768700000000052e+01
3.100430854760241692e-03 -8.806972000000000023e+00
3.120433634468372519e-03 -5.624829999999999552e-01
3.140436414176502912e-03 6.486126999999999754e+00
3.160439193884633739e-03 1.334396800000000027e+01
3.180441973592764131e-03 1.284076499999999932e+01
3.200444753300894958e-03 1.182624700000000040e+01
3.220447533009025351e-03 6.525902999999999565e+00
3.240450312717156178e-03 3.779199999999999920e-02
3.260453092425286570e-03 -1.945367000000000068e+00
3.280455872133417397e-03 -5.684320999999999735e+00
3.300458651841547790e-03 -6.801684999999999981e+00
3.320461431549678617e-03 -1.239780000000000104e+00
3.340464211257809009e-03 3.016976999999999798e+00
3.360466990965939402e-03 -1.091252000000000111e+00
3.380469770674070229e-03 -4.504469000000000278e+00
3.400472550382200622e-03 -9.837711000000000539e+00
3.420475330090331448e-03 -1.747400800000000132e+01
3.440478109798461841e-03 -1.780577900000000113e+01
3.460480889506592668e-03 -1.619234799999999908e+01
3.480483669214723061e-03 -1.355622499999999953e+01
3.500486448922853887e-03 -7.111523000000000039e+00
3.520489228630984280e-03 2.132947999999999844e+00
3.540492008339115107e-03 8.833631000000000455e+00
3.560494788047245500e-03 8.079506999999999550e+00
3.580497567755376326e-03 9.265392999999999546e+00
3.600500347463506719e-03 4.728127999999999886e+00
3.620503127171637112e-03 -1.736759999999999970e-01
3.640505906879767939e-03 -1.138878999999999975e+00
3.660508686587898332e-03 -4.640278999999999598e+00
3.680511466296029158e-03 -2.101551999999999865e+00
3.700514246004159551e-03 3.434780000000000055e-01
3.720517025712290378e-03 -1.384420000000000095e-01
3.740519805420420771e-03 1.693075000000000108e+00
3.760522585128551597e-03 -3.417350000000000110e-01
3.780525364836681990e-03 -1.237314000000000025e+00
3.800528144544812817e-03 -2.331123999999999974e+00
3.820530924252943210e-03 -5.794175000000000075e+00
3.840533703961073603e-03 -8.503752000000000422e+00
3.860536483669204429e-03 -1.118250699999999931e+01
3.880539263377334822e-03 -1.055932600000000043e+01
3.900542043085465649e-03 -1.199061700000000030e+01
3.920544822793596042e-03 -8.859531000000000489e+00
3.940547602501726435e-03 -8.025919999999999277e+00
3.960550382209857695e-03 -5.567079999999999806e-01
3.980553161917988088e-03 3.526733999999999813e+00
4.000555941626118481e-03 1.081886699999999912e+01
4.020558721334248874e-03 1.388402699999999967e+01
4.040561501042380134e-03 8.379288000000000736e+00
4.060564280750510527e-03 8.836290999999999229e+00
4.080567060458640920e-03 2.490089000000000219e+00
4.100569840166771313e-03 -2.161118999999999790e+00
4.120572619874901706e-03 -2.083708000000000116e+00
4.140575399583032966e-03 -6.689169999999999838e+00
4.160578179291163359e-03 -5.945947999999999567e+00
4.180580958999293752e-03 -6.460117000000000331e+00
4.200583738707424145e-03 -7.433885000000000076e+00
4.220586518415555405e-03 -4.964002999999999943e+00
4.240589298123685798e-03 -6.814014000000000237e+00
4.260592077831816191e-03 -5.015069999999999695e+00
4.280594857539946584e-03 -3.282896000000000036e+00
4.300597637248077844e-03 -2.456941000000000042e+00
4.320600416956208237e-03 -6.927200000000000024e-02
4.340603196664338630e-03 -1.100660999999999889e+00
4.360605976372469023e-03 1.606514999999999915e+00
4.380608756080599415e-03 1.886764000000000108e+00
4.400611535788730676e-03 2.079610000000000181e+00
4.420614315496861069e-03 2.969803000000000193e+00
4.440617095204991462e-03 2.969155000000000211e+00
4.460619874913121854e-03 2.536354000000000219e+00
4.480622654621253115e-03 -1.060754999999999892e+00
4.500625434329383508e-03 -3.156689000000000078e+00
4.520628214037513901e-03 -3.636598000000000219e+00
4.540630993745644294e-03 -4.456517999999999979e+00
4.560633773453775554e-03 8.178060000000000329e-01
4.580636553161905947e-03 2.394575000000000120e+00
4.600639332870036340e-03 2.765471999999999930e+00
4.620642112578166733e-03 2.629272999999999971e+00
4.640644892286297125e-03 -2.529225999999999974e+00
4.660647671994428386e-03 -2.314318000000000097e+00
4.680650451702558779e-03 -9.320945999999999287e+00
4.700653231410689172e-03 -1.188413599999999981e+01
4.720656011118819564e-03 -1.204207300000000025e+01
4.740658790826950825e-03 -8.311489999999999156e+00
4.760661570535081218e-03 2.852357000000000031e+00
4.780664350243211611e-03 6.374520999999999660e+00
4.800667129951342003e-03 7.509405000000000108e+00
4.820669909659473264e-03 1.084352400000000038e+01
4.840672689367603657e-03 4.552800999999999654e+00
4.860675469075734050e-03 1.303425000000000056e+00
4.880678248783864442e-03 -4.852527000000000257e+00
4.900681028491994835e-03 -8.253674999999999429e+00
4.920683808200126096e-03 -7.466912999999999911e+00
4.940686587908256489e-03 -3.571190999999999782e+00
4.960689367616386881e-03 8.751020000000000465e-01
4.980692147324517274e-03 1.848740000000000050e+00
5.000694927032648535e-03 7.334519999999999929e-01
5.020697706740778928e-03 -1.648376999999999981e+00
5.040700486448909320e-03 -2.924392000000000102e+00
5.060703266157039713e-03 -1.585436000000000067e+00
5.080706045865170974e-03 -5.524250000000000549e-01
5.100708825573301367e-03 -1.629623999999999961e+00
5.120711605281431759e-03 -1.140371999999999941e+00
5.140714384989562152e-03 -3.596108000000000082e+00
5.160717164697692545e-03 -4.336604999999999599e+00
5.180719944405823806e-03 -2.354093999999999909e+00
5.200722724113954198e-03 -8.803670000000000107e-01
5.220725503822084591e-03 -2.475303999999999949e+00
5.240728283530214984e-03 -1.627094000000000040e+00
5.260731063238346245e-03 -9.154710000000000347e-01
5.280733842946476637e-03 1.476933999999999969e+00
5.300736622654607030e-03 3.885756999999999906e+00
5.320739402362737423e-03 2.905565000000000175e+00
5.340742182070868684e-03 -1.756869000000000014e+00
5.360744961778999076e-03 -1.548125999999999891e+00
5.380747741487129469e-03 -2.452463999999999977e+00
5.400750521195259862e-03 -2.333136000000000099e+00
5.420753300903390255e-03 -3.003619000000000039e+00
5.440756080611521515e-03 -3.813156999999999908e+00
5.460758860319651908e-03 -4.202872000000000163e+00
5.480761640027782301e-03 -1.669464999999999977e+00
5.500764419735912694e-03 1.311341000000000090e+00
5.520767199444043954e-03 -4.460100000000000176e-01
5.540769979152174347e-03 -3.110294999999999810e+00
5.560772758860304740e-03 -3.298598000000000141e+00
5.580775538568435133e-03 -5.564472999999999558e+00
5.600778318276566393e-03 -2.825826999999999867e+00
5.620781097984696786e-03 4.930439999999999823e-01
5.640783877692827179e-03 2.428369999999999973e-01
5.660786657400957572e-03 1.107919000000000098e+00
5.680789437109087965e-03 -3.397240000000000260e-01
5.700792216817219225e-03 -5.240690000000000071e-01
5.720794996525349618e-03 7.287799999999999834e-01
5.740797776233480011e-03 5.760999999999999455e-01
5.760800555941610404e-03 -9.113839999999999719e-01
5.780803335649741664e-03 -2.224188999999999972e+00
5.800806115357872057e-03 -2.744069000000000091e+00
5.820808895066002450e-03 -2.036144999999999872e+00
5.840811674774132843e-03 -1.015009000000000050e+00
5.860814454482264103e-03 3.458789999999999920e-01
5.880817234190394496e-03 -3.207171999999999912e+00
5.900820013898524889e-03 -4.140254999999999797e+00
5.920822793606655282e-03 -4.394161000000000428e+00
5.940825573314785675e-03 -4.845647999999999733e+00
5.960828353022916935e-03 -3.331430999999999809e+00
5.980831132731047328e-03 -1.940890000000000004e+00
6.000833912439177721e-03 -2.767298999999999953e+00
6.020836692147308114e-03 -1.090538000000000007e+00
6.040839471855439374e-03 9.315539999999999932e-01
6.060842251563569767e-03 3.110219999999999985e+00
6.080845031271700160e-03 3.696868999999999961e+00
6.100847810979830553e-03 1.052375000000000060e+00
6.120850590687961813e-03 -3.071492000000000111e+00
6.140853370396092206e-03 -3.450045999999999946e+00
6.160856150104222599e-03 -1.484275999999999929e+00
6.180858929812352992e-03 -8.797180000000000000e-01
6.200861709520483385e-03 -1.189491999999999994e+00
6.220864489228614645e-03 -2.237490999999999897e+00
6.240867268936745038e-03 -3.935016000000000069e+00
6.260870048644875431e-03 -2.876440000000000108e+00
6.280872828353005824e-03 -9.181319999999999482e-01
6.300875608061137084e-03 -1.159772999999999943e+00
6.320878387769267477e-03 -1.909613999999999923e+00
6.340881167477397870e-03 -3.337985000000000202e+00
6.360883947185528263e-03 -3.588321000000000094e+00
6.380886726893659523e-03 -8.512330000000000174e-01
6.400889506601789916e-03 1.593992000000000075e+00
6.420892286309920309e-03 1.844846999999999904e+00
6.440895066018050702e-03 1.724739999999999940e+00
6.460897845726181095e-03 -2.145559999999999967e-01
6.480900625434312355e-03 -2.469984000000000179e+00
6.500903405142442748e-03 -2.015965000000000007e+00
6.520906184850573141e-03 -1.387658000000000058e+00
6.540908964558703534e-03 -2.186100000000000154e+00
6.560911744266834794e-03 -1.806378000000000039e+00
6.580914523974965187e-03 -3.872209999999999819e-01
6.600917303683095580e-03 8.291610000000000369e-01
6.620920083391225973e-03 1.291744999999999921e+00
6.640922863099357233e-03 -1.008974000000000038e+00
6.660925642807487626e-03 -3.992961000000000205e+00
6.680928422515618019e-03 -5.091183000000000014e+00
6.700931202223748412e-03 -3.838592999999999922e+00
6.720933981931878805e-03 -1.503872000000000098e+00
6.740936761640010065e-03 7.091840000000000366e-01
6.760939541348140458e-03 2.180575999999999848e+00
6.780942321056270851e-03 1.322039999999999882e-01
6.800945100764401244e-03 -1.932325000000000070e+00
6.820947880472532504e-03 -2.555569999999999897e+00
6.840950660180662897e-03 -4.043313000000000379e+00
6.860953439888793290e-03 -3.365756999999999888e+00
6.880956219596923683e-03 -1.152765000000000040e+00
6.900958999305054943e-03 -4.269330000000000069e-01
6.920961779013185336e-03 1.135950000000000015e+00
6.940964558721315729e-03 2.710122999999999838e+00
6.960967338429446122e-03 1.650638000000000050e+00
6.980970118137576515e-03 -4.275169999999999804e-01
7.000972897845707775e-03 -2.825178000000000189e+00
7.020975677553838168e-03 -4.555405999999999622e+00
7.040978457261968561e-03 -3.770719999999999850e+00
7.060981236970098954e-03 -1.755700999999999956e+00
7.080984016678230214e-03 -3.922180000000000111e-01
7.100986796386360607e-03 -7.920000000000000651e-02
7.120989576094491000e-03 6.180100000000000177e-02
7.140992355802621393e-03 -6.614360000000000239e-01
7.160995135510752653e-03 -1.485314000000000023e+00
7.180997915218883046e-03 -2.821610000000000174e+00
7.201000694927013439e-03 -3.926451000000000136e+00
7.221003474635143832e-03 -3.720042999999999989e+00
7.241006254343274225e-03 -2.574127999999999972e+00
7.261009034051405485e-03 -7.996469999999999967e-01
7.281011813759535878e-03 9.405729999999999924e-01
7.301014593467666271e-03 1.724091000000000040e+00
7.321017373175796664e-03 2.697649999999999770e-01
7.341020152883927924e-03 -1.159448999999999952e+00
7.361022932592058317e-03 -1.123890000000000056e+00
7.381025712300188710e-03 -1.114935999999999927e+00
7.401028492008319103e-03 -5.258209999999999829e-01
7.421031271716450363e-03 -3.831339999999999746e-01
7.441034051424580756e-03 -1.926355000000000040e+00
7.461036831132711149e-03 -2.250014999999999876e+00
7.481039610840841542e-03 -1.935049999999999937e+00
7.501042390548971935e-03 -2.059699000000000169e+00
7.521045170257103195e-03 -2.001236000000000015e+00
7.541047949965233588e-03 -1.778021999999999991e+00
7.561050729673363981e-03 -1.638449000000000044e+00
7.581053509381494374e-03 -1.321798000000000028e+00
7.601056289089625634e-03 -1.016955999999999971e+00
7.621059068797756027e-03 -1.484601000000000059e+00
7.641061848505886420e-03 -1.800213999999999981e+00
7.661064628214016813e-03 -1.275922000000000001e+00
7.681067407922147205e-03 -4.943509999999999849e-01
7.701070187630278466e-03 -2.616640000000000077e-01
7.721072967338408859e-03 -4.044820000000000082e-01
7.741075747046539252e-03 -6.990709999999999980e-01
7.761078526754669644e-03 -1.144330000000000069e+00
7.781081306462800905e-03 -1.305965000000000042e+00
7.801084086170931298e-03 -1.456828999999999930e+00
7.821086865879062558e-03 -1.141345000000000054e+00
7.841089645587192083e-03 -5.024619999999999642e-01
7.861092425295323344e-03 -8.766690000000000316e-01
7.881095205003452869e-03 -1.343015999999999988e+00
7.901097984711584130e-03 -1.948806000000000038e+00
7.921100764419715390e-03 -2.347541000000000100e+00
7.941103544127844915e-03 -2.257477000000000178e+00
7.961106323835976176e-03 -2.264029999999999987e+00
7.981109103544105701e-03 -1.934531000000000001e+00
8.001111883252236961e-03 -8.154799999999999827e-01
8.021114662960368222e-03 -8.854399999999999771e-02
8.041117442668497747e-03 -2.207199999999999995e-01
8.061120222376629008e-03 -1.221870999999999929e+00
8.081123002084760268e-03 -2.494771000000000072e+00
8.101125781792889793e-03 -2.611438999999999844e+00
8.121128561501021054e-03 -1.640980000000000105e+00
8.141131341209150579e-03 -6.901819999999999622e-01
8.161134120917281840e-03 7.614100000000000035e-02
8.181136900625413100e-03 8.333789999999999809e-01
8.201139680333542625e-03 7.414979999999999905e-01
8.221142460041673886e-03 -9.535699999999999732e-02
8.241145239749803411e-03 -1.050308000000000019e+00
8.261148019457934671e-03 -2.439486000000000043e+00
8.281150799166065932e-03 -3.732631000000000032e+00
8.301153578874195457e-03 -4.105216000000000420e+00
8.321156358582326718e-03 -3.384898999999999880e+00
8.341159138290457978e-03 -1.853161999999999976e+00
8.361161917998587503e-03 3.080490000000000173e-01
8.381164697706718764e-03 1.800594000000000028e+00
8.401167477414848289e-03 1.123685999999999963e+00
8.421170257122979549e-03 -6.996550000000000269e-01
8.441173036831110810e-03 -2.417295000000000194e+00
8.461175816539240335e-03 -3.206782000000000021e+00
8.481178596247371596e-03 -2.825826999999999867e+00
8.501181375955501121e-03 -2.148270999999999820e+00
8.521184155663632381e-03 -1.925381999999999927e+00
8.541186935371763642e-03 -9.149519999999999875e-01
8.561189715079893167e-03 8.002219999999999889e-01
8.581192494788024427e-03 1.087803000000000075e+00
8.601195274496155688e-03 1.468679999999999986e-01
8.621198054204285213e-03 -1.335553999999999908e+00
8.641200833912416474e-03 -2.831472000000000211e+00
8.661203613620545999e-03 -3.181022000000000016e+00
8.681206393328677259e-03 -2.070406000000000191e+00
8.701209173036808520e-03 -5.218629999999999658e-01
8.721211952744938045e-03 3.896129999999999871e-01
8.741214732453069305e-03 3.469169999999999754e-01
8.761217512161198831e-03 -6.330810000000000048e-01
8.781220291869330091e-03 -1.456309999999999993e+00
8.801223071577461352e-03 -2.130231999999999903e+00
8.821225851285590877e-03 -3.032105000000000050e+00
8.841228630993722137e-03 -3.048197000000000045e+00
8.861231410701853398e-03 -2.341375999999999902e+00
8.881234190409982923e-03 -1.475775999999999977e+00
8.901236970118114183e-03 2.689869999999999761e-01
8.921239749826243709e-03 1.599248000000000003e+00
8.941242529534374969e-03 9.563409999999999966e-01
8.961245309242506230e-03 -5.689070000000000515e-01
8.981248088950635755e-03 -1.795152999999999999e+00
9.001250868658767015e-03 -2.215949000000000169e+00
9.021253648366896541e-03 -1.904293999999999931e+00
9.041256428075027801e-03 -1.542286000000000046e+00
9.061259207783159061e-03 -1.610352999999999923e+00
9.081261987491288587e-03 -1.501665999999999945e+00
9.101264767199419847e-03 -1.408487000000000045e+00
9.121267546907551108e-03 -1.600424999999999986e+00
9.141270326615680633e-03 -1.573690999999999951e+00
9.161273106323811893e-03 -1.362222999999999962e+00
9.181275886031941419e-03 -1.320888999999999980e+00
9.201278665740072679e-03 -9.656940000000000524e-01
9.221281445448203939e-03 -5.915000000000000119e-02
9.241284225156333465e-03 3.877309999999999923e-01
9.261287004864464725e-03 5.115900000000000308e-02
9.281289784572594251e-03 -1.051735000000000086e+00
9.301292564280725511e-03 -2.615981000000000112e+00
9.321295343988856771e-03 -3.007188000000000194e+00
9.341298123696986297e-03 -2.295112000000000041e+00
9.361300903405117557e-03 -1.322251999999999983e+00
9.381303683113248817e-03 -6.695470000000000033e-01
9.401306462821378343e-03 -6.917389999999999928e-01
9.421309242529509603e-03 -7.701230000000000020e-01
9.441312022237639129e-03 -5.073280000000000012e-01
9.461314801945770389e-03 -7.195110000000000117e-01
9.481317581653901649e-03 -1.519964000000000093e+00
9.501320361362031175e-03 -2.248067999999999955e+00
9.521323141070162435e-03 -2.252609999999999779e+00
9.541325920778291961e-03 -1.619955999999999952e+00
9.561328700486423221e-03 -8.786800000000000166e-01
9.581331480194554481e-03 -3.941640000000000144e-01
9.601334259902684007e-03 -5.634559999999999569e-01
9.621337039610815267e-03 -6.402179999999999538e-01
9.641339819318946527e-03 -5.986900000000000555e-01
9.661342599027076053e-03 -8.523359999999999825e-01
9.681345378735207313e-03 -1.047452999999999967e+00
9.701348158443336839e-03 -1.357291000000000025e+00
9.721350938151468099e-03 -2.016160000000000174e+00
9.741353717859599359e-03 -2.456421999999999883e+00
9.761356497567728885e-03 -2.338455999999999868e+00
9.781359277275860145e-03 -1.548125999999999891e+00
9.801362056983989671e-03 -2.329839999999999967e-01
9.821364836692120931e-03 3.899369999999999781e-01
9.841367616400252191e-03 -3.803429999999999866e-01
9.861370396108381717e-03 -1.423670999999999909e+00
9.881373175816512977e-03 -1.909744000000000108e+00
9.901375955524644237e-03 -2.214326999999999934e+00
9.921378735232773763e-03 -2.428326000000000207e+00
9.941381514940905023e-03 -1.973203999999999958e+00
9.961384294649034549e-03 -1.070746999999999893e+00
9.981387074357165809e-03 1.431050000000000100e-01
1.000138985406529707e-02 1.210960000000000036e+00
1.002139263377342659e-02 1.041214000000000084e+00
1.004139541348155786e-02 -4.924689999999999901e-01
1.006139819318968738e-02 -2.011683000000000110e+00
1.008140097289781864e-02 -2.898696000000000161e+00
1.010140375260594990e-02 -3.141376000000000168e+00
1.012140653231407943e-02 -2.448894999999999822e+00
1.014140931202221069e-02 -1.297984000000000027e+00
1.016141209173034195e-02 -2.199409999999999976e-01
1.018141487143847147e-02 4.363969999999999794e-01
1.020141765114660273e-02 2.209699999999999998e-01
1.022142043085473226e-02 -7.376789999999999736e-01
1.024142321056286352e-02 -1.624109000000000025e+00
1.026142599027099478e-02 -2.299847999999999892e+00
1.028142876997912430e-02 -2.692613000000000145e+00
1.030143154968725556e-02 -2.481469000000000147e+00
1.032143432939538509e-02 -1.537288999999999906e+00
1.034143710910351635e-02 -1.843829999999999913e-01
1.036143988881164761e-02 3.740399999999999836e-01
1.038144266851977714e-02 -2.267540000000000111e-01
1.040144544822790840e-02 -1.045182000000000055e+00
1.042144822793603966e-02 -1.467600000000000016e+00
1.044145100764416918e-02 -1.488104000000000093e+00
1.046145378735230044e-02 -1.122981999999999925e+00
1.048145656706042997e-02 -9.302009999999999446e-01
1.050145934676856123e-02 -1.212526999999999910e+00
1.052146212647669249e-02 -1.131742000000000026e+00
1.054146490618482201e-02 -9.246849999999999792e-01
1.056146768589295327e-02 -1.292078999999999978e+00
1.058147046560108280e-02 -1.684064999999999923e+00
1.060147324530921406e-02 -1.752845999999999904e+00
1.062147602501734532e-02 -1.665313000000000043e+00
1.064147880472547485e-02 -1.060689999999999911e+00
1.066148158443360611e-02 -3.504300000000000193e-01
1.068148436414173737e-02 -3.416699999999999737e-01
1.070148714384986689e-02 -7.855659999999999865e-01
1.072148992355799815e-02 -1.352683999999999997e+00
1.074149270326612768e-02 -1.935049999999999937e+00
1.076149548297425894e-02 -2.098047999999999913e+00
1.078149826268239020e-02 -1.644678000000000084e+00
1.080150104239051972e-02 -1.183781999999999890e+00
1.082150382209865098e-02 -9.733509999999999662e-01
1.084150660180678051e-02 -6.120569999999999622e-01
1.086150938151491177e-02 -1.658250000000000002e-01
1.088151216122304303e-02 -5.973400000000000237e-02
1.090151494093117256e-02 -5.534639999999999560e-01
1.092151772063930382e-02 -1.361118999999999968e+00
1.094152050034743508e-02 -2.192200000000000149e+00
1.096152328005556460e-02 -2.320222999999999924e+00
1.098152605976369586e-02 -1.568564999999999987e+00
1.100152883947182539e-02 -8.980169999999999542e-01
1.102153161917995665e-02 -5.663110000000000088e-01
1.104153439888808791e-02 -4.693039999999999989e-01
1.106153717859621743e-02 -6.295119999999999605e-01
1.108153995830434869e-02 -1.140760999999999914e+00
1.110154273801247822e-02 -1.724814000000000069e+00
1.112154551772060948e-02 -2.174225999999999992e+00
1.114154829742874074e-02 -2.391664000000000012e+00
1.116155107713687027e-02 -2.097529000000000199e+00
1.118155385684500153e-02 -1.169246999999999925e+00
1.120155663655313279e-02 -2.505029999999999757e-01
1.122155941626126231e-02 2.483529999999999904e-01
1.124156219596939357e-02 2.133130000000000026e-01
1.126156497567752310e-02 -5.503489999999999771e-01
1.128156775538565436e-02 -1.340939000000000103e+00
1.130157053509378562e-02 -1.623783999999999894e+00
1.132157331480191514e-02 -1.621903000000000095e+00
1.134157609451004640e-02 -1.774583000000000022e+00
1.136157887421817593e-02 -1.886449000000000042e+00
1.138158165392630719e-02 -1.629040000000000044e+00
1.140158443363443845e-02 -1.168533000000000044e+00
1.142158721334256798e-02 -6.457340000000000302e-01
1.144158999305069924e-02 -5.174509999999999943e-01
1.146159277275883050e-02 -9.693929999999999492e-01
1.148159555246696002e-02 -1.438010999999999928e+00
1.150159833217509128e-02 -1.475905999999999940e+00
1.152160111188322081e-02 -1.516135999999999928e+00
1.154160389159135207e-02 -1.656228000000000034e+00
1.156160667129948333e-02 -1.568176000000000014e+00
1.158160945100761285e-02 -1.347104000000000079e+00
1.160161223071574411e-02 -1.096443000000000056e+00
1.162161501042387364e-02 -8.073690000000000033e-01
1.164161779013200490e-02 -5.561239999999999517e-01
1.166162056984013616e-02 -6.105650000000000244e-01
1.168162334954826569e-02 -9.410370000000000124e-01
1.170162612925639695e-02 -1.530021999999999993e+00
1.172162890896452821e-02 -2.010968999999999784e+00
1.174163168867265773e-02 -1.795671999999999935e+00
1.176163446838078899e-02 -1.106176000000000048e+00
1.178163724808891852e-02 -6.066059999999999786e-01
1.180164002779704978e-02 -5.857130000000000392e-01
1.182164280750518104e-02 -8.666760000000000019e-01
1.184164558721331056e-02 -1.113703000000000110e+00
1.186164836692144182e-02 -1.293312000000000017e+00
1.188165114662957135e-02 -1.723387000000000002e+00
1.190165392633770261e-02 -2.145415999999999990e+00
1.192165670604583387e-02 -2.113036999999999832e+00
1.194165948575396340e-02 -1.535212999999999939e+00
1.196166226546209466e-02 -6.696769999999999667e-01
1.198166504517022592e-02 -2.497250000000000025e-01
1.200166782487835544e-02 -5.101830000000000531e-01
1.202167060458648670e-02 -1.058029000000000108e+00
1.204167338429461623e-02 -1.487390999999999908e+00
1.206167616400274749e-02 -1.762839000000000045e+00
1.208167894371087875e-02 -1.616905999999999954e+00
1.210168172341900827e-02 -1.216809000000000029e+00
1.212168450312713953e-02 -8.666110000000000202e-01
1.214168728283526906e-02 -6.797349999999999781e-01
1.216169006254340032e-02 -8.557099999999999707e-01
1.218169284225153158e-02 -1.282021000000000077e+00
1.220169562195966111e-02 -1.618592999999999948e+00
1.222169840166779237e-02 -1.713524000000000047e+00
1.224170118137592363e-02 -1.664987999999999913e+00
1.226170396108405315e-02 -1.352489000000000052e+00
1.228170674079218441e-02 -6.253589999999999982e-01
1.230170952050031394e-02 -4.662600000000000078e-02
1.232171230020844520e-02 -1.733520000000000061e-01
1.234171507991657646e-02 -1.098260000000000014e+00
1.236171785962470598e-02 -2.206344999999999779e+00
1.238172063933283724e-02 -2.728690999999999978e+00
1.240172341904096677e-02 -2.391729000000000216e+00
1.242172619874909803e-02 -1.609963000000000033e+00
1.244172897845722929e-02 -8.080180000000000140e-01
1.246173175816535882e-02 -2.353840000000000099e-01
1.248173453787349008e-02 8.386200000000000598e-02
1.250173731758162134e-02 -8.809999999999999472e-04
1.252174009728975086e-02 -6.339240000000000430e-01
1.254174287699788212e-02 -1.521846000000000032e+00
1.256174565670601165e-02 -2.268702000000000218e+00
1.258174843641414291e-02 -2.455254000000000048e+00
1.260175121612227417e-02 -2.001364999999999839e+00
1.262175399583040369e-02 -1.234264000000000028e+00
1.264175677553853495e-02 -6.235420000000000407e-01
1.266175955524666448e-02 -3.735299999999999732e-01
1.268176233495479574e-02 -6.206869999999999887e-01
1.270176511466292700e-02 -1.193449999999999900e+00
1.272176789437105653e-02 -1.595169000000000059e+00
1.274177067407918779e-02 -1.657396000000000091e+00
1.276177345378731905e-02 -1.538456999999999963e+00
1.278177623349544857e-02 -1.431003000000000025e+00
1.280177901320357983e-02 -1.273911000000000016e+00
1.282178179291170936e-02 -1.093069000000000068e+00
1.284178457261984062e-02 -8.478590000000000293e-01
1.286178735232797188e-02 -7.015369999999999662e-01
1.288179013203610140e-02 -8.434460000000000290e-01
1.290179291174423266e-02 -1.201041999999999943e+00
1.292179569145236219e-02 -1.522170000000000023e+00
1.294179847116049345e-02 -1.544815999999999967e+00
1.296180125086862471e-02 -1.412770000000000081e+00
1.298180403057675424e-02 -1.329909000000000008e+00
1.300180681028488550e-02 -1.334969999999999990e+00
1.302180958999301676e-02 -1.292597999999999914e+00
1.304181236970114628e-02 -1.184236000000000066e+00
1.306181514940927754e-02 -9.361709999999999754e-01
1.308181792911740707e-02 -7.143850000000000477e-01
1.310182070882553833e-02 -8.206059999999999466e-01
1.312182348853366959e-02 -1.051735000000000086e+00
1.314182626824179911e-02 -1.324392999999999931e+00
1.316182904794993037e-02 -1.480058000000000096e+00
1.318183182765805990e-02 -1.407839000000000063e+00
1.320183460736619116e-02 -1.285979999999999901e+00
1.322183738707432242e-02 -1.259830000000000005e+00
1.324184016678245195e-02 -1.230760000000000076e+00
1.326184294649058321e-02 -1.156139999999999946e+00
1.328184572619871447e-02 -1.106306000000000012e+00
1.330184850590684399e-02 -1.181964999999999932e+00
1.332185128561497525e-02 -1.338797999999999933e+00
1.334185406532310478e-02 -1.478631000000000029e+00
1.336185684503123604e-02 -1.475451000000000068e+00
1.338185962473936730e-02 -1.315763000000000016e+00
1.340186240444749682e-02 -1.142254000000000103e+00
1.342186518415562808e-02 -1.100465999999999944e+00
1.344186796386375761e-02 -1.133558999999999983e+00
1.346187074357188887e-02 -1.134856000000000087e+00
1.348187352328002013e-02 -1.149974999999999969e+00
1.350187630298814966e-02 -1.198056999999999928e+00
1.352187908269628092e-02 -1.206426999999999916e+00
1.354188186240441218e-02 -1.225699000000000094e+00
1.356188464211254170e-02 -1.207854999999999901e+00
1.358188742182067296e-02 -1.166522000000000059e+00
1.360189020152880249e-02 -1.145432999999999923e+00
1.362189298123693375e-02 -1.296880999999999950e+00
1.364189576094506501e-02 -1.383375999999999939e+00
1.366189854065319453e-02 -1.387723000000000040e+00
1.368190132036132579e-02 -1.343858999999999915e+00
1.370190410006945532e-02 -1.125901999999999958e+00
1.372190687977758658e-02 -8.959399999999999586e-01
1.374190965948571784e-02 -8.392290000000000028e-01
1.376191243919384737e-02 -9.946340000000000181e-01
1.378191521890197863e-02 -1.276505999999999919e+00
1.380191799861010989e-02 -1.516005999999999965e+00
1.382192077831823941e-02 -1.651815999999999951e+00
1.384192355802637067e-02 -1.626768999999999910e+00
1.386192633773450020e-02 -1.562205999999999984e+00
1.388192911744263146e-02 -1.246788000000000007e+00
1.390193189715076272e-02 -7.726539999999999520e-01
1.392193467685889224e-02 -4.427650000000000197e-01
1.394193745656702350e-02 -4.403639999999999777e-01
1.396194023627515303e-02 -8.758899999999999464e-01
1.398194301598328429e-02 -1.505689000000000055e+00
1.400194579569141555e-02 -1.913637000000000032e+00
1.402194857539954508e-02 -1.940760000000000041e+00
1.404195135510767634e-02 -1.624888000000000110e+00
1.406195413481580760e-02 -1.149909999999999988e+00
1.408195691452393712e-02 -7.330719999999999459e-01
1.410195969423206838e-02 -4.498380000000000156e-01
1.412196247394019791e-02 -4.657999999999999918e-01
1.414196525364832917e-02 -8.788749999999999618e-01
1.416196803335646043e-02 -1.445667999999999953e+00
1.418197081306458995e-02 -1.944588999999999901e+00
1.420197359277272121e-02 -2.103044000000000135e+00
1.422197637248085074e-02 -1.902411999999999992e+00
1.424197915218898200e-02 -1.286693000000000087e+00
1.426198193189711326e-02 -5.922009999999999774e-01
1.428198471160524279e-02 -2.152040000000000064e-01
1.430198749131337405e-02 -3.723620000000000263e-01
1.432199027102150531e-02 -8.891919999999999824e-01
1.434199305072963483e-02 -1.386879999999999891e+00
1.436199583043776609e-02 -1.626184999999999992e+00
1.438199861014589562e-02 -1.598219000000000056e+00
1.440200138985402688e-02 -1.408293000000000017e+00
1.442200416956215814e-02 -1.200717000000000034e+00
1.444200694927028766e-02 -9.953480000000000105e-01
1.446200972897841892e-02 -7.783639999999999448e-01
1.448201250868654845e-02 -7.293089999999999851e-01
1.450201528839467971e-02 -9.602439999999999864e-01
1.452201806810281097e-02 -1.325107000000000035e+00
1.454202084781094050e-02 -1.554224999999999968e+00
1.456202362751907176e-02 -1.425877000000000061e+00
1.458202640722720302e-02 -1.163342000000000098e+00
1.460202918693533254e-02 -9.745190000000000241e-01
1.462203196664346380e-02 -9.148870000000000058e-01
1.464203474635159333e-02 -1.010920999999999959e+00
1.466203752605972459e-02 -1.221481000000000039e+00
1.468204030576785585e-02 -1.211878000000000011e+00
1.470204308547598537e-02 -1.143421999999999938e+00
1.472204586518411663e-02 -1.073796999999999890e+00
1.474204864489224616e-02 -1.040834000000000037e+00
1.476205142460037742e-02 -1.094430999999999932e+00
1.478205420430850868e-02 -1.136284000000000072e+00
1.480205698401663821e-02 -1.180666999999999911e+00
1.482205976372476947e-02 -1.163472000000000062e+00
1.484206254343290073e-02 -1.164833999999999925e+00
1.486206532314103025e-02 -1.168663000000000007e+00
1.488206810284916151e-02 -1.090278999999999998e+00
1.490207088255729104e-02 -9.442169999999999730e-01
1.492207366226542230e-02 -7.959479999999999889e-01
1.494207644197355356e-02 -8.449389999999999956e-01
1.496207922168168308e-02 -1.099752000000000063e+00
1.498208200138981434e-02 -1.312324000000000046e+00
1.500208478109794387e-02 -1.389993999999999952e+00
1.502208756080607513e-02 -1.346908999999999912e+00
1.504209034051420639e-02 -1.222909000000000024e+00
1.506209312022233592e-02 -1.103709999999999969e+00
1.508209589993046718e-02 -1.088008000000000086e+00
1.510209867963859844e-02 -1.083271000000000095e+00
1.512210145934672796e-02 -1.108252000000000015e+00
1.514210423905485922e-02 -1.080740000000000034e+00
1.516210701876298875e-02 -1.086125999999999925e+00
1.518210979847112001e-02 -1.151078000000000046e+00
1.520211257817925127e-02 -1.189102000000000103e+00
1.522211535788738079e-02 -1.220118999999999954e+00
1.524211813759551205e-02 -1.278323000000000098e+00
1.526212091730364158e-02 -1.260802999999999896e+00
1.528212369701177284e-02 -1.222455000000000069e+00
1.530212647671990410e-02 -1.151467999999999936e+00
1.532212925642803363e-02 -9.526520000000000543e-01
1.534213203613616489e-02 -7.293089999999999851e-01
1.536213481584429441e-02 -5.681279999999999664e-01
1.538213759555242567e-02 -6.897919999999999607e-01
1.540214037526055693e-02 -1.013257000000000074e+00
1.542214315496868646e-02 -1.439697999999999922e+00
1.544214593467681772e-02 -1.661094999999999988e+00
1.546214871438494898e-02 -1.732860999999999985e+00
1.548215149409307850e-02 -1.581153000000000031e+00
1.550215427380120976e-02 -1.207530999999999910e+00
1.552215705350933929e-02 -8.110020000000000007e-01
1.554215983321747055e-02 -5.627419999999999645e-01
1.556216261292560181e-02 -5.668950000000000378e-01
1.558216539263373134e-02 -7.949749999999999872e-01
1.560216817234186260e-02 -1.170025000000000093e+00
1.562217095204999212e-02 -1.497643000000000058e+00
1.564217373175812512e-02 -1.626184999999999992e+00
1.566217651146625464e-02 -1.485249000000000041e+00
1.568217929117438417e-02 -1.132910000000000084e+00
1.570218207088251369e-02 -7.904330000000000522e-01
1.572218485059064669e-02 -6.330810000000000048e-01
1.574218763029877621e-02 -7.161370000000000235e-01
1.576219041000690574e-02 -9.688090000000000312e-01
1.578219318971503873e-02 -1.207206000000000001e+00
1.580219596942316826e-02 -1.341523000000000021e+00
1.582219874913129778e-02 -1.384090000000000042e+00
1.584220152883943078e-02 -1.337110999999999938e+00
1.586220430854756031e-02 -1.122657999999999934e+00
1.588220708825568983e-02 -8.612900000000000000e-01
1.590220986796382283e-02 -7.078959999999999697e-01
1.592221264767195235e-02 -8.997690000000000410e-01
1.594221542738008188e-02 -1.235042999999999891e+00
1.596221820708821140e-02 -1.488817999999999975e+00
1.598222098679634440e-02 -1.541636999999999924e+00
1.600222376650447392e-02 -1.417311999999999905e+00
1.602222654621260345e-02 -1.146730999999999945e+00
1.604222932592073644e-02 -8.853640000000000398e-01
1.606223210562886597e-02 -6.712350000000000261e-01
1.608223488533699549e-02 -5.802619999999999445e-01
1.610223766504512849e-02 -6.809680000000000177e-01
1.612224044475325802e-02 -9.808780000000000276e-01
1.614224322446138754e-02 -1.221675999999999984e+00
1.616224600416952054e-02 -1.391421999999999937e+00
1.618224878387765006e-02 -1.427240000000000064e+00
1.620225156358577959e-02 -1.301941999999999933e+00
1.622225434329390911e-02 -1.125512999999999986e+00
1.624225712300204211e-02 -1.021951999999999972e+00
1.626225990271017163e-02 -9.989820000000000366e-01
1.628226268241830116e-02 -1.092419999999999947e+00
1.630226546212643415e-02 -1.163018000000000107e+00
1.632226824183456368e-02 -1.186377000000000015e+00
1.634227102154269320e-02 -1.086969000000000074e+00
1.636227380125082620e-02 -9.940499999999999892e-01
1.638227658095895573e-02 -1.005080999999999891e+00
1.640227936066708525e-02 -1.042780999999999958e+00
1.642228214037521825e-02 -1.112600000000000033e+00
1.644228492008334777e-02 -1.227190999999999921e+00
1.646228769979147730e-02 -1.402322999999999986e+00
1.648229047949960682e-02 -1.507311000000000067e+00
1.650229325920773982e-02 -1.441256000000000093e+00
1.652229603891586934e-02 -1.210061000000000053e+00
1.654229881862399887e-02 -8.742029999999999523e-01
1.656230159833213186e-02 -6.371040000000000036e-01
1.658230437804026139e-02 -6.201680000000000526e-01
1.660230715774839091e-02 -7.562370000000000481e-01
1.662230993745652391e-02 -9.871069999999999567e-01
1.664231271716465344e-02 -1.222909000000000024e+00
1.666231549687278296e-02 -1.392525000000000013e+00
1.668231827658091596e-02 -1.418933999999999918e+00
1.670232105628904548e-02 -1.330492999999999926e+00
1.672232383599717501e-02 -1.170090000000000074e+00
1.674232661570530453e-02 -1.012802999999999898e+00
1.676232939541343753e-02 -9.054790000000000338e-01
1.678233217512156705e-02 -9.205330000000000457e-01
1.680233495482969658e-02 -1.028505999999999920e+00
1.682233773453782957e-02 -1.153089999999999948e+00
1.684234051424595910e-02 -1.248280000000000056e+00
1.686234329395408862e-02 -1.269692999999999961e+00
1.688234607366222162e-02 -1.185727999999999893e+00
1.690234885337035114e-02 -1.125512999999999986e+00
1.692235163307848067e-02 -1.077820000000000000e+00
1.694235441278661367e-02 -1.047452999999999967e+00
1.696235719249474319e-02 -1.012153999999999998e+00
1.698235997220287272e-02 -9.993710000000000093e-01
1.700236275191100224e-02 -1.024223000000000106e+00
1.702236553161913524e-02 -1.095469999999999944e+00
1.704236831132726476e-02 -1.247111999999999998e+00
1.706237109103539429e-02 -1.323420000000000041e+00
1.708237387074352728e-02 -1.309857999999999967e+00
1.710237665045165681e-02 -1.241660999999999904e+00
1.712237943015978633e-02 -1.080351000000000061e+00
1.714238220986791933e-02 -9.717940000000000467e-01
1.716238498957604885e-02 -9.069059999999999899e-01
1.718238776928417838e-02 -9.333160000000000345e-01
1.720239054899231138e-02 -1.036680999999999964e+00
1.722239332870044090e-02 -1.231149999999999967e+00
1.724239610840857043e-02 -1.430679000000000034e+00
1.726239888811669995e-02 -1.567785999999999902e+00
1.728240166782483295e-02 -1.468833000000000055e+00
1.730240444753296247e-02 -1.154322999999999988e+00
1.732240722724109200e-02 -8.169070000000000498e-01
1.734241000694922499e-02 -6.552069999999999839e-01
1.736241278665735452e-02 -7.186669999999999447e-01
1.738241556636548404e-02 -9.390910000000000091e-01
1.740241834607361704e-02 -1.186118000000000006e+00
1.742242112578174656e-02 -1.399402999999999953e+00
1.744242390548987609e-02 -1.461046000000000067e+00
1.746242668519800909e-02 -1.406087000000000087e+00
1.748242946490613861e-02 -1.227905000000000024e+00
1.750243224461426814e-02 -1.016242000000000090e+00
1.752243502432239766e-02 -8.471450000000000369e-01
1.754243780403053066e-02 -8.484429999999999472e-01
1.756244058373866018e-02 -9.992410000000000458e-01
1.758244336344678971e-02 -1.239130999999999982e+00
1.760244614315492270e-02 -1.398169999999999913e+00
1.762244892286305223e-02 -1.387010000000000076e+00
1.764245170257118175e-02 -1.216096000000000066e+00
1.766245448227931475e-02 -9.994359999999999911e-01
1.768245726198744427e-02 -9.076199999999999823e-01
1.770246004169557380e-02 -9.808780000000000276e-01
1.772246282140370680e-02 -1.163731000000000071e+00
1.774246560111183632e-02 -1.289419000000000093e+00
1.776246838081996585e-02 -1.299411000000000094e+00
1.778247116052809537e-02 -1.231603999999999921e+00
1.780247394023622837e-02 -1.142708000000000057e+00
1.782247671994435789e-02 -1.068087000000000009e+00
1.784247949965248742e-02 -9.860689999999999733e-01
1.786248227936062041e-02 -9.341589999999999616e-01
1.788248505906874994e-02 -1.035643000000000091e+00
1.790248783877687946e-02 -1.270407000000000064e+00
1.792249061848501246e-02 -1.434053000000000022e+00
1.794249339819314198e-02 -1.464744999999999964e+00
1.796249617790127151e-02 -1.305770000000000097e+00
1.798249895760940451e-02 -1.039991000000000110e+00
1.800250173731753403e-02 -8.182700000000000529e-01
1.802250451702566356e-02 -7.697990000000000110e-01
1.804250729673379308e-02 -8.555800000000000072e-01
1.806251007644192608e-02 -1.056341999999999892e+00
1.808251285615005560e-02 -1.241726000000000107e+00
1.810251563585818513e-02 -1.329388999999999932e+00
1.812251841556631812e-02 -1.355604000000000031e+00
1.814252119527444765e-02 -1.280918000000000001e+00
1.816252397498257717e-02 -1.216550000000000020e+00
1.818252675469071017e-02 -1.096182999999999907e+00
1.820252953439883969e-02 -1.032723000000000058e+00
1.822253231410696922e-02 -1.047776999999999958e+00
1.824253509381510222e-02 -1.168144000000000071e+00
1.826253787352323174e-02 -1.316542000000000101e+00
1.828254065323136127e-02 -1.362741999999999898e+00
1.830254343293949079e-02 -1.254769000000000023e+00
1.832254621264762379e-02 -1.100011999999999990e+00
1.834254899235575331e-02 -9.700419999999999598e-01
1.836255177206388284e-02 -9.579079999999999817e-01
1.838255455177201583e-02 -9.983980000000000077e-01
1.840255733148014536e-02 -1.072629000000000055e+00
1.842256011118827488e-02 -1.184301000000000048e+00
1.844256289089640788e-02 -1.276505999999999919e+00
1.846256567060453740e-02 -1.331401000000000057e+00
1.848256845031266693e-02 -1.299800999999999984e+00
1.850257123002079993e-02 -1.159578999999999915e+00
1.852257400972892945e-02 -1.022211999999999898e+00
1.854257678943705898e-02 -9.306550000000000100e-01
1.856257956914518850e-02 -8.696610000000000174e-01
1.858258234885332150e-02 -9.025590000000000002e-01
1.860258512856145102e-02 -1.008196000000000092e+00
1.862258790826958055e-02 -1.167300000000000004e+00
1.864259068797771354e-02 -1.309144000000000085e+00
1.866259346768584307e-02 -1.428342999999999918e+00
1.868259624739397259e-02 -1.438919999999999977e+00
1.870259902710210559e-02 -1.350673000000000012e+00
1.872260180681023511e-02 -1.250615999999999950e+00
1.874260458651836464e-02 -1.111561999999999939e+00
1.876260736622649763e-02 -1.016566000000000081e+00
1.878261014593462716e-02 -9.496019999999999461e-01
1.880261292564275669e-02 -9.188460000000000516e-01
1.882261570535088621e-02 -9.738050000000000317e-01
1.884261848505901921e-02 -1.068022000000000027e+00
1.886262126476714873e-02 -1.172816000000000081e+00
1.888262404447527826e-02 -1.251589000000000063e+00
1.890262682418341125e-02 -1.267487000000000030e+00
1.892262960389154078e-02 -1.215122000000000035e+00
1.894263238359967030e-02 -1.127849000000000101e+00
1.896263516330780330e-02 -1.077042000000000055e+00
1.898263794301593282e-02 -1.094821000000000044e+00
1.900264072272406235e-02 -1.138360000000000039e+00
1.902264350243219534e-02 -1.166976000000000013e+00
1.904264628214032487e-02 -1.197213000000000083e+00
1.906264906184845440e-02 -1.188193999999999972e+00
1.908265184155658392e-02 -1.161915000000000031e+00
1.910265462126471692e-02 -1.136608000000000063e+00
1.912265740097284644e-02 -1.117985999999999924e+00
1.914266018068097597e-02 -1.083010999999999946e+00
1.916266296038910896e-02 -1.092808999999999919e+00
1.918266574009723849e-02 -1.173723999999999990e+00
1.920266851980536801e-02 -1.259894999999999987e+00
1.922267129951350101e-02 -1.311544999999999961e+00
1.924267407922163053e-02 -1.240169000000000077e+00
1.926267685892976006e-02 -1.070227999999999957e+00
1.928267963863789305e-02 -9.161200000000000454e-01
1.930268241834602258e-02 -8.473389999999999533e-01
1.932268519805415211e-02 -9.111240000000000450e-01
1.934268797776228163e-02 -1.035512999999999906e+00
1.936269075747041463e-02 -1.170479999999999965e+00
1.938269353717854415e-02 -1.260737999999999914e+00
1.940269631688667368e-02 -1.297789000000000081e+00
1.942269909659480667e-02 -1.289158999999999944e+00
1.944270187630293620e-02 -1.241532000000000080e+00
1.946270465601106572e-02 -1.172555999999999932e+00
1.948270743571919872e-02 -1.111107999999999985e+00
1.950271021542732824e-02 -1.126355999999999913e+00
1.952271299513545777e-02 -1.205324000000000062e+00
1.954271577484359076e-02 -1.313426999999999900e+00
1.956271855455172029e-02 -1.329973000000000072e+00
1.958272133425984982e-02 -1.244710999999999901e+00
1.960272411396797934e-02 -1.023833999999999911e+00
1.962272689367611234e-02 -8.601220000000000532e-01
1.964272967338424186e-02 -8.196970000000000089e-01
1.966273245309237139e-02 -9.124219999999999553e-01
1.968273523280050438e-02 -1.107539000000000051e+00
1.970273801250863391e-02 -1.301876999999999951e+00
1.972274079221676343e-02 -1.348921000000000037e+00
1.974274357192489643e-02 -1.317255000000000065e+00
1.976274635163302595e-02 -1.187934000000000045e+00
1.978274913134115548e-02 -1.025131000000000014e+00
1.980275191104928847e-02 -8.559050000000000269e-01
1.982275469075741800e-02 -7.956889999999999796e-01
1.984275747046554753e-02 -8.753710000000000102e-01
1.986276025017367705e-02 -1.115455000000000085e+00
1.988276302988181005e-02 -1.362157999999999980e+00
1.990276580958993957e-02 -1.513281000000000098e+00
1.992276858929806910e-02 -1.504197000000000006e+00
1.994277136900620209e-02 -1.311674999999999924e+00
1.996277414871433162e-02 -1.106759999999999966e+00
1.998277692842246114e-02 -9.427240000000000064e-01
2.000277970813059414e-02 -8.773819999999999952e-01
2.002278248783872366e-02 -9.015849999999999698e-01
2.004278526754685319e-02 -9.712749999999999995e-01
2.006278804725498618e-02 -1.040315000000000101e+00
2.008279082696311571e-02 -1.129145999999999983e+00
2.010279360667124524e-02 -1.172685999999999895e+00
2.012279638637937476e-02 -1.184495000000000076e+00
2.014279916608750776e-02 -1.148613000000000106e+00
2.016280194579563728e-02 -1.140371999999999941e+00
2.018280472550376681e-02 -1.142512999999999890e+00
2.020280750521189980e-02 -1.174112999999999962e+00
2.022281028492002933e-02 -1.221222000000000030e+00
2.024281306462815885e-02 -1.214018999999999959e+00
2.026281584433629185e-02 -1.151208000000000009e+00
2.028281862404442137e-02 -1.069385000000000030e+00
2.030282140375255090e-02 -1.044208000000000025e+00
2.032282418346068389e-02 -1.072694000000000036e+00
2.034282696316881342e-02 -1.073277999999999954e+00
2.036282974287694295e-02 -1.130767999999999995e+00
2.038283252258507247e-02 -1.137256999999999962e+00
2.040283530229320547e-02 -1.154452000000000034e+00
2.042283808200133499e-02 -1.175410999999999984e+00
2.044284086170946452e-02 -1.180147999999999975e+00
2.046284364141759751e-02 -1.162239000000000022e+00
2.048284642112572704e-02 -1.113703000000000110e+00
2.050284920083385656e-02 -1.091706000000000065e+00
2.052285198054198956e-02 -1.052254000000000023e+00
2.054285476025011908e-02 -1.037330000000000085e+00
2.056285753995824861e-02 -1.019355999999999929e+00
2.058286031966638160e-02 -1.007805999999999980e+00
2.060286309937451113e-02 -1.049724000000000101e+00
2.062286587908264066e-02 -1.137256999999999962e+00
2.064286865879077018e-02 -1.227127000000000079e+00
2.066287143849890318e-02 -1.305250999999999939e+00
2.068287421820703270e-02 -1.312648000000000037e+00
2.070287699791516223e-02 -1.259376000000000051e+00
2.072287977762329522e-02 -1.206298000000000092e+00
2.074288255733142475e-02 -1.130703999999999931e+00
2.076288533703955427e-02 -1.087164000000000019e+00
2.078288811674768727e-02 -1.071331000000000033e+00
2.080289089645581679e-02 -1.077496000000000009e+00
2.082289367616394632e-02 -1.109744999999999981e+00
2.084289645587207931e-02 -1.132390999999999925e+00
2.086289923558020884e-02 -1.155296000000000101e+00
2.088290201528833837e-02 -1.127264999999999961e+00
2.090290479499646789e-02 -1.120386000000000104e+00
2.092290757470460089e-02 -1.100985000000000102e+00
2.094291035441273041e-02 -1.124733999999999901e+00
2.096291313412085994e-02 -1.178395999999999999e+00
2.098291591382899293e-02 -1.223492999999999942e+00
2.100291869353712246e-02 -1.182679000000000036e+00
2.102292147324525198e-02 -1.111691999999999902e+00
2.104292425295338498e-02 -9.906760000000000010e-01
2.106292703266151450e-02 -9.401289999999999925e-01
2.108292981236964403e-02 -9.533660000000000467e-01
2.110293259207777702e-02 -1.044987000000000110e+00
2.112293537178590655e-02 -1.167105999999999977e+00
2.114293815149403608e-02 -1.279295999999999989e+00
2.116294093120216560e-02 -1.363261000000000056e+00
2.118294371091029860e-02 -1.353593000000000046e+00
2.120294649061842812e-02 -1.261970999999999954e+00
2.122294927032655765e-02 -1.085736000000000034e+00
2.124295205003469064e-02 -9.217009999999999925e-01
2.126295482974282017e-02 -8.310530000000000417e-01
2.128295760945094969e-02 -8.711529999999999552e-01
2.130296038915908269e-02 -9.917789999999999662e-01
2.132296316886721221e-02 -1.156333999999999973e+00
2.134296594857534174e-02 -1.289873000000000047e+00
2.136296872828347473e-02 -1.300774000000000097e+00
2.138297150799160426e-02 -1.253147000000000011e+00
2.140297428769973379e-02 -1.160681999999999992e+00
2.142297706740786331e-02 -1.070292999999999939e+00
2.144297984711599631e-02 -1.019420999999999911e+00
2.146298262682412583e-02 -1.026170000000000027e+00
2.148298540653225536e-02 -1.102087999999999957e+00
2.150298818624038835e-02 -1.172425999999999968e+00
2.152299096594851788e-02 -1.222390000000000088e+00
2.154299374565664740e-02 -1.211228999999999889e+00
2.156299652536478040e-02 -1.126355999999999913e+00
2.158299930507290992e-02 -1.009298999999999946e+00
2.160300208478103945e-02 -9.244259999999999700e-01
2.162300486448917244e-02 -9.197539999999999605e-01
2.164300764419730197e-02 -1.024027999999999938e+00
2.166301042390543150e-02 -1.137647000000000075e+00
2.168301320361356102e-02 -1.233549999999999924e+00
2.170301598332169402e-02 -1.263528999999999902e+00
2.172301876302982354e-02 -1.213824999999999932e+00
2.174302154273795307e-02 -1.131351999999999913e+00
2.176302432244608606e-02 -1.039277000000000006e+00
2.178302710215421559e-02 -9.828900000000000414e-01
2.180302988186234511e-02 -9.636179999999999746e-01
2.182303266157047811e-02 -1.020199999999999996e+00
2.184303544127860763e-02 -1.130379000000000023e+00
2.186303822098673716e-02 -1.202404000000000028e+00
2.188304100069487015e-02 -1.235821999999999976e+00
2.190304378040299968e-02 -1.231603999999999921e+00
2.192304656011112921e-02 -1.179629000000000039e+00
2.194304933981925873e-02 -1.144913999999999987e+00
2.196305211952739173e-02 -1.106306000000000012e+00
2.198305489923552125e-02 -1.090602999999999989e+00
2.200305767894365078e-02 -1.087747999999999937e+00
2.202306045865178377e-02 -1.075744000000000034e+00
2.204306323835991330e-02 -1.090667999999999971e+00
2.206306601806804282e-02 -1.059652000000000038e+00
2.208306879777617582e-02 -1.035449000000000064e+00
2.210307157748430534e-02 -1.023249999999999993e+00
2.212307435719243487e-02 -1.071914999999999951e+00
2.214307713690056786e-02 -1.142123999999999917e+00
2.216307991660869739e-02 -1.205130000000000035e+00
2.218308269631682692e-02 -1.265605000000000091e+00
2.220308547602495644e-02 -1.244451999999999892e+00
2.222308825573308944e-02 -1.198576000000000086e+00
2.224309103544121896e-02 -1.137582000000000093e+00
2.226309381514934849e-02 -1.060429999999999984e+00
2.228309659485748148e-02 -1.031490000000000018e+00
2.230309937456561101e-02 -9.965159999999999574e-01
2.232310215427374053e-02 -1.020135000000000014e+00
2.234310493398187353e-02 -1.045571000000000028e+00
2.236310771369000305e-02 -1.116818000000000088e+00
2.238311049339813258e-02 -1.186053000000000024e+00
2.240311327310626557e-02 -1.195591000000000070e+00
2.242311605281439510e-02 -1.190140999999999893e+00
2.244311883252252462e-02 -1.126616000000000062e+00
2.246312161223065415e-02 -1.115131000000000094e+00
2.248312439193878715e-02 -1.079897000000000107e+00
2.250312717164691667e-02 -1.071331000000000033e+00
2.252312995135504620e-02 -1.017149999999999999e+00
2.254313273106317919e-02 -9.969700000000000228e-01
2.256313551077130872e-02 -1.027207999999999899e+00
2.258313829047943824e-02 -1.100141999999999953e+00
2.260314107018757124e-02 -1.189686000000000021e+00
2.262314384989570076e-02 -1.251654000000000044e+00
2.264314662960383029e-02 -1.216355000000000075e+00
2.266314940931196328e-02 -1.159059000000000061e+00
2.268315218902009281e-02 -1.088136999999999910e+00
2.270315496872822233e-02 -1.064324000000000048e+00
2.272315774843635186e-02 -1.075614000000000070e+00
2.274316052814448486e-02 -1.108057999999999987e+00
2.276316330785261438e-02 -1.121553999999999940e+00
2.278316608756074391e-02 -1.138684999999999947e+00
2.280316886726887690e-02 -1.156917999999999891e+00
2.282317164697700643e-02 -1.121553999999999940e+00
2.284317442668513595e-02 -1.077105999999999897e+00
2.286317720639326895e-02 -9.817869999999999653e-01
2.288317998610139847e-02 -9.555069999999999952e-01
2.290318276580952800e-02 -9.756869999999999710e-01
2.292318554551766099e-02 -1.092743999999999938e+00
2.294318832522579052e-02 -1.209737000000000062e+00
2.296319110493392004e-02 -1.270342000000000082e+00
2.298319388464204957e-02 -1.243802999999999992e+00
2.300319666435018257e-02 -1.161005999999999982e+00
2.302319944405831209e-02 -1.042067000000000077e+00
2.304320222376644162e-02 -1.008585000000000065e+00
2.306320500347457461e-02 -9.784770000000000412e-01
2.308320778318270414e-02 -1.012348999999999943e+00
2.310321056289083366e-02 -1.099102999999999941e+00
2.312321334259896666e-02 -1.162044000000000077e+00
2.314321612230709618e-02 -1.237508999999999970e+00
2.316321890201522571e-02 -1.248410000000000020e+00
2.318322168172335870e-02 -1.176709000000000005e+00
2.320322446143148823e-02 -1.084243999999999986e+00
2.322322724113961775e-02 -9.829550000000000232e-01
2.324323002084774728e-02 -9.603739999999999499e-01
2.326323280055588028e-02 -9.991120000000000001e-01
2.328323558026400980e-02 -1.082297000000000065e+00
2.330323835997213933e-02 -1.150559000000000109e+00
2.332324113968027232e-02 -1.122333000000000025e+00
2.334324391938840185e-02 -1.104100000000000081e+00
2.336324669909653137e-02 -1.053293000000000035e+00
2.338324947880466437e-02 -1.044467999999999952e+00
2.340325225851279389e-02 -1.045765999999999973e+00
2.342325503822092342e-02 -1.082168000000000019e+00
2.344325781792905641e-02 -1.132325999999999944e+00
2.346326059763718594e-02 -1.169701000000000102e+00
2.348326337734531546e-02 -1.188647999999999927e+00
2.350326615705344499e-02 -1.188712999999999909e+00
2.352326893676157799e-02 -1.125771999999999995e+00
2.354327171646970751e-02 -1.063544999999999963e+00
2.356327449617783704e-02 -9.995659999999999545e-01
2.358327727588597003e-02 -9.871069999999999567e-01
2.360328005559409956e-02 -1.032658000000000076e+00
2.362328283530222908e-02 -1.105072999999999972e+00
2.364328561501036208e-02 -1.149974999999999969e+00
2.366328839471849160e-02 -1.116427999999999976e+00
2.368329117442662113e-02 -1.082362000000000046e+00
2.370329395413475412e-02 -1.035058999999999951e+00
2.372329673384288365e-02 -1.006313999999999931e+00
2.374329951355101317e-02 -1.001447999999999894e+00
2.376330229325914270e-02 -1.019876000000000005e+00
2.378330507296727570e-02 -1.050956999999999919e+00
2.380330785267540522e-02 -1.094560999999999895e+00
2.382331063238353475e-02 -1.147119999999999918e+00
2.384331341209166774e-02 -1.152246000000000103e+00
2.386331619179979727e-02 -1.141993999999999954e+00
2.388331897150792679e-02 -1.107669000000000015e+00
2.390332175121605979e-02 -1.105332999999999899e+00
2.392332453092418931e-02 -1.090343999999999980e+00
2.394332731063231884e-02 -1.101504000000000039e+00
2.396333009034045183e-02 -1.098000000000000087e+00
2.398333287004858136e-02 -1.125383000000000022e+00
2.400333564975671088e-02 -1.098324999999999996e+00
2.402333842946484041e-02 -1.070357999999999921e+00
2.404334120917297341e-02 -1.018901999999999974e+00
2.406334398888110293e-02 -9.898979999999999446e-01
2.408334676858923246e-02 -9.803589999999999804e-01
2.410334954829736545e-02 -9.891189999999999705e-01
2.412335232800549498e-02 -9.923629999999999951e-01
2.414335510771362450e-02 -1.032399000000000067e+00
2.416335788742175750e-02 -1.063350000000000017e+00
2.418336066712988702e-02 -1.090473000000000026e+00
2.420336344683801655e-02 -1.118829000000000073e+00
2.422336622654614954e-02 -1.112535000000000052e+00
2.424336900625427907e-02 -1.091576000000000102e+00
2.426337178596240859e-02 -1.056148000000000087e+00
2.428337456567053812e-02 -1.003589000000000064e+00
2.430337734537867111e-02 -9.784119999999999484e-01
2.432338012508680064e-02 -1.007935999999999943e+00
2.434338290479493017e-02 -1.056991000000000014e+00
2.436338568450306316e-02 -1.103256000000000014e+00
2.438338846421119269e-02 -1.130832999999999977e+00
2.440339124391932221e-02 -1.166846000000000050e+00
2.442339402362745521e-02 -1.161135999999999946e+00
2.444339680333558473e-02 -1.126355999999999913e+00
2.446339958304371426e-02 -1.061728000000000005e+00
2.448340236275184725e-02 -9.930120000000000058e-01
2.450340514245997678e-02 -9.588160000000000016e-01
2.452340792216810630e-02 -9.505759999999999765e-01
2.454341070187623583e-02 -9.854199999999999626e-01
2.456341348158436882e-02 -1.061663000000000023e+00
2.458341626129249835e-02 -1.114611000000000018e+00
2.460341904100062788e-02 -1.146406000000000036e+00
2.462342182070876087e-02 -1.117466999999999988e+00
2.464342460041689040e-02 -1.084503999999999913e+00
2.466342738012501992e-02 -1.056537000000000059e+00
2.468343015983315292e-02 -1.008196000000000092e+00
2.470343293954128244e-02 -1.113703000000000110e+00
2.472343571924941197e-02 -1.121749000000000107e+00
2.474343849895754496e-02 -1.099493000000000054e+00
2.476344127866567449e-02 -1.187675000000000036e+00
2.478344405837380401e-02 -1.144913999999999987e+00
2.480344683808193354e-02 -1.074510999999999994e+00
2.482344961779006653e-02 -9.772440000000000015e-01
2.484345239749819606e-02 -1.031231000000000009e+00
2.486345517720632559e-02 -1.010272000000000059e+00
2.488345795691445858e-02 -1.065750999999999893e+00
2.490346073662258811e-02 -1.149650999999999978e+00
2.492346351633071763e-02 -1.031555000000000000e+00
2.494346629603885063e-02 -1.095534999999999926e+00
2.496346907574698015e-02 -1.207659999999999956e+00
2.498347185545510968e-02 -1.080090999999999912e+00
2.500347463516324267e-02 -1.005859999999999976e+00
2.502347741487137220e-02 -9.971649999999999681e-01
2.504348019457950172e-02 -9.715340000000000087e-01
2.506348297428763125e-02 -1.027922000000000002e+00
2.508348575399576424e-02 -1.121553999999999940e+00
2.510348853370389377e-02 -1.166066999999999965e+00
2.512349131341202330e-02 -1.220312999999999981e+00
2.514349409312015629e-02 -1.178525999999999962e+00
2.516349687282828582e-02 -1.057900000000000063e+00
2.518349965253641534e-02 -1.002356000000000025e+00
2.520350243224454834e-02 -1.010596999999999968e+00
2.522350521195267786e-02 -1.081843000000000110e+00
2.524350799166080739e-02 -1.170673999999999992e+00
2.526351077136894038e-02 -1.192152000000000100e+00
2.528351355107706991e-02 -1.131936000000000053e+00
2.530351633078519943e-02 -1.034345999999999988e+00
2.532351911049332896e-02 -9.955429999999999557e-01
2.534352189020146195e-02 -9.952830000000000288e-01
2.536352466990959148e-02 -9.904809999999999448e-01
2.538352744961772101e-02 -1.003848000000000074e+00
2.540353022932585400e-02 -1.045571000000000028e+00
2.542353300903398353e-02 -1.155361000000000082e+00
2.544353578874211305e-02 -1.207594999999999974e+00
2.546353856845024605e-02 -1.194487999999999994e+00
2.548354134815837557e-02 -1.134012999999999938e+00
2.550354412786650510e-02 -1.056407000000000096e+00
2.552354690757463809e-02 -1.028764999999999930e+00
2.554354968728276762e-02 -1.049139999999999961e+00
2.556355246699089714e-02 -1.052643999999999913e+00
2.558355524669902667e-02 -1.084438999999999931e+00
2.560355802640715966e-02 -1.094302000000000108e+00
2.562356080611528919e-02 -1.124344999999999928e+00
2.564356358582341872e-02 -1.144265000000000088e+00
2.566356636553155171e-02 -1.151208000000000009e+00
2.568356914523968124e-02 -1.125642000000000031e+00
2.570357192494781076e-02 -1.090473000000000026e+00
2.572357470465594376e-02 -1.062246999999999941e+00
2.574357748436407328e-02 -1.080610000000000070e+00
2.576358026407220281e-02 -1.098000000000000087e+00
2.578358304378033580e-02 -1.100141999999999953e+00
2.580358582348846533e-02 -1.099037999999999959e+00
2.582358860319659485e-02 -1.089695000000000080e+00
2.584359138290472438e-02 -1.102413000000000087e+00
2.586359416261285737e-02 -1.115650000000000031e+00
2.588359694232098690e-02 -1.136284000000000072e+00
2.590359972202911643e-02 -1.121749000000000107e+00
2.592360250173724942e-02 -1.117985999999999924e+00
2.594360528144537895e-02 -1.100854999999999917e+00
2.596360806115350847e-02 -1.105137999999999954e+00
2.598361084086164147e-02 -1.118309999999999915e+00
2.600361362056977099e-02 -1.126745000000000108e+00
2.602361640027790052e-02 -1.093847000000000014e+00
2.604361917998603351e-02 -1.092939000000000105e+00
2.606362195969416304e-02 -1.083790000000000031e+00
2.608362473940229256e-02 -1.075290000000000079e+00
2.610362751911042209e-02 -1.058159000000000072e+00
2.612363029881855508e-02 -1.072824000000000000e+00
2.614363307852668461e-02 -1.062766000000000099e+00
2.616363585823481414e-02 -1.110263999999999918e+00
2.618363863794294713e-02 -1.147054999999999936e+00
2.620364141765107666e-02 -1.150428999999999924e+00
2.622364419735920618e-02 -1.144849000000000006e+00
2.624364697706733918e-02 -1.115000999999999909e+00
2.626364975677546870e-02 -1.093847000000000014e+00
2.628365253648359823e-02 -1.065492000000000106e+00
2.630365531619173122e-02 -1.047128000000000059e+00
2.632365809589986075e-02 -1.065620999999999929e+00
2.634366087560799027e-02 -1.101310000000000011e+00
2.636366365531611980e-02 -1.134077999999999919e+00
2.638366643502425279e-02 -1.145887000000000100e+00
2.640366921473238232e-02 -1.112859999999999960e+00
2.642367199444051185e-02 -1.071266999999999969e+00
2.644367477414864484e-02 -1.052837999999999941e+00
2.646367755385677437e-02 -1.056861999999999968e+00
2.648368033356490389e-02 -1.054135999999999962e+00
2.650368311327303689e-02 -1.062896000000000063e+00
2.652368589298116641e-02 -1.080481000000000025e+00
2.654368867268929594e-02 -1.107085000000000097e+00
2.656369145239742893e-02 -1.112794999999999979e+00
2.658369423210555846e-02 -1.125057999999999891e+00
2.660369701181368798e-02 -1.061144000000000087e+00
2.662369979152181751e-02 -1.026170000000000027e+00
2.664370257122995050e-02 -1.037978999999999985e+00
2.666370535093808003e-02 -1.069514999999999993e+00
2.668370813064620956e-02 -1.131547000000000081e+00
2.670371091035434255e-02 -1.158215999999999912e+00
2.672371369006247208e-02 -1.141151000000000026e+00
2.674371646977060160e-02 -1.100660999999999889e+00
2.676371924947873460e-02 -1.036680999999999964e+00
2.678372202918686412e-02 -1.002744999999999997e+00
2.680372480889499365e-02 -9.966460000000000319e-01
2.682372758860312664e-02 -1.012868000000000102e+00
2.684373036831125617e-02 -1.015852999999999895e+00
2.686373314801938569e-02 -1.056148000000000087e+00
2.688373592772751522e-02 -1.117402000000000006e+00
2.690373870743564821e-02 -1.157631999999999994e+00
2.692374148714377774e-02 -1.139462999999999893e+00
2.694374426685190727e-02 -1.078014999999999946e+00
2.696374704656004026e-02 -1.023314999999999975e+00
2.698374982626816979e-02 -1.008650000000000047e+00
2.700375260597629931e-02 -1.055887999999999938e+00
2.702375538568443231e-02 -1.093717999999999968e+00
2.704375816539256183e-02 -1.123242000000000074e+00
2.706376094510069136e-02 -1.136543000000000081e+00
2.708376372480882435e-02 -1.133494000000000002e+00
2.710376650451695388e-02 -1.129536000000000096e+00
2.712376928422508340e-02 -1.103126000000000051e+00
2.714377206393321293e-02 -1.058159000000000072e+00
2.716377484364134592e-02 -1.037654999999999994e+00
2.718377762334947545e-02 -1.022860000000000102e+00
2.720378040305760498e-02 -1.049528999999999934e+00
2.722378318276573797e-02 -1.087877999999999901e+00
2.724378596247386750e-02 -1.110718000000000094e+00
2.726378874218199702e-02 -1.098195000000000032e+00
2.728379152189013002e-02 -1.066659999999999942e+00
2.730379430159825954e-02 -1.047128000000000059e+00
2.732379708130638907e-02 -1.034864999999999924e+00
2.734379986101452206e-02 -1.054200999999999944e+00
2.736380264072265159e-02 -1.078923000000000076e+00
2.738380542043078111e-02 -1.086384999999999934e+00
2.740380820013891064e-02 -1.117725999999999997e+00
2.742381097984704363e-02 -1.127912999999999943e+00
2.744381375955517316e-02 -1.123242000000000074e+00
2.746381653926330269e-02 -1.103061000000000069e+00
2.748381931897143568e-02 -1.100530999999999926e+00
2.750382209867956521e-02 -1.097221999999999920e+00
2.752382487838769473e-02 -1.099167999999999923e+00
2.754382765809582773e-02 -1.067892000000000063e+00
2.756383043780395725e-02 -1.071785999999999905e+00
2.758383321751208678e-02 -1.055822999999999956e+00
2.760383599722021977e-02 -1.066594999999999960e+00
2.762383877692834930e-02 -1.062246999999999941e+00
2.764384155663647882e-02 -1.067827999999999999e+00
2.766384433634460835e-02 -1.056926000000000032e+00
2.768384711605274134e-02 -1.062572000000000072e+00
2.770384989576087087e-02 -1.058418999999999999e+00
2.772385267546900040e-02 -1.068216999999999972e+00
2.774385545517713339e-02 -1.076716999999999924e+00
2.776385823488526292e-02 -1.086190999999999907e+00
2.778386101459339244e-02 -1.067113999999999896e+00
2.780386379430152544e-02 -1.063609999999999944e+00
2.782386657400965496e-02 -1.076847000000000110e+00
2.784386935371778449e-02 -1.093717999999999968e+00
2.786387213342591748e-02 -1.094367000000000090e+00
2.788387491313404701e-02 -1.080351000000000061e+00
2.790387769284217653e-02 -1.070683000000000051e+00
2.792388047255030606e-02 -1.077560999999999991e+00
2.794388325225843905e-02 -1.088201999999999892e+00
2.796388603196656858e-02 -1.112859999999999960e+00
2.798388881167469810e-02 -1.091706000000000065e+00
2.800389159138283110e-02 -1.061404000000000014e+00
2.802389437109096063e-02 -1.046934000000000031e+00
2.804389715079909015e-02 -1.033177999999999930e+00
2.806389993050722315e-02 -1.020459999999999923e+00
2.808390271021535267e-02 -1.016761000000000026e+00
2.810390548992348220e-02 -1.005211000000000077e+00
2.812390826963161519e-02 -1.033825999999999912e+00
2.814391104933974472e-02 -1.073796999999999890e+00
2.816391382904787424e-02 -1.116103999999999985e+00
2.818391660875600377e-02 -1.121164999999999967e+00
2.820391938846413676e-02 -1.117011999999999894e+00
2.822392216817226629e-02 -1.073992000000000058e+00
2.824392494788039581e-02 -1.050826999999999956e+00
2.826392772758852881e-02 -1.052967999999999904e+00
2.828393050729665834e-02 -1.059911000000000048e+00
2.830393328700478786e-02 -1.090862999999999916e+00
2.832393606671292086e-02 -1.108316999999999997e+00
2.834393884642105038e-02 -1.104165000000000063e+00
2.836394162612917991e-02 -1.093782999999999950e+00
2.838394440583731290e-02 -1.057120999999999977e+00
2.840394718554544243e-02 -1.017605000000000093e+00
2.842394996525357195e-02 -9.867179999999999840e-01
2.844395274496170148e-02 -9.954779999999999740e-01
2.846395552466983447e-02 -1.029284000000000088e+00
2.848395830437796400e-02 -1.061857999999999969e+00
2.850396108408609352e-02 -1.067503000000000091e+00
2.852396386379422652e-02 -1.084308999999999967e+00
2.854396664350235605e-02 -1.066335000000000033e+00
2.856396942321048557e-02 -1.032010000000000094e+00
2.858397220291861857e-02 -9.947639999999999816e-01
2.860397498262674809e-02 -9.840579999999999883e-01
2.862397776233487762e-02 -9.784770000000000412e-01
2.864398054204301061e-02 -1.032464000000000048e+00
2.866398332175114014e-02 -1.080481000000000025e+00
2.868398610145926966e-02 -1.101180000000000048e+00
2.870398888116739919e-02 -1.099817000000000045e+00
2.872399166087553218e-02 -1.097156999999999938e+00
2.874399444058366171e-02 -1.090084000000000053e+00
2.876399722029179123e-02 -1.054589999999999916e+00
