# time(s), 	 	 acceleration(g)
0.000000000000000000e+00 6.164089999999999847e+00
2.000277970813059281e-05 6.373223000000000305e+00
4.000555941626118562e-05 6.599225999999999814e+00
6.000833912439177504e-05 6.852158000000000193e+00
8.001111883252237124e-05 7.103856999999999644e+00
1.000138985406529674e-04 7.405065999999999704e+00
1.200166782487835501e-04 7.711140000000000327e+00
1.400194579569141598e-04 8.050437999999999761e+00
1.600222376650447425e-04 8.393693000000000737e+00
1.800250173731753251e-04 8.754986999999999853e+00
2.000277970813059349e-04 9.145481000000000193e+00
2.200305767894365175e-04 9.539478000000000790e+00
2.400333564975671002e-04 9.988046000000000646e+00
2.600361362056977099e-04 1.050013900000000078e+01
2.800389159138283197e-04 1.103176299999999976e+01
3.000416956219588752e-04 1.164611900000000055e+01
3.200444753300894850e-04 1.231342300000000023e+01
3.400472550382200947e-04 1.308357400000000048e+01
3.600500347463506503e-04 1.395404100000000014e+01
3.800528144544812600e-04 1.482042000000000037e+01
4.000555941626118698e-04 1.602356599999999887e+01
4.200583738707424253e-04 1.715780200000000022e+01
4.400611535788730351e-04 1.837989500000000120e+01
4.600639332870036448e-04 2.011576799999999920e+01
4.800667129951342003e-04 2.186539700000000153e+01
5.000694927032648101e-04 2.416267799999999966e+01
5.200722724113954198e-04 2.687465500000000063e+01
5.400750521195260296e-04 3.050654400000000166e+01
5.600778318276566393e-04 3.543903900000000107e+01
5.800806115357871407e-04 4.288339899999999716e+01
6.000833912439177504e-04 5.480870199999999670e+01
6.200861709520483602e-04 7.491230799999999590e+01
6.400889506601789699e-04 1.060870359999999977e+02
6.600917303683095797e-04 1.519990359999999896e+02
6.800945100764401894e-04 2.128499779999999930e+02
7.000972897845707992e-04 2.865596320000000219e+02
7.201000694927013005e-04 3.657122509999999806e+02
7.401028492008319103e-04 4.388288969999999836e+02
7.601056289089625200e-04 4.900745279999999866e+02
7.801084086170931298e-04 5.109781330000000139e+02
8.001111883252237395e-04 4.972823720000000094e+02
8.201139680333543493e-04 4.606827809999999772e+02
8.401167477414848506e-04 4.125583080000000109e+02
8.601195274496154604e-04 3.625611149999999725e+02
8.801223071577460701e-04 3.139349310000000060e+02
9.001250868658766799e-04 2.700933650000000057e+02
9.201278665740072896e-04 2.263451070000000129e+02
9.401306462821378994e-04 1.767711099999999931e+02
9.601334259902684007e-04 1.220044189999999986e+02
9.801362056983990104e-04 7.286159999999999570e+01
1.000138985406529620e-03 3.242844900000000052e+01
1.020141765114660230e-03 4.346394000000000091e+00
1.040144544822790840e-03 -8.478186000000000888e+00
1.060147324530921449e-03 -8.028904000000000707e+00
1.080150104239052059e-03 3.598824000000000023e+00
1.100152883947182669e-03 2.604870100000000122e+01
1.120155663655313279e-03 5.033852999999999867e+01
1.140158443363443888e-03 6.695189700000000244e+01
1.160161223071574281e-03 7.167370300000000327e+01
1.180164002779704891e-03 6.125275400000000303e+01
1.200166782487835501e-03 3.498599399999999804e+01
1.220169562195966111e-03 3.130790000000000184e+00
1.240172341904096720e-03 -2.241597799999999907e+01
1.260175121612227330e-03 -4.156859099999999785e+01
1.280177901320357940e-03 -4.261113999999999891e+01
1.300180681028488550e-03 -2.518609400000000065e+01
1.320183460736619159e-03 -9.292265999999999693e+00
1.340186240444749769e-03 9.194276000000000337e+00
1.360189020152880379e-03 2.687958599999999976e+01
1.380191799861010989e-03 3.278163299999999936e+01
1.400194579569141598e-03 2.386386999999999858e+01
1.420197359277271991e-03 3.360297000000000089e+00
1.440200138985402601e-03 -4.043573000000000306e+00
1.460202918693533211e-03 -1.431638300000000008e+01
1.480205698401663821e-03 -8.652798999999999907e+00
1.500208478109794430e-03 -1.075809000000000015e+00
1.520211257817925040e-03 1.110917399999999944e+01
1.540214037526055650e-03 2.310442600000000013e+01
1.560216817234186260e-03 2.831931200000000004e+01
1.580219596942316869e-03 3.009736200000000039e+01
1.600222376650447479e-03 1.895856200000000058e+01
1.620225156358578089e-03 3.895164999999999988e+00
1.640227936066708699e-03 9.686643000000000114e+00
1.660230715774839308e-03 1.055360000000000076e+00
1.680233495482969701e-03 -3.831585000000000019e+00
1.700236275191100311e-03 1.374152000000000040e+00
1.720239054899230921e-03 -1.716444000000000081e+00
1.740241834607361530e-03 -3.349860000000000060e+00
1.760244614315492140e-03 -1.259316300000000055e+01
1.780247394023622750e-03 -2.292807099999999920e+01
1.800250173731753360e-03 -2.886943899999999985e+01
1.820252953439883969e-03 -3.053997000000000028e+01
1.840255733148014579e-03 -1.708877100000000127e+01
1.860258512856145189e-03 -1.118724300000000049e+01
1.880261292564275799e-03 7.560601000000000127e+00
1.900264072272406408e-03 2.628463199999999844e+01
1.920266851980536801e-03 3.321358899999999892e+01
1.940269631688667411e-03 3.947323099999999840e+01
1.960272411396798021e-03 3.422998900000000333e+01
1.980275191104928847e-03 2.091103000000000023e+01
2.000277970813059240e-03 5.414054000000000144e+00
2.020280750521190067e-03 -4.176203000000000110e+00
2.040283530229320460e-03 -1.418180599999999991e+01
2.060286309937450853e-03 -1.751735299999999995e+01
2.080289089645581679e-03 -1.486526699999999934e+01
2.100291869353712072e-03 -1.051993900000000082e+01
2.120294649061842899e-03 -5.738890999999999742e+00
2.140297428769973292e-03 -4.394680000000000142e+00
2.160300208478104118e-03 -5.618339999999999446e-01
2.180302988186234511e-03 -4.713601999999999848e+00
2.200305767894365338e-03 -1.103339500000000051e+01
2.220308547602495731e-03 -1.826635100000000023e+01
2.240311327310626557e-03 -1.598295599999999972e+01
2.260314107018756950e-03 -1.027654599999999974e+01
2.280316886726887777e-03 -6.152355000000000018e+00
2.300319666435018170e-03 -1.693797999999999915e+00
2.320322446143148563e-03 7.513232999999999606e+00
2.340325225851279389e-03 1.289416699999999949e+01
2.360328005559409782e-03 1.502585499999999996e+01
2.380330785267540609e-03 1.549168300000000009e+01
2.400333564975671002e-03 1.192383799999999994e+01
2.420336344683801828e-03 5.515278999999999598e+00
2.440339124391932221e-03 7.835789000000000115e+00
2.460341904100063048e-03 2.609417999999999793e+00
2.480344683808193441e-03 -4.876210999999999629e+00
2.500347463516324267e-03 -9.652392000000000749e+00
2.520350243224454660e-03 -1.489686700000000030e+01
2.540353022932585487e-03 -1.491075299999999970e+01
2.560355802640715880e-03 -1.828730900000000048e+01
2.580358582348846273e-03 -7.894782000000000188e+00
2.600361362056977099e-03 -6.435005000000000308e+00
2.620364141765107492e-03 -5.610933000000000170e+00
2.640366921473238319e-03 -4.937140000000000306e+00
2.660369701181368712e-03 -5.914476999999999762e+00
2.680372480889499538e-03 -7.702194999999999681e+00
2.700375260597629931e-03 -8.572143000000000512e+00
2.720378040305760758e-03 -7.848257000000000261e+00
2.740380820013891151e-03 -4.304616000000000220e+00
2.760383599722021977e-03 8.645799999999999319e-02
2.780386379430152370e-03 1.034564199999999978e+01
2.800389159138283197e-03 2.016968900000000176e+01
2.820391938846413590e-03 1.561899200000000043e+01
2.840394718554543983e-03 8.756674000000000291e+00
2.860397498262674809e-03 4.388117000000000267e+00
2.880400277970805202e-03 2.550628999999999813e+00
2.900403057678936029e-03 -4.910924999999999763e+00
2.920405837387066422e-03 -8.178276000000000323e+00
2.940408617095197248e-03 -1.533699999999999974e+01
2.960411396803327641e-03 -1.252282499999999921e+01
2.980414176511458468e-03 -1.002744200000000063e+01
3.000416956219588861e-03 -7.246035000000000004e+00
3.020419735927719687e-03 -1.134706199999999932e+01
3.040422515635850080e-03 -1.827134699999999867e+01
3.060425295343980907e-03 -1.324982600000000055e+01
3.080428075052111300e-03 -1.249823199999999979e+01
3.100430854760241692e-03 -9.569789999999999353e+00
3.120433634468372519e-03 7.549200000000000355e-02
3.140436414176502912e-03 6.259733999999999909e+00
3.160439193884633739e-03 1.061479600000000012e+01
3.180441973592764131e-03 1.248758100000000049e+01
3.200444753300894958e-03 1.113954200000000050e+01
3.220447533009025351e-03 4.502642999999999951e+00
3.240450312717156178e-03 4.909020000000000050e-01
3.260453092425286570e-03 -1.069968999999999948e+00
3.280455872133417397e-03 -5.956005000000000216e+00
3.300458651841547790e-03 -4.960823999999999678e+00
3.320461431549678617e-03 2.155529000000000028e+00
3.340464211257809009e-03 4.866144000000000247e+00
3.360466990965939402e-03 1.640255999999999936e+00
3.380469770674070229e-03 -2.227952999999999850e+00
3.400472550382200622e-03 -8.748962000000000572e+00
3.420475330090331448e-03 -1.764764800000000022e+01
3.440478109798461841e-03 -1.844024999999999892e+01
3.460480889506592668e-03 -1.916569300000000098e+01
3.480483669214723061e-03 -1.674570999999999898e+01
3.500486448922853887e-03 -1.326935699999999940e+01
3.520489228630984280e-03 -8.571370000000000378e-01
3.540492008339115107e-03 5.296153999999999584e+00
3.560494788047245500e-03 1.094182900000000025e+01
3.580497567755376326e-03 1.294737499999999919e+01
3.600500347463506719e-03 8.193125000000000213e+00
3.620503127171637112e-03 3.830473000000000017e+00
3.640505906879767939e-03 -2.070406000000000191e+00
3.660508686587898332e-03 -2.145026999999999795e+00
3.680511466296029158e-03 1.173065999999999942e+00
3.700514246004159551e-03 -3.061564000000000174e+00
3.720517025712290378e-03 -3.821982000000000212e+00
3.740519805420420771e-03 -2.960539999999999838e-01
3.760522585128551597e-03 -3.375166000000000111e+00
3.780525364836681990e-03 -1.444565000000000099e+00
3.800528144544812817e-03 8.734800000000000342e-01
3.820530924252943210e-03 -2.635460000000000025e-01
3.840533703961073603e-03 -5.086510999999999783e+00
3.860536483669204429e-03 -4.320254000000000261e+00
3.880539263377334822e-03 -1.003587800000000030e+01
3.900542043085465649e-03 -1.406500800000000062e+01
3.920544822793596042e-03 -1.574300200000000061e+01
3.940547602501726435e-03 -1.268089100000000080e+01
3.960550382209857695e-03 -6.925749999999999851e+00
3.980553161917988088e-03 7.548000000000000265e-01
4.000555941626118481e-03 1.076111700000000049e+01
4.020558721334248874e-03 1.374588199999999993e+01
4.040561501042380134e-03 1.141803900000000027e+01
4.060564280750510527e-03 1.002159299999999931e+01
4.080567060458640920e-03 5.452467999999999648e+00
4.100569840166771313e-03 3.504347000000000101e+00
4.120572619874901706e-03 -3.628239999999999799e-01
4.140575399583032966e-03 -3.057605999999999824e+00
4.160578179291163359e-03 -6.203292000000000250e+00
4.180580958999293752e-03 -8.390133999999999759e+00
4.200583738707424145e-03 -5.127000999999999920e+00
4.220586518415555405e-03 -4.403438999999999659e+00
4.240589298123685798e-03 -8.018003000000000213e+00
4.260592077831816191e-03 -7.648532999999999582e+00
4.280594857539946584e-03 -4.826895999999999631e+00
4.300597637248077844e-03 -4.022873999999999839e+00
4.320600416956208237e-03 -3.201980999999999966e+00
4.340603196664338630e-03 -1.545010999999999912e+00
4.360605976372469023e-03 -2.069107999999999947e+00
4.380608756080599415e-03 2.793039999999999967e-01
4.400611535788730676e-03 4.692050000000000054e+00
4.420614315496861069e-03 5.846400000000000041e+00
4.440617095204991462e-03 4.503616000000000064e+00
4.460619874913121854e-03 4.317713999999999608e+00
4.480622654621253115e-03 1.063989999999999991e+00
4.500625434329383508e-03 -4.076470999999999734e+00
4.520628214037513901e-03 -3.342527000000000026e+00
4.540630993745644294e-03 -2.588338999999999945e+00
4.560633773453775554e-03 1.305169999999999941e-01
4.580636553161905947e-03 3.430505000000000138e+00
4.600639332870036340e-03 3.697582999999999842e+00
4.620642112578166733e-03 1.564856999999999942e+00
4.640644892286297125e-03 -3.682799999999999963e-02
4.660647671994428386e-03 -4.749355000000000437e+00
4.680650451702558779e-03 -1.016967600000000083e+01
4.700653231410689172e-03 -1.472835399999999950e+01
4.720656011118819564e-03 -1.511631700000000045e+01
4.740658790826950825e-03 -7.628807000000000116e+00
4.760661570535081218e-03 1.915380000000000082e+00
4.780664350243211611e-03 6.807451000000000363e+00
4.800667129951342003e-03 9.170462000000000558e+00
4.820669909659473264e-03 9.097464000000000439e+00
4.840672689367603657e-03 7.102235000000000298e+00
4.860675469075734050e-03 2.393406999999999840e+00
4.880678248783864442e-03 -2.530069999999999819e+00
4.900681028491994835e-03 -6.599171000000000120e+00
4.920683808200126096e-03 -9.547209000000000501e+00
4.940686587908256489e-03 -6.010186000000000028e+00
4.960689367616386881e-03 -1.124219999999999942e-01
4.980692147324517274e-03 8.072939999999999561e-01
5.000694927032648535e-03 7.376700000000000479e-01
5.020697706740778928e-03 -1.060624999999999929e+00
5.040700486448909320e-03 -1.918698999999999932e+00
5.060703266157039713e-03 3.941549999999999776e-01
5.080706045865170974e-03 1.776650000000000063e+00
5.100708825573301367e-03 1.246129000000000042e+00
5.120711605281431759e-03 -2.037053999999999920e+00
5.140714384989562152e-03 -6.979542000000000357e+00
5.160717164697692545e-03 -7.064026000000000138e+00
5.180719944405823806e-03 -5.800144999999999662e+00
5.200722724113954198e-03 -4.442436999999999969e+00
5.220725503822084591e-03 -1.180601999999999929e+00
5.240728283530214984e-03 -9.905600000000000516e-02
5.260731063238346245e-03 7.704379999999999562e-01
5.280733842946476637e-03 4.217267999999999795e+00
5.300736622654607030e-03 5.063856000000000357e+00
5.320739402362737423e-03 2.821080999999999950e+00
5.340742182070868684e-03 -5.428299999999999792e-02
5.360744961778999076e-03 -3.045472000000000179e+00
5.380747741487129469e-03 -3.884014000000000078e+00
5.400750521195259862e-03 -3.994517999999999791e+00
5.420753300903390255e-03 -3.844432999999999989e+00
5.440756080611521515e-03 -3.531480000000000175e+00
5.460758860319651908e-03 -3.281273000000000106e+00
5.480761640027782301e-03 -1.460981000000000085e+00
5.500764419735912694e-03 1.163917000000000090e+00
5.520767199444043954e-03 1.778985999999999956e+00
5.540769979152174347e-03 -2.807410000000000183e-01
5.560772758860304740e-03 -4.491361999999999632e+00
5.580775538568435133e-03 -5.503090000000000259e+00
5.600778318276566393e-03 -3.417666999999999788e+00
5.620781097984696786e-03 -1.993578999999999990e+00
5.640783877692827179e-03 -6.299660000000000259e-01
5.660786657400957572e-03 1.821020000000000139e-01
5.680789437109087965e-03 -2.265197999999999823e+00
5.700792216817219225e-03 -1.269627999999999979e+00
5.720794996525349618e-03 -7.482560000000000322e-01
5.740797776233480011e-03 -7.784290000000000376e-01
5.760800555941610404e-03 7.015919999999999934e-01
5.780803335649741664e-03 7.296240000000000503e-01
5.800806115357872057e-03 -2.035250000000000115e-01
5.820808895066002450e-03 6.573390000000000066e-01
5.840811674774132843e-03 1.600805000000000033e+00
5.860814454482264103e-03 2.549060000000000215e-01
5.880817234190394496e-03 -2.680803000000000047e+00
5.900820013898524889e-03 -4.235445000000000348e+00
5.920822793606655282e-03 -6.838930999999999649e+00
5.940825573314785675e-03 -8.737477000000000160e+00
5.960828353022916935e-03 -5.182285000000000252e+00
5.980831132731047328e-03 -3.516426000000000052e+00
6.000833912439177721e-03 -2.812524999999999942e+00
6.020836692147308114e-03 -8.313120000000000509e-01
6.040839471855439374e-03 8.725060000000000038e-01
6.060842251563569767e-03 3.035534999999999872e+00
6.080845031271700160e-03 4.321282000000000068e+00
6.100847810979830553e-03 1.831674999999999942e+00
6.120850590687961813e-03 -1.957826000000000066e+00
6.140853370396092206e-03 -1.778412000000000104e+00
6.160856150104222599e-03 -6.603329999999999478e-01
6.180858929812352992e-03 -1.157243000000000022e+00
6.200861709520483385e-03 -8.821839999999999682e-01
6.220864489228614645e-03 -2.495289999999999786e+00
6.240867268936745038e-03 -4.242323999999999984e+00
6.260870048644875431e-03 -2.698453000000000213e+00
6.280872828353005824e-03 -6.150419999999999776e-01
6.300875608061137084e-03 -1.113378999999999897e+00
6.320878387769267477e-03 -2.922445000000000181e+00
6.340881167477397870e-03 -3.682214000000000098e+00
6.360883947185528263e-03 -3.940660999999999969e+00
6.380886726893659523e-03 -1.519314999999999971e+00
6.400889506601789916e-03 1.054386000000000045e+00
6.420892286309920309e-03 1.793781000000000070e+00
6.440895066018050702e-03 1.330743000000000009e+00
6.460897845726181095e-03 7.789300000000000390e-02
6.480900625434312355e-03 -1.524181999999999926e+00
6.500903405142442748e-03 -1.811504000000000003e+00
6.520906184850573141e-03 -1.958798999999999957e+00
6.540908964558703534e-03 -1.724294999999999911e+00
6.560911744266834794e-03 -1.774972999999999912e+00
6.580914523974965187e-03 -6.834980000000000500e-01
6.600917303683095580e-03 1.551749999999999963e+00
6.620920083391225973e-03 1.711179000000000006e+00
6.640922863099357233e-03 -6.060219999999999496e-01
6.660925642807487626e-03 -3.000633999999999801e+00
6.680928422515618019e-03 -4.263411999999999757e+00
6.700931202223748412e-03 -4.268538000000000388e+00
6.720933981931878805e-03 -1.366440000000000099e+00
6.740936761640010065e-03 3.549629999999999730e-01
6.760939541348140458e-03 -3.317430000000000101e-01
6.780942321056270851e-03 -1.309533999999999976e+00
6.800945100764401244e-03 -2.295046999999999837e+00
6.820947880472532504e-03 -3.504551999999999889e+00
6.840950660180662897e-03 -3.332535000000000025e+00
6.860953439888793290e-03 -2.026996000000000020e+00
6.880956219596923683e-03 -1.384803000000000006e+00
6.900958999305054943e-03 -1.496679999999999955e-01
6.920961779013185336e-03 2.548229000000000077e+00
6.940964558721315729e-03 3.042606999999999839e+00
6.960967338429446122e-03 9.739910000000000512e-01
6.980970118137576515e-03 -1.564152999999999905e+00
7.000972897845707775e-03 -4.002759000000000178e+00
7.020975677553838168e-03 -4.480071999999999832e+00
7.040978457261968561e-03 -2.530978000000000172e+00
7.060981236970098954e-03 -6.356199999999999350e-02
7.080984016678230214e-03 1.205445000000000100e+00
7.100986796386360607e-03 7.973019999999999552e-01
7.120989576094491000e-03 -1.035123999999999933e+00
7.140992355802621393e-03 -2.613903999999999783e+00
7.160995135510752653e-03 -2.916799999999999837e+00
7.180997915218883046e-03 -4.069462999999999830e+00
7.201000694927013439e-03 -5.216415999999999720e+00
7.221003474635143832e-03 -3.651521999999999935e+00
7.241006254343274225e-03 -1.650128999999999957e+00
7.261009034051405485e-03 2.926710000000000145e-01
7.281011813759535878e-03 2.000706999999999791e+00
7.301014593467666271e-03 1.921608999999999901e+00
7.321017373175796664e-03 2.758650000000000269e-01
7.341020152883927924e-03 -1.156009999999999982e+00
7.361022932592058317e-03 -1.460072999999999954e+00
7.381025712300188710e-03 -9.547930000000000028e-01
7.401028492008319103e-03 -8.755659999999999554e-01
7.421031271716450363e-03 -1.922461999999999893e+00
7.441034051424580756e-03 -2.752568999999999821e+00
7.461036831132711149e-03 -2.099800000000000111e+00
7.481039610840841542e-03 -1.179240000000000066e+00
7.501042390548971935e-03 -7.278810000000000002e-01
7.521045170257103195e-03 -8.710229999999999917e-01
7.541047949965233588e-03 -1.233614999999999906e+00
7.561050729673363981e-03 -1.559805000000000108e+00
7.581053509381494374e-03 -1.382986999999999966e+00
7.601056289089625634e-03 -1.680949999999999944e+00
7.621059068797756027e-03 -2.250598999999999794e+00
7.641061848505886420e-03 -2.942820000000000213e+00
7.661064628214016813e-03 -3.038139000000000145e+00
7.681067407922147205e-03 -1.698145999999999933e+00
7.701070187630278466e-03 1.501129999999999964e-01
7.721072967338408859e-03 2.658070000000000155e-01
7.741075747046539252e-03 -3.403729999999999811e-01
7.761078526754669644e-03 -1.921690000000000065e-01
7.781081306462800905e-03 -6.057630000000000514e-01
7.801084086170931298e-03 -8.314420000000000144e-01
7.821086865879062558e-03 3.246600000000000041e-01
7.841089645587192083e-03 3.949340000000000073e-01
7.861092425295323344e-03 -1.305446000000000106e+00
7.881095205003452869e-03 -2.294916999999999874e+00
7.901097984711584130e-03 -2.671978999999999882e+00
7.921100764419715390e-03 -2.953006999999999938e+00
7.941103544127844915e-03 -2.443573999999999913e+00
7.961106323835976176e-03 -2.191746000000000194e+00
7.981109103544105701e-03 -2.259552999999999923e+00
8.001111883252236961e-03 -1.306289000000000033e+00
8.021114662960368222e-03 1.612089999999999912e-01
8.041117442668497747e-03 1.954039999999999944e-01
8.061120222376629008e-03 -9.381169999999999787e-01
8.081123002084760268e-03 -2.072157999999999944e+00
8.101125781792889793e-03 -2.974549999999999805e+00
8.121128561501021054e-03 -2.309321999999999875e+00
8.141131341209150579e-03 -8.860120000000000218e-01
8.161134120917281840e-03 1.488150000000000028e-01
8.181136900625413100e-03 6.989319999999999977e-01
8.201139680333542625e-03 5.936839999999999895e-01
8.221142460041673886e-03 2.771839999999999875e-05
8.241145239749803411e-03 -5.630669999999999842e-01
8.261148019457934671e-03 -1.279490999999999934e+00
8.281150799166065932e-03 -2.345399000000000012e+00
8.301153578874195457e-03 -3.273356999999999850e+00
8.321156358582326718e-03 -3.390738999999999947e+00
8.341159138290457978e-03 -2.448506000000000071e+00
8.361161917998587503e-03 -8.451330000000000231e-01
8.381164697706718764e-03 2.759300000000000086e-01
8.401167477414848289e-03 -1.034029999999999949e-01
8.421170257122979549e-03 -1.475840999999999958e+00
8.441173036831110810e-03 -2.559139000000000053e+00
8.461175816539240335e-03 -2.299329000000000178e+00
8.481178596247371596e-03 -1.525738999999999956e+00
8.501181375955501121e-03 -1.249837000000000087e+00
8.521184155663632381e-03 -1.316542000000000101e+00
8.541186935371763642e-03 -1.136479000000000017e+00
8.561189715079893167e-03 -2.931989999999999874e-01
8.581192494788024427e-03 4.797420000000000018e-01
8.601195274496155688e-03 1.376539999999999986e-01
8.621198054204285213e-03 -1.191567999999999961e+00
8.641200833912416474e-03 -2.264939000000000036e+00
8.661203613620545999e-03 -2.488735999999999837e+00
8.681206393328677259e-03 -1.680755999999999917e+00
8.701209173036808520e-03 -2.771719999999999740e-01
8.721211952744938045e-03 4.070030000000000037e-01
8.741214732453069305e-03 -8.666200000000000292e-02
8.761217512161198831e-03 -1.263657999999999948e+00
8.781220291869330091e-03 -2.002857999999999805e+00
8.801223071577461352e-03 -2.345724000000000142e+00
8.821225851285590877e-03 -2.761718000000000117e+00
8.841228630993722137e-03 -2.764962999999999838e+00
8.861231410701853398e-03 -2.469269999999999854e+00
8.881234190409982923e-03 -1.714952000000000032e+00
8.901236970118114183e-03 -1.207929999999999976e-01
8.921239749826243709e-03 1.015258999999999912e+00
8.941242529534374969e-03 4.291289999999999827e-01
8.961245309242506230e-03 -7.346300000000000052e-01
8.981248088950635755e-03 -1.619177000000000088e+00
9.001250868658767015e-03 -1.641304000000000096e+00
9.021253648366896541e-03 -8.019830000000000014e-01
9.041256428075027801e-03 -2.283119999999999872e-01
9.061259207783159061e-03 -7.439090000000000424e-01
9.081261987491288587e-03 -1.333931999999999896e+00
9.101264767199419847e-03 -1.761865000000000014e+00
9.121267546907551108e-03 -2.233792999999999918e+00
9.141270326615680633e-03 -2.524035000000000029e+00
9.161273106323811893e-03 -2.317952000000000012e+00
9.181275886031941419e-03 -1.848489999999999966e+00
9.201278665740072679e-03 -1.235173000000000076e+00
9.221281445448203939e-03 -3.255779999999999785e-01
9.241284225156333465e-03 3.359509999999999996e-01
9.261287004864464725e-03 1.186419999999999975e-01
9.281289784572594251e-03 -7.714210000000000234e-01
9.301292564280725511e-03 -2.011487999999999943e+00
9.321295343988856771e-03 -2.484907999999999895e+00
9.341298123696986297e-03 -1.775881000000000043e+00
9.361300903405117557e-03 -9.590760000000000396e-01
9.381303683113248817e-03 -7.545500000000000540e-01
9.401306462821378343e-03 -8.248879999999999546e-01
9.421309242529509603e-03 -9.521979999999999889e-01
9.441312022237639129e-03 -8.551260000000000527e-01
9.461314801945770389e-03 -8.918519999999999781e-01
9.481317581653901649e-03 -1.384997999999999951e+00
9.501320361362031175e-03 -2.021805000000000074e+00
9.521323141070162435e-03 -1.998899999999999899e+00
9.541325920778291961e-03 -1.322770999999999919e+00
9.561328700486423221e-03 -6.940749999999999975e-01
9.581331480194554481e-03 -8.802370000000000472e-01
9.601334259902684007e-03 -1.388632000000000088e+00
9.621337039610815267e-03 -1.373772999999999911e+00
9.641339819318946527e-03 -1.139788000000000023e+00
9.661342599027076053e-03 -1.038953000000000015e+00
9.681345378735207313e-03 -7.773910000000000542e-01
9.701348158443336839e-03 -8.871799999999999686e-01
9.721350938151468099e-03 -1.169181999999999944e+00
9.741353717859599359e-03 -1.512243000000000004e+00
9.761356497567728885e-03 -1.541441999999999979e+00
9.781359277275860145e-03 -1.014944000000000068e+00
9.801362056983989671e-03 -4.057790000000000008e-01
9.821364836692120931e-03 -1.981390000000000096e-01
9.841367616400252191e-03 -8.518170000000000464e-01
9.861370396108381717e-03 -1.623979000000000061e+00
9.881373175816512977e-03 -2.102590000000000181e+00
9.901375955524644237e-03 -2.613191000000000042e+00
9.921378735232773763e-03 -2.776578000000000213e+00
9.941381514940905023e-03 -2.245343000000000089e+00
9.961384294649034549e-03 -1.215640999999999972e+00
9.981387074357165809e-03 2.899459999999999815e-01
1.000138985406529707e-02 1.519371000000000027e+00
1.002139263377342659e-02 1.325096999999999969e+00
1.004139541348155786e-02 -1.995669999999999944e-01
1.006139819318968738e-02 -1.772637000000000018e+00
1.008140097289781864e-02 -2.512096000000000107e+00
1.010140375260594990e-02 -2.798379999999999868e+00
1.012140653231407943e-02 -2.446753999999999873e+00
1.014140931202221069e-02 -1.428797000000000095e+00
1.016141209173034195e-02 -4.861099999999999866e-01
1.018141487143847147e-02 -1.173540000000000000e-01
1.020141765114660273e-02 -1.450609999999999955e-01
1.022142043085473226e-02 -5.676090000000000302e-01
1.024142321056286352e-02 -1.175994999999999902e+00
1.026142599027099478e-02 -1.702039000000000080e+00
1.028142876997912430e-02 -2.077608000000000121e+00
1.030143154968725556e-02 -2.084356999999999793e+00
1.032143432939538509e-02 -1.496798999999999991e+00
1.034143710910351635e-02 -6.663679999999999604e-01
1.036143988881164761e-02 -4.737169999999999992e-01
1.038144266851977714e-02 -1.106954999999999911e+00
1.040144544822790840e-02 -1.674655999999999922e+00
1.042144822793603966e-02 -1.503613000000000088e+00
1.044145100764416918e-02 -8.113270000000000204e-01
1.046145378735230044e-02 -2.486220000000000097e-01
1.048145656706042997e-02 -2.673740000000000006e-01
1.050145934676856123e-02 -5.839609999999999523e-01
1.052146212647669249e-02 -7.051709999999999923e-01
1.054146490618482201e-02 -8.978220000000000089e-01
1.056146768589295327e-02 -1.556561000000000083e+00
1.058147046560108280e-02 -2.175005000000000077e+00
1.060147324530921406e-02 -2.443185000000000162e+00
1.062147602501734532e-02 -2.097398999999999791e+00
1.064147880472547485e-02 -1.140501999999999905e+00
1.066148158443360611e-02 -1.047659999999999980e-01
1.068148436414173737e-02 1.394060000000000021e-01
1.070148714384986689e-02 -4.731330000000000258e-01
1.072148992355799815e-02 -1.269822999999999924e+00
1.074149270326612768e-02 -1.946210999999999913e+00
1.076149548297425894e-02 -2.009411000000000058e+00
1.078149826268239020e-02 -1.511852999999999891e+00
1.080150104239051972e-02 -1.301422999999999996e+00
1.082150382209865098e-02 -1.477462999999999971e+00
1.084150660180678051e-02 -1.184625000000000039e+00
1.086150938151491177e-02 -5.907090000000000396e-01
1.088151216122304303e-02 -2.174109999999999931e-01
1.090151494093117256e-02 -3.654839999999999756e-01
1.092151772063930382e-02 -1.103061000000000069e+00
1.094152050034743508e-02 -1.651102000000000070e+00
1.096152328005556460e-02 -1.344897999999999927e+00
1.098152605976369586e-02 -6.559209999999999763e-01
1.100152883947182539e-02 -4.798160000000000203e-01
1.102153161917995665e-02 -8.050329999999999986e-01
1.104153439888808791e-02 -1.284097999999999962e+00
1.106153717859621743e-02 -1.729292000000000051e+00
1.108153995830434869e-02 -1.978590000000000071e+00
1.110154273801247822e-02 -2.069821999999999829e+00
1.112154551772060948e-02 -2.159820999999999991e+00
1.114154829742874074e-02 -2.113555999999999990e+00
1.116155107713687027e-02 -1.599906000000000050e+00
1.118155385684500153e-02 -6.701310000000000322e-01
1.120155663655313279e-02 1.992329999999999934e-01
1.122155941626126231e-02 5.296399999999999997e-01
1.124156219596939357e-02 4.616300000000000264e-02
1.126156497567752310e-02 -1.046024999999999983e+00
1.128156775538565436e-02 -1.948676999999999992e+00
1.130157053509378562e-02 -1.989621000000000084e+00
1.132157331480191514e-02 -1.592962999999999907e+00
1.134157609451004640e-02 -1.424125000000000085e+00
1.136157887421817593e-02 -1.467470000000000052e+00
1.138158165392630719e-02 -1.265929000000000082e+00
1.140158443363443845e-02 -7.663600000000000412e-01
1.142158721334256798e-02 -3.841069999999999762e-01
1.144158999305069924e-02 -5.951859999999999928e-01
1.146159277275883050e-02 -1.313816000000000095e+00
1.148159555246696002e-02 -1.847841000000000067e+00
1.150159833217509128e-02 -1.840638999999999914e+00
1.152160111188322081e-02 -1.635334000000000065e+00
1.154160389159135207e-02 -1.617361000000000049e+00
1.156160667129948333e-02 -1.584397999999999973e+00
1.158160945100761285e-02 -1.432949999999999946e+00
1.160161223071574411e-02 -1.200846999999999998e+00
1.162161501042387364e-02 -8.777719999999999967e-01
1.164161779013200490e-02 -5.044079999999999675e-01
1.166162056984013616e-02 -4.839040000000000008e-01
1.168162334954826569e-02 -8.044489999999999696e-01
1.170162612925639695e-02 -1.279620999999999897e+00
1.172162890896452821e-02 -1.547865999999999964e+00
1.174163168867265773e-02 -1.333736999999999950e+00
1.176163446838078899e-02 -9.445409999999999640e-01
1.178163724808891852e-02 -7.151629999999999932e-01
1.180164002779704978e-02 -9.143679999999999586e-01
1.182164280750518104e-02 -1.311805000000000110e+00
1.184164558721331056e-02 -1.460722000000000076e+00
1.186164836692144182e-02 -1.488752999999999993e+00
1.188165114662957135e-02 -1.730264999999999942e+00
1.190165392633770261e-02 -2.112842000000000109e+00
1.192165670604583387e-02 -2.025633000000000017e+00
1.194165948575396340e-02 -1.261711999999999945e+00
1.196166226546209466e-02 -4.843580000000000108e-01
1.198166504517022592e-02 -2.711379999999999901e-01
1.200166782487835544e-02 -6.821359999999999646e-01
1.202167060458648670e-02 -1.235238000000000058e+00
1.204167338429461623e-02 -1.491154000000000091e+00
1.206167616400274749e-02 -1.548515000000000086e+00
1.208167894371087875e-02 -1.401154999999999928e+00
1.210168172341900827e-02 -9.699769999999999781e-01
1.212168450312713953e-02 -7.441680000000000517e-01
1.214168728283526906e-02 -7.906279999999999974e-01
1.216169006254340032e-02 -9.119669999999999721e-01
1.218169284225153158e-02 -1.216615000000000002e+00
1.220169562195966111e-02 -1.656552999999999942e+00
1.222169840166779237e-02 -1.852708000000000022e+00
1.224170118137592363e-02 -1.726696000000000009e+00
1.226170396108405315e-02 -1.315827999999999998e+00
1.228170674079218441e-02 -6.027130000000000543e-01
1.230170952050031394e-02 -1.160560000000000064e-01
1.232171230020844520e-02 -2.981960000000000166e-01
1.234171507991657646e-02 -1.150039999999999951e+00
1.236171785962470598e-02 -2.038415999999999784e+00
1.238172063933283724e-02 -2.453047999999999895e+00
1.240172341904096677e-02 -2.134450000000000180e+00
1.242172619874909803e-02 -1.360989999999999922e+00
1.244172897845722929e-02 -7.239229999999999832e-01
1.246173175816535882e-02 -2.989740000000000175e-01
1.248173453787349008e-02 -6.252399999999999625e-02
1.250173731758162134e-02 -3.432279999999999776e-01
1.252174009728975086e-02 -1.074057000000000039e+00
1.254174287699788212e-02 -1.863609000000000071e+00
1.256174565670601165e-02 -2.333654999999999813e+00
1.258174843641414291e-02 -2.248263000000000122e+00
1.260175121612227417e-02 -1.606265000000000054e+00
1.262175399583040369e-02 -8.560990000000000544e-01
1.264175677553853495e-02 -3.758009999999999962e-01
1.266175955524666448e-02 -3.582819999999999894e-01
1.268176233495479574e-02 -7.512410000000000476e-01
1.270176511466292700e-02 -1.269174000000000024e+00
1.272176789437105653e-02 -1.525933999999999902e+00
1.274177067407918779e-02 -1.545984000000000025e+00
1.276177345378731905e-02 -1.496345000000000036e+00
1.278177623349544857e-02 -1.418998999999999899e+00
1.280177901320357983e-02 -1.328157000000000032e+00
1.282178179291170936e-02 -1.196045000000000025e+00
1.284178457261984062e-02 -1.074316000000000049e+00
1.286178735232797188e-02 -1.057639999999999914e+00
1.288179013203610140e-02 -1.250161999999999995e+00
1.290179291174423266e-02 -1.431847000000000092e+00
1.292179569145236219e-02 -1.313752000000000031e+00
1.294179847116049345e-02 -9.800349999999999895e-01
1.296180125086862471e-02 -6.608519999999999950e-01
1.298180403057675424e-02 -7.404049999999999798e-01
1.300180681028488550e-02 -1.023898999999999893e+00
1.302180958999301676e-02 -1.336656999999999984e+00
1.304181236970114628e-02 -1.404854000000000047e+00
1.306181514940927754e-02 -1.391291999999999973e+00
1.308181792911740707e-02 -1.374227000000000087e+00
1.310182070882553833e-02 -1.451832000000000011e+00
1.312182348853366959e-02 -1.419064000000000103e+00
1.314182626824179911e-02 -1.300124999999999975e+00
1.316182904794993037e-02 -1.068022000000000027e+00
1.318183182765805990e-02 -8.940590000000000481e-01
1.320183460736619116e-02 -8.304690000000000127e-01
1.322183738707432242e-02 -1.050826999999999956e+00
1.324184016678245195e-02 -1.226801999999999948e+00
1.326184294649058321e-02 -1.254378999999999911e+00
1.328184572619871447e-02 -1.212785999999999920e+00
1.330184850590684399e-02 -1.349504999999999955e+00
1.332185128561497525e-02 -1.549941999999999931e+00
1.334185406532310478e-02 -1.659213000000000049e+00
1.336185684503123604e-02 -1.485962999999999923e+00
1.338185962473936730e-02 -1.098065000000000069e+00
1.340186240444749682e-02 -8.503239999999999688e-01
1.342186518415562808e-02 -9.245560000000000445e-01
1.344186796386375761e-02 -1.120451000000000086e+00
1.346187074357188887e-02 -1.285979999999999901e+00
1.348187352328002013e-02 -1.216096000000000066e+00
1.350187630298814966e-02 -1.090473000000000026e+00
1.352187908269628092e-02 -1.101374000000000075e+00
1.354188186240441218e-02 -1.197602999999999973e+00
1.356188464211254170e-02 -1.228553999999999924e+00
1.358188742182067296e-02 -1.174762000000000084e+00
1.360189020152880249e-02 -1.193580000000000085e+00
1.362189298123693375e-02 -1.303628999999999927e+00
1.364189576094506501e-02 -1.499654000000000043e+00
1.366189854065319453e-02 -1.521131999999999929e+00
1.368190132036132579e-02 -1.346001000000000003e+00
1.370190410006945532e-02 -1.115455000000000085e+00
1.372190687977758658e-02 -8.128189999999999582e-01
1.374190965948571784e-02 -7.069879999999999498e-01
1.376191243919384737e-02 -9.712749999999999995e-01
1.378191521890197863e-02 -1.505948999999999982e+00
1.380191799861010989e-02 -1.695225999999999900e+00
1.382192077831823941e-02 -1.640980000000000105e+00
1.384192355802637067e-02 -1.531255000000000033e+00
1.386192633773450020e-02 -1.414846000000000048e+00
1.388192911744263146e-02 -1.188843000000000094e+00
1.390193189715076272e-02 -7.835550000000000015e-01
1.392193467685889224e-02 -4.796210000000000195e-01
1.394193745656702350e-02 -5.081719999999999571e-01
1.396194023627515303e-02 -1.031619999999999981e+00
1.398194301598328429e-02 -1.659213000000000049e+00
1.400194579569141555e-02 -2.034783000000000008e+00
1.402194857539954508e-02 -1.877818999999999905e+00
1.404195135510767634e-02 -1.430160000000000098e+00
1.406195413481580760e-02 -1.000928000000000040e+00
1.408195691452393712e-02 -7.564969999999999750e-01
1.410195969423206838e-02 -6.681200000000000472e-01
1.412196247394019791e-02 -6.615659999999999874e-01
1.414196525364832917e-02 -9.792560000000000153e-01
1.416196803335646043e-02 -1.530801000000000078e+00
1.418197081306458995e-02 -1.920190999999999981e+00
1.420197359277272121e-02 -1.932973999999999970e+00
1.422197637248085074e-02 -1.619566999999999979e+00
1.424197915218898200e-02 -1.147834000000000021e+00
1.426198193189711326e-02 -5.962239999999999762e-01
1.428198471160524279e-02 -3.696369999999999933e-01
1.430198749131337405e-02 -6.537150000000000460e-01
1.432199027102150531e-02 -1.110913000000000039e+00
1.434199305072963483e-02 -1.497967000000000048e+00
1.436199583043776609e-02 -1.606070000000000109e+00
1.438199861014589562e-02 -1.479149999999999965e+00
1.440200138985402688e-02 -1.294154999999999944e+00
1.442200416956215814e-02 -1.156917999999999891e+00
1.444200694927028766e-02 -1.059002999999999917e+00
1.446200972897841892e-02 -9.641370000000000218e-01
1.448201250868654845e-02 -1.001772000000000107e+00
1.450201528839467971e-02 -1.274364999999999970e+00
1.452201806810281097e-02 -1.510620000000000074e+00
1.454202084781094050e-02 -1.582969999999999988e+00
1.456202362751907176e-02 -1.333218000000000014e+00
1.458202640722720302e-02 -9.659539999999999793e-01
1.460202918693533254e-02 -8.165829999999999478e-01
1.462203196664346380e-02 -9.398039999999999727e-01
1.464203474635159333e-02 -1.176773999999999987e+00
1.466203752605972459e-02 -1.372020999999999935e+00
1.468204030576785585e-02 -1.435675000000000034e+00
1.470204308547598537e-02 -1.267616000000000076e+00
1.472204586518411663e-02 -1.111496999999999957e+00
1.474204864489224616e-02 -9.619959999999999622e-01
1.476205142460037742e-02 -8.379959999999999631e-01
1.478205420430850868e-02 -8.215789999999999482e-01
1.480205698401663821e-02 -9.481749999999999901e-01
1.482205976372476947e-02 -1.135116000000000014e+00
1.484206254343290073e-02 -1.356448000000000098e+00
1.486206532314103025e-02 -1.560842999999999980e+00
1.488206810284916151e-02 -1.500693000000000055e+00
1.490207088255729104e-02 -1.220183999999999935e+00
1.492207366226542230e-02 -9.268920000000000492e-01
1.494207644197355356e-02 -8.853640000000000398e-01
1.496207922168168308e-02 -1.022860000000000102e+00
1.498208200138981434e-02 -1.067892000000000063e+00
1.500208478109794387e-02 -1.047776999999999958e+00
1.502208756080607513e-02 -1.027273000000000103e+00
1.504209034051420639e-02 -1.030582000000000109e+00
1.506209312022233592e-02 -1.072240000000000082e+00
1.508209589993046718e-02 -1.139723000000000042e+00
1.510209867963859844e-02 -1.123761000000000010e+00
1.512210145934672796e-02 -1.134271999999999947e+00
1.514210423905485922e-02 -1.163731000000000071e+00
1.516210701876298875e-02 -1.219470000000000054e+00
1.518210979847112001e-02 -1.249643000000000059e+00
1.520211257817925127e-02 -1.264826000000000006e+00
1.522211535788738079e-02 -1.213176000000000032e+00
1.524211813759551205e-02 -1.223233000000000015e+00
1.526212091730364158e-02 -1.233160999999999952e+00
1.528212369701177284e-02 -1.178460999999999981e+00
1.530212647671990410e-02 -1.083660000000000068e+00
1.532212925642803363e-02 -8.937340000000000284e-01
1.534213203613616489e-02 -6.880399999999999849e-01
1.536213481584429441e-02 -5.889569999999999528e-01
1.538213759555242567e-02 -7.638939999999999619e-01
1.540214037526055693e-02 -1.142382999999999926e+00
1.542214315496868646e-02 -1.434701999999999922e+00
1.544214593467681772e-02 -1.539106000000000085e+00
1.546214871438494898e-02 -1.546893000000000074e+00
1.548215149409307850e-02 -1.484990000000000032e+00
1.550215427380120976e-02 -1.285979999999999901e+00
1.552215705350933929e-02 -9.686789999999999567e-01
1.554215983321747055e-02 -6.598789999999999933e-01
1.556216261292560181e-02 -6.156260000000000066e-01
1.558216539263373134e-02 -8.877000000000000446e-01
1.560216817234186260e-02 -1.297919000000000045e+00
1.562217095204999212e-02 -1.504520999999999997e+00
1.564217373175812512e-02 -1.535408000000000106e+00
1.566217651146625464e-02 -1.360081000000000095e+00
1.568217929117438417e-02 -1.070618000000000070e+00
1.570218207088251369e-02 -8.361140000000000239e-01
1.572218485059064669e-02 -8.450029999999999486e-01
1.574218763029877621e-02 -9.352620000000000378e-01
1.576219041000690574e-02 -1.076327999999999951e+00
1.578219318971503873e-02 -1.202533999999999992e+00
1.580219596942316826e-02 -1.275468000000000046e+00
1.582219874913129778e-02 -1.243802999999999992e+00
1.584220152883943078e-02 -1.195071999999999912e+00
1.586220430854756031e-02 -9.460979999999999945e-01
1.588220708825568983e-02 -7.224310000000000453e-01
1.590220986796382283e-02 -7.088689999999999714e-01
1.592221264767195235e-02 -9.572589999999999710e-01
1.594221542738008188e-02 -1.434766999999999904e+00
1.596221820708821140e-02 -1.692045999999999939e+00
1.598222098679634440e-02 -1.612104999999999899e+00
1.600222376650447392e-02 -1.278518000000000043e+00
1.602222654621260345e-02 -9.821109999999999562e-01
1.604222932592073644e-02 -8.221629999999999772e-01
1.606223210562886597e-02 -6.738300000000000400e-01
1.608223488533699549e-02 -6.102400000000000047e-01
1.610223766504512849e-02 -7.487749999999999684e-01
1.612224044475325802e-02 -1.011570000000000080e+00
1.614224322446138754e-02 -1.254185000000000105e+00
1.616224600416952054e-02 -1.393823000000000034e+00
1.618224878387765006e-02 -1.372409999999999908e+00
1.620225156358577959e-02 -1.187415000000000109e+00
1.622225434329390911e-02 -1.008585000000000065e+00
1.624225712300204211e-02 -9.399340000000000472e-01
1.626225990271017163e-02 -1.007741999999999916e+00
1.628226268241830116e-02 -1.159059000000000061e+00
1.630226546212643415e-02 -1.235497000000000067e+00
1.632226824183456368e-02 -1.150493999999999906e+00
1.634227102154269320e-02 -9.810079999999999911e-01
1.636227380125082620e-02 -8.779019999999999602e-01
1.638227658095895573e-02 -9.224139999999999562e-01
1.640227936066708525e-02 -1.022340999999999944e+00
1.642228214037521825e-02 -1.120192000000000077e+00
1.644228492008334777e-02 -1.202728999999999937e+00
1.646228769979147730e-02 -1.394017000000000062e+00
1.648229047949960682e-02 -1.570901000000000103e+00
1.650229325920773982e-02 -1.527036999999999978e+00
1.652229603891586934e-02 -1.292208999999999941e+00
1.654229881862399887e-02 -9.043759999999999577e-01
1.656230159833213186e-02 -6.250989999999999602e-01
1.658230437804026139e-02 -6.141980000000000217e-01
1.660230715774839091e-02 -8.089260000000000339e-01
1.662230993745652391e-02 -1.019746000000000041e+00
1.664231271716465344e-02 -1.199613999999999958e+00
1.666231549687278296e-02 -1.273327000000000098e+00
1.668231827658091596e-02 -1.273196999999999912e+00
1.670232105628904548e-02 -1.202469000000000010e+00
1.672232383599717501e-02 -1.110652999999999890e+00
1.674232661570530453e-02 -9.612819999999999698e-01
1.676232939541343753e-02 -8.330640000000000267e-01
1.678233217512156705e-02 -8.560339999999999616e-01
1.680233495482969658e-02 -1.001317999999999930e+00
1.682233773453782957e-02 -1.214409000000000072e+00
1.684234051424595910e-02 -1.334125999999999923e+00
1.686234329395408862e-02 -1.335812999999999917e+00
1.688234607366222162e-02 -1.276570999999999900e+00
1.690234885337035114e-02 -1.215251999999999999e+00
1.692235163307848067e-02 -1.204415999999999931e+00
1.694235441278661367e-02 -1.102348000000000106e+00
1.696235719249474319e-02 -9.716639999999999722e-01
1.698235997220287272e-02 -8.697909999999999808e-01
1.700236275191100224e-02 -8.696610000000000174e-01
1.702236553161913524e-02 -9.575190000000000090e-01
1.704236831132726476e-02 -1.083855000000000013e+00
1.706237109103539429e-02 -1.202922999999999965e+00
1.708237387074352728e-02 -1.221935999999999911e+00
1.710237665045165681e-02 -1.211228999999999889e+00
1.712237943015978633e-02 -1.164055999999999980e+00
1.714238220986791933e-02 -1.108576999999999924e+00
1.716238498957604885e-02 -1.065492000000000106e+00
1.718238776928417838e-02 -1.051021999999999901e+00
1.720239054899231138e-02 -1.083140999999999909e+00
1.722239332870044090e-02 -1.195397000000000043e+00
1.724239610840857043e-02 -1.328999999999999959e+00
1.726239888811669995e-02 -1.375070000000000014e+00
1.728240166782483295e-02 -1.299345999999999890e+00
1.730240444753296247e-02 -1.041417999999999955e+00
1.732240722724109200e-02 -8.276139999999999608e-01
1.734241000694922499e-02 -7.532520000000000326e-01
1.736241278665735452e-02 -9.097610000000000419e-01
1.738241556636548404e-02 -1.077820000000000000e+00
1.740241834607361704e-02 -1.249578000000000078e+00
1.742242112578174656e-02 -1.358459000000000083e+00
1.744242390548987609e-02 -1.394860999999999907e+00
1.746242668519800909e-02 -1.349893999999999927e+00
1.748242946490613861e-02 -1.115974000000000022e+00
1.750243224461426814e-02 -8.878289999999999793e-01
1.752243502432239766e-02 -7.624659999999999771e-01
1.754243780403053066e-02 -8.746570000000000178e-01
1.756244058373866018e-02 -1.101374000000000075e+00
1.758244336344678971e-02 -1.327636999999999956e+00
1.760244614315492270e-02 -1.440023000000000053e+00
1.762244892286305223e-02 -1.374681000000000042e+00
1.764245170257118175e-02 -1.208178999999999892e+00
1.766245448227931475e-02 -1.034021000000000079e+00
1.768245726198744427e-02 -9.667980000000000462e-01
1.770246004169557380e-02 -1.004691999999999918e+00
1.772246282140370680e-02 -1.120257000000000058e+00
1.774246560111183632e-02 -1.207920000000000105e+00
1.776246838081996585e-02 -1.247047000000000017e+00
1.778247116052809537e-02 -1.220703000000000094e+00
1.780247394023622837e-02 -1.138684999999999947e+00
1.782247671994435789e-02 -1.023379999999999956e+00
1.784247949965248742e-02 -9.218300000000000383e-01
1.786248227936062041e-02 -9.309150000000000480e-01
1.788248505906874994e-02 -1.085412000000000043e+00
1.790248783877687946e-02 -1.348530999999999924e+00
1.792249061848501246e-02 -1.506596999999999964e+00
1.794249339819314198e-02 -1.456050000000000066e+00
1.796249617790127151e-02 -1.230890000000000040e+00
1.798249895760940451e-02 -9.664730000000000265e-01
1.800250173731753403e-02 -8.066550000000000109e-01
1.802250451702566356e-02 -7.978300000000000392e-01
1.804250729673379308e-02 -8.869860000000000522e-01
1.806251007644192608e-02 -1.042650999999999994e+00
1.808251285615005560e-02 -1.238027999999999906e+00
1.810251563585818513e-02 -1.352360000000000007e+00
1.812251841556631812e-02 -1.349245000000000028e+00
1.814252119527444765e-02 -1.280270000000000019e+00
1.816252397498257717e-02 -1.134271999999999947e+00
1.818252675469071017e-02 -9.985920000000000352e-01
1.820252953439883969e-02 -9.555069999999999952e-01
1.822253231410696922e-02 -1.056602000000000041e+00
1.824253509381510222e-02 -1.209737000000000062e+00
1.826253787352323174e-02 -1.352943999999999924e+00
1.828254065323136127e-02 -1.357096000000000080e+00
1.830254343293949079e-02 -1.236795000000000089e+00
1.832254621264762379e-02 -1.101050000000000084e+00
1.834254899235575331e-02 -1.008326000000000056e+00
1.836255177206388284e-02 -9.853549999999999809e-01
1.838255455177201583e-02 -1.014620000000000077e+00
1.840255733148014536e-02 -1.083205999999999891e+00
1.842256011118827488e-02 -1.151467999999999936e+00
1.844256289089640788e-02 -1.285460999999999965e+00
1.846256567060453740e-02 -1.347428000000000070e+00
1.848256845031266693e-02 -1.296426999999999996e+00
1.850257123002079993e-02 -1.163276999999999894e+00
1.852257400972892945e-02 -1.030062999999999951e+00
1.854257678943705898e-02 -9.520680000000000254e-01
1.856257956914518850e-02 -9.445409999999999640e-01
1.858258234885332150e-02 -9.724429999999999463e-01
1.860258512856145102e-02 -1.012477999999999989e+00
1.862258790826958055e-02 -1.088980999999999977e+00
1.864259068797771354e-02 -1.201171999999999906e+00
1.866259346768584307e-02 -1.339123000000000063e+00
1.868259624739397259e-02 -1.376821999999999990e+00
1.870259902710210559e-02 -1.357420999999999989e+00
1.872260180681023511e-02 -1.230890000000000040e+00
1.874260458651836464e-02 -1.095469999999999944e+00
1.876260736622649763e-02 -1.008844999999999992e+00
1.878261014593462716e-02 -9.836679999999999868e-01
1.880261292564275669e-02 -9.906110000000000193e-01
1.882261570535088621e-02 -1.015139000000000014e+00
1.884261848505901921e-02 -1.072305000000000064e+00
1.886262126476714873e-02 -1.153154999999999930e+00
1.888262404447527826e-02 -1.235886000000000040e+00
1.890262682418341125e-02 -1.217263999999999902e+00
1.892262960389154078e-02 -1.132390999999999925e+00
1.894263238359967030e-02 -1.036810999999999927e+00
1.896263516330780330e-02 -9.812030000000000474e-01
1.898263794301593282e-02 -1.043169999999999931e+00
1.900264072272406235e-02 -1.122657999999999934e+00
1.902264350243219534e-02 -1.201495999999999897e+00
1.904264628214032487e-02 -1.186701999999999924e+00
1.906264906184845440e-02 -1.155750000000000055e+00
1.908265184155658392e-02 -1.146082000000000045e+00
1.910265462126471692e-02 -1.136414000000000035e+00
1.912265740097284644e-02 -1.132714999999999916e+00
1.914266018068097597e-02 -1.126875000000000071e+00
1.916266296038910896e-02 -1.160487000000000046e+00
1.918266574009723849e-02 -1.221870999999999929e+00
1.920266851980536801e-02 -1.309274000000000049e+00
1.922267129951350101e-02 -1.313881000000000077e+00
1.924267407922163053e-02 -1.202274999999999983e+00
1.926267685892976006e-02 -9.843819999999999792e-01
1.928267963863789305e-02 -7.945860000000000145e-01
1.930268241834602258e-02 -7.601949999999999541e-01
1.932268519805415211e-02 -8.861419999999999852e-01
1.934268797776228163e-02 -1.049269999999999925e+00
1.936269075747041463e-02 -1.186571999999999960e+00
1.938269353717854415e-02 -1.251200000000000090e+00
1.940269631688667368e-02 -1.297269999999999923e+00
1.942269909659480667e-02 -1.290456999999999965e+00
1.944270187630293620e-02 -1.250810999999999895e+00
1.946270465601106572e-02 -1.162822999999999940e+00
1.948270743571919872e-02 -1.102997000000000005e+00
1.950271021542732824e-02 -1.115520000000000067e+00
1.952271299513545777e-02 -1.239649999999999919e+00
1.954271577484359076e-02 -1.359691999999999901e+00
1.956271855455172029e-02 -1.377731000000000039e+00
1.958272133425984982e-02 -1.276505999999999919e+00
1.960272411396797934e-02 -1.108835999999999933e+00
1.962272689367611234e-02 -9.449950000000000294e-01
1.964272967338424186e-02 -9.148870000000000058e-01
1.966273245309237139e-02 -9.953480000000000105e-01
1.968273523280050438e-02 -1.129990000000000050e+00
1.970273801250863391e-02 -1.231473999999999958e+00
1.972274079221676343e-02 -1.261776999999999926e+00
1.974274357192489643e-02 -1.212461999999999929e+00
1.976274635163302595e-02 -1.120386000000000104e+00
1.978274913134115548e-02 -1.008326000000000056e+00
1.980275191104928847e-02 -8.914630000000000054e-01
1.982275469075741800e-02 -8.645350000000000534e-01
1.984275747046554753e-02 -9.911950000000000482e-01
1.986276025017367705e-02 -1.216874000000000011e+00
1.988276302988181005e-02 -1.448134000000000032e+00
1.990276580958993957e-02 -1.564802000000000026e+00
1.992276858929806910e-02 -1.462863000000000024e+00
1.994277136900620209e-02 -1.277155000000000040e+00
1.996277414871433162e-02 -1.072759000000000018e+00
1.998277692842246114e-02 -9.289680000000000160e-01
2.000277970813059414e-02 -8.917869999999999964e-01
2.002278248783872366e-02 -9.237769999999999593e-01
2.004278526754685319e-02 -9.786070000000000046e-01
2.006278804725498618e-02 -1.041936999999999891e+00
2.008279082696311571e-02 -1.123177000000000092e+00
2.010279360667124524e-02 -1.174762000000000084e+00
2.012279638637937476e-02 -1.164314999999999989e+00
2.014279916608750776e-02 -1.121490000000000098e+00
2.016280194579563728e-02 -1.123370999999999897e+00
2.018280472550376681e-02 -1.142773000000000039e+00
2.020280750521189980e-02 -1.189167000000000085e+00
2.022281028492002933e-02 -1.227190999999999921e+00
2.024281306462815885e-02 -1.207724999999999937e+00
2.026281584433629185e-02 -1.142643000000000075e+00
2.028281862404442137e-02 -1.068281999999999954e+00
2.030282140375255090e-02 -1.052708999999999895e+00
2.032282418346068389e-02 -1.048491000000000062e+00
2.034282696316881342e-02 -1.072564000000000073e+00
2.036282974287694295e-02 -1.105396999999999963e+00
2.038283252258507247e-02 -1.141928999999999972e+00
2.040283530229320547e-02 -1.157308000000000003e+00
2.042283808200133499e-02 -1.174697000000000102e+00
2.044284086170946452e-02 -1.158085999999999949e+00
2.046284364141759751e-02 -1.143356999999999957e+00
2.048284642112572704e-02 -1.109291000000000027e+00
2.050284920083385656e-02 -1.084827999999999903e+00
2.052285198054198956e-02 -1.070292999999999939e+00
2.054285476025011908e-02 -1.050437999999999983e+00
2.056285753995824861e-02 -1.034993999999999970e+00
2.058286031966638160e-02 -1.024027999999999938e+00
2.060286309937451113e-02 -1.064778000000000002e+00
2.062286587908264066e-02 -1.144134999999999902e+00
2.064286865879077018e-02 -1.230760000000000076e+00
2.066287143849890318e-02 -1.271833999999999909e+00
2.068287421820703270e-02 -1.279814999999999925e+00
2.070287699791516223e-02 -1.202145000000000019e+00
2.072287977762329522e-02 -1.167040999999999995e+00
2.074288255733142475e-02 -1.112470000000000070e+00
2.076288533703955427e-02 -1.070357999999999921e+00
2.078288811674768727e-02 -1.047452999999999967e+00
2.080289089645581679e-02 -1.066270000000000051e+00
2.082289367616394632e-02 -1.140047000000000033e+00
2.084289645587207931e-02 -1.186506999999999978e+00
2.086289923558020884e-02 -1.178590999999999944e+00
2.088290201528833837e-02 -1.148547999999999902e+00
2.090290479499646789e-02 -1.106824999999999948e+00
2.092290757470460089e-02 -1.113507999999999942e+00
2.094291035441273041e-02 -1.159513999999999934e+00
2.096291313412085994e-02 -1.241791000000000089e+00
2.098291591382899293e-02 -1.269303999999999988e+00
2.100291869353712246e-02 -1.197278000000000064e+00
2.102292147324525198e-02 -1.091382000000000074e+00
2.104292425295338498e-02 -9.921039999999999859e-01
2.106292703266151450e-02 -9.395449999999999635e-01
2.108292981236964403e-02 -9.442819999999999547e-01
2.110293259207777702e-02 -1.010078000000000031e+00
2.112293537178590655e-02 -1.132975000000000065e+00
2.114293815149403608e-02 -1.279036999999999979e+00
2.116294093120216560e-02 -1.394276999999999989e+00
2.118294371091029860e-02 -1.432431000000000010e+00
2.120294649061842812e-02 -1.305185999999999957e+00
2.122294927032655765e-02 -1.105396999999999963e+00
2.124295205003469064e-02 -9.137840000000000407e-01
2.126295482974282017e-02 -8.355299999999999949e-01
2.128295760945094969e-02 -8.806270000000000486e-01
2.130296038915908269e-02 -1.030192999999999914e+00
2.132296316886721221e-02 -1.159448999999999952e+00
2.134296594857534174e-02 -1.262815000000000021e+00
2.136296872828347473e-02 -1.280853999999999937e+00
2.138297150799160426e-02 -1.260283999999999960e+00
2.140297428769973379e-02 -1.199419999999999931e+00
2.142297706740786331e-02 -1.124279999999999946e+00
2.144297984711599631e-02 -1.073147999999999991e+00
2.146298262682412583e-02 -1.060754999999999892e+00
2.148298540653225536e-02 -1.128951999999999956e+00
2.150298818624038835e-02 -1.199939000000000089e+00
2.152299096594851788e-02 -1.235756999999999994e+00
2.154299374565664740e-02 -1.201820000000000110e+00
2.156299652536478040e-02 -1.092678999999999956e+00
2.158299930507290992e-02 -9.810079999999999911e-01
2.160300208478103945e-02 -9.525869999999999616e-01
2.162300486448917244e-02 -9.762060000000000182e-01
2.164300764419730197e-02 -1.061792999999999987e+00
2.166301042390543150e-02 -1.140956000000000081e+00
2.168301320361356102e-02 -1.183910999999999936e+00
2.170301598332169402e-02 -1.190334999999999921e+00
2.172301876302982354e-02 -1.163407000000000080e+00
2.174302154273795307e-02 -1.109680000000000000e+00
2.176302432244608606e-02 -1.045830999999999955e+00
2.178302710215421559e-02 -9.771149999999999558e-01
2.180302988186234511e-02 -9.660189999999999610e-01
2.182303266157047811e-02 -1.017798999999999898e+00
2.184303544127860763e-02 -1.117920999999999943e+00
2.186303822098673716e-02 -1.197602999999999973e+00
2.188304100069487015e-02 -1.196758999999999906e+00
2.190304378040299968e-02 -1.174697000000000102e+00
2.192304656011112921e-02 -1.148222999999999994e+00
2.194304933981925873e-02 -1.098648999999999987e+00
2.196305211952739173e-02 -1.090667999999999971e+00
2.198305489923552125e-02 -1.079506999999999994e+00
2.200305767894365078e-02 -1.060170999999999975e+00
2.202306045865178377e-02 -1.033306999999999976e+00
2.204306323835991330e-02 -1.055369000000000002e+00
2.206306601806804282e-02 -1.047258000000000022e+00
2.208306879777617582e-02 -1.052189999999999959e+00
2.210307157748430534e-02 -1.050113000000000074e+00
2.212307435719243487e-02 -1.102282999999999902e+00
2.214307713690056786e-02 -1.149650999999999978e+00
2.216307991660869739e-02 -1.192671000000000037e+00
2.218308269631682692e-02 -1.236925000000000052e+00
2.220308547602495644e-02 -1.204091000000000022e+00
2.222308825573308944e-02 -1.158539999999999903e+00
2.224309103544121896e-02 -1.124668999999999919e+00
2.226309381514934849e-02 -1.073992000000000058e+00
2.228309659485748148e-02 -1.044921999999999906e+00
2.230309937456561101e-02 -1.049269999999999925e+00
2.232310215427374053e-02 -1.050826999999999956e+00
2.234310493398187353e-02 -1.085930999999999980e+00
2.236310771369000305e-02 -1.109939999999999927e+00
2.238311049339813258e-02 -1.137126999999999999e+00
2.240311327310626557e-02 -1.155685000000000073e+00
2.242311605281439510e-02 -1.143875999999999893e+00
2.244311883252252462e-02 -1.133040000000000047e+00
2.246312161223065415e-02 -1.098324999999999996e+00
2.248312439193878715e-02 -1.081388999999999934e+00
2.250312717164691667e-02 -1.051280999999999910e+00
2.252312995135504620e-02 -1.032658000000000076e+00
2.254313273106317919e-02 -1.027403000000000066e+00
2.256313551077130872e-02 -1.048426000000000080e+00
2.258313829047943824e-02 -1.105787000000000075e+00
2.260314107018757124e-02 -1.189167000000000085e+00
2.262314384989570076e-02 -1.221092000000000066e+00
2.264314662960383029e-02 -1.185143999999999975e+00
2.266314940931196328e-02 -1.144395000000000051e+00
2.268315218902009281e-02 -1.087877999999999901e+00
2.270315496872822233e-02 -1.065881000000000078e+00
2.272315774843635186e-02 -1.079766999999999921e+00
2.274316052814448486e-02 -1.099232999999999905e+00
2.276316330785261438e-02 -1.126486000000000098e+00
2.278316608756074391e-02 -1.146730999999999945e+00
2.280316886726887690e-02 -1.164250000000000007e+00
2.282317164697700643e-02 -1.137451999999999908e+00
2.284317442668513595e-02 -1.062572000000000072e+00
2.286317720639326895e-02 -9.943750000000000089e-01
2.288317998610139847e-02 -9.669269999999999810e-01
2.290318276580952800e-02 -1.004431999999999992e+00
2.292318554551766099e-02 -1.097610999999999892e+00
2.294318832522579052e-02 -1.213111000000000050e+00
2.296319110493392004e-02 -1.258467000000000002e+00
2.298319388464204957e-02 -1.225375000000000103e+00
2.300319666435018257e-02 -1.141280000000000072e+00
2.302319944405831209e-02 -1.042845999999999940e+00
2.304320222376644162e-02 -9.692629999999999857e-01
2.306320500347457461e-02 -9.638780000000000125e-01
2.308320778318270414e-02 -1.010661999999999949e+00
2.310321056289083366e-02 -1.109485000000000054e+00
2.312321334259896666e-02 -1.210644999999999971e+00
2.314321612230709618e-02 -1.289612999999999898e+00
2.316321890201522571e-02 -1.298891999999999936e+00
2.318322168172335870e-02 -1.217457999999999929e+00
2.320322446143148823e-02 -1.106500999999999957e+00
2.322322724113961775e-02 -1.018253000000000075e+00
2.324323002084774728e-02 -1.000863999999999976e+00
2.326323280055588028e-02 -1.025001999999999969e+00
2.328323558026400980e-02 -1.091901000000000010e+00
2.330323835997213933e-02 -1.127264999999999961e+00
2.332324113968027232e-02 -1.119024000000000019e+00
2.334324391938840185e-02 -1.094302000000000108e+00
2.336324669909653137e-02 -1.057639999999999914e+00
2.338324947880466437e-02 -1.030127999999999933e+00
2.340325225851279389e-02 -1.046349999999999891e+00
2.342325503822092342e-02 -1.081129000000000007e+00
2.344325781792905641e-02 -1.129016999999999937e+00
2.346326059763718594e-02 -1.186377000000000015e+00
2.348326337734531546e-02 -1.187415000000000109e+00
2.350326615705344499e-02 -1.174112999999999962e+00
2.352326893676157799e-02 -1.118764000000000092e+00
2.354327171646970751e-02 -1.070488000000000106e+00
2.356327449617783704e-02 -1.039082000000000061e+00
2.358327727588597003e-02 -1.052319000000000004e+00
2.360328005559409956e-02 -1.083725000000000049e+00
2.362328283530222908e-02 -1.118699000000000110e+00
2.364328561501036208e-02 -1.148028999999999966e+00
2.366328839471849160e-02 -1.130703999999999931e+00
2.368329117442662113e-02 -1.101828999999999947e+00
2.370329395413475412e-02 -1.049398999999999971e+00
2.372329673384288365e-02 -1.036745999999999945e+00
2.374329951355101317e-02 -1.008909999999999973e+00
2.376330229325914270e-02 -1.017929000000000084e+00
2.378330507296727570e-02 -1.054461000000000093e+00
2.380330785267540522e-02 -1.089695000000000080e+00
2.382331063238353475e-02 -1.108900999999999915e+00
2.384331341209166774e-02 -1.104554000000000036e+00
2.386331619179979727e-02 -1.113183999999999951e+00
2.388331897150792679e-02 -1.108965999999999896e+00
2.390332175121605979e-02 -1.105917000000000039e+00
2.392332453092418931e-02 -1.115650000000000031e+00
2.394332731063231884e-02 -1.120257000000000058e+00
2.396333009034045183e-02 -1.116557999999999939e+00
2.398333287004858136e-02 -1.140956000000000081e+00
2.400333564975671088e-02 -1.128173000000000092e+00
2.402333842946484041e-02 -1.096702000000000066e+00
2.404334120917297341e-02 -1.071460999999999997e+00
2.406334398888110293e-02 -1.027986999999999984e+00
2.408334676858923246e-02 -1.001837000000000089e+00
2.410334954829736545e-02 -1.004172999999999982e+00
2.412335232800549498e-02 -1.007287000000000043e+00
2.414335510771362450e-02 -1.023055000000000048e+00
2.416335788742175750e-02 -1.045506000000000046e+00
2.418336066712988702e-02 -1.062052999999999914e+00
2.420336344683801655e-02 -1.086580000000000101e+00
2.422336622654614954e-02 -1.114611000000000018e+00
2.424336900625427907e-02 -1.104878000000000027e+00
2.426337178596240859e-02 -1.069255000000000067e+00
2.428337456567053812e-02 -1.013711000000000029e+00
2.430337734537867111e-02 -9.955429999999999557e-01
2.432338012508680064e-02 -1.008065999999999907e+00
2.434338290479493017e-02 -1.049593999999999916e+00
2.436338568450306316e-02 -1.104035000000000100e+00
2.438338846421119269e-02 -1.145173999999999914e+00
2.440339124391932221e-02 -1.159513999999999934e+00
2.442339402362745521e-02 -1.158346000000000098e+00
2.444339680333558473e-02 -1.132714999999999916e+00
2.446339958304371426e-02 -1.055045000000000011e+00
2.448340236275184725e-02 -9.183909999999999574e-01
2.450340514245997678e-02 -9.410370000000000124e-01
2.452340792216810630e-02 -9.544040000000000301e-01
2.454341070187623583e-02 -9.607630000000000337e-01
2.456341348158436882e-02 -1.104554000000000036e+00
2.458341626129249835e-02 -1.161265999999999909e+00
2.460341904100062788e-02 -1.139138999999999902e+00
2.462342182070876087e-02 -1.041612999999999900e+00
2.464342460041689040e-02 -1.106306000000000012e+00
2.466342738012501992e-02 -1.042715999999999976e+00
2.468343015983315292e-02 -1.052643999999999913e+00
2.470343293954128244e-02 -1.071460999999999997e+00
2.472343571924941197e-02 -9.374029999999999863e-01
2.474343849895754496e-02 -1.038562999999999903e+00
2.476344127866567449e-02 -1.173140000000000072e+00
2.478344405837380401e-02 -1.160552000000000028e+00
2.480344683808193354e-02 -1.134466999999999892e+00
2.482344961779006653e-02 -1.094821000000000044e+00
2.484345239749819606e-02 -1.003069999999999906e+00
2.486345517720632559e-02 -1.007805999999999980e+00
2.488345795691445858e-02 -1.060105999999999993e+00
2.490346073662258811e-02 -1.105917000000000039e+00
2.492346351633071763e-02 -1.161655000000000104e+00
2.494346629603885063e-02 -1.169701000000000102e+00
2.496346907574698015e-02 -1.060689999999999911e+00
2.498347185545510968e-02 -9.772440000000000015e-01
2.500347463516324267e-02 -9.446059999999999457e-01
2.502347741487137220e-02 -9.977489999999999970e-01
2.504348019457950172e-02 -1.072694000000000036e+00
2.506348297428763125e-02 -1.115131000000000094e+00
2.508348575399576424e-02 -1.123631000000000046e+00
2.510348853370389377e-02 -1.128497000000000083e+00
2.512349131341202330e-02 -1.156983000000000095e+00
2.514349409312015629e-02 -1.165742999999999974e+00
2.516349687282828582e-02 -1.102152999999999938e+00
2.518349965253641534e-02 -1.033697000000000088e+00
2.520350243224454834e-02 -9.964509999999999756e-01
2.522350521195267786e-02 -1.065101999999999993e+00
2.524350799166080739e-02 -1.125577000000000050e+00
2.526351077136894038e-02 -1.150884000000000018e+00
2.528351355107706991e-02 -1.103126000000000051e+00
2.530351633078519943e-02 -1.050696999999999992e+00
2.532351911049332896e-02 -1.033890999999999893e+00
2.534352189020146195e-02 -1.042715999999999976e+00
2.536352466990959148e-02 -1.059652000000000038e+00
2.538352744961772101e-02 -1.074899999999999967e+00
2.540353022932585400e-02 -1.069709000000000021e+00
2.542353300903398353e-02 -1.109356000000000009e+00
2.544353578874211305e-02 -1.142967000000000066e+00
2.546353856845024605e-02 -1.135310999999999959e+00
2.548354134815837557e-02 -1.084049000000000040e+00
2.550354412786650510e-02 -1.000150000000000095e+00
2.552354690757463809e-02 -9.734810000000000407e-01
2.554354968728276762e-02 -9.902220000000000466e-01
2.556355246699089714e-02 -1.042327000000000004e+00
2.558355524669902667e-02 -1.088397000000000059e+00
2.560355802640715966e-02 -1.122268000000000043e+00
2.562356080611528919e-02 -1.142708000000000057e+00
2.564356358582341872e-02 -1.153933000000000098e+00
2.566356636553155171e-02 -1.158930000000000016e+00
2.568356914523968124e-02 -1.135764999999999914e+00
2.570357192494781076e-02 -1.085153000000000034e+00
2.572357470465594376e-02 -1.041871999999999909e+00
2.574357748436407328e-02 -1.021757000000000026e+00
2.576358026407220281e-02 -1.032073999999999936e+00
2.578358304378033580e-02 -1.047128000000000059e+00
2.580358582348846533e-02 -1.059002999999999917e+00
2.582358860319659485e-02 -1.055045000000000011e+00
2.584359138290472438e-02 -1.080610000000000070e+00
2.586359416261285737e-02 -1.128562000000000065e+00
2.588359694232098690e-02 -1.155426000000000064e+00
2.590359972202911643e-02 -1.154711999999999961e+00
2.592360250173724942e-02 -1.118570000000000064e+00
2.594360528144537895e-02 -1.117661000000000016e+00
2.596360806115350847e-02 -1.115844000000000058e+00
2.598361084086164147e-02 -1.135051000000000032e+00
2.600361362056977099e-02 -1.119737999999999900e+00
2.602361640027790052e-02 -1.068022000000000027e+00
2.604361917998603351e-02 -1.043819000000000052e+00
2.606362195969416304e-02 -1.040704000000000073e+00
2.608362473940229256e-02 -1.042975999999999903e+00
2.610362751911042209e-02 -1.049658999999999898e+00
2.612363029881855508e-02 -1.023444000000000020e+00
2.614363307852668461e-02 -1.065361999999999920e+00
2.616363585823481414e-02 -1.104294000000000109e+00
2.618363863794294713e-02 -1.182743000000000100e+00
2.620364141765107666e-02 -1.224142000000000063e+00
2.622364419735920618e-02 -1.190660000000000052e+00
2.624364697706733918e-02 -1.134466999999999892e+00
2.626364975677546870e-02 -1.069255000000000067e+00
2.628365253648359823e-02 -1.036875999999999909e+00
2.630365531619173122e-02 -1.022275999999999962e+00
2.632365809589986075e-02 -1.028894999999999893e+00
2.634366087560799027e-02 -1.039471999999999952e+00
2.636366365531611980e-02 -1.071137000000000006e+00
2.638366643502425279e-02 -1.115065999999999891e+00
2.640366921473238232e-02 -1.148417999999999939e+00
2.642367199444051185e-02 -1.127523999999999971e+00
2.644367477414864484e-02 -1.106241000000000030e+00
2.646367755385677437e-02 -1.085023000000000071e+00
2.648368033356490389e-02 -1.099298000000000108e+00
2.650368311327303689e-02 -1.111107999999999985e+00
2.652368589298116641e-02 -1.143356999999999957e+00
2.654368867268929594e-02 -1.132519999999999971e+00
2.656369145239742893e-02 -1.098389999999999977e+00
2.658369423210555846e-02 -1.058548999999999962e+00
2.660369701181368798e-02 -1.020979000000000081e+00
2.662369979152181751e-02 -9.934009999999999785e-01
2.664370257122995050e-02 -1.025844999999999896e+00
2.666370535093808003e-02 -1.045830999999999955e+00
2.668370813064620956e-02 -1.112665000000000015e+00
2.670371091035434255e-02 -1.157048000000000076e+00
2.672371369006247208e-02 -1.160292000000000101e+00
2.674371646977060160e-02 -1.150884000000000018e+00
2.676371924947873460e-02 -1.099493000000000054e+00
2.678372202918686412e-02 -1.052319000000000004e+00
2.680372480889499365e-02 -1.019292000000000087e+00
2.682372758860312664e-02 -1.025844999999999896e+00
2.684373036831125617e-02 -1.041287999999999991e+00
2.686373314801938569e-02 -1.068670999999999927e+00
2.688373592772751522e-02 -1.099493000000000054e+00
2.690373870743564821e-02 -1.124149999999999983e+00
2.692374148714377774e-02 -1.109615000000000018e+00
2.694374426685190727e-02 -1.092549999999999910e+00
2.696374704656004026e-02 -1.047452999999999967e+00
2.698374982626816979e-02 -1.043365000000000098e+00
2.700375260597629931e-02 -1.064778000000000002e+00
2.702375538568443231e-02 -1.082880999999999982e+00
2.704375816539256183e-02 -1.108316999999999997e+00
2.706376094510069136e-02 -1.101310000000000011e+00
2.708376372480882435e-02 -1.119024000000000019e+00
2.710376650451695388e-02 -1.104100000000000081e+00
2.712376928422508340e-02 -1.082168000000000019e+00
2.714377206393321293e-02 -1.078144999999999909e+00
2.716377484364134592e-02 -1.069125000000000103e+00
2.718377762334947545e-02 -1.069255000000000067e+00
2.720378040305760498e-02 -1.079377999999999949e+00
2.722378318276573797e-02 -1.098519000000000023e+00
2.724378596247386750e-02 -1.094302000000000108e+00
2.726378874218199702e-02 -1.079183000000000003e+00
2.728379152189013002e-02 -1.050373000000000001e+00
2.730379430159825954e-02 -1.044791999999999943e+00
2.732379708130638907e-02 -1.027273000000000103e+00
2.734379986101452206e-02 -1.050243000000000038e+00
2.736380264072265159e-02 -1.068411999999999917e+00
2.738380542043078111e-02 -1.083919999999999995e+00
2.740380820013891064e-02 -1.100141999999999953e+00
2.742381097984704363e-02 -1.105656999999999890e+00
2.744381375955517316e-02 -1.105007999999999990e+00
2.746381653926330269e-02 -1.107863000000000042e+00
2.748381931897143568e-02 -1.092808999999999919e+00
2.750382209867956521e-02 -1.078468999999999900e+00
2.752382487838769473e-02 -1.052774000000000099e+00
2.754382765809582773e-02 -1.070098999999999911e+00
2.756383043780395725e-02 -1.090602999999999989e+00
2.758383321751208678e-02 -1.094367000000000090e+00
2.760383599722021977e-02 -1.088721000000000050e+00
2.762383877692834930e-02 -1.081453999999999915e+00
2.764384155663647882e-02 -1.080610000000000070e+00
2.766384433634460835e-02 -1.084568999999999894e+00
2.768384711605274134e-02 -1.078923000000000076e+00
2.770384989576087087e-02 -1.079766999999999921e+00
2.772385267546900040e-02 -1.052059999999999995e+00
2.774385545517713339e-02 -1.057639999999999914e+00
2.776385823488526292e-02 -1.053682000000000007e+00
2.778386101459339244e-02 -1.042586000000000013e+00
2.780386379430152544e-02 -1.044078999999999979e+00
2.782386657400965496e-02 -1.050567000000000029e+00
2.784386935371778449e-02 -1.100465999999999944e+00
2.786387213342591748e-02 -1.107604000000000033e+00
2.788387491313404701e-02 -1.110978000000000021e+00
2.790387769284217653e-02 -1.091510999999999898e+00
2.792388047255030606e-02 -1.086190999999999907e+00
2.794388325225843905e-02 -1.104813000000000045e+00
2.796388603196656858e-02 -1.108707000000000109e+00
2.798388881167469810e-02 -1.101763999999999966e+00
2.800389159138283110e-02 -1.078468999999999900e+00
2.802389437109096063e-02 -1.055109999999999992e+00
2.804389715079909015e-02 -1.055693999999999910e+00
2.806389993050722315e-02 -1.054654999999999898e+00
2.808390271021535267e-02 -1.052448999999999968e+00
2.810390548992348220e-02 -1.052708999999999895e+00
2.812390826963161519e-02 -1.051800000000000068e+00
2.814391104933974472e-02 -1.094951000000000008e+00
2.816391382904787424e-02 -1.120192000000000077e+00
2.818391660875600377e-02 -1.128108000000000111e+00
2.820391938846413676e-02 -1.103385999999999978e+00
2.822392216817226629e-02 -1.057185999999999959e+00
2.824392494788039581e-02 -1.024936999999999987e+00
2.826392772758852881e-02 -1.025066999999999950e+00
2.828393050729665834e-02 -1.043299999999999894e+00
2.830393328700478786e-02 -1.087293999999999983e+00
2.832393606671292086e-02 -1.098713999999999968e+00
2.834393884642105038e-02 -1.116883000000000070e+00
2.836394162612917991e-02 -1.103580999999999923e+00
2.838394440583731290e-02 -1.107669000000000015e+00
2.840394718554544243e-02 -1.073083000000000009e+00
2.842394996525357195e-02 -1.066724000000000006e+00
2.844395274496170148e-02 -1.045441000000000065e+00
2.846395552466983447e-02 -1.048686000000000007e+00
2.848395830437796400e-02 -1.068605999999999945e+00
2.850396108408609352e-02 -1.098843999999999932e+00
2.852396386379422652e-02 -1.077884999999999982e+00
2.854396664350235605e-02 -1.040380000000000082e+00
2.856396942321048557e-02 -1.011050999999999922e+00
2.858397220291861857e-02 -9.858740000000000281e-01
2.860397498262674809e-02 -9.865230000000000388e-01
2.862397776233487762e-02 -1.002356000000000025e+00
2.864398054204301061e-02 -1.046869000000000050e+00
2.866398332175114014e-02 -1.079247999999999985e+00
2.868398610145926966e-02 -1.124085000000000001e+00
2.870398888116739919e-02 -1.134727000000000041e+00
2.872399166087553218e-02 -1.099752000000000063e+00
2.874399444058366171e-02 -1.075679000000000052e+00
2.876399722029179123e-02 -1.050113000000000074e+00
