# time(s), 	 	 acceleration(g)
0.000000000000000000e+00 6.282898999999999567e+00
2.000277970813059281e-05 6.519219999999999793e+00
4.000555941626118562e-05 6.778965000000000352e+00
6.000833912439177504e-05 7.009965000000000224e+00
8.001111883252237124e-05 7.297870999999999775e+00
1.000138985406529674e-04 7.589736000000000260e+00
1.200166782487835501e-04 7.913459999999999717e+00
1.400194579569141598e-04 8.236924999999999386e+00
1.600222376650447425e-04 8.602826000000000306e+00
1.800250173731753251e-04 8.988063000000000358e+00
2.000277970813059349e-04 9.393091999999999331e+00
2.200305767894365175e-04 9.831732000000000582e+00
2.400333564975671002e-04 1.030917499999999976e+01
2.600361362056977099e-04 1.084637900000000066e+01
2.800389159138283197e-04 1.143309299999999951e+01
3.000416956219588752e-04 1.209494699999999945e+01
3.200444753300894850e-04 1.278632400000000047e+01
3.400472550382200947e-04 1.356815500000000085e+01
3.600500347463506503e-04 1.444089300000000087e+01
3.800528144544812600e-04 1.545923900000000017e+01
4.000555941626118698e-04 1.656531299999999973e+01
4.200583738707424253e-04 1.790829199999999943e+01
4.400611535788730351e-04 1.942315699999999978e+01
4.600639332870036448e-04 2.110926200000000108e+01
4.800667129951342003e-04 2.326398400000000066e+01
5.000694927032648101e-04 2.570914399999999844e+01
5.200722724113954198e-04 2.898505899999999968e+01
5.400750521195260296e-04 3.290453000000000117e+01
5.600778318276566393e-04 3.894232099999999974e+01
5.800806115357871407e-04 4.816920799999999758e+01
6.000833912439177504e-04 6.377545400000000342e+01
6.200861709520483602e-04 8.902107800000000282e+01
6.400889506601789699e-04 1.277828540000000004e+02
6.600917303683095797e-04 1.821353679999999997e+02
6.800945100764401894e-04 2.511073829999999987e+02
7.000972897845707992e-04 3.315073370000000068e+02
7.201000694927013005e-04 4.128776849999999854e+02
7.401028492008319103e-04 4.809107119999999895e+02
7.601056289089625200e-04 5.199476760000000013e+02
7.801084086170931298e-04 5.219696380000000318e+02
8.001111883252237395e-04 4.908057459999999992e+02
8.201139680333543493e-04 4.421399160000000279e+02
8.401167477414848506e-04 3.885687790000000064e+02
8.601195274496154604e-04 3.374389069999999720e+02
8.801223071577460701e-04 2.899237939999999867e+02
9.001250868658766799e-04 2.479827209999999980e+02
9.201278665740072896e-04 2.006901719999999898e+02
9.401306462821378994e-04 1.477472109999999930e+02
9.601334259902684007e-04 9.434627399999999398e+01
9.801362056983990104e-04 5.012044300000000163e+01
1.000138985406529620e-03 1.399556899999999970e+01
1.020141765114660230e-03 -5.191434000000000104e+00
1.040144544822790840e-03 -1.146145800000000037e+01
1.060147324530921449e-03 -5.037520999999999916e+00
1.080150104239052059e-03 1.350547300000000028e+01
1.100152883947182669e-03 3.834061799999999920e+01
1.120155663655313279e-03 6.013960699999999804e+01
1.140158443363443888e-03 7.395936799999999778e+01
1.160161223071574281e-03 6.933612700000000473e+01
1.180164002779704891e-03 5.223078199999999782e+01
1.200166782487835501e-03 1.917230199999999840e+01
1.220169562195966111e-03 -1.102359700000000053e+01
1.240172341904096720e-03 -3.316415400000000346e+01
1.260175121612227330e-03 -4.666635600000000039e+01
1.280177901320357940e-03 -3.677424100000000351e+01
1.300180681028488550e-03 -2.044475699999999918e+01
1.320183460736619159e-03 -2.234636000000000067e+00
1.340186240444749769e-03 1.901449500000000015e+01
1.360189020152880379e-03 2.902087699999999870e+01
1.380191799861010989e-03 3.137188499999999891e+01
1.400194579569141598e-03 1.268062199999999962e+01
1.420197359277271991e-03 1.196700000000000021e-02
1.440200138985402601e-03 -7.608821999999999974e+00
1.460202918693533211e-03 -1.062194299999999991e+01
1.480205698401663821e-03 -7.064679999999999849e-01
1.500208478109794430e-03 5.006560000000000343e+00
1.520211257817925040e-03 2.078638099999999866e+01
1.540214037526055650e-03 2.533045999999999864e+01
1.560216817234186260e-03 2.737487300000000090e+01
1.580219596942316869e-03 2.365947399999999945e+01
1.600222376650447479e-03 4.871335000000000193e+00
1.620225156358578089e-03 1.523133999999999988e+00
1.640227936066708699e-03 4.388310999999999851e+00
1.660230715774839308e-03 -2.828876999999999864e+00
1.680233495482969701e-03 4.994750999999999941e+00
1.700236275191100311e-03 3.400656999999999819e+00
1.720239054899230921e-03 3.237724000000000046e+00
1.740241834607361530e-03 -5.782236000000000153e+00
1.760244614315492140e-03 -1.709246900000000124e+01
1.780247394023622750e-03 -2.801538800000000151e+01
1.800250173731753360e-03 -3.501260700000000270e+01
1.820252953439883969e-03 -2.966982700000000150e+01
1.840255733148014579e-03 -2.134851199999999949e+01
1.860258512856145189e-03 -3.710958999999999897e+00
1.880261292564275799e-03 1.945417399999999830e+01
1.900264072272406408e-03 3.229322400000000215e+01
1.920266851980536801e-03 4.353474099999999680e+01
1.940269631688667411e-03 4.203479899999999958e+01
1.960272411396798021e-03 3.035756200000000149e+01
1.980275191104928847e-03 1.524731599999999965e+01
2.000277970813059240e-03 -7.570810000000000040e-01
2.020280750521190067e-03 -1.195693999999999946e+01
2.040283530229320460e-03 -2.060541900000000126e+01
2.060286309937450853e-03 -2.011285700000000176e+01
2.080289089645581679e-03 -1.554087700000000005e+01
2.100291869353712072e-03 -8.089314999999999145e+00
2.120294649061842899e-03 -2.995767999999999986e+00
2.140297428769973292e-03 -9.911299999999999555e-01
2.160300208478104118e-03 -4.211579999999999768e-01
2.180302988186234511e-03 -4.855186999999999919e+00
2.200305767894365338e-03 -1.467586000000000013e+01
2.220308547602495731e-03 -1.905810900000000174e+01
2.240311327310626557e-03 -1.563691099999999956e+01
2.260314107018756950e-03 -8.552222999999999686e+00
2.280316886726887777e-03 -6.991157000000000288e+00
2.300319666435018170e-03 2.735818999999999779e+00
2.320322446143148563e-03 1.105343599999999959e+01
2.340325225851279389e-03 1.528073299999999968e+01
2.360328005559409782e-03 1.748736600000000152e+01
2.380330785267540609e-03 1.545171200000000056e+01
2.400333564975671002e-03 9.670745999999999398e+00
2.420336344683801828e-03 4.738249999999999851e+00
2.440339124391932221e-03 6.126585000000000392e+00
2.460341904100063048e-03 -1.340354999999999963e+00
2.480344683808193441e-03 -7.648338999999999999e+00
2.500347463516324267e-03 -1.245910499999999921e+01
2.520350243224454660e-03 -1.582592799999999933e+01
2.540353022932585487e-03 -1.715216600000000113e+01
2.560355802640715880e-03 -1.465937899999999949e+01
2.580358582348846273e-03 -7.111458999999999975e+00
2.600361362056977099e-03 -5.671472999999999764e+00
2.620364141765107492e-03 -6.772160999999999653e+00
2.640366921473238319e-03 -5.736424999999999663e+00
2.660369701181368712e-03 -5.623132000000000019e+00
2.680372480889499538e-03 -8.001262000000000540e+00
2.700375260597629931e-03 -5.953149999999999942e+00
2.720378040305760758e-03 -7.405140000000000278e+00
2.740380820013891151e-03 -1.411990999999999996e+00
2.760383599722021977e-03 3.900097000000000147e+00
2.780386379430152370e-03 1.742254300000000100e+01
2.800389159138283197e-03 2.005821200000000104e+01
2.820391938846413590e-03 1.118710399999999971e+01
2.840394718554543983e-03 4.650457000000000285e+00
2.860397498262674809e-03 5.093299999999999494e-01
2.880400277970805202e-03 -1.533201000000000036e+00
2.900403057678936029e-03 -5.574076999999999948e+00
2.920405837387066422e-03 -1.078837900000000083e+01
2.940408617095197248e-03 -1.372785200000000039e+01
2.960411396803327641e-03 -1.009375799999999934e+01
2.980414176511458468e-03 -7.121321000000000012e+00
3.000416956219588861e-03 -6.059694999999999609e+00
3.020419735927719687e-03 -1.563671599999999984e+01
3.040422515635850080e-03 -1.892911300000000097e+01
3.060425295343980907e-03 -1.554957199999999951e+01
3.080428075052111300e-03 -1.454232200000000041e+01
3.100430854760241692e-03 -6.035427999999999571e+00
3.120433634468372519e-03 4.464684000000000097e+00
3.140436414176502912e-03 1.015383399999999980e+01
3.160439193884633739e-03 1.320621200000000073e+01
3.180441973592764131e-03 1.369033800000000056e+01
3.200444753300894958e-03 9.103562999999999406e+00
3.220447533009025351e-03 2.998807999999999918e+00
3.240450312717156178e-03 -1.018253000000000075e+00
3.260453092425286570e-03 -4.931753999999999749e+00
3.280455872133417397e-03 -7.332595999999999670e+00
3.300458651841547790e-03 -1.704050000000000065e+00
3.320461431549678617e-03 4.320179000000000435e+00
3.340464211257809009e-03 5.387839999999999741e+00
3.360466990965939402e-03 9.250000000000000444e-01
3.380469770674070229e-03 -4.668829999999999814e+00
3.400472550382200622e-03 -1.380707999999999913e+01
3.420475330090331448e-03 -1.859247600000000133e+01
3.440478109798461841e-03 -2.036332300000000117e+01
3.460480889506592668e-03 -1.968686999999999898e+01
3.480483669214723061e-03 -1.566831600000000080e+01
3.500486448922853887e-03 -8.999881999999999493e+00
3.520489228630984280e-03 3.100875999999999966e+00
3.540492008339115107e-03 8.890862000000000265e+00
3.560494788047245500e-03 1.513668299999999967e+01
3.580497567755376326e-03 1.187432899999999947e+01
3.600500347463506719e-03 5.369216999999999906e+00
3.620503127171637112e-03 6.647300000000000431e-02
3.640505906879767939e-03 -3.670145000000000213e+00
3.660508686587898332e-03 -2.573810000000000264e-01
3.680511466296029158e-03 -4.118789999999999951e-01
3.700514246004159551e-03 -3.496830000000000105e+00
3.720517025712290378e-03 -1.932714000000000043e+00
3.740519805420420771e-03 -1.390643000000000074e+00
3.760522585128551597e-03 -6.837579999999999769e-01
3.780525364836681990e-03 9.230540000000000411e-01
3.800528144544812817e-03 -7.764300000000000368e-02
3.820530924252943210e-03 -2.771841000000000221e+00
3.840533703961073603e-03 -7.408514000000000266e+00
3.860536483669204429e-03 -7.918919999999999959e+00
3.880539263377334822e-03 -1.201637700000000031e+01
3.900542043085465649e-03 -1.469908999999999999e+01
3.920544822793596042e-03 -1.469844100000000076e+01
3.940547602501726435e-03 -9.436446000000000112e+00
3.960550382209857695e-03 -3.024643000000000193e+00
3.980553161917988088e-03 6.244161000000000072e+00
4.000555941626118481e-03 1.473554700000000039e+01
4.020558721334248874e-03 1.419029699999999927e+01
4.040561501042380134e-03 1.022060300000000055e+01
4.060564280750510527e-03 6.180766000000000204e+00
4.080567060458640920e-03 1.824406999999999890e+00
4.100569840166771313e-03 1.423013000000000083e+00
4.120572619874901706e-03 -2.227368999999999932e+00
4.140575399583032966e-03 -2.438382999999999967e+00
4.160578179291163359e-03 -6.077280000000000015e+00
4.180580958999293752e-03 -6.083378999999999870e+00
4.200583738707424145e-03 -1.944978000000000096e+00
4.220586518415555405e-03 -3.498581999999999859e+00
4.240589298123685798e-03 -8.123704999999999288e+00
4.260592077831816191e-03 -8.054275000000000517e+00
4.280594857539946584e-03 -7.561649000000000065e+00
4.300597637248077844e-03 -7.579168000000000127e+00
4.320600416956208237e-03 -3.336492999999999931e+00
4.340603196664338630e-03 -1.740517000000000092e+00
4.360605976372469023e-03 -9.250749999999999806e-01
4.380608756080599415e-03 3.409028000000000169e+00
4.400611535788730676e-03 6.760601999999999556e+00
4.420614315496861069e-03 7.210987000000000258e+00
4.440617095204991462e-03 6.108092000000000077e+00
4.460619874913121854e-03 4.227649999999999686e+00
4.480622654621253115e-03 -1.907213999999999965e+00
4.500625434329383508e-03 -5.642402999999999835e+00
4.520628214037513901e-03 -3.628486999999999796e+00
4.540630993745644294e-03 -2.840880999999999990e+00
4.560633773453775554e-03 1.570437000000000083e+00
4.580636553161905947e-03 5.907719000000000165e+00
4.600639332870036340e-03 3.959858000000000100e+00
4.620642112578166733e-03 2.007455000000000211e+00
4.640644892286297125e-03 -7.811540000000000150e-01
4.660647671994428386e-03 -8.005998999999999199e+00
4.680650451702558779e-03 -1.437556099999999937e+01
4.700653231410689172e-03 -1.767379700000000042e+01
4.720656011118819564e-03 -1.506641899999999978e+01
4.740658790826950825e-03 -5.140822000000000003e+00
4.760661570535081218e-03 5.955477000000000132e+00
4.780664350243211611e-03 1.048073800000000055e+01
4.800667129951342003e-03 1.169867799999999924e+01
4.820669909659473264e-03 9.593918999999999642e+00
4.840672689367603657e-03 5.910249999999999559e+00
4.860675469075734050e-03 9.244809999999999972e-01
4.880678248783864442e-03 -4.885424999999999685e+00
4.900681028491994835e-03 -8.487140999999999380e+00
4.920683808200126096e-03 -9.611772000000000205e+00
4.940686587908256489e-03 -5.337755999999999723e+00
4.960689367616386881e-03 6.947140000000000537e-01
4.980692147324517274e-03 1.773017000000000065e+00
5.000694927032648535e-03 3.576230000000000242e-01
5.020697706740778928e-03 -2.158653000000000155e+00
5.040700486448909320e-03 -2.398867000000000083e+00
5.060703266157039713e-03 5.175060000000000215e-01
5.080706045865170974e-03 2.319630000000000081e+00
5.100708825573301367e-03 2.141577999999999982e+00
5.120711605281431759e-03 -3.119118999999999975e+00
5.140714384989562152e-03 -8.333356999999999459e+00
5.160717164697692545e-03 -6.968575999999999659e+00
5.180719944405823806e-03 -5.797030000000000349e+00
5.200722724113954198e-03 -4.618996000000000102e+00
5.220725503822084591e-03 -6.198439999999999506e-01
5.240728283530214984e-03 -2.735380000000000034e-01
5.260731063238346245e-03 2.020433000000000145e+00
5.280733842946476637e-03 6.030810999999999922e+00
5.300736622654607030e-03 5.765875000000000306e+00
5.320739402362737423e-03 2.390356999999999843e+00
5.340742182070868684e-03 -1.382142999999999899e+00
5.360744961778999076e-03 -3.456665000000000099e+00
5.380747741487129469e-03 -4.133506999999999820e+00
5.400750521195259862e-03 -3.593122999999999845e+00
5.420753300903390255e-03 -3.432916000000000079e+00
5.440756080611521515e-03 -4.215329999999999799e+00
5.460758860319651908e-03 -4.068425000000000402e+00
5.480761640027782301e-03 -1.987803999999999904e+00
5.500764419735912694e-03 1.083250000000000046e-01
5.520767199444043954e-03 1.970260000000000067e-01
5.540769979152174347e-03 -1.509841999999999906e+00
5.560772758860304740e-03 -4.427577999999999570e+00
5.580775538568435133e-03 -3.308136999999999883e+00
5.600778318276566393e-03 -3.127309999999999812e-01
5.620781097984696786e-03 7.650529999999999831e-01
5.640783877692827179e-03 1.107204999999999995e+00
5.660786657400957572e-03 -7.868640000000000079e-01
5.680789437109087965e-03 -3.787460999999999967e+00
5.700792216817219225e-03 -3.367055000000000131e+00
5.720794996525349618e-03 -2.742186999999999930e+00
5.740797776233480011e-03 -2.318405999999999967e+00
5.760800555941610404e-03 -3.558160000000000212e-01
5.780803335649741664e-03 3.099310000000000120e-01
5.800806115357872057e-03 7.172300000000000342e-01
5.820808895066002450e-03 2.758853999999999917e+00
5.840811674774132843e-03 3.201192999999999955e+00
5.860814454482264103e-03 1.301477999999999913e+00
5.880817234190394496e-03 -1.615998000000000046e+00
5.900820013898524889e-03 -4.456452999999999776e+00
5.920822793606655282e-03 -8.124743000000000492e+00
5.940825573314785675e-03 -8.978858999999999924e+00
5.960828353022916935e-03 -6.338972000000000051e+00
5.980831132731047328e-03 -5.171124999999999972e+00
6.000833912439177721e-03 -3.338439000000000156e+00
6.020836692147308114e-03 -6.311339999999999728e-01
6.040839471855439374e-03 1.844198000000000004e+00
6.060842251563569767e-03 4.837852999999999959e+00
6.080845031271700160e-03 5.021938999999999709e+00
6.100847810979830553e-03 9.132559999999999567e-01
6.120850590687961813e-03 -1.832073999999999980e+00
6.140853370396092206e-03 -1.437297999999999965e+00
6.160856150104222599e-03 -1.172555999999999932e+00
6.180858929812352992e-03 -7.794670000000000210e-01
6.200861709520483385e-03 -5.935639999999999805e-01
6.220864489228614645e-03 -3.292564000000000046e+00
6.240867268936745038e-03 -4.144148999999999639e+00
6.260870048644875431e-03 -2.249754999999999949e+00
6.280872828353005824e-03 -1.195267000000000079e+00
6.300875608061137084e-03 -1.733184999999999976e+00
6.320878387769267477e-03 -2.908624000000000098e+00
6.340881167477397870e-03 -4.094638999999999918e+00
6.360883947185528263e-03 -3.523108999999999824e+00
6.380886726893659523e-03 -1.045312000000000019e+00
6.400889506601789916e-03 9.367450000000000498e-01
6.420892286309920309e-03 1.731424000000000074e+00
6.440895066018050702e-03 1.216669999999999918e+00
6.460897845726181095e-03 -2.435599999999999987e-01
6.480900625434312355e-03 -1.351191999999999949e+00
6.500903405142442748e-03 -1.331271000000000093e+00
6.520906184850573141e-03 -1.127134999999999998e+00
6.540908964558703534e-03 -1.303693999999999908e+00
6.560911744266834794e-03 -1.049269999999999925e+00
6.580914523974965187e-03 2.961099999999999843e-01
6.600917303683095580e-03 1.464995000000000047e+00
6.620920083391225973e-03 6.541599999999999637e-01
6.640922863099357233e-03 -2.343777000000000221e+00
6.660925642807487626e-03 -4.268862999999999630e+00
6.680928422515618019e-03 -5.079697999999999602e+00
6.700931202223748412e-03 -3.947214999999999918e+00
6.720933981931878805e-03 -6.023889999999999523e-01
6.740936761640010065e-03 7.472729999999999650e-01
6.760939541348140458e-03 -2.578360000000000096e-01
6.780942321056270851e-03 -1.328286000000000078e+00
6.800945100764401244e-03 -2.372977000000000114e+00
6.820947880472532504e-03 -3.545040999999999887e+00
6.840950660180662897e-03 -2.233922999999999881e+00
6.860953439888793290e-03 -8.432520000000000016e-01
6.880956219596923683e-03 -5.243290000000000450e-01
6.900958999305054943e-03 9.017060000000000075e-01
6.920961779013185336e-03 2.552121999999999780e+00
6.940964558721315729e-03 1.517943000000000042e+00
6.960967338429446122e-03 -9.264369999999999550e-01
6.980970118137576515e-03 -3.566648999999999958e+00
7.000972897845707775e-03 -5.424510999999999861e+00
7.020975677553838168e-03 -4.525752999999999915e+00
7.040978457261968561e-03 -1.372214999999999963e+00
7.060981236970098954e-03 1.221796000000000104e+00
7.080984016678230214e-03 2.544010999999999800e+00
7.100986796386360607e-03 1.755107999999999890e+00
7.120989576094491000e-03 -6.802540000000000253e-01
7.140992355802621393e-03 -2.461873000000000200e+00
7.160995135510752653e-03 -3.721276000000000028e+00
7.180997915218883046e-03 -5.685424000000000255e+00
7.201000694927013439e-03 -6.100899000000000072e+00
7.221003474635143832e-03 -3.798491999999999980e+00
7.241006254343274225e-03 -1.393043999999999949e+00
7.261009034051405485e-03 1.101105000000000000e+00
7.281011813759535878e-03 2.938591999999999871e+00
7.301014593467666271e-03 2.118932000000000038e+00
7.321017373175796664e-03 -2.527799999999999839e-02
7.341020152883927924e-03 -1.397391999999999967e+00
7.361022932592058317e-03 -1.444369999999999932e+00
7.381025712300188710e-03 -8.536979999999999569e-01
7.401028492008319103e-03 -6.844719999999999693e-01
7.421031271716450363e-03 -1.904487999999999959e+00
7.441034051424580756e-03 -3.072334999999999816e+00
7.461036831132711149e-03 -2.662246000000000112e+00
7.481039610840841542e-03 -1.805080000000000018e+00
7.501042390548971935e-03 -1.153867999999999894e+00
7.521045170257103195e-03 -8.629769999999999941e-01
7.541047949965233588e-03 -9.239070000000000338e-01
7.561050729673363981e-03 -1.142512999999999890e+00
7.581053509381494374e-03 -1.226542999999999939e+00
7.601056289089625634e-03 -1.584462999999999955e+00
7.621059068797756027e-03 -2.379335999999999895e+00
7.641061848505886420e-03 -3.073827999999999783e+00
7.661064628214016813e-03 -2.671005000000000074e+00
7.681067407922147205e-03 -9.146929999999999783e-01
7.701070187630278466e-03 4.882420000000000093e-01
7.721072967338408859e-03 1.105899999999999939e-02
7.741075747046539252e-03 -4.284250000000000003e-01
7.761078526754669644e-03 -9.290329999999999977e-01
7.781081306462800905e-03 -1.641823000000000032e+00
7.801084086170931298e-03 -1.002421000000000006e+00
7.821086865879062558e-03 3.861740000000000173e-01
7.841089645587192083e-03 1.115700000000000025e-01
7.861092425295323344e-03 -1.000734000000000012e+00
7.881095205003452869e-03 -1.684649000000000063e+00
7.901097984711584130e-03 -2.419696000000000069e+00
7.921100764419715390e-03 -2.661077999999999832e+00
7.941103544127844915e-03 -2.272854999999999848e+00
7.961106323835976176e-03 -2.625583999999999918e+00
7.981109103544105701e-03 -2.422356000000000176e+00
8.001111883252236961e-03 -1.283449000000000062e+00
8.021114662960368222e-03 -3.111799999999999983e-02
8.041117442668497747e-03 -5.661900000000000266e-02
8.061120222376629008e-03 -1.019227000000000105e+00
8.081123002084760268e-03 -2.189928999999999792e+00
8.101125781792889793e-03 -2.771126999999999896e+00
8.121128561501021054e-03 -1.986701000000000050e+00
8.141131341209150579e-03 -5.653380000000000072e-01
8.161134120917281840e-03 5.560500000000000442e-01
8.181136900625413100e-03 1.058993000000000073e+00
8.201139680333542625e-03 5.016089999999999716e-01
8.221142460041673886e-03 -4.325780000000000181e-01
8.241145239749803411e-03 -1.171064000000000105e+00
8.261148019457934671e-03 -2.177859999999999907e+00
8.281150799166065932e-03 -2.944442000000000004e+00
8.301153578874195457e-03 -3.199710000000000054e+00
8.321156358582326718e-03 -2.707861999999999991e+00
8.341159138290457978e-03 -1.416533000000000042e+00
8.361161917998587503e-03 2.166869999999999907e-01
8.381164697706718764e-03 5.714280000000000470e-01
8.401167477414848289e-03 -6.558559999999999945e-01
8.421170257122979549e-03 -2.458434000000000008e+00
8.441173036831110810e-03 -3.280365000000000197e+00
8.461175816539240335e-03 -2.547718999999999845e+00
8.481178596247371596e-03 -1.408163000000000054e+00
8.501181375955501121e-03 -7.527979999999999672e-01
8.521184155663632381e-03 -4.754689999999999750e-01
8.541186935371763642e-03 -3.613310000000000133e-01
8.561189715079893167e-03 -7.932999999999999774e-02
8.581192494788024427e-03 -1.161210000000000020e-01
8.601195274496155688e-03 -8.518170000000000464e-01
8.621198054204285213e-03 -1.928496999999999906e+00
8.641200833912416474e-03 -2.431960000000000122e+00
8.661203613620545999e-03 -2.022259000000000029e+00
8.681206393328677259e-03 -8.871799999999999686e-01
8.701209173036808520e-03 2.936440000000000161e-01
8.721211952744938045e-03 5.942030000000000367e-01
8.741214732453069305e-03 -5.225119999999999765e-01
8.761217512161198831e-03 -1.702493000000000034e+00
8.781220291869330091e-03 -2.364087000000000049e+00
8.801223071577461352e-03 -2.807010000000000005e+00
8.821225851285590877e-03 -2.918356999999999868e+00
8.841228630993722137e-03 -2.487309000000000214e+00
8.861231410701853398e-03 -2.082929000000000030e+00
8.881234190409982923e-03 -1.097091999999999956e+00
8.901236970118114183e-03 5.010900000000000354e-01
8.921239749826243709e-03 9.677609999999999824e-01
8.941242529534374969e-03 6.141100000000000031e-02
8.961245309242506230e-03 -1.113637999999999906e+00
8.981248088950635755e-03 -1.929210000000000091e+00
9.001250868658767015e-03 -1.740712000000000037e+00
9.021253648366896541e-03 -8.541530000000000511e-01
9.041256428075027801e-03 -3.641860000000000097e-01
9.061259207783159061e-03 -7.503969999999999807e-01
9.081261987491288587e-03 -1.248604000000000047e+00
9.101264767199419847e-03 -1.732405999999999890e+00
9.121267546907551108e-03 -2.283431999999999906e+00
9.141270326615680633e-03 -2.322493999999999836e+00
9.161273106323811893e-03 -1.988453000000000026e+00
9.181275886031941419e-03 -1.675175000000000081e+00
9.201278665740072679e-03 -1.199289999999999967e+00
9.221281445448203939e-03 -5.478830000000000089e-01
9.241284225156333465e-03 -1.015859999999999957e-01
9.261287004864464725e-03 -2.904089999999999727e-01
9.281289784572594251e-03 -1.164770000000000083e+00
9.301292564280725511e-03 -2.015706000000000220e+00
9.321295343988856771e-03 -2.109532999999999880e+00
9.341298123696986297e-03 -1.344767999999999963e+00
9.361300903405117557e-03 -5.838959999999999706e-01
9.381303683113248817e-03 -5.192029999999999701e-01
9.401306462821378343e-03 -8.697259999999999991e-01
9.421309242529509603e-03 -1.110913000000000039e+00
9.441312022237639129e-03 -1.189038000000000039e+00
9.461314801945770389e-03 -1.349245000000000028e+00
9.481317581653901649e-03 -1.545465000000000089e+00
9.501320361362031175e-03 -1.907019000000000020e+00
9.521323141070162435e-03 -1.931157000000000012e+00
9.541325920778291961e-03 -1.357356000000000007e+00
9.561328700486423221e-03 -8.841959999999999820e-01
9.581331480194554481e-03 -9.835390000000000521e-01
9.601334259902684007e-03 -1.117920999999999943e+00
9.621337039610815267e-03 -1.027273000000000103e+00
9.641339819318946527e-03 -1.118374999999999897e+00
9.661342599027076053e-03 -9.396099999999999453e-01
9.681345378735207313e-03 -6.743489999999999762e-01
9.701348158443336839e-03 -8.830280000000000351e-01
9.721350938151468099e-03 -1.365207000000000059e+00
9.741353717859599359e-03 -1.754663000000000084e+00
9.761356497567728885e-03 -1.946145999999999932e+00
9.781359277275860145e-03 -1.346713999999999967e+00
9.801362056983989671e-03 -4.599599999999999800e-01
9.821364836692120931e-03 -2.567329999999999890e-01
9.841367616400252191e-03 -8.208649999999999558e-01
9.861370396108381717e-03 -1.469675999999999982e+00
9.881373175816512977e-03 -2.115308000000000188e+00
9.901375955524644237e-03 -2.720969000000000193e+00
9.921378735232773763e-03 -2.463690000000000158e+00
9.941381514940905023e-03 -1.625731000000000037e+00
9.961384294649034549e-03 -6.286030000000000229e-01
9.981387074357165809e-03 5.956960000000000033e-01
1.000138985406529707e-02 1.277015999999999929e+00
1.002139263377342659e-02 5.974479999999999791e-01
1.004139541348155786e-02 -9.334449999999999692e-01
1.006139819318968738e-02 -2.290375000000000050e+00
1.008140097289781864e-02 -2.995314000000000032e+00
1.010140375260594990e-02 -2.870664999999999800e+00
1.012140653231407943e-02 -1.898323999999999900e+00
1.014140931202221069e-02 -6.315880000000000383e-01
1.016141209173034195e-02 1.357079999999999953e-01
1.018141487143847147e-02 1.547199999999999964e-01
1.020141765114660273e-02 -3.868320000000000092e-01
1.022142043085473226e-02 -1.302330999999999905e+00
1.024142321056286352e-02 -1.924409000000000036e+00
1.026142599027099478e-02 -2.149309000000000136e+00
1.028142876997912430e-02 -2.138992000000000004e+00
1.030143154968725556e-02 -1.665702000000000016e+00
1.032143432939538509e-02 -7.528629999999999489e-01
1.034143710910351635e-02 -9.126900000000000290e-02
1.036143988881164761e-02 -3.013750000000000040e-01
1.038144266851977714e-02 -1.118894000000000055e+00
1.040144544822790840e-02 -1.820198999999999900e+00
1.042144822793603966e-02 -1.879636000000000084e+00
1.044145100764416918e-02 -1.304278000000000048e+00
1.046145378735230044e-02 -4.118789999999999951e-01
1.048145656706042997e-02 -7.018099999999999339e-02
1.050145934676856123e-02 -3.250589999999999868e-01
1.052146212647669249e-02 -7.842040000000000122e-01
1.054146490618482201e-02 -1.455854999999999899e+00
1.056146768589295327e-02 -2.116929999999999978e+00
1.058147046560108280e-02 -2.296927999999999859e+00
1.060147324530921406e-02 -2.181687999999999850e+00
1.062147602501734532e-02 -1.633777000000000035e+00
1.064147880472547485e-02 -6.742839999999999945e-01
1.066148158443360611e-02 1.021610000000000018e-01
1.068148436414173737e-02 1.144889999999999936e-01
1.070148714384986689e-02 -5.150500000000000078e-01
1.072148992355799815e-02 -1.515940999999999983e+00
1.074149270326612768e-02 -2.148465999999999987e+00
1.076149548297425894e-02 -1.984560000000000102e+00
1.078149826268239020e-02 -1.384414000000000033e+00
1.080150104239051972e-02 -1.141734000000000027e+00
1.082150382209865098e-02 -1.225049999999999972e+00
1.084150660180678051e-02 -1.149585999999999997e+00
1.086150938151491177e-02 -8.852989999999999471e-01
1.088151216122304303e-02 -6.873270000000000213e-01
1.090151494093117256e-02 -8.659620000000000095e-01
1.092151772063930382e-02 -1.366246000000000071e+00
1.094152050034743508e-02 -1.602306999999999926e+00
1.096152328005556460e-02 -1.098000000000000087e+00
1.098152605976369586e-02 -4.278410000000000268e-01
1.100152883947182539e-02 -2.209790000000000088e-01
1.102153161917995665e-02 -5.884380000000000166e-01
1.104153439888808791e-02 -1.184819999999999984e+00
1.106153717859621743e-02 -1.734418000000000015e+00
1.108153995830434869e-02 -2.031083999999999889e+00
1.110154273801247822e-02 -2.075467000000000173e+00
1.112154551772060948e-02 -2.102524999999999977e+00
1.114154829742874074e-02 -2.007010999999999878e+00
1.116155107713687027e-02 -1.588615000000000110e+00
1.118155385684500153e-02 -7.866049999999999986e-01
1.120155663655313279e-02 -4.746999999999999831e-02
1.122155941626126231e-02 2.844300000000000161e-01
1.124156219596939357e-02 -1.266980000000000051e-01
1.126156497567752310e-02 -1.104424000000000072e+00
1.128156775538565436e-02 -1.794178999999999968e+00
1.130157053509378562e-02 -1.853876000000000079e+00
1.132157331480191514e-02 -1.646300000000000097e+00
1.134157609451004640e-02 -1.510426000000000046e+00
1.136157887421817593e-02 -1.497513000000000094e+00
1.138158165392630719e-02 -1.259441000000000033e+00
1.140158443363443845e-02 -7.013420000000000210e-01
1.142158721334256798e-02 -2.439500000000000002e-01
1.144158999305069924e-02 -4.410129999999999884e-01
1.146159277275883050e-02 -1.204091000000000022e+00
1.148159555246696002e-02 -1.811504000000000003e+00
1.150159833217509128e-02 -1.994032999999999944e+00
1.152160111188322081e-02 -1.934466000000000019e+00
1.154160389159135207e-02 -1.686790000000000012e+00
1.156160667129948333e-02 -1.371955999999999953e+00
1.158160945100761285e-02 -1.114287000000000027e+00
1.160161223071574411e-02 -9.348729999999999540e-01
1.162161501042387364e-02 -7.080260000000000442e-01
1.164161779013200490e-02 -5.427570000000000450e-01
1.166162056984013616e-02 -7.268430000000000168e-01
1.168162334954826569e-02 -1.199548999999999976e+00
1.170162612925639695e-02 -1.710668999999999995e+00
1.172162890896452821e-02 -1.779320000000000013e+00
1.174163168867265773e-02 -1.316801000000000110e+00
1.176163446838078899e-02 -7.228849999999999998e-01
1.178163724808891852e-02 -4.311499999999999777e-01
1.180164002779704978e-02 -6.912850000000000383e-01
1.182164280750518104e-02 -1.236145999999999967e+00
1.184164558721331056e-02 -1.539366000000000012e+00
1.186164836692144182e-02 -1.592962999999999907e+00
1.188165114662957135e-02 -1.757776999999999923e+00
1.190165392633770261e-02 -1.903189999999999937e+00
1.192165670604583387e-02 -1.689321000000000073e+00
1.194165948575396340e-02 -1.075614000000000070e+00
1.196166226546209466e-02 -4.697589999999999821e-01
1.198166504517022592e-02 -3.776829999999999909e-01
1.200166782487835544e-02 -8.603819999999999801e-01
1.202167060458648670e-02 -1.470585000000000031e+00
1.204167338429461623e-02 -1.828829000000000038e+00
1.206167616400274749e-02 -1.862117000000000022e+00
1.208167894371087875e-02 -1.387788000000000022e+00
1.210168172341900827e-02 -7.486450000000000049e-01
1.212168450312713953e-02 -4.562620000000000009e-01
1.214168728283526906e-02 -6.372980000000000311e-01
1.216169006254340032e-02 -1.004626999999999937e+00
1.218169284225153158e-02 -1.434182999999999986e+00
1.220169562195966111e-02 -1.761541000000000023e+00
1.222169840166779237e-02 -1.775881000000000043e+00
1.224170118137592363e-02 -1.530410999999999966e+00
1.226170396108405315e-02 -1.062831000000000081e+00
1.228170674079218441e-02 -4.318640000000000256e-01
1.230170952050031394e-02 -1.104109999999999953e-01
1.232171230020844520e-02 -4.590520000000000156e-01
1.234171507991657646e-02 -1.375005000000000033e+00
1.236171785962470598e-02 -2.267209999999999948e+00
1.238172063933283724e-02 -2.516119000000000216e+00
1.240172341904096677e-02 -1.984560000000000102e+00
1.242172619874909803e-02 -1.095015000000000072e+00
1.244172897845722929e-02 -4.068180000000000129e-01
1.246173175816535882e-02 -1.357170000000000043e-01
1.248173453787349008e-02 -2.719159999999999910e-01
1.250173731758162134e-02 -7.923149999999999915e-01
1.252174009728975086e-02 -1.554159999999999986e+00
1.254174287699788212e-02 -2.125494999999999912e+00
1.256174565670601165e-02 -2.288816999999999879e+00
1.258174843641414291e-02 -1.967818999999999985e+00
1.260175121612227417e-02 -1.273586000000000107e+00
1.262175399583040369e-02 -5.052520000000000344e-01
1.264175677553853495e-02 -8.860899999999999332e-02
1.266175955524666448e-02 -2.969629999999999770e-01
1.268176233495479574e-02 -9.363650000000000029e-01
1.270176511466292700e-02 -1.626184999999999992e+00
1.272176789437105653e-02 -1.858222999999999958e+00
1.274177067407918779e-02 -1.735456000000000110e+00
1.276177345378731905e-02 -1.390838000000000019e+00
1.278177623349544857e-02 -1.186441999999999997e+00
1.280177901320357983e-02 -1.075549000000000088e+00
1.282178179291170936e-02 -1.085995999999999961e+00
1.284178457261984062e-02 -1.096897000000000011e+00
1.286178735232797188e-02 -1.150300000000000100e+00
1.288179013203610140e-02 -1.291430000000000078e+00
1.290179291174423266e-02 -1.476749000000000089e+00
1.292179569145236219e-02 -1.456374000000000057e+00
1.294179847116049345e-02 -1.125123000000000095e+00
1.296180125086862471e-02 -8.916579999999999506e-01
1.298180403057675424e-02 -8.509079999999999977e-01
1.300180681028488550e-02 -1.009233999999999964e+00
1.302180958999301676e-02 -1.168144000000000071e+00
1.304181236970114628e-02 -1.254898000000000069e+00
1.306181514940927754e-02 -1.148741999999999930e+00
1.308181792911740707e-02 -1.170738999999999974e+00
1.310182070882553833e-02 -1.308235999999999954e+00
1.312182348853366959e-02 -1.528594000000000008e+00
1.314182626824179911e-02 -1.601463000000000081e+00
1.316182904794993037e-02 -1.461954999999999893e+00
1.318183182765805990e-02 -1.117402000000000006e+00
1.320183460736619116e-02 -8.413049999999999695e-01
1.322183738707432242e-02 -8.117809999999999748e-01
1.324184016678245195e-02 -9.266969999999999930e-01
1.326184294649058321e-02 -1.030842000000000036e+00
1.328184572619871447e-02 -1.178007000000000026e+00
1.330184850590684399e-02 -1.400117000000000056e+00
1.332185128561497525e-02 -1.661872999999999934e+00
1.334185406532310478e-02 -1.764850000000000030e+00
1.336185684503123604e-02 -1.538132999999999972e+00
1.338185962473936730e-02 -1.060041000000000011e+00
1.340186240444749682e-02 -9.196889999999999787e-01
1.342186518415562808e-02 -1.005730000000000013e+00
1.344186796386375761e-02 -1.081129000000000007e+00
1.346187074357188887e-02 -1.289938000000000029e+00
1.348187352328002013e-02 -1.307522000000000073e+00
1.350187630298814966e-02 -1.183781999999999890e+00
1.352187908269628092e-02 -9.832140000000000324e-01
1.354188186240441218e-02 -9.475909999999999611e-01
1.356188464211254170e-02 -9.229340000000000321e-01
1.358188742182067296e-02 -9.987869999999999804e-01
1.360189020152880249e-02 -1.175994999999999902e+00
1.362189298123693375e-02 -1.485832999999999959e+00
1.364189576094506501e-02 -1.649156000000000066e+00
1.366189854065319453e-02 -1.640071000000000057e+00
1.368190132036132579e-02 -1.406930000000000014e+00
1.370190410006945532e-02 -1.041612999999999900e+00
1.372190687977758658e-02 -6.790209999999999857e-01
1.374190965948571784e-02 -6.169240000000000279e-01
1.376191243919384737e-02 -9.981379999999999697e-01
1.378191521890197863e-02 -1.545141000000000098e+00
1.380191799861010989e-02 -1.806508000000000003e+00
1.382192077831823941e-02 -1.818772000000000055e+00
1.384192355802637067e-02 -1.578427999999999942e+00
1.386192633773450020e-02 -1.305576000000000070e+00
1.388192911744263146e-02 -9.266320000000000112e-01
1.390193189715076272e-02 -5.670899999999999830e-01
1.392193467685889224e-02 -4.201190000000000202e-01
1.394193745656702350e-02 -6.555320000000000036e-01
1.396194023627515303e-02 -1.226153000000000048e+00
1.398194301598328429e-02 -1.835577999999999932e+00
1.400194579569141555e-02 -2.038740999999999914e+00
1.402194857539954508e-02 -1.786262999999999934e+00
1.404195135510767634e-02 -1.232577000000000034e+00
1.406195413481580760e-02 -7.448820000000000441e-01
1.408195691452393712e-02 -5.844150000000000178e-01
1.410195969423206838e-02 -5.991440000000000099e-01
1.412196247394019791e-02 -9.028829999999999911e-01
1.414196525364832917e-02 -1.355280000000000040e+00
1.416196803335646043e-02 -1.825260000000000105e+00
1.418197081306458995e-02 -1.973464000000000107e+00
1.420197359277272121e-02 -1.809233000000000091e+00
1.422197637248085074e-02 -1.411083000000000087e+00
1.424197915218898200e-02 -8.838059999999999805e-01
1.426198193189711326e-02 -3.905310000000000170e-01
1.428198471160524279e-02 -3.449800000000000089e-01
1.430198749131337405e-02 -7.811540000000000150e-01
1.432199027102150531e-02 -1.357226000000000043e+00
1.434199305072963483e-02 -1.720401999999999987e+00
1.436199583043776609e-02 -1.729227000000000070e+00
1.438199861014589562e-02 -1.430355000000000043e+00
1.440200138985402688e-02 -1.129470999999999892e+00
1.442200416956215814e-02 -9.742600000000000149e-01
1.444200694927028766e-02 -9.004820000000000046e-01
1.446200972897841892e-02 -8.633669999999999956e-01
1.448201250868654845e-02 -1.016631000000000062e+00
1.450201528839467971e-02 -1.302071999999999896e+00
1.452201806810281097e-02 -1.565190999999999999e+00
1.454202084781094050e-02 -1.630338000000000065e+00
1.456202362751907176e-02 -1.421464999999999979e+00
1.458202640722720302e-02 -1.056991000000000014e+00
1.460202918693533254e-02 -8.791989999999999528e-01
1.462203196664346380e-02 -9.642669999999999852e-01
1.464203474635159333e-02 -1.161589999999999900e+00
1.466203752605972459e-02 -1.381753999999999927e+00
1.468204030576785585e-02 -1.380975000000000064e+00
1.470204308547598537e-02 -1.205195000000000016e+00
1.472204586518411663e-02 -1.033371999999999957e+00
1.474204864489224616e-02 -9.441519999999999913e-01
1.476205142460037742e-02 -9.265020000000000477e-01
1.478205420430850868e-02 -9.915199999999999569e-01
1.480205698401663821e-02 -1.044273000000000007e+00
1.482205976372476947e-02 -1.095793999999999935e+00
1.484206254343290073e-02 -1.217522999999999911e+00
1.486206532314103025e-02 -1.382532000000000094e+00
1.488206810284916151e-02 -1.404009999999999980e+00
1.490207088255729104e-02 -1.190725000000000033e+00
1.492207366226542230e-02 -1.064518000000000075e+00
1.494207644197355356e-02 -1.138295000000000057e+00
1.496207922168168308e-02 -1.207141000000000020e+00
1.498208200138981434e-02 -1.214409000000000072e+00
1.500208478109794387e-02 -1.193254999999999955e+00
1.502208756080607513e-02 -1.010402000000000022e+00
1.504209034051420639e-02 -8.620039999999999925e-01
1.506209312022233592e-02 -9.308499999999999552e-01
1.508209589993046718e-02 -1.012413999999999925e+00
1.510209867963859844e-02 -1.096443000000000056e+00
1.512210145934672796e-02 -1.180342999999999920e+00
1.514210423905485922e-02 -1.209411999999999932e+00
1.516210701876298875e-02 -1.181251000000000051e+00
1.518210979847112001e-02 -1.186830999999999969e+00
1.520211257817925127e-02 -1.270016999999999951e+00
1.522211535788738079e-02 -1.305965000000000042e+00
1.524211813759551205e-02 -1.341069000000000067e+00
1.526212091730364158e-02 -1.319266999999999967e+00
1.528212369701177284e-02 -1.260089000000000015e+00
1.530212647671990410e-02 -1.146730999999999945e+00
1.532212925642803363e-02 -9.267619999999999747e-01
1.534213203613616489e-02 -6.357410000000000005e-01
1.536213481584429441e-02 -5.154389999999999805e-01
1.538213759555242567e-02 -6.740899999999999670e-01
1.540214037526055693e-02 -1.110328999999999899e+00
1.542214315496868646e-02 -1.507117000000000040e+00
1.544214593467681772e-02 -1.687438999999999911e+00
1.546214871438494898e-02 -1.592508999999999952e+00
1.548215149409307850e-02 -1.333153000000000032e+00
1.550215427380120976e-02 -1.011894000000000071e+00
1.552215705350933929e-02 -7.425460000000000393e-01
1.554215983321747055e-02 -6.920629999999999837e-01
1.556216261292560181e-02 -8.716720000000000024e-01
1.558216539263373134e-02 -1.224790999999999963e+00
1.560216817234186260e-02 -1.538391999999999982e+00
1.562217095204999212e-02 -1.652789000000000064e+00
1.564217373175812512e-02 -1.568370000000000042e+00
1.566217651146625464e-02 -1.232058000000000098e+00
1.568217929117438417e-02 -8.178159999999999874e-01
1.570218207088251369e-02 -5.739030000000000520e-01
1.572218485059064669e-02 -6.747379999999999489e-01
1.574218763029877621e-02 -1.044013999999999998e+00
1.576219041000690574e-02 -1.426266999999999951e+00
1.578219318971503873e-02 -1.583034999999999970e+00
1.580219596942316826e-02 -1.455661000000000094e+00
1.582219874913129778e-02 -1.198121999999999909e+00
1.584220152883943078e-02 -9.150819999999999510e-01
1.586220430854756031e-02 -6.683789999999999454e-01
1.588220708825568983e-02 -5.611199999999999521e-01
1.590220986796382283e-02 -7.029649999999999510e-01
1.592221264767195235e-02 -1.076197999999999988e+00
1.594221542738008188e-02 -1.532423000000000091e+00
1.596221820708821140e-02 -1.804041999999999923e+00
1.598222098679634440e-02 -1.697237000000000107e+00
1.600222376650447392e-02 -1.323873999999999995e+00
1.602222654621260345e-02 -9.839280000000000248e-01
1.604222932592073644e-02 -7.608439999999999648e-01
1.606223210562886597e-02 -6.576729999999999521e-01
1.608223488533699549e-02 -7.498780000000000445e-01
1.610223766504512849e-02 -9.737400000000000500e-01
1.612224044475325802e-02 -1.133364000000000038e+00
1.614224322446138754e-02 -1.223946999999999896e+00
1.616224600416952054e-02 -1.220053999999999972e+00
1.618224878387765006e-02 -1.174048999999999898e+00
1.620225156358577959e-02 -1.063026000000000026e+00
1.622225434329390911e-02 -9.666029999999999900e-01
1.624225712300204211e-02 -9.857449999999999823e-01
1.626225990271017163e-02 -1.083140999999999909e+00
1.628226268241830116e-02 -1.262944999999999984e+00
1.630226546212643415e-02 -1.347039000000000097e+00
1.632226824183456368e-02 -1.243284000000000056e+00
1.634227102154269320e-02 -1.060300999999999938e+00
1.636227380125082620e-02 -9.152120000000000255e-01
1.638227658095895573e-02 -9.157960000000000544e-01
1.640227936066708525e-02 -1.029479000000000033e+00
1.642228214037521825e-02 -1.140630999999999950e+00
1.644228492008334777e-02 -1.243478000000000083e+00
1.646228769979147730e-02 -1.370853000000000099e+00
1.648229047949960682e-02 -1.436129999999999907e+00
1.650229325920773982e-02 -1.391810999999999909e+00
1.652229603891586934e-02 -1.206102999999999925e+00
1.654229881862399887e-02 -9.568050000000000166e-01
1.656230159833213186e-02 -7.814140000000000530e-01
1.658230437804026139e-02 -7.585079999999999600e-01
1.660230715774839091e-02 -8.655080000000000551e-01
1.662230993745652391e-02 -1.062831000000000081e+00
1.664231271716465344e-02 -1.210774999999999935e+00
1.666231549687278296e-02 -1.270731000000000055e+00
1.668231827658091596e-02 -1.222909000000000024e+00
1.670232105628904548e-02 -1.142773000000000039e+00
1.672232383599717501e-02 -1.094171999999999922e+00
1.674232661570530453e-02 -1.005989999999999940e+00
1.676232939541343753e-02 -9.100859999999999506e-01
1.678233217512156705e-02 -9.100209999999999688e-01
1.680233495482969658e-02 -9.746489999999999876e-01
1.682233773453782957e-02 -1.140891000000000099e+00
1.684234051424595910e-02 -1.295063999999999993e+00
1.686234329395408862e-02 -1.358328999999999898e+00
1.688234607366222162e-02 -1.333606999999999987e+00
1.690234885337035114e-02 -1.260413999999999923e+00
1.692235163307848067e-02 -1.171777000000000069e+00
1.694235441278661367e-02 -1.043819000000000052e+00
1.696235719249474319e-02 -9.424000000000000155e-01
1.698235997220287272e-02 -8.971729999999999983e-01
1.700236275191100224e-02 -9.059979999999999700e-01
1.702236553161913524e-02 -1.006898000000000071e+00
1.704236831132726476e-02 -1.144200000000000106e+00
1.706237109103539429e-02 -1.244971000000000050e+00
1.708237387074352728e-02 -1.302071999999999896e+00
1.710237665045165681e-02 -1.189621999999999957e+00
1.712237943015978633e-02 -1.023120000000000029e+00
1.714238220986791933e-02 -9.536900000000000377e-01
1.716238498957604885e-02 -9.860689999999999733e-01
1.718238776928417838e-02 -1.083855000000000013e+00
1.720239054899231138e-02 -1.214083999999999941e+00
1.722239332870044090e-02 -1.332114999999999938e+00
1.724239610840857043e-02 -1.420492000000000088e+00
1.726239888811669995e-02 -1.394795999999999925e+00
1.728240166782483295e-02 -1.200263000000000080e+00
1.730240444753296247e-02 -9.225440000000000307e-01
1.732240722724109200e-02 -6.704560000000000519e-01
1.734241000694922499e-02 -6.825900000000000301e-01
1.736241278665735452e-02 -9.058030000000000248e-01
1.738241556636548404e-02 -1.200911999999999979e+00
1.740241834607361704e-02 -1.420751000000000097e+00
1.742242112578174656e-02 -1.495306999999999942e+00
1.744242390548987609e-02 -1.451054000000000066e+00
1.746242668519800909e-02 -1.240104000000000095e+00
1.748242946490613861e-02 -1.009752999999999901e+00
1.750243224461426814e-02 -8.563589999999999813e-01
1.752243502432239766e-02 -8.153500000000000192e-01
1.754243780403053066e-02 -9.617360000000000353e-01
1.756244058373866018e-02 -1.165613000000000010e+00
1.758244336344678971e-02 -1.355085000000000095e+00
1.760244614315492270e-02 -1.419259000000000048e+00
1.762244892286305223e-02 -1.317903999999999964e+00
1.764245170257118175e-02 -1.091252000000000111e+00
1.766245448227931475e-02 -9.155360000000000165e-01
1.768245726198744427e-02 -8.899059999999999748e-01
1.770246004169557380e-02 -1.078338999999999936e+00
1.772246282140370680e-02 -1.267227000000000103e+00
1.774246560111183632e-02 -1.365142000000000078e+00
1.776246838081996585e-02 -1.313361999999999918e+00
1.778247116052809537e-02 -1.167753999999999959e+00
1.780247394023622837e-02 -1.024157999999999902e+00
1.782247671994435789e-02 -9.179370000000000029e-01
1.784247949965248742e-02 -8.960050000000000514e-01
1.786248227936062041e-02 -9.540800000000000392e-01
1.788248505906874994e-02 -1.151726999999999945e+00
1.790248783877687946e-02 -1.414781999999999984e+00
1.792249061848501246e-02 -1.546828000000000092e+00
1.794249339819314198e-02 -1.469092000000000064e+00
1.796249617790127151e-02 -1.206687000000000065e+00
1.798249895760940451e-02 -9.153419999999999890e-01
1.800250173731753403e-02 -7.609089999999999465e-01
1.802250451702566356e-02 -8.087309999999999777e-01
1.804250729673379308e-02 -1.001447999999999894e+00
1.806251007644192608e-02 -1.208178999999999892e+00
1.808251285615005560e-02 -1.304602000000000039e+00
1.810251563585818513e-02 -1.306030000000000024e+00
1.812251841556631812e-02 -1.219859000000000027e+00
1.814252119527444765e-02 -1.162174000000000040e+00
1.816252397498257717e-02 -1.079636999999999958e+00
1.818252675469071017e-02 -9.978139999999999787e-01
1.820252953439883969e-02 -1.018901999999999974e+00
1.822253231410696922e-02 -1.102932000000000023e+00
1.824253509381510222e-02 -1.239001000000000019e+00
1.826253787352323174e-02 -1.390903000000000000e+00
1.828254065323136127e-02 -1.383310999999999957e+00
1.830254343293949079e-02 -1.240623000000000031e+00
1.832254621264762379e-02 -1.061922999999999950e+00
1.834254899235575331e-02 -9.872370000000000312e-01
1.836255177206388284e-02 -9.928169999999999495e-01
1.838255455177201583e-02 -1.056926000000000032e+00
1.840255733148014536e-02 -1.109615000000000018e+00
1.842256011118827488e-02 -1.147963999999999984e+00
1.844256289089640788e-02 -1.208892999999999995e+00
1.846256567060453740e-02 -1.280594000000000010e+00
1.848256845031266693e-02 -1.268459999999999921e+00
1.850257123002079993e-02 -1.214083999999999941e+00
1.852257400972892945e-02 -1.122333000000000025e+00
1.854257678943705898e-02 -1.020329999999999959e+00
1.856257956914518850e-02 -9.623199999999999532e-01
1.858258234885332150e-02 -9.746489999999999876e-01
1.860258512856145102e-02 -1.013970999999999956e+00
1.862258790826958055e-02 -1.098713999999999968e+00
1.864259068797771354e-02 -1.229008000000000100e+00
1.866259346768584307e-02 -1.321472999999999898e+00
1.868259624739397259e-02 -1.375718999999999914e+00
1.870259902710210559e-02 -1.331077000000000066e+00
1.872260180681023511e-02 -1.230501000000000067e+00
1.874260458651836464e-02 -1.088721000000000050e+00
1.876260736622649763e-02 -9.865880000000000205e-01
1.878261014593462716e-02 -9.747139999999999693e-01
1.880261292564275669e-02 -1.040769000000000055e+00
1.882261570535088621e-02 -1.165224000000000038e+00
1.884261848505901921e-02 -1.245360000000000023e+00
1.886262126476714873e-02 -1.289158999999999944e+00
1.888262404447527826e-02 -1.221157000000000048e+00
1.890262682418341125e-02 -1.090019000000000071e+00
1.892262960389154078e-02 -9.717289999999999539e-01
1.894263238359967030e-02 -9.106049999999999978e-01
1.896263516330780330e-02 -9.372740000000000515e-01
1.898263794301593282e-02 -1.042132000000000058e+00
1.900264072272406235e-02 -1.206752000000000047e+00
1.902264350243219534e-02 -1.325560999999999989e+00
1.904264628214032487e-02 -1.317126000000000019e+00
1.906264906184845440e-02 -1.226088000000000067e+00
1.908265184155658392e-02 -1.109615000000000018e+00
1.910265462126471692e-02 -1.032723000000000058e+00
1.912265740097284644e-02 -1.034475000000000033e+00
1.914266018068097597e-02 -1.108707000000000109e+00
1.916266296038910896e-02 -1.212331999999999965e+00
1.918266574009723849e-02 -1.315113999999999894e+00
1.920266851980536801e-02 -1.354241000000000028e+00
1.922267129951350101e-02 -1.325625999999999971e+00
1.924267407922163053e-02 -1.177812000000000081e+00
1.926267685892976006e-02 -9.649809999999999777e-01
1.928267963863789305e-02 -8.108079999999999732e-01
1.930268241834602258e-02 -8.089260000000000339e-01
1.932268519805415211e-02 -9.292280000000000539e-01
1.934268797776228163e-02 -1.100400999999999962e+00
1.936269075747041463e-02 -1.220247999999999999e+00
1.938269353717854415e-02 -1.276829999999999909e+00
1.940269631688667368e-02 -1.258143000000000011e+00
1.942269909659480667e-02 -1.192736000000000018e+00
1.944270187630293620e-02 -1.153089999999999948e+00
1.946270465601106572e-02 -1.129860000000000086e+00
1.948270743571919872e-02 -1.134077999999999919e+00
1.950271021542732824e-02 -1.201106999999999925e+00
1.952271299513545777e-02 -1.296102000000000087e+00
1.954271577484359076e-02 -1.369490000000000096e+00
1.956271855455172029e-02 -1.341782999999999948e+00
1.958272133425984982e-02 -1.219275000000000109e+00
1.960272411396797934e-02 -1.048621000000000025e+00
1.962272689367611234e-02 -9.302009999999999446e-01
1.964272967338424186e-02 -9.385710000000000441e-01
1.966273245309237139e-02 -1.090149000000000035e+00
1.968273523280050438e-02 -1.250680999999999932e+00
1.970273801250863391e-02 -1.337499999999999911e+00
1.972274079221676343e-02 -1.292273999999999923e+00
1.974274357192489643e-02 -1.143486000000000002e+00
1.976274635163302595e-02 -1.011181000000000108e+00
1.978274913134115548e-02 -9.017800000000000260e-01
1.980275191104928847e-02 -8.333890000000000464e-01
1.982275469075741800e-02 -8.766690000000000316e-01
1.984275747046554753e-02 -1.039082000000000061e+00
1.986276025017367705e-02 -1.266707999999999945e+00
1.988276302988181005e-02 -1.466755999999999949e+00
1.990276580958993957e-02 -1.521196999999999910e+00
1.992276858929806910e-02 -1.444304999999999950e+00
1.994277136900620209e-02 -1.238093000000000110e+00
1.996277414871433162e-02 -1.068022000000000027e+00
1.998277692842246114e-02 -9.775040000000000395e-01
2.000277970813059414e-02 -9.611520000000000064e-01
2.002278248783872366e-02 -1.009493999999999891e+00
2.004278526754685319e-02 -1.035708000000000073e+00
2.006278804725498618e-02 -1.097480999999999929e+00
2.008279082696311571e-02 -1.100919999999999899e+00
2.010279360667124524e-02 -1.106694999999999984e+00
2.012279638637937476e-02 -1.108446999999999960e+00
2.014279916608750776e-02 -1.088592000000000004e+00
2.016280194579563728e-02 -1.068281999999999954e+00
2.018280472550376681e-02 -1.078014999999999946e+00
2.020280750521189980e-02 -1.152506000000000030e+00
2.022281028492002933e-02 -1.193060999999999927e+00
2.024281306462815885e-02 -1.186377000000000015e+00
2.026281584433629185e-02 -1.154452000000000034e+00
2.028281862404442137e-02 -1.111237000000000030e+00
2.030282140375255090e-02 -1.087943000000000104e+00
2.032282418346068389e-02 -1.072629000000000055e+00
2.034282696316881342e-02 -1.116946999999999912e+00
2.036282974287694295e-02 -1.122981999999999925e+00
2.038283252258507247e-02 -1.100726000000000093e+00
2.040283530229320547e-02 -1.110068999999999972e+00
2.042283808200133499e-02 -1.142188999999999899e+00
2.044284086170946452e-02 -1.170609000000000011e+00
2.046284364141759751e-02 -1.180018000000000011e+00
2.048284642112572704e-02 -1.147704000000000057e+00
2.050284920083385656e-02 -1.108057999999999987e+00
2.052285198054198956e-02 -1.057055999999999996e+00
2.054285476025011908e-02 -1.012153999999999998e+00
2.056285753995824861e-02 -9.923629999999999951e-01
2.058286031966638160e-02 -1.008715000000000028e+00
2.060286309937451113e-02 -1.067568000000000072e+00
2.062286587908264066e-02 -1.170868999999999938e+00
2.064286865879077018e-02 -1.270536000000000110e+00
2.066287143849890318e-02 -1.324262999999999968e+00
2.068287421820703270e-02 -1.295323000000000002e+00
2.070287699791516223e-02 -1.191114000000000006e+00
2.072287977762329522e-02 -1.099493000000000054e+00
2.074288255733142475e-02 -1.046024999999999983e+00
2.076288533703955427e-02 -1.043884000000000034e+00
2.078288811674768727e-02 -1.086904000000000092e+00
2.080289089645581679e-02 -1.149326000000000070e+00
2.082289367616394632e-02 -1.198641000000000068e+00
2.084289645587207931e-02 -1.197149000000000019e+00
2.086289923558020884e-02 -1.157955999999999985e+00
2.088290201528833837e-02 -1.094302000000000108e+00
2.090290479499646789e-02 -1.063414999999999999e+00
2.092290757470460089e-02 -1.054461000000000093e+00
2.094291035441273041e-02 -1.151402999999999954e+00
2.096291313412085994e-02 -1.245230000000000059e+00
2.098291591382899293e-02 -1.306613999999999942e+00
2.100291869353712246e-02 -1.261905999999999972e+00
2.102292147324525198e-02 -1.135504999999999987e+00
2.104292425295338498e-02 -9.962560000000000304e-01
2.106292703266151450e-02 -9.245560000000000445e-01
2.108292981236964403e-02 -9.403880000000000017e-01
2.110293259207777702e-02 -1.057900000000000063e+00
2.112293537178590655e-02 -1.184366000000000030e+00
2.114293815149403608e-02 -1.322770999999999919e+00
2.116294093120216560e-02 -1.383764999999999912e+00
2.118294371091029860e-02 -1.354824999999999946e+00
2.120294649061842812e-02 -1.221416000000000057e+00
2.122294927032655765e-02 -1.067503000000000091e+00
2.124295205003469064e-02 -9.203379999999999894e-01
2.126295482974282017e-02 -8.842600000000000460e-01
2.128295760945094969e-02 -9.594000000000000306e-01
2.130296038915908269e-02 -1.101115000000000066e+00
2.132296316886721221e-02 -1.244710999999999901e+00
2.134296594857534174e-02 -1.284162999999999943e+00
2.136296872828347473e-02 -1.217587999999999893e+00
2.138297150799160426e-02 -1.148287999999999975e+00
2.140297428769973379e-02 -1.069903999999999966e+00
2.142297706740786331e-02 -1.066983999999999932e+00
2.144297984711599631e-02 -1.091447000000000056e+00
2.146298262682412583e-02 -1.150365000000000082e+00
2.148298540653225536e-02 -1.212331999999999965e+00
2.150298818624038835e-02 -1.254574000000000078e+00
2.152299096594851788e-02 -1.256780000000000008e+00
2.154299374565664740e-02 -1.197408000000000028e+00
2.156299652536478040e-02 -1.072888999999999982e+00
2.158299930507290992e-02 -9.733509999999999662e-01
2.160300208478103945e-02 -9.377280000000000060e-01
2.162300486448917244e-02 -9.816570000000000018e-01
2.164300764419730197e-02 -1.101050000000000084e+00
2.166301042390543150e-02 -1.181964999999999932e+00
2.168301320361356102e-02 -1.237962999999999925e+00
2.170301598332169402e-02 -1.196758999999999906e+00
2.172301876302982354e-02 -1.126875000000000071e+00
2.174302154273795307e-02 -1.098584000000000005e+00
2.176302432244608606e-02 -1.033371999999999957e+00
2.178302710215421559e-02 -1.011505000000000098e+00
2.180302988186234511e-02 -9.976190000000000335e-01
2.182303266157047811e-02 -1.035643000000000091e+00
2.184303544127860763e-02 -1.111950999999999912e+00
2.186303822098673716e-02 -1.187869999999999981e+00
2.188304100069487015e-02 -1.223427999999999960e+00
2.190304378040299968e-02 -1.205907999999999980e+00
2.192304656011112921e-02 -1.148417999999999939e+00
2.194304933981925873e-02 -1.109680000000000000e+00
2.196305211952739173e-02 -1.090667999999999971e+00
2.198305489923552125e-02 -1.075679000000000052e+00
2.200305767894365078e-02 -1.071331000000000033e+00
2.202306045865178377e-02 -1.051411000000000096e+00
2.204306323835991330e-02 -1.043689000000000089e+00
2.206306601806804282e-02 -1.046674000000000104e+00
2.208306879777617582e-02 -1.053293000000000035e+00
2.210307157748430534e-02 -1.080934999999999979e+00
2.212307435719243487e-02 -1.103644999999999987e+00
2.214307713690056786e-02 -1.127588999999999952e+00
2.216307991660869739e-02 -1.155426000000000064e+00
2.218308269631682692e-02 -1.165742999999999974e+00
2.220308547602495644e-02 -1.188908000000000076e+00
2.222308825573308944e-02 -1.178331000000000017e+00
2.224309103544121896e-02 -1.151856999999999909e+00
2.226309381514934849e-02 -1.112600000000000033e+00
2.228309659485748148e-02 -1.091576000000000102e+00
2.230309937456561101e-02 -1.076521999999999979e+00
2.232310215427374053e-02 -1.060820000000000096e+00
2.234310493398187353e-02 -1.072240000000000082e+00
2.236310771369000305e-02 -1.080999999999999961e+00
2.238311049339813258e-02 -1.125383000000000022e+00
2.240311327310626557e-02 -1.176644000000000023e+00
2.242311605281439510e-02 -1.208050000000000068e+00
2.244311883252252462e-02 -1.185338999999999920e+00
2.246312161223065415e-02 -1.119153999999999982e+00
2.248312439193878715e-02 -1.064129000000000103e+00
2.250312717164691667e-02 -1.023573999999999984e+00
2.252312995135504620e-02 -9.915199999999999569e-01
2.254313273106317919e-02 -1.015787999999999913e+00
2.256313551077130872e-02 -1.049983000000000111e+00
2.258313829047943824e-02 -1.127458999999999989e+00
2.260314107018757124e-02 -1.209411999999999932e+00
2.262314384989570076e-02 -1.245360000000000023e+00
2.264314662960383029e-02 -1.208439000000000041e+00
2.266314940931196328e-02 -1.111043000000000003e+00
2.268315218902009281e-02 -1.059652000000000038e+00
2.270315496872822233e-02 -1.032464000000000048e+00
2.272315774843635186e-02 -1.067763000000000018e+00
2.274316052814448486e-02 -1.124929000000000068e+00
2.276316330785261438e-02 -1.160876000000000019e+00
2.278316608756074391e-02 -1.182873000000000063e+00
2.280316886726887690e-02 -1.168922000000000017e+00
2.282317164697700643e-02 -1.113378999999999897e+00
2.284317442668513595e-02 -1.064972000000000030e+00
2.286317720639326895e-02 -9.795800000000000063e-01
2.288317998610139847e-02 -9.725080000000000391e-01
2.290318276580952800e-02 -1.037914000000000003e+00
2.292318554551766099e-02 -1.154646999999999979e+00
2.294318832522579052e-02 -1.251330000000000053e+00
2.296319110493392004e-02 -1.270926000000000000e+00
2.298319388464204957e-02 -1.200911999999999979e+00
2.300319666435018257e-02 -1.085088000000000052e+00
2.302319944405831209e-02 -9.875620000000000509e-01
2.304320222376644162e-02 -9.739999999999999769e-01
2.306320500347457461e-02 -9.965159999999999574e-01
2.308320778318270414e-02 -1.080286000000000080e+00
2.310321056289083366e-02 -1.186247000000000051e+00
2.312321334259896666e-02 -1.263463999999999920e+00
2.314321612230709618e-02 -1.305576000000000070e+00
2.316321890201522571e-02 -1.270277000000000100e+00
2.318322168172335870e-02 -1.182484000000000091e+00
2.320322446143148823e-02 -1.055304000000000020e+00
2.322322724113961775e-02 -9.924279999999999768e-01
2.324323002084774728e-02 -1.019161999999999901e+00
2.326323280055588028e-02 -1.094430999999999932e+00
2.328323558026400980e-02 -1.141993999999999954e+00
2.330323835997213933e-02 -1.171322999999999892e+00
2.332324113968027232e-02 -1.135375999999999941e+00
2.334324391938840185e-02 -1.076133000000000006e+00
2.336324669909653137e-02 -1.022016999999999953e+00
2.338324947880466437e-02 -1.028181000000000012e+00
2.340325225851279389e-02 -1.057315999999999923e+00
2.342325503822092342e-02 -1.082556999999999992e+00
2.344325781792905641e-02 -1.126940000000000053e+00
2.346326059763718594e-02 -1.176449000000000078e+00
2.348326337734531546e-02 -1.179175000000000084e+00
2.350326615705344499e-02 -1.162563000000000013e+00
2.352326893676157799e-02 -1.116233999999999948e+00
2.354327171646970751e-02 -1.076977000000000073e+00
2.356327449617783704e-02 -1.045052000000000092e+00
2.358327727588597003e-02 -1.056732000000000005e+00
2.360328005559409956e-02 -1.105722000000000094e+00
2.362328283530222908e-02 -1.168533000000000044e+00
2.364328561501036208e-02 -1.149521000000000015e+00
2.366328839471849160e-02 -1.140047000000000033e+00
2.368329117442662113e-02 -1.087099000000000038e+00
2.370329395413475412e-02 -1.061728000000000005e+00
2.372329673384288365e-02 -1.039536999999999933e+00
2.374329951355101317e-02 -1.049269999999999925e+00
2.376330229325914270e-02 -1.040899000000000019e+00
2.378330507296727570e-02 -1.044791999999999943e+00
2.380330785267540522e-02 -1.061663000000000023e+00
2.382331063238353475e-02 -1.066788999999999987e+00
2.384331341209166774e-02 -1.103320999999999996e+00
2.386331619179979727e-02 -1.124149999999999983e+00
2.388331897150792679e-02 -1.114676000000000000e+00
2.390332175121605979e-02 -1.122398000000000007e+00
2.392332453092418931e-02 -1.111626999999999921e+00
2.394332731063231884e-02 -1.147704000000000057e+00
2.396333009034045183e-02 -1.126551000000000080e+00
2.398333287004858136e-02 -1.038628000000000107e+00
2.400333564975671088e-02 -1.153413999999999939e+00
2.402333842946484041e-02 -1.085671999999999970e+00
2.404334120917297341e-02 -1.102152999999999938e+00
2.406334398888110293e-02 -1.068800999999999890e+00
2.408334676858923246e-02 -1.054135999999999962e+00
2.410334954829736545e-02 -9.326020000000000421e-01
2.412335232800549498e-02 -9.691980000000000040e-01
2.414335510771362450e-02 -1.081908000000000092e+00
2.416335788742175750e-02 -1.020070000000000032e+00
2.418336066712988702e-02 -1.161005999999999982e+00
2.420336344683801655e-02 -1.035643000000000091e+00
2.422336622654614954e-02 -1.009622999999999937e+00
2.424336900625427907e-02 -1.175475999999999965e+00
2.426337178596240859e-02 -1.099232999999999905e+00
2.428337456567053812e-02 -1.015722999999999931e+00
2.430337734537867111e-02 -1.021303000000000072e+00
2.432338012508680064e-02 -9.617360000000000353e-01
2.434338290479493017e-02 -9.864579999999999460e-01
2.436338568450306316e-02 -1.093069000000000068e+00
2.438338846421119269e-02 -1.165742999999999974e+00
2.440339124391932221e-02 -1.217783000000000060e+00
2.442339402362745521e-02 -1.224012000000000100e+00
2.444339680333558473e-02 -1.095210000000000017e+00
2.446339958304371426e-02 -9.775690000000000213e-01
2.448340236275184725e-02 -9.155360000000000165e-01
2.450340514245997678e-02 -9.381169999999999787e-01
2.452340792216810630e-02 -1.012996999999999925e+00
2.454341070187623583e-02 -1.091706000000000065e+00
2.456341348158436882e-02 -1.122851999999999961e+00
2.458341626129249835e-02 -1.139334000000000069e+00
2.460341904100062788e-02 -1.128042999999999907e+00
2.462342182070876087e-02 -1.084114000000000022e+00
2.464342460041689040e-02 -1.032788000000000039e+00
2.466342738012501992e-02 -9.793859999999999788e-01
2.468343015983315292e-02 -9.594650000000000123e-01
2.470343293954128244e-02 -1.039536999999999933e+00
2.472343571924941197e-02 -1.112794999999999979e+00
2.474343849895754496e-02 -1.129729999999999901e+00
2.476344127866567449e-02 -1.110652999999999890e+00
2.478344405837380401e-02 -1.071785999999999905e+00
2.480344683808193354e-02 -1.049269999999999925e+00
2.482344961779006653e-02 -1.070877000000000079e+00
2.484345239749819606e-02 -1.080805000000000016e+00
2.486345517720632559e-02 -1.060948999999999920e+00
2.488345795691445858e-02 -1.094236999999999904e+00
2.490346073662258811e-02 -1.131482000000000099e+00
2.492346351633071763e-02 -1.174762000000000084e+00
2.494346629603885063e-02 -1.156593999999999900e+00
2.496346907574698015e-02 -1.078468999999999900e+00
2.498347185545510968e-02 -9.638130000000000308e-01
2.500347463516324267e-02 -9.449300000000000477e-01
2.502347741487137220e-02 -9.967759999999999954e-01
2.504348019457950172e-02 -1.073731999999999909e+00
2.506348297428763125e-02 -1.123955000000000037e+00
2.508348575399576424e-02 -1.119089000000000000e+00
2.510348853370389377e-02 -1.128368000000000038e+00
2.512349131341202330e-02 -1.150169999999999915e+00
2.514349409312015629e-02 -1.123825999999999992e+00
2.516349687282828582e-02 -1.086256000000000110e+00
2.518349965253641534e-02 -1.042975999999999903e+00
2.520350243224454834e-02 -1.016046999999999922e+00
2.522350521195267786e-02 -1.072109999999999896e+00
2.524350799166080739e-02 -1.117011999999999894e+00
2.526351077136894038e-02 -1.153348999999999958e+00
2.528351355107706991e-02 -1.116753000000000107e+00
2.530351633078519943e-02 -1.063285000000000036e+00
2.532351911049332896e-02 -1.024223000000000106e+00
2.534352189020146195e-02 -1.039212000000000025e+00
2.536352466990959148e-02 -1.063285000000000036e+00
2.538352744961772101e-02 -1.088462000000000041e+00
2.540353022932585400e-02 -1.089760000000000062e+00
2.542353300903398353e-02 -1.110068999999999972e+00
2.544353578874211305e-02 -1.119218000000000046e+00
2.546353856845024605e-02 -1.133169000000000093e+00
2.548354134815837557e-02 -1.089239999999999986e+00
2.550354412786650510e-02 -1.030127999999999933e+00
2.552354690757463809e-02 -9.703009999999999691e-01
2.554354968728276762e-02 -9.993060000000000276e-01
2.556355246699089714e-02 -1.037978999999999985e+00
2.558355524669902667e-02 -1.096182999999999907e+00
2.560355802640715966e-02 -1.106176000000000048e+00
2.562356080611528919e-02 -1.127458999999999989e+00
2.564356358582341872e-02 -1.137582000000000093e+00
2.566356636553155171e-02 -1.153348999999999958e+00
2.568356914523968124e-02 -1.156074999999999964e+00
2.570357192494781076e-02 -1.112665000000000015e+00
2.572357470465594376e-02 -1.064194000000000084e+00
2.574357748436407328e-02 -1.048102000000000089e+00
2.576358026407220281e-02 -1.049724000000000101e+00
2.578358304378033580e-02 -1.060300999999999938e+00
2.580358582348846533e-02 -1.061857999999999969e+00
2.582358860319659485e-02 -1.066983999999999932e+00
2.584359138290472438e-02 -1.084893000000000107e+00
2.586359416261285737e-02 -1.099298000000000108e+00
2.588359694232098690e-02 -1.124733999999999901e+00
2.590359972202911643e-02 -1.116298999999999930e+00
2.592360250173724942e-02 -1.107213999999999920e+00
2.594360528144537895e-02 -1.108707000000000109e+00
2.596360806115350847e-02 -1.131288000000000071e+00
2.598361084086164147e-02 -1.156074999999999964e+00
2.600361362056977099e-02 -1.150689000000000073e+00
2.602361640027790052e-02 -1.133882999999999974e+00
2.604361917998603351e-02 -1.086125999999999925e+00
2.606362195969416304e-02 -1.042262000000000022e+00
2.608362473940229256e-02 -1.030257999999999896e+00
2.610362751911042209e-02 -1.023249999999999993e+00
2.612363029881855508e-02 -1.035449000000000064e+00
2.614363307852668461e-02 -1.074446000000000012e+00
2.616363585823481414e-02 -1.149974999999999969e+00
2.618363863794294713e-02 -1.199289999999999967e+00
2.620364141765107666e-02 -1.235042999999999891e+00
2.622364419735920618e-02 -1.214928000000000008e+00
2.624364697706733918e-02 -1.144589999999999996e+00
2.626364975677546870e-02 -1.070618000000000070e+00
2.628365253648359823e-02 -1.016566000000000081e+00
2.630365531619173122e-02 -1.027207999999999899e+00
2.632365809589986075e-02 -1.045700999999999992e+00
2.634366087560799027e-02 -1.090991999999999962e+00
2.636366365531611980e-02 -1.114935999999999927e+00
2.638366643502425279e-02 -1.114157000000000064e+00
2.640366921473238232e-02 -1.130962999999999941e+00
2.642367199444051185e-02 -1.113963000000000036e+00
2.644367477414864484e-02 -1.094041999999999959e+00
2.646367755385677437e-02 -1.088915999999999995e+00
2.648368033356490389e-02 -1.125771999999999995e+00
2.650368311327303689e-02 -1.153219999999999912e+00
2.652368589298116641e-02 -1.179694000000000020e+00
2.654368867268929594e-02 -1.156398999999999955e+00
2.656369145239742893e-02 -1.114352000000000009e+00
2.658369423210555846e-02 -1.058029000000000108e+00
2.660369701181368798e-02 -1.033890999999999893e+00
2.662369979152181751e-02 -1.012089000000000016e+00
2.664370257122995050e-02 -1.040315000000000101e+00
2.666370535093808003e-02 -1.070357999999999921e+00
2.668370813064620956e-02 -1.134662000000000059e+00
2.670371091035434255e-02 -1.173399999999999999e+00
2.672371369006247208e-02 -1.152180999999999900e+00
2.674371646977060160e-02 -1.122592999999999952e+00
2.676371924947873460e-02 -1.067568000000000072e+00
2.678372202918686412e-02 -1.043495000000000061e+00
2.680372480889499365e-02 -1.042067000000000077e+00
2.682372758860312664e-02 -1.052708999999999895e+00
2.684373036831125617e-02 -1.086514999999999898e+00
2.686373314801938569e-02 -1.097869999999999902e+00
2.688373592772751522e-02 -1.143615999999999966e+00
2.690373870743564821e-02 -1.133817999999999993e+00
2.692374148714377774e-02 -1.117011999999999894e+00
2.694374426685190727e-02 -1.058742999999999990e+00
2.696374704656004026e-02 -1.043234999999999912e+00
2.698374982626816979e-02 -1.051215999999999928e+00
2.700375260597629931e-02 -1.087943000000000104e+00
2.702375538568443231e-02 -1.114222000000000046e+00
2.704375816539256183e-02 -1.127783999999999898e+00
2.706376094510069136e-02 -1.129795000000000105e+00
2.708376372480882435e-02 -1.092614999999999892e+00
2.710376650451695388e-02 -1.090602999999999989e+00
2.712376928422508340e-02 -1.091510999999999898e+00
2.714377206393321293e-02 -1.069385000000000030e+00
2.716377484364134592e-02 -1.062831000000000081e+00
2.718377762334947545e-02 -1.081193999999999988e+00
2.720378040305760498e-02 -1.087423999999999946e+00
2.722378318276573797e-02 -1.128303000000000056e+00
2.724378596247386750e-02 -1.134012999999999938e+00
2.726378874218199702e-02 -1.099817000000000045e+00
2.728379152189013002e-02 -1.073796999999999890e+00
2.730379430159825954e-02 -1.061533000000000060e+00
2.732379708130638907e-02 -1.046804000000000068e+00
2.734379986101452206e-02 -1.063479999999999981e+00
2.736380264072265159e-02 -1.058742999999999990e+00
2.738380542043078111e-02 -1.069774000000000003e+00
2.740380820013891064e-02 -1.094041999999999959e+00
2.742381097984704363e-02 -1.113768000000000091e+00
2.744381375955517316e-02 -1.125448000000000004e+00
2.746381653926330269e-02 -1.135180999999999996e+00
2.748381931897143568e-02 -1.113313999999999915e+00
2.750382209867956521e-02 -1.088267000000000095e+00
2.752382487838769473e-02 -1.082686999999999955e+00
2.754382765809582773e-02 -1.085412000000000043e+00
2.756383043780395725e-02 -1.076262999999999970e+00
2.758383321751208678e-02 -1.086969000000000074e+00
2.760383599722021977e-02 -1.085347000000000062e+00
2.762383877692834930e-02 -1.105461999999999945e+00
2.764384155663647882e-02 -1.109420000000000073e+00
2.766384433634460835e-02 -1.085477000000000025e+00
2.768384711605274134e-02 -1.082880999999999982e+00
2.770384989576087087e-02 -1.060041000000000011e+00
2.772385267546900040e-02 -1.057770000000000099e+00
2.774385545517713339e-02 -1.038432999999999939e+00
2.776385823488526292e-02 -1.060429999999999984e+00
2.778386101459339244e-02 -1.085282000000000080e+00
2.780386379430152544e-02 -1.095728999999999953e+00
2.782386657400965496e-02 -1.095274999999999999e+00
2.784386935371778449e-02 -1.086060999999999943e+00
2.786387213342591748e-02 -1.090149000000000035e+00
2.788387491313404701e-02 -1.085606999999999989e+00
2.790387769284217653e-02 -1.085865999999999998e+00
2.792388047255030606e-02 -1.090214000000000016e+00
2.794388325225843905e-02 -1.118764000000000092e+00
2.796388603196656858e-02 -1.139399000000000051e+00
2.798388881167469810e-02 -1.148741999999999930e+00
2.800389159138283110e-02 -1.117272000000000043e+00
2.802389437109096063e-02 -1.092549999999999910e+00
2.804389715079909015e-02 -1.057509999999999950e+00
2.806389993050722315e-02 -1.048361000000000098e+00
2.808390271021535267e-02 -1.058029000000000108e+00
2.810390548992348220e-02 -1.075614000000000070e+00
2.812390826963161519e-02 -1.082038000000000055e+00
2.814391104933974472e-02 -1.113703000000000110e+00
2.816391382904787424e-02 -1.121879000000000071e+00
2.818391660875600377e-02 -1.129536000000000096e+00
2.820391938846413676e-02 -1.094236999999999904e+00
2.822392216817226629e-02 -1.044662999999999897e+00
2.824392494788039581e-02 -1.023573999999999984e+00
2.826392772758852881e-02 -1.044987000000000110e+00
2.828393050729665834e-02 -1.075159999999999894e+00
2.830393328700478786e-02 -1.122333000000000025e+00
2.832393606671292086e-02 -1.138878999999999975e+00
2.834393884642105038e-02 -1.133429000000000020e+00
2.836394162612917991e-02 -1.110198999999999936e+00
2.838394440583731290e-02 -1.082038000000000055e+00
2.840394718554544243e-02 -1.066724000000000006e+00
2.842394996525357195e-02 -1.057380999999999904e+00
2.844395274496170148e-02 -1.059391999999999889e+00
2.846395552466983447e-02 -1.083464999999999900e+00
2.848395830437796400e-02 -1.114740999999999982e+00
2.850396108408609352e-02 -1.106435999999999975e+00
2.852396386379422652e-02 -1.099752000000000063e+00
2.854396664350235605e-02 -1.065620999999999929e+00
2.856396942321048557e-02 -1.020523999999999987e+00
2.858397220291861857e-02 -9.952180000000000470e-01
2.860397498262674809e-02 -9.989820000000000366e-01
2.862397776233487762e-02 -1.021107999999999905e+00
2.864398054204301061e-02 -1.068411999999999917e+00
2.866398332175114014e-02 -1.107148999999999939e+00
2.868398610145926966e-02 -1.132455999999999907e+00
2.870398888116739919e-02 -1.102737000000000078e+00
2.872399166087553218e-02 -1.103256000000000014e+00
2.874399444058366171e-02 -1.077884999999999982e+00
2.876399722029179123e-02 -1.072370000000000045e+00
