# time(s), 	 	 acceleration(g)
0.000000000000000000e+00 6.254933000000000298e+00
2.000277970813059281e-05 6.477821999999999747e+00
4.000555941626118562e-05 6.718943999999999583e+00
6.000833912439177504e-05 6.991406999999999705e+00
8.001111883252237124e-05 7.267439000000000426e+00
1.000138985406529674e-04 7.582987000000000144e+00
1.200166782487835501e-04 7.896264999999999645e+00
1.400194579569141598e-04 8.225828999999999169e+00
1.600222376650447425e-04 8.604706999999999439e+00
1.800250173731753251e-04 8.948546999999999585e+00
2.000277970813059349e-04 9.342674000000000589e+00
2.200305767894365175e-04 9.770673000000000386e+00
2.400333564975671002e-04 1.023487899999999939e+01
2.600361362056977099e-04 1.073535700000000048e+01
2.800389159138283197e-04 1.131305099999999975e+01
3.000416956219588752e-04 1.196990800000000021e+01
3.200444753300894850e-04 1.270904299999999942e+01
3.400472550382200947e-04 1.354752000000000045e+01
3.600500347463506503e-04 1.437645900000000054e+01
3.800528144544812600e-04 1.541174099999999925e+01
4.000555941626118698e-04 1.655103799999999836e+01
4.200583738707424253e-04 1.773510699999999929e+01
4.400611535788730351e-04 1.926074399999999898e+01
4.600639332870036448e-04 2.106494400000000056e+01
4.800667129951342003e-04 2.299710200000000171e+01
5.000694927032648101e-04 2.552343499999999921e+01
5.200722724113954198e-04 2.874607800000000069e+01
5.400750521195260296e-04 3.289135699999999929e+01
5.600778318276566393e-04 3.912076199999999915e+01
5.800806115357871407e-04 4.860324099999999703e+01
6.000833912439177504e-04 6.448785499999999615e+01
6.200861709520483602e-04 8.957119500000000301e+01
6.400889506601789699e-04 1.274779470000000003e+02
6.600917303683095797e-04 1.787051500000000033e+02
6.800945100764401894e-04 2.428455690000000118e+02
7.000972897845707992e-04 3.145663529999999923e+02
7.201000694927013005e-04 3.845999289999999746e+02
7.401028492008319103e-04 4.425341730000000098e+02
7.601056289089625200e-04 4.771606629999999996e+02
7.801084086170931298e-04 4.841295910000000049e+02
8.001111883252237395e-04 4.640165759999999864e+02
8.201139680333543493e-04 4.270637370000000033e+02
8.401167477414848506e-04 3.822401610000000005e+02
8.601195274496154604e-04 3.356480090000000018e+02
8.801223071577460701e-04 2.903499110000000201e+02
9.001250868658766799e-04 2.489662869999999941e+02
9.201278665740072896e-04 2.019560639999999978e+02
9.401306462821378994e-04 1.507873899999999878e+02
9.601334259902684007e-04 9.854495599999999911e+01
9.801362056983990104e-04 5.545933000000000135e+01
1.000138985406529620e-03 2.164717999999999876e+01
1.020141765114660230e-03 1.042770999999999892e+00
1.040144544822790840e-03 -6.201344999999999885e+00
1.060147324530921449e-03 -1.071851000000000109e+00
1.080150104239052059e-03 1.360630899999999954e+01
1.100152883947182669e-03 3.555544799999999839e+01
1.120155663655313279e-03 5.439783299999999855e+01
1.140158443363443888e-03 6.732480599999999527e+01
1.160161223071574281e-03 6.365100000000000335e+01
1.180164002779704891e-03 4.999209499999999906e+01
1.200166782487835501e-03 2.332906699999999844e+01
1.220169562195966111e-03 -5.666671000000000014e+00
1.240172341904096720e-03 -2.419013400000000047e+01
1.260175121612227330e-03 -3.742227299999999701e+01
1.280177901320357940e-03 -3.571631399999999701e+01
1.300180681028488550e-03 -2.300340500000000077e+01
1.320183460736619159e-03 -7.391384000000000398e+00
1.340186240444749769e-03 8.917790000000000106e+00
1.360189020152880379e-03 2.248630599999999902e+01
1.380191799861010989e-03 2.705497700000000094e+01
1.400194579569141598e-03 1.625365800000000149e+01
1.420197359277271991e-03 5.557066999999999979e+00
1.440200138985402601e-03 1.707219999999999960e+00
1.460202918693533211e-03 1.238731999999999944e+00
1.480205698401663821e-03 1.901299000000000072e+00
1.500208478109794430e-03 6.563343999999999845e+00
1.520211257817925040e-03 1.843440000000000012e+01
1.540214037526055650e-03 1.766191299999999842e+01
1.560216817234186260e-03 2.267019799999999918e+01
1.580219596942316869e-03 1.808893899999999988e+01
1.600222376650447479e-03 2.790258999999999823e+00
1.620225156358578089e-03 5.574120000000000186e-01
1.640227936066708699e-03 2.032826000000000022e+00
1.660230715774839308e-03 -5.250430000000000375e-01
1.680233495482969701e-03 4.271448999999999607e+00
1.700236275191100311e-03 3.434918000000000138e+00
1.720239054899230921e-03 5.026869999999999727e+00
1.740241834607361530e-03 -3.841124000000000205e+00
1.760244614315492140e-03 -1.139105499999999971e+01
1.780247394023622750e-03 -2.188299100000000053e+01
1.800250173731753360e-03 -3.092468900000000076e+01
1.820252953439883969e-03 -2.709339999999999904e+01
1.840255733148014579e-03 -2.046422400000000152e+01
1.860258512856145189e-03 -6.451811000000000185e+00
1.880261292564275799e-03 1.550212999999999930e+01
1.900264072272406408e-03 2.722530700000000081e+01
1.920266851980536801e-03 3.634889299999999679e+01
1.940269631688667411e-03 4.232465200000000038e+01
1.960272411396798021e-03 2.884503199999999978e+01
1.980275191104928847e-03 1.964299700000000115e+01
2.000277970813059240e-03 5.419374999999999609e+00
2.020280750521190067e-03 -1.137924600000000019e+01
2.040283530229320460e-03 -1.697644999999999982e+01
2.060286309937450853e-03 -1.870849499999999921e+01
2.080289089645581679e-03 -1.799375799999999970e+01
2.100291869353712072e-03 -1.237092299999999945e+01
2.120294649061842899e-03 -8.718334999999999724e+00
2.140297428769973292e-03 -4.913001999999999647e+00
2.160300208478104118e-03 -5.491668999999999912e+00
2.180302988186234511e-03 -3.719393999999999867e+00
2.200305767894365338e-03 -8.044606999999999175e+00
2.220308547602495731e-03 -1.174871599999999994e+01
2.240311327310626557e-03 -7.093938999999999773e+00
2.260314107018756950e-03 -3.708104000000000067e+00
2.280316886726887777e-03 -2.470372999999999930e+00
2.300319666435018170e-03 2.560621999999999954e+00
2.320322446143148563e-03 6.404174000000000255e+00
2.340325225851279389e-03 7.345239000000000296e+00
2.360328005559409782e-03 9.698128000000000526e+00
2.380330785267540609e-03 1.103825199999999995e+01
2.400333564975671002e-03 5.735508000000000273e+00
2.420336344683801828e-03 8.175995000000000346e+00
2.440339124391932221e-03 7.869531000000000276e+00
2.460341904100063048e-03 1.159049999999999914e+00
2.480344683808193441e-03 -3.042098000000000191e+00
2.500347463516324267e-03 -8.453269000000000588e+00
2.520350243224454660e-03 -1.385950899999999919e+01
2.540353022932585487e-03 -1.534757699999999936e+01
2.560355802640715880e-03 -1.612038799999999839e+01
2.580358582348846273e-03 -1.143907199999999946e+01
2.600361362056977099e-03 -1.206861199999999990e+01
2.620364141765107492e-03 -7.668258999999999936e+00
2.640366921473238319e-03 -4.929743000000000208e+00
2.660369701181368712e-03 -3.986406999999999812e+00
2.680372480889499538e-03 -1.521651000000000087e+00
2.700375260597629931e-03 -5.100331999999999866e+00
2.720378040305760758e-03 -3.312549000000000188e+00
2.740380820013891151e-03 2.091600000000000126e-01
2.760383599722021977e-03 5.061325000000000074e+00
2.780386379430152370e-03 1.462497899999999973e+01
2.800389159138283197e-03 1.418043399999999998e+01
2.820391938846413590e-03 9.113751000000000602e+00
2.840394718554543983e-03 3.441146999999999956e+00
2.860397498262674809e-03 1.595209999999999961e-01
2.880400277970805202e-03 -1.431068000000000007e+00
2.900403057678936029e-03 -5.950034999999999741e+00
2.920405837387066422e-03 -1.129158299999999926e+01
2.940408617095197248e-03 -1.133752299999999913e+01
2.960411396803327641e-03 -8.071989999999999554e+00
2.980414176511458468e-03 -8.410702999999999818e+00
3.000416956219588861e-03 -7.719000999999999557e+00
3.020419735927719687e-03 -1.449105999999999916e+01
3.040422515635850080e-03 -1.751320000000000121e+01
3.060425295343980907e-03 -1.245190299999999972e+01
3.080428075052111300e-03 -1.074354199999999970e+01
3.100430854760241692e-03 -5.769193999999999711e+00
3.120433634468372519e-03 2.633751000000000175e+00
3.140436414176502912e-03 8.720985999999999905e+00
3.160439193884633739e-03 1.278269000000000055e+01
3.180441973592764131e-03 1.150154900000000069e+01
3.200444753300894958e-03 8.860689000000000703e+00
3.220447533009025351e-03 3.199310999999999794e+00
3.240450312717156178e-03 -5.594980000000000508e-01
3.260453092425286570e-03 -3.569439000000000028e+00
3.280455872133417397e-03 -6.039514999999999745e+00
3.300458651841547790e-03 -3.158701000000000203e+00
3.320461431549678617e-03 2.426629000000000147e+00
3.340464211257809009e-03 2.274468000000000156e+00
3.360466990965939402e-03 -2.389653000000000027e+00
3.380469770674070229e-03 -5.825192000000000370e+00
3.400472550382200622e-03 -1.375374300000000005e+01
3.420475330090331448e-03 -1.800173900000000060e+01
3.440478109798461841e-03 -1.779967900000000114e+01
3.460480889506592668e-03 -1.649271299999999840e+01
3.480483669214723061e-03 -1.210481900000000088e+01
3.500486448922853887e-03 -4.283722000000000030e+00
3.520489228630984280e-03 4.664731999999999879e+00
3.540492008339115107e-03 8.038952000000000098e+00
3.560494788047245500e-03 1.006896099999999983e+01
3.580497567755376326e-03 8.662846999999999298e+00
3.600500347463506719e-03 3.186787999999999954e+00
3.620503127171637112e-03 9.265579999999999927e-01
3.640505906879767939e-03 -3.287373000000000101e+00
3.660508686587898332e-03 -2.773203000000000085e+00
3.680511466296029158e-03 -1.277803999999999940e+00
3.700514246004159551e-03 -2.484843000000000135e+00
3.720517025712290378e-03 -1.184560000000000057e+00
3.740519805420420771e-03 6.477359999999999784e-01
3.760522585128551597e-03 -1.561687000000000047e+00
3.780525364836681990e-03 2.009849999999999970e-01
3.800528144544812817e-03 -9.735460000000000225e-01
3.820530924252943210e-03 -6.117315999999999754e+00
3.840533703961073603e-03 -7.922748000000000346e+00
3.860536483669204429e-03 -9.204862000000000322e+00
3.880539263377334822e-03 -1.243931500000000057e+01
3.900542043085465649e-03 -1.251614099999999929e+01
3.920544822793596042e-03 -1.030503200000000064e+01
3.940547602501726435e-03 -7.537380999999999887e+00
3.960550382209857695e-03 3.031179999999999986e-01
3.980553161917988088e-03 5.604305000000000092e+00
4.000555941626118481e-03 1.315611799999999931e+01
4.020558721334248874e-03 1.209105300000000049e+01
4.040561501042380134e-03 9.556153999999999371e+00
4.060564280750510527e-03 8.298956999999999695e+00
4.080567060458640920e-03 5.236709999999999976e-01
4.100569840166771313e-03 -8.014639999999999542e-01
4.120572619874901706e-03 -3.565805000000000113e+00
4.140575399583032966e-03 -7.549968999999999930e+00
4.160578179291163359e-03 -6.914913999999999561e+00
4.180580958999293752e-03 -7.255314000000000263e+00
4.200583738707424145e-03 -6.144504000000000410e+00
4.220586518415555405e-03 -5.688992999999999967e+00
4.240589298123685798e-03 -6.821280999999999928e+00
4.260592077831816191e-03 -4.339006000000000363e+00
4.280594857539946584e-03 -3.062732000000000010e+00
4.300597637248077844e-03 -2.185386999999999968e+00
4.320600416956208237e-03 5.114069999999999450e-01
4.340603196664338630e-03 -9.100999999999999368e-02
4.360605976372469023e-03 1.851401000000000074e+00
4.380608756080599415e-03 2.214512000000000036e+00
4.400611535788730676e-03 3.238503000000000132e+00
4.420614315496861069e-03 3.069601000000000024e+00
4.440617095204991462e-03 2.617722999999999800e+00
4.460619874913121854e-03 1.659203999999999901e+00
4.480622654621253115e-03 -3.487616000000000049e+00
4.500625434329383508e-03 -4.013659999999999783e+00
4.520628214037513901e-03 -2.392961999999999811e+00
4.540630993745644294e-03 -2.742446999999999857e+00
4.560633773453775554e-03 1.609304999999999986e+00
4.580636553161905947e-03 2.288612999999999786e+00
4.600639332870036340e-03 9.846319999999999517e-01
4.620642112578166733e-03 -5.875999999999999973e-02
4.640644892286297125e-03 -3.501177000000000206e+00
4.660647671994428386e-03 -5.006310000000000038e+00
4.680650451702558779e-03 -1.092191799999999979e+01
4.700653231410689172e-03 -1.000005999999999950e+01
4.720656011118819564e-03 -8.184179999999999566e+00
4.740658790826950825e-03 -2.138538000000000050e+00
4.760661570535081218e-03 6.793889000000000067e+00
4.780664350243211611e-03 6.539983999999999575e+00
4.800667129951342003e-03 6.963051000000000101e+00
4.820669909659473264e-03 8.010272000000000503e+00
4.840672689367603657e-03 4.402900000000000147e-01
4.860675469075734050e-03 -2.132568000000000019e+00
4.880678248783864442e-03 -7.195941999999999616e+00
4.900681028491994835e-03 -8.659677000000000291e+00
4.920683808200126096e-03 -6.853335999999999650e+00
4.940686587908256489e-03 -1.082233000000000001e+00
4.960689367616386881e-03 2.140540000000000109e+00
4.980692147324517274e-03 2.349282999999999788e+00
5.000694927032648535e-03 8.472650000000000459e-01
5.020697706740778928e-03 -1.570381999999999945e+00
5.040700486448909320e-03 -1.900141000000000080e+00
5.060703266157039713e-03 1.183578000000000019e+00
5.080706045865170974e-03 -9.522629999999999706e-01
5.100708825573301367e-03 -2.326776999999999873e+00
5.120711605281431759e-03 -2.544474999999999820e+00
5.140714384989562152e-03 -5.771530000000000271e+00
5.160717164697692545e-03 -4.118777999999999828e+00
5.180719944405823806e-03 -1.788793999999999995e+00
5.200722724113954198e-03 -2.036598999999999826e+00
5.220725503822084591e-03 -2.019080000000000208e+00
5.240728283530214984e-03 -1.436584000000000083e+00
5.260731063238346245e-03 1.939120000000000010e-01
5.280733842946476637e-03 2.862674000000000163e+00
5.300736622654607030e-03 3.218192999999999859e+00
5.320739402362737423e-03 1.121933999999999987e+00
5.340742182070868684e-03 -2.769051000000000151e+00
5.360744961778999076e-03 -7.710320000000000507e-01
5.380747741487129469e-03 -1.716963000000000017e+00
5.400750521195259862e-03 -1.799434999999999896e+00
5.420753300903390255e-03 -1.163861000000000034e+00
5.440756080611521515e-03 -3.437781999999999893e+00
5.460758860319651908e-03 -4.319994000000000334e+00
5.480761640027782301e-03 -1.189686000000000021e+00
5.500764419735912694e-03 -7.681769999999999987e-01
5.520767199444043954e-03 -3.320075999999999805e+00
5.540769979152174347e-03 -4.650466999999999906e+00
5.560772758860304740e-03 -4.384426999999999630e+00
5.580775538568435133e-03 -5.061399999999999899e+00
5.600778318276566393e-03 -4.765719999999999956e-01
5.620781097984696786e-03 1.907073999999999936e+00
5.640783877692827179e-03 2.202637000000000178e+00
5.660786657400957572e-03 2.360379000000000005e+00
5.680789437109087965e-03 4.822719999999999785e-01
5.700792216817219225e-03 -4.022109999999999852e-01
5.720794996525349618e-03 -1.159909999999999969e-01
5.740797776233480011e-03 -9.394150000000000000e-01
5.760800555941610404e-03 -2.105315000000000047e+00
5.780803335649741664e-03 -3.616092999999999780e+00
5.800806115357872057e-03 -2.977405000000000079e+00
5.820808895066002450e-03 -2.382905000000000051e+00
5.840811674774132843e-03 -1.126940000000000053e+00
5.860814454482264103e-03 -4.044170000000000265e-01
5.880817234190394496e-03 -3.468538999999999817e+00
5.900820013898524889e-03 -3.801217999999999986e+00
5.920822793606655282e-03 -4.092173999999999978e+00
5.940825573314785675e-03 -3.332209999999999894e+00
5.960828353022916935e-03 -1.297658999999999896e+00
5.980831132731047328e-03 -1.411342000000000096e+00
6.000833912439177721e-03 -2.668798999999999921e+00
6.020836692147308114e-03 -9.858740000000000281e-01
6.040839471855439374e-03 3.798150000000000137e-01
6.060842251563569767e-03 2.541155999999999970e+00
6.080845031271700160e-03 2.748276999999999859e+00
6.100847810979830553e-03 -7.256749999999999590e-01
6.120850590687961813e-03 -2.926597999999999811e+00
6.140853370396092206e-03 -2.258903999999999801e+00
6.160856150104222599e-03 -1.063674999999999926e+00
6.180858929812352992e-03 -8.022430000000000394e-01
6.200861709520483385e-03 -1.811959000000000097e+00
6.220864489228614645e-03 -3.347134000000000054e+00
6.240867268936745038e-03 -4.055317999999999756e+00
6.260870048644875431e-03 -1.848619999999999930e+00
6.280872828353005824e-03 -7.187970000000000192e-01
6.300875608061137084e-03 -8.549959999999999782e-01
6.320878387769267477e-03 -9.076199999999999823e-01
6.340881167477397870e-03 -2.847434999999999938e+00
6.360883947185528263e-03 -2.503919999999999924e+00
6.380886726893659523e-03 1.274600000000000039e-02
6.400889506601789916e-03 5.792789999999999884e-01
6.420892286309920309e-03 4.041480000000000072e-01
6.440895066018050702e-03 6.316299999999999693e-02
6.460897845726181095e-03 -1.899750999999999967e+00
6.480900625434312355e-03 -2.344879999999999853e+00
6.500903405142442748e-03 -1.177097999999999978e+00
6.520906184850573141e-03 -9.394799999999999818e-01
6.540908964558703534e-03 -1.335358999999999963e+00
6.560911744266834794e-03 -6.779180000000000206e-01
6.580914523974965187e-03 5.995890000000000386e-01
6.600917303683095580e-03 1.404843999999999982e+00
6.620920083391225973e-03 4.160220000000000029e-01
6.640922863099357233e-03 -2.517806000000000211e+00
6.660925642807487626e-03 -4.563517000000000046e+00
6.680928422515618019e-03 -5.149321999999999733e+00
6.700931202223748412e-03 -3.388856999999999786e+00
6.720933981931878805e-03 -9.091120000000000312e-01
6.740936761640010065e-03 6.858250000000000179e-01
6.760939541348140458e-03 1.053608000000000100e+00
6.780942321056270851e-03 -8.692710000000000159e-01
6.800945100764401244e-03 -2.133801000000000059e+00
6.820947880472532504e-03 -2.496588000000000029e+00
6.840950660180662897e-03 -2.831992000000000065e+00
6.860953439888793290e-03 -1.639617000000000102e+00
6.880956219596923683e-03 -7.616230000000000500e-01
6.900958999305054943e-03 -1.664799999999999960e-02
6.920961779013185336e-03 1.583090000000000108e+00
6.940964558721315729e-03 1.443062999999999985e+00
6.960967338429446122e-03 -2.229400000000000132e-02
6.980970118137576515e-03 -1.893002999999999991e+00
7.000972897845707775e-03 -3.737627999999999950e+00
7.020975677553838168e-03 -3.900819999999999954e+00
7.040978457261968561e-03 -1.933623000000000092e+00
7.060981236970098954e-03 -3.935799999999999854e-01
7.080984016678230214e-03 5.842699999999999977e-02
7.100986796386360607e-03 -2.715920000000000001e-01
7.120989576094491000e-03 -8.191779999999999617e-01
7.140992355802621393e-03 -1.215640999999999972e+00
7.160995135510752653e-03 -1.791519000000000084e+00
7.180997915218883046e-03 -3.581833000000000045e+00
7.201000694927013439e-03 -3.897511000000000170e+00
7.221003474635143832e-03 -3.080252000000000212e+00
7.241006254343274225e-03 -1.984169999999999989e+00
7.261009034051405485e-03 -1.602449999999999986e-01
7.281011813759535878e-03 1.317765000000000075e+00
7.301014593467666271e-03 9.254550000000000276e-01
7.321017373175796664e-03 -8.402020000000000044e-01
7.341020152883927924e-03 -1.199224999999999985e+00
7.361022932592058317e-03 -6.962810000000000388e-01
7.381025712300188710e-03 -2.894360000000000266e-01
7.401028492008319103e-03 -9.074999999999999734e-02
7.421031271716450363e-03 -9.324719999999999676e-01
7.441034051424580756e-03 -1.923240999999999978e+00
7.461036831132711149e-03 -1.931870999999999894e+00
7.481039610840841542e-03 -1.889240000000000030e+00
7.501042390548971935e-03 -2.092013000000000122e+00
7.521045170257103195e-03 -2.204527999999999821e+00
7.541047949965233588e-03 -2.005453000000000152e+00
7.561050729673363981e-03 -1.670698000000000016e+00
7.581053509381494374e-03 -1.082103000000000037e+00
7.601056289089625634e-03 -1.184171000000000085e+00
7.621059068797756027e-03 -1.754078999999999944e+00
7.641061848505886420e-03 -1.914870000000000072e+00
7.661064628214016813e-03 -1.179694000000000020e+00
7.681067407922147205e-03 -2.129979999999999929e-01
7.701070187630278466e-03 -2.190330000000000055e-01
7.721072967338408859e-03 -4.367309999999999803e-01
7.741075747046539252e-03 -5.296499999999999542e-01
7.761078526754669644e-03 -1.005535000000000068e+00
7.781081306462800905e-03 -1.506791999999999909e+00
7.801084086170931298e-03 -1.373577999999999966e+00
7.821086865879062558e-03 -6.043349999999999556e-01
7.841089645587192083e-03 -8.671299999999999564e-01
7.861092425295323344e-03 -1.381494000000000000e+00
7.881095205003452869e-03 -1.326599000000000084e+00
7.901097984711584130e-03 -1.952893999999999908e+00
7.921100764419715390e-03 -2.017393000000000214e+00
7.941103544127844915e-03 -1.963859999999999939e+00
7.961106323835976176e-03 -2.514171999999999851e+00
7.981109103544105701e-03 -2.019144999999999968e+00
8.001111883252236961e-03 -8.212549999999999573e-01
8.021114662960368222e-03 -5.264050000000000118e-01
8.041117442668497747e-03 -8.605770000000000364e-01
8.061120222376629008e-03 -1.724944000000000033e+00
8.081123002084760268e-03 -2.416646000000000072e+00
8.101125781792889793e-03 -1.865620999999999974e+00
8.121128561501021054e-03 -4.765070000000000139e-01
8.141131341209150579e-03 1.082599999999999951e-01
8.161134120917281840e-03 3.816970000000000085e-01
8.181136900625413100e-03 6.627899999999999903e-01
8.201139680333542625e-03 5.420900000000000024e-02
8.221142460041673886e-03 -8.824440000000000062e-01
8.241145239749803411e-03 -1.676279000000000075e+00
8.261148019457934671e-03 -2.913879999999999804e+00
8.281150799166065932e-03 -3.714268000000000125e+00
8.301153578874195457e-03 -3.665213000000000054e+00
8.321156358582326718e-03 -2.811421999999999866e+00
8.341159138290457978e-03 -1.122138000000000080e+00
8.361161917998587503e-03 9.118929999999999536e-01
8.381164697706718764e-03 1.550712000000000090e+00
8.401167477414848289e-03 1.264290000000000136e-01
8.421170257122979549e-03 -1.637151000000000023e+00
8.441173036831110810e-03 -2.669707999999999970e+00
8.461175816539240335e-03 -2.827255000000000074e+00
8.481178596247371596e-03 -2.324959999999999916e+00
8.501181375955501121e-03 -2.050225999999999882e+00
8.521184155663632381e-03 -1.829607999999999901e+00
8.541186935371763642e-03 -3.378419999999999757e-01
8.561189715079893167e-03 9.419359999999999955e-01
8.581192494788024427e-03 8.035309999999999953e-01
8.601195274496155688e-03 -4.482160000000000033e-01
8.621198054204285213e-03 -1.770820000000000061e+00
8.641200833912416474e-03 -2.621106999999999854e+00
8.661203613620545999e-03 -2.367980000000000196e+00
8.681206393328677259e-03 -1.154193000000000024e+00
8.701209173036808520e-03 -3.016349999999999865e-01
8.721211952744938045e-03 -1.011319999999999997e-01
8.741214732453069305e-03 -6.381419999999999870e-01
8.761217512161198831e-03 -1.509322999999999970e+00
8.781220291869330091e-03 -1.726890999999999954e+00
8.801223071577461352e-03 -2.197325999999999890e+00
8.821225851285590877e-03 -2.709223999999999855e+00
8.841228630993722137e-03 -2.342674000000000145e+00
8.861231410701853398e-03 -1.843299000000000021e+00
8.881234190409982923e-03 -8.368929999999999980e-01
8.901236970118114183e-03 7.980800000000000116e-01
8.921239749826243709e-03 1.109671000000000074e+00
8.941242529534374969e-03 -8.588300000000000101e-02
8.961245309242506230e-03 -1.542545000000000055e+00
8.981248088950635755e-03 -2.160534999999999872e+00
9.001250868658767015e-03 -1.820977999999999986e+00
9.021253648366896541e-03 -1.186118000000000006e+00
9.041256428075027801e-03 -1.063155999999999990e+00
9.061259207783159061e-03 -1.362222999999999962e+00
9.081261987491288587e-03 -1.338602999999999987e+00
9.101264767199419847e-03 -1.482653999999999916e+00
9.121267546907551108e-03 -1.855952000000000046e+00
9.141270326615680633e-03 -1.654541000000000039e+00
9.161273106323811893e-03 -1.400895999999999919e+00
9.181275886031941419e-03 -1.444239999999999968e+00
9.201278665740072679e-03 -9.690689999999999582e-01
9.221281445448203939e-03 -6.038299999999999917e-02
9.241284225156333465e-03 2.369320000000000037e-01
9.261287004864464725e-03 -2.703590000000000160e-01
9.281289784572594251e-03 -1.668881000000000059e+00
9.301292564280725511e-03 -2.653615999999999975e+00
9.321295343988856771e-03 -2.354614000000000207e+00
9.341298123696986297e-03 -1.639421999999999935e+00
9.361300903405117557e-03 -8.442250000000000032e-01
9.381303683113248817e-03 -5.426269999999999705e-01
9.401306462821378343e-03 -9.716639999999999722e-01
9.421309242529509603e-03 -9.002229999999999954e-01
9.441312022237639129e-03 -6.921929999999999472e-01
9.461314801945770389e-03 -1.106694999999999984e+00
9.481317581653901649e-03 -1.847191999999999945e+00
9.501320361362031175e-03 -2.312761000000000067e+00
9.521323141070162435e-03 -1.972166000000000086e+00
9.541325920778291961e-03 -1.176514000000000060e+00
9.561328700486423221e-03 -5.946019999999999639e-01
9.581331480194554481e-03 -5.671549999999999647e-01
9.601334259902684007e-03 -5.550859999999999683e-01
9.621337039610815267e-03 -5.488560000000000105e-01
9.641339819318946527e-03 -8.469499999999999806e-01
9.661342599027076053e-03 -1.047387999999999986e+00
9.681345378735207313e-03 -1.039277000000000006e+00
9.701348158443336839e-03 -1.379483000000000015e+00
9.721350938151468099e-03 -1.987219999999999986e+00
9.741353717859599359e-03 -2.342025000000000023e+00
9.761356497567728885e-03 -2.044451000000000018e+00
9.781359277275860145e-03 -1.163796000000000053e+00
9.801362056983989671e-03 -1.449310000000000043e-01
9.821364836692120931e-03 -3.345399999999999763e-02
9.841367616400252191e-03 -9.057380000000000431e-01
9.861370396108381717e-03 -1.571420000000000039e+00
9.881373175816512977e-03 -1.775166999999999939e+00
9.901375955524644237e-03 -1.984299999999999953e+00
9.921378735232773763e-03 -2.010578999999999894e+00
9.941381514940905023e-03 -1.527425999999999950e+00
9.961384294649034549e-03 -6.890789999999999971e-01
9.981387074357165809e-03 3.057779999999999943e-01
1.000138985406529707e-02 8.629029999999999756e-01
1.002139263377342659e-02 4.713599999999999735e-02
1.004139541348155786e-02 -1.299865999999999966e+00
1.006139819318968738e-02 -2.107327000000000172e+00
1.008140097289781864e-02 -2.682685000000000208e+00
1.010140375260594990e-02 -2.638497000000000092e+00
1.012140653231407943e-02 -1.733055000000000012e+00
1.014140931202221069e-02 -6.692879999999999940e-01
1.016141209173034195e-02 1.112299999999999921e-02
1.018141487143847147e-02 1.877479999999999982e-01
1.020141765114660273e-02 -3.427729999999999944e-01
1.022142043085473226e-02 -1.271120000000000028e+00
1.024142321056286352e-02 -1.971192999999999973e+00
1.026142599027099478e-02 -2.439550999999999803e+00
1.028142876997912430e-02 -2.648099999999999898e+00
1.030143154968725556e-02 -2.180066000000000059e+00
1.032143432939538509e-02 -1.001706999999999903e+00
1.034143710910351635e-02 1.411580000000000057e-01
1.036143988881164761e-02 1.551740000000000064e-01
1.038144266851977714e-02 -5.431460000000000177e-01
1.040144544822790840e-02 -1.086580000000000101e+00
1.042144822793603966e-02 -1.211878000000000011e+00
1.044145100764416918e-02 -1.159707999999999961e+00
1.046145378735230044e-02 -1.027077999999999935e+00
1.048145656706042997e-02 -1.223168000000000033e+00
1.050145934676856123e-02 -1.374811000000000005e+00
1.052146212647669249e-02 -1.169831000000000065e+00
1.054146490618482201e-02 -1.209737000000000062e+00
1.056146768589295327e-02 -1.609509000000000079e+00
1.058147046560108280e-02 -1.755376999999999965e+00
1.060147324530921406e-02 -1.709824999999999928e+00
1.062147602501734532e-02 -1.258856999999999893e+00
1.064147880472547485e-02 -3.645109999999999739e-01
1.066148158443360611e-02 1.975400000000000073e-02
1.068148436414173737e-02 -4.027950000000000141e-01
1.070148714384986689e-02 -1.101439000000000057e+00
1.072148992355799815e-02 -1.873407000000000044e+00
1.074149270326612768e-02 -2.318276000000000003e+00
1.076149548297425894e-02 -2.094155000000000211e+00
1.078149826268239020e-02 -1.526907000000000014e+00
1.080150104239051972e-02 -1.115650000000000031e+00
1.082150382209865098e-02 -7.483210000000000139e-01
1.084150660180678051e-02 -2.564730000000000065e-01
1.086150938151491177e-02 1.039130000000000054e-01
1.088151216122304303e-02 -8.367700000000000138e-02
1.090151494093117256e-02 -9.341589999999999616e-01
1.092151772063930382e-02 -1.856211999999999973e+00
1.094152050034743508e-02 -2.279863000000000195e+00
1.096152328005556460e-02 -1.857380000000000031e+00
1.098152605976369586e-02 -1.228423999999999960e+00
1.100152883947182539e-02 -9.281890000000000418e-01
1.102153161917995665e-02 -7.396909999999999874e-01
1.104153439888808791e-02 -6.406079999999999552e-01
1.106153717859621743e-02 -7.683060000000000445e-01
1.108153995830434869e-02 -1.130703999999999931e+00
1.110154273801247822e-02 -1.538456999999999963e+00
1.112154551772060948e-02 -2.023556999999999828e+00
1.114154829742874074e-02 -2.323142999999999958e+00
1.116155107713687027e-02 -1.838497999999999966e+00
1.118155385684500153e-02 -1.010013000000000050e+00
1.120155663655313279e-02 -4.064280000000000115e-01
1.122155941626126231e-02 -9.509800000000000197e-02
1.124156219596939357e-02 -4.050659999999999816e-01
1.126156497567752310e-02 -1.019227000000000105e+00
1.128156775538565436e-02 -1.261776999999999926e+00
1.130157053509378562e-02 -1.150365000000000082e+00
1.132157331480191514e-02 -1.164898999999999907e+00
1.134157609451004640e-02 -1.457283000000000106e+00
1.136157887421817593e-02 -1.724166000000000087e+00
1.138158165392630719e-02 -1.632738999999999940e+00
1.140158443363443845e-02 -1.207789999999999919e+00
1.142158721334256798e-02 -8.500649999999999595e-01
1.144158999305069924e-02 -1.044921999999999906e+00
1.146159277275883050e-02 -1.441904999999999992e+00
1.148159555246696002e-02 -1.483433000000000002e+00
1.150159833217509128e-02 -1.311026000000000025e+00
1.152160111188322081e-02 -1.308430999999999900e+00
1.154160389159135207e-02 -1.413094000000000072e+00
1.156160667129948333e-02 -1.369229999999999947e+00
1.158160945100761285e-02 -1.249382999999999910e+00
1.160161223071574411e-02 -1.099232999999999905e+00
1.162161501042387364e-02 -7.681120000000000170e-01
1.164161779013200490e-02 -5.865559999999999663e-01
1.166162056984013616e-02 -8.636909999999999865e-01
1.168162334954826569e-02 -1.265929000000000082e+00
1.170162612925639695e-02 -1.774388999999999994e+00
1.172162890896452821e-02 -1.833760999999999974e+00
1.174163168867265773e-02 -1.311674999999999924e+00
1.176163446838078899e-02 -7.162659999999999583e-01
1.178163724808891852e-02 -5.442489999999999828e-01
1.180164002779704978e-02 -8.433810000000000473e-01
1.182164280750518104e-02 -1.185403999999999902e+00
1.184164558721331056e-02 -1.228684000000000109e+00
1.186164836692144182e-02 -1.366959000000000035e+00
1.188165114662957135e-02 -1.798785999999999996e+00
1.190165392633770261e-02 -2.083966999999999903e+00
1.192165670604583387e-02 -1.820005000000000095e+00
1.194165948575396340e-02 -1.114805999999999964e+00
1.196166226546209466e-02 -4.755340000000000122e-01
1.198166504517022592e-02 -4.154479999999999840e-01
1.200166782487835544e-02 -8.737489999999999979e-01
1.202167060458648670e-02 -1.330492999999999926e+00
1.204167338429461623e-02 -1.611196000000000073e+00
1.206167616400274749e-02 -1.625016999999999934e+00
1.208167894371087875e-02 -1.310507000000000088e+00
1.210168172341900827e-02 -1.033241999999999994e+00
1.212168450312713953e-02 -8.801729999999999832e-01
1.214168728283526906e-02 -8.485719999999999930e-01
1.216169006254340032e-02 -1.077560999999999991e+00
1.218169284225153158e-02 -1.368387000000000020e+00
1.220169562195966111e-02 -1.512826999999999922e+00
1.222169840166779237e-02 -1.519640000000000102e+00
1.224170118137592363e-02 -1.502380000000000049e+00
1.226170396108405315e-02 -1.123370999999999897e+00
1.228170674079218441e-02 -4.757930000000000215e-01
1.230170952050031394e-02 -1.433089999999999919e-01
1.232171230020844520e-02 -6.127059999999999729e-01
1.234171507991657646e-02 -1.644093999999999944e+00
1.236171785962470598e-02 -2.449479000000000184e+00
1.238172063933283724e-02 -2.494641000000000108e+00
1.240172341904096677e-02 -1.906694000000000111e+00
1.242172619874909803e-02 -1.113963000000000036e+00
1.244172897845722929e-02 -5.219279999999999475e-01
1.246173175816535882e-02 -2.449230000000000018e-01
1.248173453787349008e-02 -1.480460000000000109e-01
1.250173731758162134e-02 -4.577539999999999942e-01
1.252174009728975086e-02 -1.117920999999999943e+00
1.254174287699788212e-02 -1.829866999999999910e+00
1.256174565670601165e-02 -2.270389000000000213e+00
1.258174843641414291e-02 -2.142625999999999920e+00
1.260175121612227417e-02 -1.527751000000000081e+00
1.262175399583040369e-02 -9.163149999999999906e-01
1.264175677553853495e-02 -4.972710000000000186e-01
1.266175955524666448e-02 -4.722239999999999771e-01
1.268176233495479574e-02 -8.925659999999999705e-01
1.270176511466292700e-02 -1.432560999999999973e+00
1.272176789437105653e-02 -1.661613999999999924e+00
1.274177067407918779e-02 -1.566748000000000030e+00
1.276177345378731905e-02 -1.486742000000000008e+00
1.278177623349544857e-02 -1.388956000000000079e+00
1.280177901320357983e-02 -1.264177000000000106e+00
1.282178179291170936e-02 -1.086384999999999934e+00
1.284178457261984062e-02 -8.325449999999999795e-01
1.286178735232797188e-02 -7.683710000000000262e-01
1.288179013203610140e-02 -9.401939999999999742e-01
1.290179291174423266e-02 -1.250745999999999913e+00
1.292179569145236219e-02 -1.434636999999999940e+00
1.294179847116049345e-02 -1.360794999999999977e+00
1.296180125086862471e-02 -1.272677999999999976e+00
1.298180403057675424e-02 -1.305185999999999957e+00
1.300180681028488550e-02 -1.371566000000000063e+00
1.302180958999301676e-02 -1.342821000000000042e+00
1.304181236970114628e-02 -1.187545000000000073e+00
1.306181514940927754e-02 -9.456440000000000401e-01
1.308181792911740707e-02 -8.206710000000000393e-01
1.310182070882553833e-02 -9.007420000000000426e-01
1.312182348853366959e-02 -1.025260999999999978e+00
1.314182626824179911e-02 -1.221027000000000085e+00
1.316182904794993037e-02 -1.354630999999999919e+00
1.318183182765805990e-02 -1.341977999999999893e+00
1.320183460736619116e-02 -1.344638000000000000e+00
1.322183738707432242e-02 -1.416663000000000006e+00
1.324184016678245195e-02 -1.312389000000000028e+00
1.326184294649058321e-02 -1.168144000000000071e+00
1.328184572619871447e-02 -1.053617000000000026e+00
1.330184850590684399e-02 -1.103061000000000069e+00
1.332185128561497525e-02 -1.288445000000000062e+00
1.334185406532310478e-02 -1.373383000000000020e+00
1.336185684503123604e-02 -1.353917000000000037e+00
1.338185962473936730e-02 -1.280658999999999992e+00
1.340186240444749682e-02 -1.236145999999999967e+00
1.342186518415562808e-02 -1.305770000000000097e+00
1.344186796386375761e-02 -1.297465000000000090e+00
1.346187074357188887e-02 -1.234523999999999955e+00
1.348187352328002013e-02 -1.124020000000000019e+00
1.350187630298814966e-02 -1.081843000000000110e+00
1.352187908269628092e-02 -1.113768000000000091e+00
1.354188186240441218e-02 -1.088332000000000077e+00
1.356188464211254170e-02 -1.065037000000000011e+00
1.358188742182067296e-02 -1.075938000000000061e+00
1.360189020152880249e-02 -1.209281999999999968e+00
1.362189298123693375e-02 -1.441840000000000011e+00
1.364189576094506501e-02 -1.540728000000000097e+00
1.366189854065319453e-02 -1.535536999999999930e+00
1.368190132036132579e-02 -1.379677000000000042e+00
1.370190410006945532e-02 -1.072499000000000091e+00
1.372190687977758658e-02 -8.229419999999999513e-01
1.374190965948571784e-02 -8.300790000000000113e-01
1.376191243919384737e-02 -1.060041000000000011e+00
1.378191521890197863e-02 -1.330881999999999898e+00
1.380191799861010989e-02 -1.500302999999999942e+00
1.382192077831823941e-02 -1.563763000000000014e+00
1.384192355802637067e-02 -1.536316000000000015e+00
1.386192633773450020e-02 -1.457737000000000060e+00
1.388192911744263146e-02 -1.151532999999999918e+00
1.390193189715076272e-02 -7.521489999999999565e-01
1.392193467685889224e-02 -5.272489999999999677e-01
1.394193745656702350e-02 -6.726619999999999822e-01
1.396194023627515303e-02 -1.160681999999999992e+00
1.398194301598328429e-02 -1.652465000000000073e+00
1.400194579569141555e-02 -1.827142000000000044e+00
1.402194857539954508e-02 -1.659667000000000003e+00
1.404195135510767634e-02 -1.290715999999999974e+00
1.406195413481580760e-02 -9.535599999999999632e-01
1.408195691452393712e-02 -7.263889999999999514e-01
1.410195969423206838e-02 -5.868160000000000043e-01
1.412196247394019791e-02 -7.703830000000000400e-01
1.414196525364832917e-02 -1.213629999999999987e+00
1.416196803335646043e-02 -1.589328999999999992e+00
1.418197081306458995e-02 -1.847062999999999899e+00
1.420197359277272121e-02 -1.878209000000000017e+00
1.422197637248085074e-02 -1.518602000000000007e+00
1.424197915218898200e-02 -9.869780000000000220e-01
1.426198193189711326e-02 -4.914310000000000067e-01
1.428198471160524279e-02 -3.989659999999999873e-01
1.430198749131337405e-02 -7.245070000000000121e-01
1.432199027102150531e-02 -1.188712999999999909e+00
1.434199305072963483e-02 -1.506532999999999900e+00
1.436199583043776609e-02 -1.539041000000000103e+00
1.438199861014589562e-02 -1.405048000000000075e+00
1.440200138985402688e-02 -1.261711999999999945e+00
1.442200416956215814e-02 -1.157243000000000022e+00
1.444200694927028766e-02 -9.929470000000000240e-01
1.446200972897841892e-02 -8.085369999999999502e-01
1.448201250868654845e-02 -8.794589999999999907e-01
1.450201528839467971e-02 -1.138230999999999993e+00
1.452201806810281097e-02 -1.421076000000000006e+00
1.454202084781094050e-02 -1.426266999999999951e+00
1.456202362751907176e-02 -1.183847000000000094e+00
1.458202640722720302e-02 -9.756869999999999710e-01
1.460202918693533254e-02 -9.377280000000000060e-01
1.462203196664346380e-02 -1.014814000000000105e+00
1.464203474635159333e-02 -1.203182999999999891e+00
1.466203752605972459e-02 -1.319137000000000004e+00
1.468204030576785585e-02 -1.256974999999999953e+00
1.470204308547598537e-02 -1.094236999999999904e+00
1.472204586518411663e-02 -1.031166000000000027e+00
1.474204864489224616e-02 -1.031684999999999963e+00
1.476205142460037742e-02 -1.077496000000000009e+00
1.478205420430850868e-02 -1.134012999999999938e+00
1.480205698401663821e-02 -1.149132000000000042e+00
1.482205976372476947e-02 -1.182419000000000109e+00
1.484206254343290073e-02 -1.242958999999999925e+00
1.486206532314103025e-02 -1.208957999999999977e+00
1.488206810284916151e-02 -1.046608999999999901e+00
1.490207088255729104e-02 -8.097699999999999898e-01
1.492207366226542230e-02 -7.146439999999999459e-01
1.494207644197355356e-02 -8.808859999999999468e-01
1.496207922168168308e-02 -1.184560000000000057e+00
1.498208200138981434e-02 -1.373124000000000011e+00
1.500208478109794387e-02 -1.395963999999999983e+00
1.502208756080607513e-02 -1.307652000000000037e+00
1.504209034051420639e-02 -1.217003999999999975e+00
1.506209312022233592e-02 -1.154063000000000061e+00
1.508209589993046718e-02 -1.100206000000000017e+00
1.510209867963859844e-02 -1.032658000000000076e+00
1.512210145934672796e-02 -1.005146000000000095e+00
1.514210423905485922e-02 -1.024936999999999987e+00
1.516210701876298875e-02 -1.112340000000000106e+00
1.518210979847112001e-02 -1.279749999999999943e+00
1.520211257817925127e-02 -1.298372999999999999e+00
1.522211535788738079e-02 -1.302591000000000054e+00
1.524211813759551205e-02 -1.259570000000000078e+00
1.526212091730364158e-02 -1.173723999999999990e+00
1.528212369701177284e-02 -1.112081000000000097e+00
1.530212647671990410e-02 -1.025779999999999914e+00
1.532212925642803363e-02 -8.052920000000000078e-01
1.534213203613616489e-02 -6.252290000000000347e-01
1.536213481584429441e-02 -5.964840000000000142e-01
1.538213759555242567e-02 -8.638209999999999500e-01
1.540214037526055693e-02 -1.280075000000000074e+00
1.542214315496868646e-02 -1.583294999999999897e+00
1.544214593467681772e-02 -1.700676000000000077e+00
1.546214871438494898e-02 -1.606265000000000054e+00
1.548215149409307850e-02 -1.365661999999999932e+00
1.550215427380120976e-02 -1.035123999999999933e+00
1.552215705350933929e-02 -7.365110000000000268e-01
1.554215983321747055e-02 -5.886329999999999618e-01
1.556216261292560181e-02 -6.852500000000000258e-01
1.558216539263373134e-02 -9.492779999999999552e-01
1.560216817234186260e-02 -1.275986999999999982e+00
1.562217095204999212e-02 -1.532292999999999905e+00
1.564217373175812512e-02 -1.616516999999999982e+00
1.566217651146625464e-02 -1.350089000000000095e+00
1.568217929117438417e-02 -1.015203999999999995e+00
1.570218207088251369e-02 -7.177590000000000359e-01
1.572218485059064669e-02 -6.806429999999999980e-01
1.574218763029877621e-02 -8.522060000000000191e-01
1.576219041000690574e-02 -1.086384999999999934e+00
1.578219318971503873e-02 -1.228034999999999988e+00
1.580219596942316826e-02 -1.273586000000000107e+00
1.582219874913129778e-02 -1.281047999999999965e+00
1.584220152883943078e-02 -1.212657000000000096e+00
1.586220430854756031e-02 -1.050956999999999919e+00
1.588220708825568983e-02 -8.923069999999999613e-01
1.590220986796382283e-02 -8.697909999999999808e-01
1.592221264767195235e-02 -1.115909000000000040e+00
1.594221542738008188e-02 -1.401934000000000013e+00
1.596221820708821140e-02 -1.466885999999999912e+00
1.598222098679634440e-02 -1.362611999999999934e+00
1.600222376650447392e-02 -1.172685999999999895e+00
1.602222654621260345e-02 -9.405179999999999652e-01
1.604222932592073644e-02 -7.803109999999999769e-01
1.606223210562886597e-02 -7.072469999999999590e-01
1.608223488533699549e-02 -7.747950000000000115e-01
1.610223766504512849e-02 -9.562209999999999877e-01
1.612224044475325802e-02 -1.148676999999999948e+00
1.614224322446138754e-02 -1.308754999999999891e+00
1.616224600416952054e-02 -1.326014999999999944e+00
1.618224878387765006e-02 -1.258661999999999948e+00
1.620225156358577959e-02 -1.135245999999999977e+00
1.622225434329390911e-02 -1.026558999999999999e+00
1.624225712300204211e-02 -9.808130000000000459e-01
1.626225990271017163e-02 -1.014620000000000077e+00
1.628226268241830116e-02 -1.168468000000000062e+00
1.630226546212643415e-02 -1.214603000000000099e+00
1.632226824183456368e-02 -1.169377000000000111e+00
1.634227102154269320e-02 -1.076977000000000073e+00
1.636227380125082620e-02 -9.857449999999999823e-01
1.638227658095895573e-02 -1.018124000000000029e+00
1.640227936066708525e-02 -1.074510999999999994e+00
1.642228214037521825e-02 -1.162627999999999995e+00
1.644228492008334777e-02 -1.309792999999999985e+00
1.646228769979147730e-02 -1.425357999999999903e+00
1.648229047949960682e-02 -1.418155999999999972e+00
1.650229325920773982e-02 -1.265800000000000036e+00
1.652229603891586934e-02 -9.828900000000000414e-01
1.654229881862399887e-02 -7.203540000000000498e-01
1.656230159833213186e-02 -6.541040000000000187e-01
1.658230437804026139e-02 -7.444929999999999604e-01
1.660230715774839091e-02 -9.311739999999999462e-01
1.662230993745652391e-02 -1.150300000000000100e+00
1.664231271716465344e-02 -1.289353999999999889e+00
1.666231549687278296e-02 -1.375783999999999896e+00
1.668231827658091596e-02 -1.350737000000000076e+00
1.670232105628904548e-02 -1.234134000000000064e+00
1.672232383599717501e-02 -1.083530000000000104e+00
1.674232661570530453e-02 -9.348729999999999540e-01
1.676232939541343753e-02 -8.956809999999999494e-01
1.678233217512156705e-02 -9.781530000000000502e-01
1.680233495482969658e-02 -1.106241000000000030e+00
1.682233773453782957e-02 -1.229333000000000009e+00
1.684234051424595910e-02 -1.247891000000000084e+00
1.686234329395408862e-02 -1.208892999999999995e+00
1.688234607366222162e-02 -1.125448000000000004e+00
1.690234885337035114e-02 -1.116946999999999912e+00
1.692235163307848067e-02 -1.119931999999999928e+00
1.694235441278661367e-02 -1.084632999999999958e+00
1.696235719249474319e-02 -1.015657999999999950e+00
1.698235997220287272e-02 -9.898329999999999629e-01
1.700236275191100224e-02 -1.036745999999999945e+00
1.702236553161913524e-02 -1.167300000000000004e+00
1.704236831132726476e-02 -1.262489999999999890e+00
1.706237109103539429e-02 -1.254443999999999892e+00
1.708237387074352728e-02 -1.193254999999999955e+00
1.710237665045165681e-02 -1.091901000000000010e+00
1.712237943015978633e-02 -1.034475000000000033e+00
1.714238220986791933e-02 -1.034993999999999970e+00
1.716238498957604885e-02 -1.040640000000000009e+00
1.718238776928417838e-02 -1.042650999999999994e+00
1.720239054899231138e-02 -1.154322999999999988e+00
1.722239332870044090e-02 -1.285395999999999983e+00
1.724239610840857043e-02 -1.431523000000000101e+00
1.726239888811669995e-02 -1.488104000000000093e+00
1.728240166782483295e-02 -1.292662999999999895e+00
1.730240444753296247e-02 -9.827599999999999669e-01
1.732240722724109200e-02 -7.483859999999999957e-01
1.734241000694922499e-02 -7.202250000000000041e-01
1.736241278665735452e-02 -8.863370000000000415e-01
1.738241556636548404e-02 -1.089823999999999904e+00
1.740241834607361704e-02 -1.265864000000000100e+00
1.742242112578174656e-02 -1.371046999999999905e+00
1.744242390548987609e-02 -1.400247000000000019e+00
1.746242668519800909e-02 -1.324781999999999904e+00
1.748242946490613861e-02 -1.157308000000000003e+00
1.750243224461426814e-02 -9.784770000000000412e-01
1.752243502432239766e-02 -8.524659999999999460e-01
1.754243780403053066e-02 -8.998340000000000227e-01
1.756244058373866018e-02 -1.058483999999999980e+00
1.758244336344678971e-02 -1.256326000000000054e+00
1.760244614315492270e-02 -1.330492999999999926e+00
1.762244892286305223e-02 -1.268655000000000088e+00
1.764245170257118175e-02 -1.095339999999999980e+00
1.766245448227931475e-02 -9.845120000000000537e-01
1.768245726198744427e-02 -9.903520000000000101e-01
1.770246004169557380e-02 -1.149909999999999988e+00
1.772246282140370680e-02 -1.286629000000000023e+00
1.774246560111183632e-02 -1.315048999999999912e+00
1.776246838081996585e-02 -1.249058999999999919e+00
1.778247116052809537e-02 -1.179303999999999908e+00
1.780247394023622837e-02 -1.083725000000000049e+00
1.782247671994435789e-02 -1.000084999999999891e+00
1.784247949965248742e-02 -9.496670000000000389e-01
1.786248227936062041e-02 -9.735460000000000225e-01
1.788248505906874994e-02 -1.137841000000000102e+00
1.790248783877687946e-02 -1.346843999999999930e+00
1.792249061848501246e-02 -1.437491999999999992e+00
1.794249339819314198e-02 -1.354824999999999946e+00
1.796249617790127151e-02 -1.156398999999999955e+00
1.798249895760940451e-02 -9.061930000000000263e-01
1.800250173731753403e-02 -7.911470000000000447e-01
1.802250451702566356e-02 -8.301439999999999930e-01
1.804250729673379308e-02 -9.765960000000000196e-01
1.806251007644192608e-02 -1.158930000000000016e+00
1.808251285615005560e-02 -1.308561000000000085e+00
1.810251563585818513e-02 -1.368581999999999965e+00
1.812251841556631812e-02 -1.322122000000000019e+00
1.814252119527444765e-02 -1.223816999999999933e+00
1.816252397498257717e-02 -1.122786999999999979e+00
1.818252675469071017e-02 -1.022535999999999889e+00
1.820252953439883969e-02 -1.017279999999999962e+00
1.822253231410696922e-02 -1.105461999999999945e+00
1.824253509381510222e-02 -1.259181000000000106e+00
1.826253787352323174e-02 -1.347558000000000034e+00
1.828254065323136127e-02 -1.314464999999999995e+00
1.830254343293949079e-02 -1.182873000000000063e+00
1.832254621264762379e-02 -1.062831000000000081e+00
1.834254899235575331e-02 -1.005146000000000095e+00
1.836255177206388284e-02 -1.007935999999999943e+00
1.838255455177201583e-02 -1.040249999999999897e+00
1.840255733148014536e-02 -1.107863000000000042e+00
1.842256011118827488e-02 -1.193515000000000104e+00
1.844256289089640788e-02 -1.263268999999999975e+00
1.846256567060453740e-02 -1.274818999999999924e+00
1.848256845031266693e-02 -1.222325000000000106e+00
1.850257123002079993e-02 -1.081843000000000110e+00
1.852257400972892945e-02 -1.000474000000000085e+00
1.854257678943705898e-02 -9.507050000000000223e-01
1.856257956914518850e-02 -9.505109999999999948e-01
1.858258234885332150e-02 -9.959320000000000395e-01
1.860258512856145102e-02 -1.108835999999999933e+00
1.862258790826958055e-02 -1.223492999999999942e+00
1.864259068797771354e-02 -1.299021999999999899e+00
1.866259346768584307e-02 -1.346001000000000003e+00
1.868259624739397259e-02 -1.345352000000000103e+00
1.870259902710210559e-02 -1.281566999999999901e+00
1.872260180681023511e-02 -1.148871999999999893e+00
1.874260458651836464e-02 -1.062116999999999978e+00
1.876260736622649763e-02 -9.898329999999999629e-01
1.878261014593462716e-02 -9.604390000000000427e-01
1.880261292564275669e-02 -9.717940000000000467e-01
1.882261570535088621e-02 -1.074899999999999967e+00
1.884261848505901921e-02 -1.117402000000000006e+00
1.886262126476714873e-02 -1.203182999999999891e+00
1.888262404447527826e-02 -1.235238000000000058e+00
1.890262682418341125e-02 -1.226023000000000085e+00
1.892262960389154078e-02 -1.172816000000000081e+00
1.894263238359967030e-02 -1.113898000000000055e+00
1.896263516330780330e-02 -1.076977000000000073e+00
1.898263794301593282e-02 -1.108900999999999915e+00
1.900264072272406235e-02 -1.162044000000000077e+00
1.902264350243219534e-02 -1.165094000000000074e+00
1.904264628214032487e-02 -1.179694000000000020e+00
1.906264906184845440e-02 -1.161850000000000049e+00
1.908265184155658392e-02 -1.131871999999999989e+00
1.910265462126471692e-02 -1.103126000000000051e+00
1.912265740097284644e-02 -1.134727000000000041e+00
1.914266018068097597e-02 -1.129990000000000050e+00
1.916266296038910896e-02 -1.159383999999999970e+00
1.918266574009723849e-02 -1.226671999999999985e+00
1.920266851980536801e-02 -1.248475000000000001e+00
1.922267129951350101e-02 -1.239780000000000104e+00
1.924267407922163053e-02 -1.142773000000000039e+00
1.926267685892976006e-02 -9.880160000000000053e-01
1.928267963863789305e-02 -9.010660000000000336e-01
1.930268241834602258e-02 -9.151470000000000438e-01
1.932268519805415211e-02 -9.887299999999999978e-01
1.934268797776228163e-02 -1.106435999999999975e+00
1.936269075747041463e-02 -1.219016000000000099e+00
1.938269353717854415e-02 -1.282151000000000041e+00
1.940269631688667368e-02 -1.315892999999999979e+00
1.942269909659480667e-02 -1.260478999999999905e+00
1.944270187630293620e-02 -1.200067999999999913e+00
1.946270465601106572e-02 -1.146795999999999927e+00
1.948270743571919872e-02 -1.129990000000000050e+00
1.950271021542732824e-02 -1.184560000000000057e+00
1.952271299513545777e-02 -1.243219000000000074e+00
1.954271577484359076e-02 -1.275142999999999915e+00
1.956271855455172029e-02 -1.230695000000000094e+00
1.958272133425984982e-02 -1.110459000000000085e+00
1.960272411396797934e-02 -9.644620000000000415e-01
1.962272689367611234e-02 -8.954860000000000042e-01
1.964272967338424186e-02 -9.226739999999999942e-01
1.966273245309237139e-02 -1.042456000000000049e+00
1.968273523280050438e-02 -1.213370000000000060e+00
1.970273801250863391e-02 -1.316866000000000092e+00
1.972274079221676343e-02 -1.350152999999999937e+00
1.974274357192489643e-02 -1.256065999999999905e+00
1.976274635163302595e-02 -1.110328999999999899e+00
1.978274913134115548e-02 -9.305250000000000465e-01
1.980275191104928847e-02 -8.067849999999999744e-01
1.982275469075741800e-02 -8.328699999999999992e-01
1.984275747046554753e-02 -9.790609999999999591e-01
1.986276025017367705e-02 -1.217977000000000087e+00
1.988276302988181005e-02 -1.413289000000000017e+00
1.990276580958993957e-02 -1.455206000000000000e+00
1.992276858929806910e-02 -1.375783999999999896e+00
1.994277136900620209e-02 -1.217457999999999929e+00
1.996277414871433162e-02 -1.056861999999999968e+00
1.998277692842246114e-02 -9.630990000000000384e-01
2.000277970813059414e-02 -9.197539999999999605e-01
2.002278248783872366e-02 -9.663429999999999520e-01
2.004278526754685319e-02 -1.034021000000000079e+00
2.006278804725498618e-02 -1.104813000000000045e+00
2.008279082696311571e-02 -1.177616999999999914e+00
2.010279360667124524e-02 -1.179953000000000030e+00
2.012279638637937476e-02 -1.139269000000000087e+00
2.014279916608750776e-02 -1.102867000000000042e+00
2.016280194579563728e-02 -1.099037999999999959e+00
2.018280472550376681e-02 -1.158280999999999894e+00
2.020280750521189980e-02 -1.188453999999999899e+00
2.022281028492002933e-02 -1.223881999999999914e+00
2.024281306462815885e-02 -1.165548000000000028e+00
2.026281584433629185e-02 -1.098454000000000041e+00
2.028281862404442137e-02 -1.063998999999999917e+00
2.030282140375255090e-02 -1.069644000000000039e+00
2.032282418346068389e-02 -1.092289999999999983e+00
2.034282696316881342e-02 -1.106046000000000085e+00
2.036282974287694295e-02 -1.125383000000000022e+00
2.038283252258507247e-02 -1.140306999999999960e+00
2.040283530229320547e-02 -1.166196999999999928e+00
2.042283808200133499e-02 -1.192541000000000073e+00
2.044284086170946452e-02 -1.174892000000000047e+00
2.046284364141759751e-02 -1.112794999999999979e+00
2.048284642112572704e-02 -1.076521999999999979e+00
2.050284920083385656e-02 -1.058548999999999962e+00
2.052285198054198956e-02 -1.074899999999999967e+00
2.054285476025011908e-02 -1.082427000000000028e+00
2.056285753995824861e-02 -1.059457000000000093e+00
2.058286031966638160e-02 -1.033047999999999966e+00
2.060286309937451113e-02 -1.070877000000000079e+00
2.062286587908264066e-02 -1.146017000000000063e+00
2.064286865879077018e-02 -1.227710999999999997e+00
2.066287143849890318e-02 -1.268070999999999948e+00
2.068287421820703270e-02 -1.235367000000000104e+00
2.070287699791516223e-02 -1.193645000000000067e+00
2.072287977762329522e-02 -1.139658000000000060e+00
2.074288255733142475e-02 -1.118309999999999915e+00
2.076288533703955427e-02 -1.120516000000000068e+00
2.078288811674768727e-02 -1.122009000000000034e+00
2.080289089645581679e-02 -1.148806999999999912e+00
2.082289367616394632e-02 -1.142447999999999908e+00
2.084289645587207931e-02 -1.157826999999999940e+00
2.086289923558020884e-02 -1.151791999999999927e+00
2.088290201528833837e-02 -1.134142999999999901e+00
2.090290479499646789e-02 -1.100465999999999944e+00
2.092290757470460089e-02 -1.090927999999999898e+00
2.094291035441273041e-02 -1.121490000000000098e+00
2.096291313412085994e-02 -1.175022000000000011e+00
2.098291591382899293e-02 -1.204739999999999922e+00
2.100291869353712246e-02 -1.167818999999999940e+00
2.102292147324525198e-02 -1.066853999999999969e+00
2.104292425295338498e-02 -9.644620000000000415e-01
2.106292703266151450e-02 -9.309800000000000297e-01
2.108292981236964403e-02 -9.832790000000000141e-01
2.110293259207777702e-02 -1.089110999999999940e+00
2.112293537178590655e-02 -1.211813000000000029e+00
2.114293815149403608e-02 -1.306030000000000024e+00
2.116294093120216560e-02 -1.325431000000000026e+00
2.118294371091029860e-02 -1.283838000000000035e+00
2.120294649061842812e-02 -1.177357999999999905e+00
2.122294927032655765e-02 -1.024483000000000033e+00
2.124295205003469064e-02 -9.250749999999999806e-01
2.126295482974282017e-02 -8.903600000000000403e-01
2.128295760945094969e-02 -9.730919999999999570e-01
2.130296038915908269e-02 -1.103969999999999896e+00
2.132296316886721221e-02 -1.220118999999999954e+00
2.134296594857534174e-02 -1.279036999999999979e+00
2.136296872828347473e-02 -1.256844999999999990e+00
2.138297150799160426e-02 -1.175475999999999965e+00
2.140297428769973379e-02 -1.075094999999999912e+00
2.142297706740786331e-02 -1.011246000000000089e+00
2.144297984711599631e-02 -1.019161999999999901e+00
2.146298262682412583e-02 -1.073018999999999945e+00
2.148298540653225536e-02 -1.162433999999999967e+00
2.150298818624038835e-02 -1.209281999999999968e+00
2.152299096594851788e-02 -1.213889999999999914e+00
2.154299374565664740e-02 -1.165159000000000056e+00
2.156299652536478040e-02 -1.074640999999999957e+00
2.158299930507290992e-02 -9.873669999999999947e-01
2.160300208478103945e-02 -9.538200000000000012e-01
2.162300486448917244e-02 -9.747139999999999693e-01
2.164300764419730197e-02 -1.065166999999999975e+00
2.166301042390543150e-02 -1.153674000000000088e+00
2.168301320361356102e-02 -1.219016000000000099e+00
2.170301598332169402e-02 -1.224142000000000063e+00
2.172301876302982354e-02 -1.166781000000000068e+00
2.174302154273795307e-02 -1.092808999999999919e+00
2.176302432244608606e-02 -1.018059000000000047e+00
2.178302710215421559e-02 -9.939210000000000544e-01
2.180302988186234511e-02 -1.022731000000000057e+00
2.182303266157047811e-02 -1.086710000000000065e+00
2.184303544127860763e-02 -1.155556000000000028e+00
2.186303822098673716e-02 -1.166846000000000050e+00
2.188304100069487015e-02 -1.157113000000000058e+00
2.190304378040299968e-02 -1.156463999999999936e+00
2.192304656011112921e-02 -1.129729999999999901e+00
2.194304933981925873e-02 -1.098648999999999987e+00
2.196305211952739173e-02 -1.093976999999999977e+00
2.198305489923552125e-02 -1.093004000000000087e+00
2.200305767894365078e-02 -1.106630000000000003e+00
2.202306045865178377e-02 -1.115650000000000031e+00
2.204306323835991330e-02 -1.130379000000000023e+00
2.206306601806804282e-02 -1.077042000000000055e+00
2.208306879777617582e-02 -1.024612000000000078e+00
2.210307157748430534e-02 -1.037006000000000094e+00
2.212307435719243487e-02 -1.085023000000000071e+00
2.214307713690056786e-02 -1.159642999999999979e+00
2.216307991660869739e-02 -1.214863000000000026e+00
2.218308269631682692e-02 -1.223946999999999896e+00
2.220308547602495644e-02 -1.217653000000000096e+00
2.222308825573308944e-02 -1.158411000000000080e+00
2.224309103544121896e-02 -1.126031999999999922e+00
2.226309381514934849e-02 -1.064259000000000066e+00
2.228309659485748148e-02 -1.025844999999999896e+00
2.230309937456561101e-02 -9.934009999999999785e-01
2.232310215427374053e-02 -1.017733999999999916e+00
2.234310493398187353e-02 -1.062116999999999978e+00
2.236310771369000305e-02 -1.132195999999999980e+00
2.238311049339813258e-02 -1.174762000000000084e+00
2.240311327310626557e-02 -1.180018000000000011e+00
2.242311605281439510e-02 -1.165029000000000092e+00
2.244311883252252462e-02 -1.136608000000000063e+00
2.246312161223065415e-02 -1.103320999999999996e+00
2.248312439193878715e-02 -1.082362000000000046e+00
2.250312717164691667e-02 -1.042845999999999940e+00
2.252312995135504620e-02 -1.013387000000000038e+00
2.254313273106317919e-02 -1.013452000000000019e+00
2.256313551077130872e-02 -1.060624999999999929e+00
2.258313829047943824e-02 -1.136479000000000017e+00
2.260314107018757124e-02 -1.188908000000000076e+00
2.262314384989570076e-02 -1.208374000000000059e+00
2.264314662960383029e-02 -1.176579000000000041e+00
2.266314940931196328e-02 -1.126420999999999895e+00
2.268315218902009281e-02 -1.076651999999999942e+00
2.270315496872822233e-02 -1.079506999999999994e+00
2.272315774843635186e-02 -1.083855000000000013e+00
2.274316052814448486e-02 -1.105981000000000103e+00
2.276316330785261438e-02 -1.138814999999999911e+00
2.278316608756074391e-02 -1.147184999999999899e+00
2.280316886726887690e-02 -1.134856000000000087e+00
2.282317164697700643e-02 -1.113963000000000036e+00
2.284317442668513595e-02 -1.043819000000000052e+00
2.286317720639326895e-02 -9.854199999999999626e-01
2.288317998610139847e-02 -9.684199999999999475e-01
2.290318276580952800e-02 -1.038628000000000107e+00
2.292318554551766099e-02 -1.159902999999999906e+00
2.294318832522579052e-02 -1.236145999999999967e+00
2.296319110493392004e-02 -1.258791999999999911e+00
2.298319388464204957e-02 -1.216809000000000029e+00
2.300319666435018257e-02 -1.106435999999999975e+00
2.302319944405831209e-02 -1.027012999999999954e+00
2.304320222376644162e-02 -9.834739999999999593e-01
2.306320500347457461e-02 -9.801640000000000352e-01
2.308320778318270414e-02 -1.036551999999999918e+00
2.310321056289083366e-02 -1.107344000000000106e+00
2.312321334259896666e-02 -1.198641000000000068e+00
2.314321612230709618e-02 -1.236860000000000070e+00
2.316321890201522571e-02 -1.195591000000000070e+00
2.318322168172335870e-02 -1.125966999999999940e+00
2.320322446143148823e-02 -1.030842000000000036e+00
2.322322724113961775e-02 -9.893140000000000267e-01
2.324323002084774728e-02 -9.972950000000000426e-01
2.326323280055588028e-02 -1.073927000000000076e+00
2.328323558026400980e-02 -1.113053999999999988e+00
2.330323835997213933e-02 -1.137126999999999999e+00
2.332324113968027232e-02 -1.114027000000000100e+00
2.334324391938840185e-02 -1.082686999999999955e+00
2.336324669909653137e-02 -1.028181000000000012e+00
2.338324947880466437e-02 -1.030127999999999933e+00
2.340325225851279389e-02 -1.034345999999999988e+00
2.342325503822092342e-02 -1.088201999999999892e+00
2.344325781792905641e-02 -1.158411000000000080e+00
2.346326059763718594e-02 -1.202663999999999955e+00
2.348326337734531546e-02 -1.194099000000000022e+00
2.350326615705344499e-02 -1.171388000000000096e+00
2.352326893676157799e-02 -1.090149000000000035e+00
2.354327171646970751e-02 -1.031231000000000009e+00
2.356327449617783704e-02 -1.020264999999999977e+00
2.358327727588597003e-02 -1.031684999999999963e+00
2.360328005559409956e-02 -1.088008000000000086e+00
2.362328283530222908e-02 -1.116818000000000088e+00
2.364328561501036208e-02 -1.135569999999999968e+00
2.366328839471849160e-02 -1.101698999999999984e+00
2.368329117442662113e-02 -1.076068000000000024e+00
2.370329395413475412e-02 -1.038043999999999967e+00
2.372329673384288365e-02 -1.019031999999999938e+00
2.374329951355101317e-02 -1.006248999999999949e+00
2.376330229325914270e-02 -1.033177999999999930e+00
2.378330507296727570e-02 -1.073862000000000094e+00
2.380330785267540522e-02 -1.121683999999999903e+00
2.382331063238353475e-02 -1.145173999999999914e+00
2.384331341209166774e-02 -1.142254000000000103e+00
2.386331619179979727e-02 -1.109226000000000045e+00
2.388331897150792679e-02 -1.100919999999999899e+00
2.390332175121605979e-02 -1.068087000000000009e+00
2.392332453092418931e-02 -1.085736000000000034e+00
2.394332731063231884e-02 -1.095663999999999971e+00
2.396333009034045183e-02 -1.102802000000000060e+00
2.398333287004858136e-02 -1.124473999999999974e+00
2.400333564975671088e-02 -1.131871999999999989e+00
2.402333842946484041e-02 -1.090667999999999971e+00
2.404334120917297341e-02 -1.065946000000000060e+00
2.406334398888110293e-02 -1.026688999999999963e+00
2.408334676858923246e-02 -9.898329999999999629e-01
2.410334954829736545e-02 -9.669919999999999627e-01
2.412335232800549498e-02 -9.713399999999999812e-01
2.414335510771362450e-02 -1.014879000000000087e+00
2.416335788742175750e-02 -1.041547999999999918e+00
2.418336066712988702e-02 -1.073603000000000085e+00
2.420336344683801655e-02 -1.107669000000000015e+00
2.422336622654614954e-02 -1.097350999999999965e+00
2.424336900625427907e-02 -1.080934999999999979e+00
2.426337178596240859e-02 -1.051021999999999901e+00
2.428337456567053812e-02 -1.001382999999999912e+00
2.430337734537867111e-02 -9.942450000000000454e-01
2.432338012508680064e-02 -1.041482999999999937e+00
2.434338290479493017e-02 -1.007481999999999989e+00
2.436338568450306316e-02 -1.141021000000000063e+00
2.438338846421119269e-02 -1.155361000000000082e+00
2.440339124391932221e-02 -1.153867999999999894e+00
2.442339402362745521e-02 -1.198836000000000013e+00
2.444339680333558473e-02 -1.081323999999999952e+00
2.446339958304371426e-02 -9.889240000000000252e-01
2.448340236275184725e-02 -8.829630000000000534e-01
2.450340514245997678e-02 -1.001382999999999912e+00
2.452340792216810630e-02 -9.640720000000000400e-01
2.454341070187623583e-02 -1.090991999999999962e+00
2.456341348158436882e-02 -1.117790999999999979e+00
2.458341626129249835e-02 -9.919740000000000224e-01
2.460341904100062788e-02 -1.125577000000000050e+00
2.462342182070876087e-02 -1.198965000000000058e+00
2.464342460041689040e-02 -1.075614000000000070e+00
2.466342738012501992e-02 -1.065037000000000011e+00
2.468343015983315292e-02 -1.051541000000000059e+00
2.470343293954128244e-02 -1.042910999999999921e+00
2.472343571924941197e-02 -1.086775000000000047e+00
2.474343849895754496e-02 -1.109615000000000018e+00
2.476344127866567449e-02 -1.114676000000000000e+00
2.478344405837380401e-02 -1.159578999999999915e+00
2.480344683808193354e-02 -1.091771000000000047e+00
2.482344961779006653e-02 -9.883399999999999963e-01
2.484345239749819606e-02 -9.844469999999999610e-01
2.486345517720632559e-02 -1.024872000000000005e+00
2.488345795691445858e-02 -1.109161000000000064e+00
2.490346073662258811e-02 -1.189751000000000003e+00
2.492346351633071763e-02 -1.176320000000000032e+00
2.494346629603885063e-02 -1.103839999999999932e+00
2.496346907574698015e-02 -1.023055000000000048e+00
2.498347185545510968e-02 -9.984629999999999894e-01
2.500347463516324267e-02 -9.867179999999999840e-01
2.502347741487137220e-02 -9.908059999999999645e-01
2.504348019457950172e-02 -9.967759999999999954e-01
2.506348297428763125e-02 -1.060494999999999965e+00
2.508348575399576424e-02 -1.151726999999999945e+00
2.510348853370389377e-02 -1.207789999999999919e+00
2.512349131341202330e-02 -1.183847000000000094e+00
2.514349409312015629e-02 -1.097676000000000096e+00
2.516349687282828582e-02 -1.052513999999999950e+00
2.518349965253641534e-02 -1.049528999999999934e+00
2.520350243224454834e-02 -1.101957999999999993e+00
2.522350521195267786e-02 -1.120775999999999994e+00
2.524350799166080739e-02 -1.121944000000000052e+00
2.526351077136894038e-02 -1.098584000000000005e+00
2.528351355107706991e-02 -1.088721000000000050e+00
2.530351633078519943e-02 -1.071525999999999978e+00
2.532351911049332896e-02 -1.014879000000000087e+00
2.534352189020146195e-02 -9.658889999999999976e-01
2.536352466990959148e-02 -9.509649999999999492e-01
2.538352744961772101e-02 -1.003524000000000083e+00
2.540353022932585400e-02 -1.105591999999999908e+00
2.542353300903398353e-02 -1.183456999999999981e+00
2.544353578874211305e-02 -1.185469000000000106e+00
2.546353856845024605e-02 -1.140760999999999914e+00
2.548354134815837557e-02 -1.075614000000000070e+00
2.550354412786650510e-02 -1.049009999999999998e+00
2.552354690757463809e-02 -1.019292000000000087e+00
2.554354968728276762e-02 -1.028960000000000097e+00
2.556355246699089714e-02 -1.022211999999999898e+00
2.558355524669902667e-02 -1.068994999999999918e+00
2.560355802640715966e-02 -1.102932000000000023e+00
2.562356080611528919e-02 -1.158865000000000034e+00
2.564356358582341872e-02 -1.168403000000000080e+00
2.566356636553155171e-02 -1.148482999999999921e+00
2.568356914523968124e-02 -1.100726000000000093e+00
2.570357192494781076e-02 -1.087682999999999955e+00
2.572357470465594376e-02 -1.051606000000000041e+00
2.574357748436407328e-02 -1.083464999999999900e+00
2.576358026407220281e-02 -1.046415000000000095e+00
2.578358304378033580e-02 -1.066529999999999978e+00
2.580358582348846533e-02 -1.060300999999999938e+00
2.582358860319659485e-02 -1.080155999999999894e+00
2.584359138290472438e-02 -1.094302000000000108e+00
2.586359416261285737e-02 -1.104359000000000091e+00
2.588359694232098690e-02 -1.107993000000000006e+00
2.590359972202911643e-02 -1.111691999999999902e+00
2.592360250173724942e-02 -1.120257000000000058e+00
2.594360528144537895e-02 -1.128886999999999974e+00
2.596360806115350847e-02 -1.113053999999999988e+00
2.598361084086164147e-02 -1.100789999999999935e+00
2.600361362056977099e-02 -1.091252000000000111e+00
2.602361640027790052e-02 -1.083725000000000049e+00
2.604361917998603351e-02 -1.067307999999999923e+00
2.606362195969416304e-02 -1.044597999999999915e+00
2.608362473940229256e-02 -1.038173999999999930e+00
2.610362751911042209e-02 -1.046739000000000086e+00
2.612363029881855508e-02 -1.072888999999999982e+00
2.614363307852668461e-02 -1.118959000000000037e+00
2.616363585823481414e-02 -1.146600999999999981e+00
2.618363863794294713e-02 -1.164314999999999989e+00
2.620364141765107666e-02 -1.162627999999999995e+00
2.622364419735920618e-02 -1.146147000000000027e+00
2.624364697706733918e-02 -1.115131000000000094e+00
2.626364975677546870e-02 -1.073083000000000009e+00
2.628365253648359823e-02 -1.021433000000000035e+00
2.630365531619173122e-02 -1.008520000000000083e+00
2.632365809589986075e-02 -1.041547999999999918e+00
2.634366087560799027e-02 -1.089695000000000080e+00
2.636366365531611980e-02 -1.128951999999999956e+00
2.638366643502425279e-02 -1.129601000000000077e+00
2.640366921473238232e-02 -1.099752000000000063e+00
2.642367199444051185e-02 -1.078014999999999946e+00
2.644367477414864484e-02 -1.077301000000000064e+00
2.646367755385677437e-02 -1.075679000000000052e+00
2.648368033356490389e-02 -1.079247999999999985e+00
2.650368311327303689e-02 -1.094041999999999959e+00
2.652368589298116641e-02 -1.079831999999999903e+00
2.654368867268929594e-02 -1.102672000000000097e+00
2.656369145239742893e-02 -1.116492999999999958e+00
2.658369423210555846e-02 -1.081518999999999897e+00
2.660369701181368798e-02 -1.026947999999999972e+00
2.662369979152181751e-02 -1.009687999999999919e+00
2.664370257122995050e-02 -1.046284999999999910e+00
2.666370535093808003e-02 -1.108446999999999960e+00
2.668370813064620956e-02 -1.152117000000000058e+00
2.670371091035434255e-02 -1.162498999999999949e+00
2.672371369006247208e-02 -1.120257000000000058e+00
2.674371646977060160e-02 -1.088332000000000077e+00
2.676371924947873460e-02 -1.048815000000000053e+00
2.678372202918686412e-02 -1.020005000000000051e+00
2.680372480889499365e-02 -9.935310000000000530e-01
2.682372758860312664e-02 -1.001902000000000070e+00
2.684373036831125617e-02 -1.029738000000000042e+00
2.686373314801938569e-02 -1.093069000000000068e+00
2.688373592772751522e-02 -1.139917999999999987e+00
2.690373870743564821e-02 -1.152895000000000003e+00
2.692374148714377774e-02 -1.094430999999999932e+00
2.694374426685190727e-02 -1.042586000000000013e+00
2.696374704656004026e-02 -1.016177000000000108e+00
2.698374982626816979e-02 -1.033825999999999912e+00
2.700375260597629931e-02 -1.074381000000000030e+00
2.702375538568443231e-02 -1.090408000000000044e+00
2.704375816539256183e-02 -1.128692000000000029e+00
2.706376094510069136e-02 -1.140501999999999905e+00
2.708376372480882435e-02 -1.148352999999999957e+00
2.710376650451695388e-02 -1.138943999999999956e+00
2.712376928422508340e-02 -1.074057000000000039e+00
2.714377206393321293e-02 -1.018577999999999983e+00
2.716377484364134592e-02 -1.014748999999999901e+00
2.718377762334947545e-02 -1.024677000000000060e+00
2.720378040305760498e-02 -1.070098999999999911e+00
2.722378318276573797e-02 -1.057120999999999977e+00
2.724378596247386750e-02 -1.067438000000000109e+00
2.726378874218199702e-02 -1.069450000000000012e+00
2.728379152189013002e-02 -1.066464999999999996e+00
2.730379430159825954e-02 -1.054200999999999944e+00
2.732379708130638907e-02 -1.048295999999999895e+00
2.734379986101452206e-02 -1.068087000000000009e+00
2.736380264072265159e-02 -1.099102999999999941e+00
2.738380542043078111e-02 -1.123177000000000092e+00
2.740380820013891064e-02 -1.124864000000000086e+00
2.742381097984704363e-02 -1.114222000000000046e+00
2.744381375955517316e-02 -1.107085000000000097e+00
2.746381653926330269e-02 -1.085930999999999980e+00
2.748381931897143568e-02 -1.075744000000000034e+00
2.750382209867956521e-02 -1.084762999999999922e+00
2.752382487838769473e-02 -1.072629000000000055e+00
2.754382765809582773e-02 -1.060429999999999984e+00
2.756383043780395725e-02 -1.064194000000000084e+00
2.758383321751208678e-02 -1.081777999999999906e+00
2.760383599722021977e-02 -1.095404999999999962e+00
2.762383877692834930e-02 -1.067113999999999896e+00
2.764384155663647882e-02 -1.048491000000000062e+00
2.766384433634460835e-02 -1.036291999999999991e+00
2.768384711605274134e-02 -1.037784999999999958e+00
2.770384989576087087e-02 -1.051800000000000068e+00
2.772385267546900040e-02 -1.067307999999999923e+00
2.774385545517713339e-02 -1.056667000000000023e+00
2.776385823488526292e-02 -1.041678000000000104e+00
2.778386101459339244e-02 -1.054330999999999907e+00
2.780386379430152544e-02 -1.075614000000000070e+00
2.782386657400965496e-02 -1.099558000000000035e+00
2.784386935371778449e-02 -1.098260000000000014e+00
2.786387213342591748e-02 -1.079118000000000022e+00
2.788387491313404701e-02 -1.065816000000000097e+00
2.790387769284217653e-02 -1.084827999999999903e+00
2.792388047255030606e-02 -1.107928000000000024e+00
2.794388325225843905e-02 -1.111107999999999985e+00
2.796388603196656858e-02 -1.088786000000000032e+00
2.798388881167469810e-02 -1.055109999999999992e+00
2.800389159138283110e-02 -1.063998999999999917e+00
2.802389437109096063e-02 -1.036291999999999991e+00
2.804389715079909015e-02 -1.028699999999999948e+00
2.806389993050722315e-02 -9.980080000000000062e-01
2.808390271021535267e-02 -1.007805999999999980e+00
2.810390548992348220e-02 -1.038823000000000052e+00
2.812390826963161519e-02 -1.073147999999999991e+00
2.814391104933974472e-02 -1.108511999999999942e+00
2.816391382904787424e-02 -1.126875000000000071e+00
2.818391660875600377e-02 -1.122138000000000080e+00
2.820391938846413676e-02 -1.102348000000000106e+00
2.822392216817226629e-02 -1.070162999999999975e+00
2.824392494788039581e-02 -1.048230999999999913e+00
2.826392772758852881e-02 -1.037849000000000022e+00
2.828393050729665834e-02 -1.054526000000000074e+00
2.830393328700478786e-02 -1.086190999999999907e+00
2.832393606671292086e-02 -1.094886000000000026e+00
2.834393884642105038e-02 -1.099752000000000063e+00
2.836394162612917991e-02 -1.086840000000000028e+00
2.838394440583731290e-02 -1.054200999999999944e+00
2.840394718554544243e-02 -1.037395000000000067e+00
2.842394996525357195e-02 -1.021886999999999990e+00
2.844395274496170148e-02 -1.023638999999999966e+00
2.846395552466983447e-02 -1.022796000000000038e+00
2.848395830437796400e-02 -1.055239000000000038e+00
2.850396108408609352e-02 -1.067307999999999923e+00
2.852396386379422652e-02 -1.043689000000000089e+00
2.854396664350235605e-02 -1.024547000000000097e+00
2.856396942321048557e-02 -9.886650000000000160e-01
2.858397220291861857e-02 -9.937909999999999799e-01
2.860397498262674809e-02 -1.004496999999999973e+00
2.862397776233487762e-02 -1.040899000000000019e+00
2.864398054204301061e-02 -1.076197999999999988e+00
2.866398332175114014e-02 -1.085995999999999961e+00
2.868398610145926966e-02 -1.129664999999999919e+00
2.870398888116739919e-02 -1.093004000000000087e+00
2.872399166087553218e-02 -1.071979999999999933e+00
2.874399444058366171e-02 -1.072175000000000100e+00
2.876399722029179123e-02 -1.038043999999999967e+00
