# time(s), 	 	 acceleration(g)
0.000000000000000000e+00 6.283678000000000097e+00
2.000277970813059281e-05 6.507604999999999862e+00
4.000555941626118562e-05 6.753917999999999644e+00
6.000833912439177504e-05 7.028977000000000253e+00
8.001111883252237124e-05 7.337971999999999717e+00
1.000138985406529674e-04 7.624190999999999718e+00
1.200166782487835501e-04 7.948564000000000185e+00
1.400194579569141598e-04 8.276246000000000436e+00
1.600222376650447425e-04 8.609704000000000690e+00
1.800250173731753251e-04 8.978135999999999228e+00
2.000277970813059349e-04 9.380373999999999768e+00
2.200305767894365175e-04 9.800326000000000093e+00
2.400333564975671002e-04 1.029885799999999918e+01
2.600361362056977099e-04 1.079901100000000014e+01
2.800389159138283197e-04 1.142297100000000043e+01
3.000416956219588752e-04 1.200520700000000041e+01
3.200444753300894850e-04 1.276802600000000076e+01
3.400472550382200947e-04 1.364738200000000035e+01
3.600500347463506503e-04 1.441623599999999961e+01
3.800528144544812600e-04 1.546332699999999960e+01
4.000555941626118698e-04 1.657160700000000020e+01
4.200583738707424253e-04 1.781803299999999979e+01
4.400611535788730351e-04 1.936761399999999966e+01
4.600639332870036448e-04 2.103665300000000116e+01
4.800667129951342003e-04 2.308392100000000013e+01
5.000694927032648101e-04 2.558689499999999839e+01
5.200722724113954198e-04 2.876431099999999930e+01
5.400750521195260296e-04 3.301970500000000186e+01
5.600778318276566393e-04 3.908124500000000268e+01
5.800806115357871407e-04 4.877013199999999671e+01
6.000833912439177504e-04 6.452101299999999640e+01
6.200861709520483602e-04 8.978714100000000542e+01
6.400889506601789699e-04 1.281669890000000009e+02
6.600917303683095797e-04 1.801853659999999877e+02
6.800945100764401894e-04 2.457154179999999997e+02
7.000972897845707992e-04 3.194637440000000197e+02
7.201000694927013005e-04 3.921083970000000249e+02
7.401028492008319103e-04 4.515002119999999763e+02
7.601056289089625200e-04 4.861918489999999906e+02
7.801084086170931298e-04 4.914819400000000087e+02
8.001111883252237395e-04 4.683175860000000057e+02
8.201139680333543493e-04 4.285222800000000234e+02
8.401167477414848506e-04 3.815742849999999748e+02
8.601195274496154604e-04 3.333762950000000274e+02
8.801223071577460701e-04 2.877767279999999914e+02
9.001250868658766799e-04 2.462181669999999940e+02
9.201278665740072896e-04 1.992377930000000106e+02
9.401306462821378994e-04 1.484172409999999900e+02
9.601334259902684007e-04 9.627998900000000049e+01
9.801362056983990104e-04 5.355507300000000015e+01
1.000138985406529620e-03 1.951101500000000044e+01
1.020141765114660230e-03 -4.774149999999999783e-01
1.040144544822790840e-03 -7.391643000000000185e+00
1.060147324530921449e-03 -1.842715000000000103e+00
1.080150104239052059e-03 1.362875999999999976e+01
1.100152883947182669e-03 3.643804899999999947e+01
1.120155663655313279e-03 5.540501900000000290e+01
1.140158443363443888e-03 6.872806500000000085e+01
1.160161223071574281e-03 6.496179399999999760e+01
1.180164002779704891e-03 5.039199700000000348e+01
1.200166782487835501e-03 2.242965999999999838e+01
1.220169562195966111e-03 -6.679826000000000263e+00
1.240172341904096720e-03 -2.651109900000000152e+01
1.260175121612227330e-03 -4.024825799999999987e+01
1.280177901320357940e-03 -3.657691799999999915e+01
1.300180681028488550e-03 -2.253420300000000154e+01
1.320183460736619159e-03 -6.992259999999999920e+00
1.340186240444749769e-03 1.116244700000000023e+01
1.360189020152880379e-03 2.422587800000000158e+01
1.380191799861010989e-03 2.844357199999999963e+01
1.400194579569141598e-03 1.668580899999999900e+01
1.420197359277271991e-03 4.807549999999999990e+00
1.440200138985402601e-03 1.188369999999999982e-01
1.460202918693533211e-03 -1.758361000000000063e+00
1.480205698401663821e-03 1.505808999999999953e+00
1.500208478109794430e-03 6.637769999999999726e+00
1.520211257817925040e-03 1.821190100000000101e+01
1.540214037526055650e-03 1.962937000000000154e+01
1.560216817234186260e-03 2.363760699999999915e+01
1.580219596942316869e-03 1.819412099999999910e+01
1.600222376650447479e-03 3.656963000000000186e+00
1.620225156358578089e-03 -2.767830000000000013e-01
1.640227936066708699e-03 2.925225999999999882e+00
1.660230715774839308e-03 -3.145470000000000210e-01
1.680233495482969701e-03 4.183849999999999625e+00
1.700236275191100311e-03 3.134552999999999923e+00
1.720239054899230921e-03 3.537050999999999945e+00
1.740241834607361530e-03 -3.441610999999999976e+00
1.760244614315492140e-03 -1.316294100000000000e+01
1.780247394023622750e-03 -2.283729299999999895e+01
1.800250173731753360e-03 -3.155773200000000145e+01
1.820252953439883969e-03 -2.770048900000000103e+01
1.840255733148014579e-03 -1.939266999999999896e+01
1.860258512856145189e-03 -6.845290000000000319e+00
1.880261292564275799e-03 1.640614400000000117e+01
1.900264072272406408e-03 2.899018500000000031e+01
1.920266851980536801e-03 3.831725899999999996e+01
1.940269631688667411e-03 4.267712099999999964e+01
1.960272411396798021e-03 2.845739299999999972e+01
1.980275191104928847e-03 1.878901099999999857e+01
2.000277970813059240e-03 3.282627000000000184e+00
2.020280750521190067e-03 -1.039353799999999950e+01
2.040283530229320460e-03 -1.809394400000000047e+01
2.060286309937450853e-03 -1.980477099999999879e+01
2.080289089645581679e-03 -1.695795700000000039e+01
2.100291869353712072e-03 -1.195239800000000052e+01
2.120294649061842899e-03 -8.442173000000000371e+00
2.140297428769973292e-03 -4.474231999999999765e+00
2.160300208478104118e-03 -4.060248999999999775e+00
2.180302988186234511e-03 -4.040718000000000032e+00
2.200305767894365338e-03 -9.365458999999999534e+00
2.220308547602495731e-03 -1.252898899999999927e+01
2.240311327310626557e-03 -8.901253000000000526e+00
2.260314107018756950e-03 -3.635495000000000143e+00
2.280316886726887777e-03 -2.370899999999999785e+00
2.300319666435018170e-03 2.240725999999999996e+00
2.320322446143148563e-03 7.564493999999999829e+00
2.340325225851279389e-03 7.631912999999999947e+00
2.360328005559409782e-03 1.058514199999999938e+01
2.380330785267540609e-03 1.164884400000000042e+01
2.400333564975671002e-03 6.174018000000000228e+00
2.420336344683801828e-03 7.876992999999999689e+00
2.440339124391932221e-03 8.012088999999999572e+00
2.460341904100063048e-03 1.878459000000000101e+00
2.480344683808193441e-03 -3.857734999999999914e+00
2.500347463516324267e-03 -9.212844000000000477e+00
2.520350243224454660e-03 -1.492801399999999923e+01
2.540353022932585487e-03 -1.611526200000000131e+01
2.560355802640715880e-03 -1.677166499999999871e+01
2.580358582348846273e-03 -1.059027700000000038e+01
2.600361362056977099e-03 -1.146755800000000036e+01
2.620364141765107492e-03 -6.574319000000000024e+00
2.640366921473238319e-03 -5.447027000000000285e+00
2.660369701181368712e-03 -4.048439000000000121e+00
2.680372480889499538e-03 -2.436176999999999815e+00
2.700375260597629931e-03 -5.140432999999999808e+00
2.720378040305760758e-03 -3.697852000000000139e+00
2.740380820013891151e-03 2.933200000000000252e-01
2.760383599722021977e-03 5.042572999999999972e+00
2.780386379430152370e-03 1.498880400000000002e+01
2.800389159138283197e-03 1.536599499999999985e+01
2.820391938846413590e-03 9.524748999999999910e+00
2.840394718554543983e-03 2.688255999999999979e+00
2.860397498262674809e-03 2.390740000000000087e-01
2.880400277970805202e-03 -1.817150000000000043e+00
2.900403057678936029e-03 -6.294847999999999999e+00
2.920405837387066422e-03 -1.068131499999999967e+01
2.940408617095197248e-03 -1.204032100000000050e+01
2.960411396803327641e-03 -8.391756000000000881e+00
2.980414176511458468e-03 -7.507856999999999559e+00
3.000416956219588861e-03 -6.720380999999999716e+00
3.020419735927719687e-03 -1.523337500000000055e+01
3.040422515635850080e-03 -1.778274299999999997e+01
3.060425295343980907e-03 -1.330841900000000066e+01
3.080428075052111300e-03 -1.209787599999999941e+01
3.100430854760241692e-03 -5.545980000000000132e+00
3.120433634468372519e-03 2.724981999999999793e+00
3.140436414176502912e-03 8.761799999999999145e+00
3.160439193884633739e-03 1.347906399999999927e+01
3.180441973592764131e-03 1.205880400000000030e+01
3.200444753300894958e-03 9.036924000000000845e+00
3.220447533009025351e-03 3.542435999999999918e+00
3.240450312717156178e-03 -2.915769999999999751e-01
3.260453092425286570e-03 -4.419012999999999636e+00
3.280455872133417397e-03 -6.168835999999999764e+00
3.300458651841547790e-03 -3.061369000000000007e+00
3.320461431549678617e-03 2.030555000000000110e+00
3.340464211257809009e-03 3.177313999999999972e+00
3.360466990965939402e-03 -1.867501999999999995e+00
3.380469770674070229e-03 -6.284531000000000311e+00
3.400472550382200622e-03 -1.322490900000000025e+01
3.420475330090331448e-03 -1.767697700000000083e+01
3.440478109798461841e-03 -1.843635599999999997e+01
3.460480889506592668e-03 -1.688126000000000104e+01
3.480483669214723061e-03 -1.270022799999999918e+01
3.500486448922853887e-03 -5.540918999999999706e+00
3.520489228630984280e-03 5.060093000000000174e+00
3.540492008339115107e-03 8.619372000000000256e+00
3.560494788047245500e-03 1.019023600000000052e+01
3.580497567755376326e-03 9.053274999999999295e+00
3.600500347463506719e-03 3.344463999999999881e+00
3.620503127171637112e-03 1.899540000000000117e-01
3.640505906879767939e-03 -3.355440000000000200e+00
3.660508686587898332e-03 -2.184089000000000169e+00
3.680511466296029158e-03 -1.048295999999999895e+00
3.700514246004159551e-03 -1.993708999999999953e+00
3.720517025712290378e-03 -8.073040000000000216e-01
3.740519805420420771e-03 1.633499999999999952e-01
3.760522585128551597e-03 -1.656552999999999942e+00
3.780525364836681990e-03 -3.214250000000000163e-01
3.800528144544812817e-03 -5.932399999999999896e-01
3.820530924252943210e-03 -4.848373999999999739e+00
3.840533703961073603e-03 -7.337462000000000373e+00
3.860536483669204429e-03 -1.018959699999999913e+01
3.880539263377334822e-03 -1.237416699999999992e+01
3.900542043085465649e-03 -1.301577600000000068e+01
3.920544822793596042e-03 -1.181042399999999937e+01
3.940547602501726435e-03 -7.037357000000000085e+00
3.960550382209857695e-03 1.220809999999999951e-01
3.980553161917988088e-03 5.005911000000000222e+00
4.000555941626118481e-03 1.330892899999999912e+01
4.020558721334248874e-03 1.270664200000000044e+01
4.040561501042380134e-03 9.347929999999999851e+00
4.060564280750510527e-03 8.391617000000000104e+00
4.080567060458640920e-03 1.447216000000000058e+00
4.100569840166771313e-03 -1.448523000000000005e+00
4.120572619874901706e-03 -3.441285999999999845e+00
4.140575399583032966e-03 -6.336895000000000167e+00
4.160578179291163359e-03 -7.052476000000000411e+00
4.180580958999293752e-03 -6.791756999999999600e+00
4.200583738707424145e-03 -5.418021999999999672e+00
4.220586518415555405e-03 -5.689316999999999958e+00
4.240589298123685798e-03 -6.539085000000000036e+00
4.260592077831816191e-03 -4.069009000000000320e+00
4.280594857539946584e-03 -4.149468999999999852e+00
4.300597637248077844e-03 -3.258627999999999858e+00
4.320600416956208237e-03 -3.307039999999999980e-01
4.340603196664338630e-03 -1.032982999999999985e+00
4.360605976372469023e-03 1.286424000000000012e+00
4.380608756080599415e-03 3.212677999999999923e+00
4.400611535788730676e-03 2.906473000000000084e+00
4.420614315496861069e-03 4.060693999999999804e+00
4.440617095204991462e-03 3.463858000000000104e+00
4.460619874913121854e-03 1.984615000000000018e+00
4.480622654621253115e-03 -2.859893000000000018e+00
4.500625434329383508e-03 -4.228437999999999697e+00
4.520628214037513901e-03 -3.991079000000000043e+00
4.540630993745644294e-03 -2.947426999999999797e+00
4.560633773453775554e-03 2.213798000000000155e+00
4.580636553161905947e-03 3.406626999999999850e+00
4.600639332870036340e-03 1.916093999999999964e+00
4.620642112578166733e-03 1.971508000000000038e+00
4.640644892286297125e-03 -3.596368000000000009e+00
4.660647671994428386e-03 -5.863345999999999947e+00
4.680650451702558779e-03 -1.078889799999999966e+01
4.700653231410689172e-03 -1.256694800000000001e+01
4.720656011118819564e-03 -9.797546000000000532e+00
4.740658790826950825e-03 -3.131317999999999824e+00
4.760661570535081218e-03 5.658420999999999701e+00
4.780664350243211611e-03 7.339917999999999942e+00
4.800667129951342003e-03 7.987237000000000364e+00
4.820669909659473264e-03 8.318099000000000132e+00
4.840672689367603657e-03 1.519306000000000045e+00
4.860675469075734050e-03 -1.428212999999999955e+00
4.880678248783864442e-03 -6.416642000000000401e+00
4.900681028491994835e-03 -8.392858999999999625e+00
4.920683808200126096e-03 -6.726220999999999783e+00
4.940686587908256489e-03 -1.467470000000000052e+00
4.960689367616386881e-03 1.968976999999999977e+00
4.980692147324517274e-03 2.607860000000000067e+00
5.000694927032648535e-03 -8.529899999999999982e-02
5.020697706740778928e-03 -1.603150000000000075e+00
5.040700486448909320e-03 -2.507943000000000033e+00
5.060703266157039713e-03 -1.182620000000000060e-01
5.080706045865170974e-03 2.557999999999999944e-03
5.100708825573301367e-03 -2.090390999999999888e+00
5.120711605281431759e-03 -2.931464000000000070e+00
5.140714384989562152e-03 -5.392132000000000147e+00
5.160717164697692545e-03 -4.540287000000000184e+00
5.180719944405823806e-03 -2.102914999999999868e+00
5.200722724113954198e-03 -1.662911999999999946e+00
5.220725503822084591e-03 -1.287795999999999941e+00
5.240728283530214984e-03 -9.865230000000000388e-01
5.260731063238346245e-03 3.339389999999999858e-01
5.280733842946476637e-03 3.354327000000000059e+00
5.300736622654607030e-03 2.967077999999999882e+00
5.320739402362737423e-03 1.478231999999999990e+00
5.340742182070868684e-03 -3.012379000000000140e+00
5.360744961778999076e-03 -2.397634000000000043e+00
5.380747741487129469e-03 -2.531692000000000053e+00
5.400750521195259862e-03 -2.563746000000000080e+00
5.420753300903390255e-03 -2.060672999999999977e+00
5.440756080611521515e-03 -2.925559999999999938e+00
5.460758860319651908e-03 -3.261223000000000205e+00
5.480761640027782301e-03 -4.389370000000000216e-01
5.500764419735912694e-03 9.423899999999999499e-01
5.520767199444043954e-03 -1.359822000000000086e+00
5.540769979152174347e-03 -4.189309999999999867e+00
5.560772758860304740e-03 -4.399480999999999753e+00
5.580775538568435133e-03 -5.317835999999999785e+00
5.600778318276566393e-03 -2.221852999999999856e+00
5.620781097984696786e-03 6.207420000000000160e-01
5.640783877692827179e-03 9.806089999999999529e-01
5.660786657400957572e-03 5.815500000000000114e-01
5.680789437109087965e-03 -1.982039999999999913e-01
5.700792216817219225e-03 -5.635860000000000314e-01
5.720794996525349618e-03 1.897590000000000110e-01
5.740797776233480011e-03 1.124129999999999990e-01
5.760800555941610404e-03 -6.494969999999999910e-01
5.780803335649741664e-03 -2.257411999999999974e+00
5.800806115357872057e-03 -2.417879000000000111e+00
5.820808895066002450e-03 -1.244126999999999983e+00
5.840811674774132843e-03 -5.403559999999999475e-01
5.860814454482264103e-03 -2.458309999999999940e-01
5.880817234190394496e-03 -3.452512000000000025e+00
5.900820013898524889e-03 -4.864335999999999771e+00
5.920822793606655282e-03 -5.624558999999999642e+00
5.940825573314785675e-03 -4.784069999999999823e+00
5.960828353022916935e-03 -2.782547000000000104e+00
5.980831132731047328e-03 -1.691527000000000003e+00
6.000833912439177721e-03 -2.143079999999999874e+00
6.020836692147308114e-03 -7.211980000000000057e-01
6.040839471855439374e-03 1.416719000000000062e+00
6.060842251563569767e-03 3.731323999999999863e+00
6.080845031271700160e-03 3.088677000000000117e+00
6.100847810979830553e-03 -3.927370000000000028e-01
6.120850590687961813e-03 -3.252463000000000104e+00
6.140853370396092206e-03 -2.740565000000000140e+00
6.160856150104222599e-03 -1.376173000000000091e+00
6.180858929812352992e-03 -5.778609999999999580e-01
6.200861709520483385e-03 -1.457413000000000070e+00
6.220864489228614645e-03 -3.143517000000000117e+00
6.240867268936745038e-03 -4.062649999999999650e+00
6.260870048644875431e-03 -2.275580000000000158e+00
6.280872828353005824e-03 -6.607229999999999492e-01
6.300875608061137084e-03 -1.101374000000000075e+00
6.320878387769267477e-03 -2.116995000000000182e+00
6.340881167477397870e-03 -3.222420000000000062e+00
6.360883947185528263e-03 -2.658287000000000067e+00
6.380886726893659523e-03 1.789880000000000082e-01
6.400889506601789916e-03 1.641035000000000021e+00
6.420892286309920309e-03 1.361563999999999997e+00
6.440895066018050702e-03 3.362749999999999906e-01
6.460897845726181095e-03 -1.582386000000000070e+00
6.480900625434312355e-03 -2.511121999999999854e+00
6.500903405142442748e-03 -1.596076999999999968e+00
6.520906184850573141e-03 -1.011439999999999895e+00
6.540908964558703534e-03 -1.489792000000000005e+00
6.560911744266834794e-03 -1.263722999999999930e+00
6.580914523974965187e-03 3.416609999999999925e-01
6.600917303683095580e-03 1.078265000000000029e+00
6.620920083391225973e-03 2.181800000000000128e-01
6.640922863099357233e-03 -2.290439999999999809e+00
6.660925642807487626e-03 -4.504145000000000287e+00
6.680928422515618019e-03 -4.837473000000000134e+00
6.700931202223748412e-03 -3.103610999999999898e+00
6.720933981931878805e-03 -3.174020000000000175e-01
6.740936761640010065e-03 1.227765999999999913e+00
6.760939541348140458e-03 1.336711999999999900e+00
6.780942321056270851e-03 -6.566999999999999504e-01
6.800945100764401244e-03 -2.623054000000000219e+00
6.820947880472532504e-03 -3.262195999999999874e+00
6.840950660180662897e-03 -3.505720000000000169e+00
6.860953439888793290e-03 -2.396726000000000134e+00
6.880956219596923683e-03 -9.516139999999999599e-01
6.900958999305054943e-03 2.079920000000000102e-01
6.920961779013185336e-03 1.871126999999999985e+00
6.940964558721315729e-03 2.131650000000000045e+00
6.960967338429446122e-03 4.581339999999999857e-01
6.980970118137576515e-03 -1.865944999999999965e+00
7.000972897845707775e-03 -3.840149999999999952e+00
7.020975677553838168e-03 -4.018656000000000006e+00
7.040978457261968561e-03 -2.400684000000000040e+00
7.060981236970098954e-03 -3.704160000000000230e-01
7.080984016678230214e-03 4.789630000000000276e-01
7.100986796386360607e-03 -2.229909999999999948e-01
7.120989576094491000e-03 -8.023069999999999924e-01
7.140992355802621393e-03 -1.445602999999999971e+00
7.160995135510752653e-03 -2.443249999999999922e+00
7.180997915218883046e-03 -3.834051000000000098e+00
7.201000694927013439e-03 -3.992896000000000001e+00
7.221003474635143832e-03 -3.001478000000000090e+00
7.241006254343274225e-03 -1.686140999999999890e+00
7.261009034051405485e-03 2.976670000000000149e-01
7.281011813759535878e-03 1.472456999999999905e+00
7.301014593467666271e-03 1.378046000000000104e+00
7.321017373175796664e-03 -3.748279999999999945e-01
7.341020152883927924e-03 -1.727020999999999917e+00
7.361022932592058317e-03 -1.257104999999999917e+00
7.381025712300188710e-03 -9.043109999999999760e-01
7.401028492008319103e-03 -7.792719999999999647e-01
7.421031271716450363e-03 -1.309533999999999976e+00
7.441034051424580756e-03 -2.039324999999999832e+00
7.461036831132711149e-03 -1.724555000000000060e+00
7.481039610840841542e-03 -1.459554000000000018e+00
7.501042390548971935e-03 -1.498226999999999975e+00
7.521045170257103195e-03 -1.695615000000000094e+00
7.541047949965233588e-03 -1.729421000000000097e+00
7.561050729673363981e-03 -1.477268000000000026e+00
7.581053509381494374e-03 -1.432171000000000083e+00
7.601056289089625634e-03 -1.548904000000000059e+00
7.621059068797756027e-03 -1.915518999999999972e+00
7.641061848505886420e-03 -2.200441000000000091e+00
7.661064628214016813e-03 -1.440606999999999971e+00
7.681067407922147205e-03 -8.828400000000000136e-02
7.701070187630278466e-03 -1.246209999999999957e-01
7.721072967338408859e-03 -6.287329999999999863e-01
7.741075747046539252e-03 -4.650219999999999909e-01
7.761078526754669644e-03 -9.338999999999999524e-01
7.781081306462800905e-03 -1.532553000000000054e+00
7.801084086170931298e-03 -1.233549999999999924e+00
7.821086865879062558e-03 -6.848610000000000531e-01
7.841089645587192083e-03 -8.049030000000000351e-01
7.861092425295323344e-03 -1.310961000000000043e+00
7.881095205003452869e-03 -1.441125999999999907e+00
7.901097984711584130e-03 -2.149827999999999850e+00
7.921100764419715390e-03 -2.105574999999999974e+00
7.941103544127844915e-03 -1.891445999999999961e+00
7.961106323835976176e-03 -2.237426999999999833e+00
7.981109103544105701e-03 -1.909094999999999986e+00
8.001111883252236961e-03 -5.434710000000000374e-01
8.021114662960368222e-03 -1.590769999999999962e-01
8.041117442668497747e-03 -8.113270000000000204e-01
8.061120222376629008e-03 -1.929210000000000091e+00
8.081123002084760268e-03 -2.807075000000000209e+00
8.101125781792889793e-03 -2.464922000000000057e+00
8.121128561501021054e-03 -9.840579999999999883e-01
8.141131341209150579e-03 -7.115399999999999503e-02
8.161134120917281840e-03 5.389840000000000186e-01
8.181136900625413100e-03 8.991749999999999465e-01
8.201139680333542625e-03 4.078459999999999863e-01
8.221142460041673886e-03 -6.467070000000000318e-01
8.241145239749803411e-03 -1.718585000000000029e+00
8.261148019457934671e-03 -2.930620999999999921e+00
8.281150799166065932e-03 -3.721729999999999983e+00
8.301153578874195457e-03 -3.638220000000000010e+00
8.321156358582326718e-03 -2.645763999999999783e+00
8.341159138290457978e-03 -9.735460000000000225e-01
8.361161917998587503e-03 9.246760000000000534e-01
8.381164697706718764e-03 1.528454999999999897e+00
8.401167477414848289e-03 1.109860000000000013e-01
8.421170257122979549e-03 -1.959837000000000051e+00
8.441173036831110810e-03 -3.040216000000000030e+00
8.461175816539240335e-03 -2.835624999999999840e+00
8.481178596247371596e-03 -2.280123000000000122e+00
8.501181375955501121e-03 -1.833631000000000011e+00
8.521184155663632381e-03 -1.570122000000000018e+00
8.541186935371763642e-03 -3.446549999999999891e-01
8.561189715079893167e-03 1.004877000000000020e+00
8.581192494788024427e-03 7.933440000000000492e-01
8.601195274496155688e-03 -6.005070000000000130e-01
8.621198054204285213e-03 -2.071703999999999990e+00
8.641200833912416474e-03 -2.858465999999999951e+00
8.661203613620545999e-03 -2.553364000000000189e+00
8.681206393328677259e-03 -1.202080000000000037e+00
8.701209173036808520e-03 1.007330000000000031e-01
8.721211952744938045e-03 4.096629999999999994e-01
8.741214732453069305e-03 -1.971660000000000079e-01
8.761217512161198831e-03 -1.312907999999999964e+00
8.781220291869330091e-03 -1.933168999999999915e+00
8.801223071577461352e-03 -2.471605999999999970e+00
8.821225851285590877e-03 -2.949113999999999791e+00
8.841228630993722137e-03 -2.679699999999999971e+00
8.861231410701853398e-03 -2.141068000000000193e+00
8.881234190409982923e-03 -9.410370000000000124e-01
8.901236970118114183e-03 8.121610000000000218e-01
8.921239749826243709e-03 1.358384999999999954e+00
8.941242529534374969e-03 3.532759999999999789e-01
8.961245309242506230e-03 -1.267616000000000076e+00
8.981248088950635755e-03 -2.097529000000000199e+00
9.001250868658767015e-03 -1.882297000000000109e+00
9.021253648366896541e-03 -1.417572000000000054e+00
9.041256428075027801e-03 -1.348985000000000101e+00
9.061259207783159061e-03 -1.557274999999999965e+00
9.081261987491288587e-03 -1.402517999999999931e+00
9.101264767199419847e-03 -1.422307999999999906e+00
9.121267546907551108e-03 -1.633062999999999931e+00
9.141270326615680633e-03 -1.526712999999999987e+00
9.161273106323811893e-03 -1.226088000000000067e+00
9.181275886031941419e-03 -1.193254999999999955e+00
9.201278665740072679e-03 -9.684199999999999475e-01
9.221281445448203939e-03 -2.812600000000000100e-01
9.241284225156333465e-03 7.633600000000000108e-02
9.261287004864464725e-03 -3.383610000000000229e-01
9.281289784572594251e-03 -1.679847000000000090e+00
9.301292564280725511e-03 -2.843865999999999783e+00
9.321295343988856771e-03 -2.555699999999999861e+00
9.341298123696986297e-03 -1.557987999999999928e+00
9.361300903405117557e-03 -7.481910000000000505e-01
9.381303683113248817e-03 -5.443789999999999463e-01
9.401306462821378343e-03 -9.101510000000000433e-01
9.421309242529509603e-03 -9.137189999999999479e-01
9.441312022237639129e-03 -6.818109999999999449e-01
9.461314801945770389e-03 -1.055693999999999910e+00
9.481317581653901649e-03 -1.906824000000000074e+00
9.501320361362031175e-03 -2.415996999999999950e+00
9.521323141070162435e-03 -2.030953999999999926e+00
9.541325920778291961e-03 -1.106500999999999957e+00
9.561328700486423221e-03 -5.378260000000000263e-01
9.581331480194554481e-03 -5.481430000000000469e-01
9.601334259902684007e-03 -6.058930000000000149e-01
9.621337039610815267e-03 -5.322449999999999681e-01
9.641339819318946527e-03 -7.672679999999999501e-01
9.661342599027076053e-03 -1.083855000000000013e+00
9.681345378735207313e-03 -1.227255999999999903e+00
9.701348158443336839e-03 -1.481097000000000108e+00
9.721350938151468099e-03 -1.968272999999999939e+00
9.741353717859599359e-03 -2.294332999999999956e+00
9.761356497567728885e-03 -2.058142000000000138e+00
9.781359277275860145e-03 -1.137062999999999935e+00
9.801362056983989671e-03 7.165000000000000362e-03
9.821364836692120931e-03 1.138300000000000076e-02
9.841367616400252191e-03 -1.057315999999999923e+00
9.861370396108381717e-03 -1.769716999999999985e+00
9.881373175816512977e-03 -2.025113999999999859e+00
9.901375955524644237e-03 -2.133411999999999864e+00
9.921378735232773763e-03 -1.991632000000000069e+00
9.941381514940905023e-03 -1.433794000000000013e+00
9.961384294649034549e-03 -4.354979999999999962e-01
9.981387074357165809e-03 7.043829999999999814e-01
1.000138985406529707e-02 1.127124999999999932e+00
1.002139263377342659e-02 1.446620000000000128e-01
1.004139541348155786e-02 -1.507376000000000049e+00
1.006139819318968738e-02 -2.498533999999999811e+00
1.008140097289781864e-02 -2.987267999999999812e+00
1.010140375260594990e-02 -2.837183000000000010e+00
1.012140653231407943e-02 -1.824740999999999946e+00
1.014140931202221069e-02 -5.249779999999999447e-01
1.016141209173034195e-02 2.945530000000000093e-01
1.018141487143847147e-02 3.864330000000000265e-01
1.020141765114660273e-02 -2.855429999999999913e-01
1.022142043085473226e-02 -1.305965000000000042e+00
1.024142321056286352e-02 -2.036404999999999799e+00
1.026142599027099478e-02 -2.444872000000000156e+00
1.028142876997912430e-02 -2.674119999999999830e+00
1.030143154968725556e-02 -2.236193999999999793e+00
1.032143432939538509e-02 -9.744540000000000424e-01
1.034143710910351635e-02 2.440049999999999997e-01
1.036143988881164761e-02 2.894909999999999983e-01
1.038144266851977714e-02 -5.003849999999999687e-01
1.040144544822790840e-02 -1.237638000000000016e+00
1.042144822793603966e-02 -1.395639999999999992e+00
1.044145100764416918e-02 -1.163926000000000016e+00
1.046145378735230044e-02 -9.816570000000000018e-01
1.048145656706042997e-02 -1.135504999999999987e+00
1.050145934676856123e-02 -1.343469999999999942e+00
1.052146212647669249e-02 -1.165872999999999937e+00
1.054146490618482201e-02 -1.221092000000000066e+00
1.056146768589295327e-02 -1.648117000000000054e+00
1.058147046560108280e-02 -1.744151000000000007e+00
1.060147324530921406e-02 -1.683740999999999932e+00
1.062147602501734532e-02 -1.355019999999999891e+00
1.064147880472547485e-02 -5.560589999999999700e-01
1.066148158443360611e-02 -1.398050000000000126e-01
1.068148436414173737e-02 -3.872209999999999819e-01
1.070148714384986689e-02 -9.798400000000000443e-01
1.072148992355799815e-02 -1.721764999999999990e+00
1.074149270326612768e-02 -2.218738999999999795e+00
1.076149548297425894e-02 -1.976968000000000059e+00
1.078149826268239020e-02 -1.364559000000000077e+00
1.080150104239051972e-02 -1.097350999999999965e+00
1.082150382209865098e-02 -9.008070000000000244e-01
1.084150660180678051e-02 -5.020729999999999915e-01
1.086150938151491177e-02 -1.121629999999999988e-01
1.088151216122304303e-02 -1.354579999999999951e-01
1.090151494093117256e-02 -8.486369999999999747e-01
1.092151772063930382e-02 -1.798332000000000042e+00
1.094152050034743508e-02 -2.238789000000000140e+00
1.096152328005556460e-02 -1.815268000000000104e+00
1.098152605976369586e-02 -1.118635000000000046e+00
1.100152883947182539e-02 -8.170370000000000132e-01
1.102153161917995665e-02 -7.701230000000000020e-01
1.104153439888808791e-02 -8.029560000000000031e-01
1.106153717859621743e-02 -9.970999999999999863e-01
1.108153995830434869e-02 -1.385258000000000100e+00
1.110154273801247822e-02 -1.730979000000000045e+00
1.112154551772060948e-02 -1.970024999999999915e+00
1.114154829742874074e-02 -2.067486000000000157e+00
1.116155107713687027e-02 -1.576222000000000012e+00
1.118155385684500153e-02 -8.180749999999999966e-01
1.120155663655313279e-02 -2.386290000000000078e-01
1.122155941626126231e-02 1.573099999999999846e-02
1.124156219596939357e-02 -3.089020000000000099e-01
1.126156497567752310e-02 -1.201041999999999943e+00
1.128156775538565436e-02 -1.630468000000000028e+00
1.130157053509378562e-02 -1.503613000000000088e+00
1.132157331480191514e-02 -1.390578000000000092e+00
1.134157609451004640e-02 -1.501795999999999909e+00
1.136157887421817593e-02 -1.559805000000000108e+00
1.138158165392630719e-02 -1.401154999999999928e+00
1.140158443363443845e-02 -9.276050000000000129e-01
1.142158721334256798e-02 -5.907090000000000396e-01
1.144158999305069924e-02 -9.040510000000000490e-01
1.146159277275883050e-02 -1.506987000000000076e+00
1.148159555246696002e-02 -1.694447000000000036e+00
1.150159833217509128e-02 -1.554095000000000004e+00
1.152160111188322081e-02 -1.559546000000000099e+00
1.154160389159135207e-02 -1.522040999999999977e+00
1.156160667129948333e-02 -1.320305000000000062e+00
1.158160945100761285e-02 -1.075094999999999912e+00
1.160161223071574411e-02 -8.525300000000000100e-01
1.162161501042387364e-02 -6.677950000000000275e-01
1.164161779013200490e-02 -5.961600000000000232e-01
1.166162056984013616e-02 -7.976999999999999647e-01
1.168162334954826569e-02 -1.258791999999999911e+00
1.170162612925639695e-02 -1.841417000000000082e+00
1.172162890896452821e-02 -2.010708999999999858e+00
1.174163168867265773e-02 -1.533395999999999981e+00
1.176163446838078899e-02 -8.180100000000000149e-01
1.178163724808891852e-02 -4.965570000000000261e-01
1.180164002779704978e-02 -8.011390000000000455e-01
1.182164280750518104e-02 -1.166001999999999983e+00
1.184164558721331056e-02 -1.233225999999999933e+00
1.186164836692144182e-02 -1.348206999999999933e+00
1.188165114662957135e-02 -1.765953000000000106e+00
1.190165392633770261e-02 -2.050875000000000004e+00
1.192165670604583387e-02 -1.800084000000000017e+00
1.194165948575396340e-02 -1.105917000000000039e+00
1.196166226546209466e-02 -4.868239999999999790e-01
1.198166504517022592e-02 -4.473070000000000102e-01
1.200166782487835544e-02 -9.001580000000000137e-01
1.202167060458648670e-02 -1.340290999999999899e+00
1.204167338429461623e-02 -1.613466999999999985e+00
1.206167616400274749e-02 -1.668816000000000077e+00
1.208167894371087875e-02 -1.344508000000000036e+00
1.210168172341900827e-02 -9.578430000000000000e-01
1.212168450312713953e-02 -7.609740000000000393e-01
1.214168728283526906e-02 -7.550689999999999902e-01
1.216169006254340032e-02 -1.072305000000000064e+00
1.218169284225153158e-02 -1.486417000000000099e+00
1.220169562195966111e-02 -1.645132000000000039e+00
1.222169840166779237e-02 -1.608082000000000011e+00
1.224170118137592363e-02 -1.508804000000000034e+00
1.226170396108405315e-02 -1.109161000000000064e+00
1.228170674079218441e-02 -4.421809999999999907e-01
1.230170952050031394e-02 -8.828400000000000136e-02
1.232171230020844520e-02 -4.864999999999999880e-01
1.234171507991657646e-02 -1.532488000000000072e+00
1.236171785962470598e-02 -2.416126999999999914e+00
1.238172063933283724e-02 -2.508786000000000183e+00
1.240172341904096677e-02 -1.915453999999999990e+00
1.242172619874909803e-02 -1.195267000000000079e+00
1.244172897845722929e-02 -6.342489999999999517e-01
1.246173175816535882e-02 -2.772370000000000112e-01
1.248173453787349008e-02 -2.021620000000000084e-01
1.250173731758162134e-02 -5.129089999999999483e-01
1.252174009728975086e-02 -1.179434000000000093e+00
1.254174287699788212e-02 -1.845960000000000045e+00
1.256174565670601165e-02 -2.207513000000000059e+00
1.258174843641414291e-02 -2.048020000000000174e+00
1.260175121612227417e-02 -1.444760000000000044e+00
1.262175399583040369e-02 -8.048380000000000534e-01
1.264175677553853495e-02 -4.225849999999999884e-01
1.266175955524666448e-02 -4.618419999999999748e-01
1.268176233495479574e-02 -9.272810000000000219e-01
1.270176511466292700e-02 -1.541571999999999942e+00
1.272176789437105653e-02 -1.835577999999999932e+00
1.274177067407918779e-02 -1.713718999999999992e+00
1.276177345378731905e-02 -1.509907000000000110e+00
1.278177623349544857e-02 -1.379547999999999996e+00
1.280177901320357983e-02 -1.220312999999999981e+00
1.282178179291170936e-02 -1.036291999999999991e+00
1.284178457261984062e-02 -7.936769999999999659e-01
1.286178735232797188e-02 -7.056900000000000395e-01
1.288179013203610140e-02 -9.479149999999999521e-01
1.290179291174423266e-02 -1.299087000000000103e+00
1.292179569145236219e-02 -1.396808000000000050e+00
1.294179847116049345e-02 -1.375588999999999951e+00
1.296180125086862471e-02 -1.290262000000000020e+00
1.298180403057675424e-02 -1.348076999999999970e+00
1.300180681028488550e-02 -1.412446000000000090e+00
1.302180958999301676e-02 -1.395769000000000037e+00
1.304181236970114628e-02 -1.252887000000000084e+00
1.306181514940927754e-02 -1.028829999999999911e+00
1.308181792911740707e-02 -9.277999999999999581e-01
1.310182070882553833e-02 -9.887939999999999507e-01
1.312182348853366959e-02 -1.124538999999999955e+00
1.314182626824179911e-02 -1.298178000000000054e+00
1.316182904794993037e-02 -1.312583999999999973e+00
1.318183182765805990e-02 -1.210061000000000053e+00
1.320183460736619116e-02 -1.123112000000000110e+00
1.322183738707432242e-02 -1.175216000000000038e+00
1.324184016678245195e-02 -1.227516000000000052e+00
1.326184294649058321e-02 -1.187610000000000054e+00
1.328184572619871447e-02 -1.197861999999999982e+00
1.330184850590684399e-02 -1.326794000000000029e+00
1.332185128561497525e-02 -1.515422000000000047e+00
1.334185406532310478e-02 -1.594260999999999928e+00
1.336185684503123604e-02 -1.450145000000000017e+00
1.338185962473936730e-02 -1.233875000000000055e+00
1.340186240444749682e-02 -1.098778999999999950e+00
1.342186518415562808e-02 -1.125383000000000022e+00
1.344186796386375761e-02 -1.159968000000000110e+00
1.346187074357188887e-02 -1.127718999999999916e+00
1.348187352328002013e-02 -1.052383999999999986e+00
1.350187630298814966e-02 -1.116818000000000088e+00
1.352187908269628092e-02 -1.198771000000000031e+00
1.354188186240441218e-02 -1.216420000000000057e+00
1.356188464211254170e-02 -1.185534000000000088e+00
1.358188742182067296e-02 -1.148741999999999930e+00
1.360189020152880249e-02 -1.266448000000000018e+00
1.362189298123693375e-02 -1.450209999999999999e+00
1.364189576094506501e-02 -1.503028999999999948e+00
1.366189854065319453e-02 -1.431068000000000007e+00
1.368190132036132579e-02 -1.314400000000000013e+00
1.370190410006945532e-02 -1.087552999999999992e+00
1.372190687977758658e-02 -8.354000000000000314e-01
1.374190965948571784e-02 -8.677789999999999671e-01
1.376191243919384737e-02 -1.113378999999999897e+00
1.378191521890197863e-02 -1.388177999999999912e+00
1.380191799861010989e-02 -1.561622000000000066e+00
1.382192077831823941e-02 -1.576092000000000048e+00
1.384192355802637067e-02 -1.505428999999999906e+00
1.386192633773450020e-02 -1.352230000000000043e+00
1.388192911744263146e-02 -1.051087000000000105e+00
1.390193189715076272e-02 -7.188620000000000010e-01
1.392193467685889224e-02 -5.395130000000000203e-01
1.394193745656702350e-02 -7.766119999999999690e-01
1.396194023627515303e-02 -1.286953000000000014e+00
1.398194301598328429e-02 -1.800602999999999954e+00
1.400194579569141555e-02 -1.917011999999999938e+00
1.402194857539954508e-02 -1.694382000000000055e+00
1.404195135510767634e-02 -1.274040000000000061e+00
1.406195413481580760e-02 -8.873100000000000431e-01
1.408195691452393712e-02 -6.175720000000000098e-01
1.410195969423206838e-02 -4.876670000000000171e-01
1.412196247394019791e-02 -6.851850000000000440e-01
1.414196525364832917e-02 -1.223297999999999996e+00
1.416196803335646043e-02 -1.714237999999999928e+00
1.418197081306458995e-02 -1.959252999999999911e+00
1.420197359277272121e-02 -1.942382999999999971e+00
1.422197637248085074e-02 -1.609185000000000088e+00
1.424197915218898200e-02 -1.048556000000000044e+00
1.426198193189711326e-02 -5.022670000000000190e-01
1.428198471160524279e-02 -3.793050000000000033e-01
1.430198749131337405e-02 -6.897269999999999790e-01
1.432199027102150531e-02 -1.177097999999999978e+00
1.434199305072963483e-02 -1.509322999999999970e+00
1.436199583043776609e-02 -1.554354999999999931e+00
1.438199861014589562e-02 -1.412185999999999941e+00
1.440200138985402688e-02 -1.272418000000000049e+00
1.442200416956215814e-02 -1.137386999999999926e+00
1.444200694927028766e-02 -9.821109999999999562e-01
1.446200972897841892e-02 -8.797180000000000000e-01
1.448201250868654845e-02 -9.153419999999999890e-01
1.450201528839467971e-02 -1.198965000000000058e+00
1.452201806810281097e-02 -1.490960000000000063e+00
1.454202084781094050e-02 -1.488429000000000002e+00
1.456202362751907176e-02 -1.221481000000000039e+00
1.458202640722720302e-02 -9.747139999999999693e-01
1.460202918693533254e-02 -8.775119999999999587e-01
1.462203196664346380e-02 -9.398039999999999727e-01
1.464203474635159333e-02 -1.115065999999999891e+00
1.466203752605972459e-02 -1.283579000000000025e+00
1.468204030576785585e-02 -1.308041000000000009e+00
1.470204308547598537e-02 -1.201300999999999952e+00
1.472204586518411663e-02 -1.112405000000000088e+00
1.474204864489224616e-02 -1.082945999999999964e+00
1.476205142460037742e-02 -1.094495999999999913e+00
1.478205420430850868e-02 -1.151921999999999890e+00
1.480205698401663821e-02 -1.145693000000000072e+00
1.482205976372476947e-02 -1.129729999999999901e+00
1.484206254343290073e-02 -1.165613000000000010e+00
1.486206532314103025e-02 -1.205842999999999998e+00
1.488206810284916151e-02 -1.093458000000000041e+00
1.490207088255729104e-02 -8.846500000000000474e-01
1.492207366226542230e-02 -8.165829999999999478e-01
1.494207644197355356e-02 -9.718590000000000284e-01
1.496207922168168308e-02 -1.208439000000000041e+00
1.498208200138981434e-02 -1.310767000000000015e+00
1.500208478109794387e-02 -1.312583999999999973e+00
1.502208756080607513e-02 -1.234070000000000000e+00
1.504209034051420639e-02 -1.164314999999999989e+00
1.506209312022233592e-02 -1.127523999999999971e+00
1.508209589993046718e-02 -1.134142999999999901e+00
1.510209867963859844e-02 -1.119412999999999991e+00
1.512210145934672796e-02 -1.137451999999999908e+00
1.514210423905485922e-02 -1.141734000000000027e+00
1.516210701876298875e-02 -1.120322000000000040e+00
1.518210979847112001e-02 -1.193839000000000095e+00
1.520211257817925127e-02 -1.216224999999999890e+00
1.522211535788738079e-02 -1.246658000000000044e+00
1.524211813759551205e-02 -1.252237999999999962e+00
1.526212091730364158e-02 -1.191762999999999906e+00
1.528212369701177284e-02 -1.154972000000000110e+00
1.530212647671990410e-02 -1.045700999999999992e+00
1.532212925642803363e-02 -8.915279999999999871e-01
1.534213203613616489e-02 -6.588410000000000100e-01
1.536213481584429441e-02 -6.365199999999999747e-01
1.538213759555242567e-02 -8.688820000000000432e-01
1.540214037526055693e-02 -1.272807000000000022e+00
1.542214315496868646e-02 -1.529633000000000020e+00
1.544214593467681772e-02 -1.671087999999999907e+00
1.546214871438494898e-02 -1.599191999999999947e+00
1.548215149409307850e-02 -1.381429000000000018e+00
1.550215427380120976e-02 -1.024936999999999987e+00
1.552215705350933929e-02 -7.113350000000000506e-01
1.554215983321747055e-02 -5.616389999999999993e-01
1.556216261292560181e-02 -7.310609999999999609e-01
1.558216539263373134e-02 -1.017605000000000093e+00
1.560216817234186260e-02 -1.353528000000000064e+00
1.562217095204999212e-02 -1.547476999999999991e+00
1.564217373175812512e-02 -1.560389000000000026e+00
1.566217651146625464e-02 -1.328740999999999950e+00
1.568217929117438417e-02 -9.652399999999999869e-01
1.570218207088251369e-02 -7.047170000000000378e-01
1.572218485059064669e-02 -6.947889999999999899e-01
1.574218763029877621e-02 -8.256670000000000398e-01
1.576219041000690574e-02 -1.100726000000000093e+00
1.578219318971503873e-02 -1.275207999999999897e+00
1.580219596942316826e-02 -1.344054000000000082e+00
1.582219874913129778e-02 -1.320370000000000044e+00
1.584220152883943078e-02 -1.191567999999999961e+00
1.586220430854756031e-02 -9.766599999999999726e-01
1.588220708825568983e-02 -7.979600000000000026e-01
1.590220986796382283e-02 -8.234609999999999985e-01
1.592221264767195235e-02 -1.107798000000000060e+00
1.594221542738008188e-02 -1.423866000000000076e+00
1.596221820708821140e-02 -1.527490999999999932e+00
1.598222098679634440e-02 -1.396547999999999901e+00
1.600222376650447392e-02 -1.211098999999999926e+00
1.602222654621260345e-02 -1.005211000000000077e+00
1.604222932592073644e-02 -8.209300000000000486e-01
1.606223210562886597e-02 -6.699370000000000047e-01
1.608223488533699549e-02 -6.903759999999999897e-01
1.610223766504512849e-02 -8.777719999999999967e-01
1.612224044475325802e-02 -1.136219000000000090e+00
1.614224322446138754e-02 -1.336268000000000011e+00
1.616224600416952054e-02 -1.357161000000000062e+00
1.618224878387765006e-02 -1.287860999999999922e+00
1.620225156358577959e-02 -1.147704000000000057e+00
1.622225434329390911e-02 -1.015722999999999931e+00
1.624225712300204211e-02 -9.958019999999999650e-01
1.626225990271017163e-02 -1.055304000000000020e+00
1.628226268241830116e-02 -1.184884999999999966e+00
1.630226546212643415e-02 -1.204739999999999922e+00
1.632226824183456368e-02 -1.174633000000000038e+00
1.634227102154269320e-02 -1.051671000000000022e+00
1.636227380125082620e-02 -9.807479999999999531e-01
1.638227658095895573e-02 -1.008780000000000010e+00
1.640227936066708525e-02 -1.053617000000000026e+00
1.642228214037521825e-02 -1.122009000000000034e+00
1.644228492008334777e-02 -1.296297000000000033e+00
1.646228769979147730e-02 -1.460526999999999909e+00
1.648229047949960682e-02 -1.483627000000000029e+00
1.650229325920773982e-02 -1.328157000000000032e+00
1.652229603891586934e-02 -1.018318000000000056e+00
1.654229881862399887e-02 -7.050410000000000288e-01
1.656230159833213186e-02 -6.325610000000000399e-01
1.658230437804026139e-02 -7.171100000000000252e-01
1.660230715774839091e-02 -8.915929999999999689e-01
1.662230993745652391e-02 -1.116557999999999939e+00
1.664231271716465344e-02 -1.312000000000000055e+00
1.666231549687278296e-02 -1.391875999999999891e+00
1.668231827658091596e-02 -1.383764999999999912e+00
1.670232105628904548e-02 -1.275468000000000046e+00
1.672232383599717501e-02 -1.128108000000000111e+00
1.674232661570530453e-02 -9.533660000000000467e-01
1.676232939541343753e-02 -8.572020000000000195e-01
1.678233217512156705e-02 -9.192350000000000243e-01
1.680233495482969658e-02 -1.038497999999999921e+00
1.682233773453782957e-02 -1.181769999999999987e+00
1.684234051424595910e-02 -1.253082000000000029e+00
1.686234329395408862e-02 -1.225764000000000076e+00
1.688234607366222162e-02 -1.185988000000000042e+00
1.690234885337035114e-02 -1.149261000000000088e+00
1.692235163307848067e-02 -1.110524000000000067e+00
1.694235441278661367e-02 -1.061792999999999987e+00
1.696235719249474319e-02 -1.007352000000000025e+00
1.698235997220287272e-02 -9.915199999999999569e-01
1.700236275191100224e-02 -1.035773000000000055e+00
1.702236553161913524e-02 -1.152117000000000058e+00
1.704236831132726476e-02 -1.256456000000000017e+00
1.706237109103539429e-02 -1.285654999999999992e+00
1.708237387074352728e-02 -1.230695000000000094e+00
1.710237665045165681e-02 -1.103320999999999996e+00
1.712237943015978633e-02 -1.017929000000000084e+00
1.714238220986791933e-02 -9.865230000000000388e-01
1.716238498957604885e-02 -1.019161999999999901e+00
1.718238776928417838e-02 -1.068022000000000027e+00
1.720239054899231138e-02 -1.171322999999999892e+00
1.722239332870044090e-02 -1.309922999999999949e+00
1.724239610840857043e-02 -1.431068000000000007e+00
1.726239888811669995e-02 -1.470066000000000095e+00
1.728240166782483295e-02 -1.277608999999999995e+00
1.730240444753296247e-02 -9.549879999999999480e-01
1.732240722724109200e-02 -7.106860000000000399e-01
1.734241000694922499e-02 -6.894679999999999698e-01
1.736241278665735452e-02 -8.827030000000000154e-01
1.738241556636548404e-02 -1.126420999999999895e+00
1.740241834607361704e-02 -1.345545999999999909e+00
1.742242112578174656e-02 -1.442943000000000087e+00
1.744242390548987609e-02 -1.444499999999999895e+00
1.746242668519800909e-02 -1.311285999999999952e+00
1.748242946490613861e-02 -1.112470000000000070e+00
1.750243224461426814e-02 -9.262430000000000385e-01
1.752243502432239766e-02 -8.458470000000000155e-01
1.754243780403053066e-02 -9.002879999999999772e-01
1.756244058373866018e-02 -1.074381000000000030e+00
1.758244336344678971e-02 -1.274688999999999961e+00
1.760244614315492270e-02 -1.358394000000000101e+00
1.762244892286305223e-02 -1.277997999999999967e+00
1.764245170257118175e-02 -1.111237000000000030e+00
1.766245448227931475e-02 -9.646559999999999580e-01
1.768245726198744427e-02 -9.643969999999999487e-01
1.770246004169557380e-02 -1.105852000000000057e+00
1.772246282140370680e-02 -1.260413999999999923e+00
1.774246560111183632e-02 -1.312000000000000055e+00
1.776246838081996585e-02 -1.278062999999999949e+00
1.778247116052809537e-02 -1.182679000000000036e+00
1.780247394023622837e-02 -1.109161000000000064e+00
1.782247671994435789e-02 -1.006833000000000089e+00
1.784247949965248742e-02 -9.486940000000000373e-01
1.786248227936062041e-02 -9.789959999999999773e-01
1.788248505906874994e-02 -1.146795999999999927e+00
1.790248783877687946e-02 -1.362352000000000007e+00
1.792249061848501246e-02 -1.446382000000000057e+00
1.794249339819314198e-02 -1.369229999999999947e+00
1.796249617790127151e-02 -1.153219999999999912e+00
1.798249895760940451e-02 -9.239070000000000338e-01
1.800250173731753403e-02 -8.049680000000000168e-01
1.802250451702566356e-02 -8.265109999999999957e-01
1.804250729673379308e-02 -9.629039999999999822e-01
1.806251007644192608e-02 -1.160941000000000001e+00
1.808251285615005560e-02 -1.319331999999999949e+00
1.810251563585818513e-02 -1.365207000000000059e+00
1.812251841556631812e-02 -1.311609999999999943e+00
1.814252119527444765e-02 -1.215316999999999981e+00
1.816252397498257717e-02 -1.118505000000000082e+00
1.818252675469071017e-02 -1.034021000000000079e+00
1.820252953439883969e-02 -1.024092999999999920e+00
1.822253231410696922e-02 -1.107733000000000079e+00
1.824253509381510222e-02 -1.261646999999999963e+00
1.826253787352323174e-02 -1.356122999999999967e+00
1.828254065323136127e-02 -1.343404999999999960e+00
1.830254343293949079e-02 -1.236210999999999949e+00
1.832254621264762379e-02 -1.098648999999999987e+00
1.834254899235575331e-02 -1.008261000000000074e+00
1.836255177206388284e-02 -9.967110000000000136e-01
1.838255455177201583e-02 -1.035773000000000055e+00
1.840255733148014536e-02 -1.111561999999999939e+00
1.842256011118827488e-02 -1.200717000000000034e+00
1.844256289089640788e-02 -1.260802999999999896e+00
1.846256567060453740e-02 -1.274235000000000007e+00
1.848256845031266693e-02 -1.201235999999999970e+00
1.850257123002079993e-02 -1.086319999999999952e+00
1.852257400972892945e-02 -9.944399999999999906e-01
1.854257678943705898e-02 -9.473310000000000342e-01
1.856257956914518850e-02 -9.394150000000000000e-01
1.858258234885332150e-02 -9.764659999999999451e-01
1.860258512856145102e-02 -1.083075999999999928e+00
1.862258790826958055e-02 -1.220053999999999972e+00
1.864259068797771354e-02 -1.343923999999999896e+00
1.866259346768584307e-02 -1.395315000000000083e+00
1.868259624739397259e-02 -1.368387000000000020e+00
1.870259902710210559e-02 -1.286823000000000050e+00
1.872260180681023511e-02 -1.168533000000000044e+00
1.874260458651836464e-02 -1.059846000000000066e+00
1.876260736622649763e-02 -9.900919999999999721e-01
1.878261014593462716e-02 -9.630990000000000384e-01
1.880261292564275669e-02 -9.734810000000000407e-01
1.882261570535088621e-02 -1.036551999999999918e+00
1.884261848505901921e-02 -1.127329000000000025e+00
1.886262126476714873e-02 -1.190984000000000043e+00
1.888262404447527826e-02 -1.220831999999999917e+00
1.890262682418341125e-02 -1.203637000000000068e+00
1.892262960389154078e-02 -1.152700000000000058e+00
1.894263238359967030e-02 -1.092095000000000038e+00
1.896263516330780330e-02 -1.094756000000000062e+00
1.898263794301593282e-02 -1.136154000000000108e+00
1.900264072272406235e-02 -1.185727999999999893e+00
1.902264350243219534e-02 -1.204026999999999958e+00
1.904264628214032487e-02 -1.197667999999999955e+00
1.906264906184845440e-02 -1.168274000000000035e+00
1.908265184155658392e-02 -1.125771999999999995e+00
1.910265462126471692e-02 -1.114935999999999927e+00
1.912265740097284644e-02 -1.105332999999999899e+00
1.914266018068097597e-02 -1.122786999999999979e+00
1.916266296038910896e-02 -1.175929999999999920e+00
1.918266574009723849e-02 -1.266189000000000009e+00
1.920266851980536801e-02 -1.290391999999999983e+00
1.922267129951350101e-02 -1.265279999999999960e+00
1.924267407922163053e-02 -1.116946999999999912e+00
1.926267685892976006e-02 -9.260479999999999823e-01
1.928267963863789305e-02 -8.393580000000000485e-01
1.930268241834602258e-02 -8.754359999999999919e-01
1.932268519805415211e-02 -9.934009999999999785e-01
1.934268797776228163e-02 -1.135829999999999895e+00
1.936269075747041463e-02 -1.276960000000000095e+00
1.938269353717854415e-02 -1.334060999999999941e+00
1.940269631688667368e-02 -1.345026999999999973e+00
1.942269909659480667e-02 -1.292467999999999950e+00
1.944270187630293620e-02 -1.212396999999999947e+00
1.946270465601106572e-02 -1.128433000000000019e+00
1.948270743571919872e-02 -1.107928000000000024e+00
1.950271021542732824e-02 -1.144654000000000060e+00
1.952271299513545777e-02 -1.254769000000000023e+00
1.954271577484359076e-02 -1.318618000000000068e+00
1.956271855455172029e-02 -1.274949000000000110e+00
1.958272133425984982e-02 -1.139334000000000069e+00
1.960272411396797934e-02 -9.762060000000000182e-01
1.962272689367611234e-02 -8.786800000000000166e-01
1.964272967338424186e-02 -9.231930000000000414e-01
1.966273245309237139e-02 -1.043624000000000107e+00
1.968273523280050438e-02 -1.221675999999999984e+00
1.970273801250863391e-02 -1.322835999999999901e+00
1.972274079221676343e-02 -1.326144999999999907e+00
1.974274357192489643e-02 -1.243478000000000083e+00
1.976274635163302595e-02 -1.110652999999999890e+00
1.978274913134115548e-02 -9.584920000000000107e-01
1.980275191104928847e-02 -8.423429999999999529e-01
1.982275469075741800e-02 -8.505190000000000250e-01
1.984275747046554753e-02 -1.002356000000000025e+00
1.986276025017367705e-02 -1.235367000000000104e+00
1.988276302988181005e-02 -1.427175000000000082e+00
1.990276580958993957e-02 -1.489467000000000096e+00
1.992276858929806910e-02 -1.378314999999999957e+00
1.994277136900620209e-02 -1.202987999999999946e+00
1.996277414871433162e-02 -1.034021000000000079e+00
1.998277692842246114e-02 -9.455139999999999656e-01
2.000277970813059414e-02 -9.188460000000000516e-01
2.002278248783872366e-02 -9.804239999999999622e-01
2.004278526754685319e-02 -1.028960000000000097e+00
2.006278804725498618e-02 -1.101374000000000075e+00
2.008279082696311571e-02 -1.162757999999999958e+00
2.010279360667124524e-02 -1.185988000000000042e+00
2.012279638637937476e-02 -1.139788000000000023e+00
2.014279916608750776e-02 -1.128951999999999956e+00
2.016280194579563728e-02 -1.109356000000000009e+00
2.018280472550376681e-02 -1.154711999999999961e+00
2.020280750521189980e-02 -1.192347000000000046e+00
2.022281028492002933e-02 -1.219600000000000017e+00
2.024281306462815885e-02 -1.176255000000000051e+00
2.026281584433629185e-02 -1.119153999999999982e+00
2.028281862404442137e-02 -1.052774000000000099e+00
2.030282140375255090e-02 -1.056148000000000087e+00
2.032282418346068389e-02 -1.070162999999999975e+00
2.034282696316881342e-02 -1.103385999999999978e+00
2.036282974287694295e-02 -1.121749000000000107e+00
2.038283252258507247e-02 -1.125188000000000077e+00
2.040283530229320547e-02 -1.155230999999999897e+00
2.042283808200133499e-02 -1.180018000000000011e+00
2.044284086170946452e-02 -1.187221000000000082e+00
2.046284364141759751e-02 -1.173010000000000108e+00
2.048284642112572704e-02 -1.118570000000000064e+00
2.050284920083385656e-02 -1.074705999999999939e+00
2.052285198054198956e-02 -1.049658999999999898e+00
2.054285476025011908e-02 -1.046284999999999910e+00
2.056285753995824861e-02 -1.031166000000000027e+00
2.058286031966638160e-02 -1.035384000000000082e+00
2.060286309937451113e-02 -1.091121999999999925e+00
2.062286587908264066e-02 -1.180666999999999911e+00
2.064286865879077018e-02 -1.258985999999999938e+00
2.066287143849890318e-02 -1.298567999999999945e+00
2.068287421820703270e-02 -1.267422000000000049e+00
2.070287699791516223e-02 -1.206817000000000029e+00
2.072287977762329522e-02 -1.141475000000000017e+00
2.074288255733142475e-02 -1.098130000000000051e+00
2.076288533703955427e-02 -1.088656000000000068e+00
2.078288811674768727e-02 -1.103839999999999932e+00
2.080289089645581679e-02 -1.132845000000000102e+00
2.082289367616394632e-02 -1.162174000000000040e+00
2.084289645587207931e-02 -1.172685999999999895e+00
2.086289923558020884e-02 -1.153348999999999958e+00
2.088290201528833837e-02 -1.122009000000000034e+00
2.090290479499646789e-02 -1.104619000000000018e+00
2.092290757470460089e-02 -1.114611000000000018e+00
2.094291035441273041e-02 -1.152506000000000030e+00
2.096291313412085994e-02 -1.203313000000000077e+00
2.098291591382899293e-02 -1.214344000000000090e+00
2.100291869353712246e-02 -1.159059000000000061e+00
2.102292147324525198e-02 -1.082686999999999955e+00
2.104292425295338498e-02 -9.712100000000000177e-01
2.106292703266151450e-02 -9.217659999999999743e-01
2.108292981236964403e-02 -9.857449999999999823e-01
2.110293259207777702e-02 -1.092873999999999901e+00
2.112293537178590655e-02 -1.208698000000000050e+00
2.114293815149403608e-02 -1.313881000000000077e+00
2.116294093120216560e-02 -1.348921000000000037e+00
2.118294371091029860e-02 -1.319981000000000071e+00
2.120294649061842812e-02 -1.191893000000000091e+00
2.122294927032655765e-02 -1.009298999999999946e+00
2.124295205003469064e-02 -9.048950000000000049e-01
2.126295482974282017e-02 -8.806920000000000304e-01
2.128295760945094969e-02 -9.633580000000000476e-01
2.130296038915908269e-02 -1.102282999999999902e+00
2.132296316886721221e-02 -1.227840000000000042e+00
2.134296594857534174e-02 -1.300384999999999902e+00
2.136296872828347473e-02 -1.282345999999999986e+00
2.138297150799160426e-02 -1.205130000000000035e+00
2.140297428769973379e-02 -1.110459000000000085e+00
2.142297706740786331e-02 -1.053811999999999971e+00
2.144297984711599631e-02 -1.037136000000000058e+00
2.146298262682412583e-02 -1.088332000000000077e+00
2.148298540653225536e-02 -1.162174000000000040e+00
2.150298818624038835e-02 -1.199095000000000022e+00
2.152299096594851788e-02 -1.197991999999999946e+00
2.154299374565664740e-02 -1.143680999999999948e+00
2.156299652536478040e-02 -1.048037000000000107e+00
2.158299930507290992e-02 -9.717940000000000467e-01
2.160300208478103945e-02 -9.473310000000000342e-01
2.162300486448917244e-02 -9.963210000000000122e-01
2.164300764419730197e-02 -1.092160000000000020e+00
2.166301042390543150e-02 -1.194423000000000012e+00
2.168301320361356102e-02 -1.250745999999999913e+00
2.170301598332169402e-02 -1.252107999999999999e+00
2.172301876302982354e-02 -1.179564000000000057e+00
2.174302154273795307e-02 -1.091965999999999992e+00
2.176302432244608606e-02 -9.914549999999999752e-01
2.178302710215421559e-02 -9.639419999999999655e-01
2.180302988186234511e-02 -9.906760000000000010e-01
2.182303266157047811e-02 -1.060105999999999993e+00
2.184303544127860763e-02 -1.159383999999999970e+00
2.186303822098673716e-02 -1.194034000000000040e+00
2.188304100069487015e-02 -1.212331999999999965e+00
2.190304378040299968e-02 -1.190399999999999903e+00
2.192304656011112921e-02 -1.137647000000000075e+00
2.194304933981925873e-02 -1.107474000000000069e+00
2.196305211952739173e-02 -1.079118000000000022e+00
2.198305489923552125e-02 -1.076068000000000024e+00
2.200305767894365078e-02 -1.077042000000000055e+00
2.202306045865178377e-02 -1.101115000000000066e+00
2.204306323835991330e-02 -1.122138000000000080e+00
2.206306601806804282e-02 -1.104294000000000109e+00
2.208306879777617582e-02 -1.070683000000000051e+00
2.210307157748430534e-02 -1.067113999999999896e+00
2.212307435719243487e-02 -1.109680000000000000e+00
2.214307713690056786e-02 -1.158150999999999931e+00
2.216307991660869739e-02 -1.206687000000000065e+00
2.218308269631682692e-02 -1.231214000000000031e+00
2.220308547602495644e-02 -1.198900000000000077e+00
2.222308825573308944e-02 -1.160617000000000010e+00
2.224309103544121896e-02 -1.116946999999999912e+00
2.226309381514934849e-02 -1.071331000000000033e+00
2.228309659485748148e-02 -1.028310999999999975e+00
2.230309937456561101e-02 -1.019227000000000105e+00
2.232310215427374053e-02 -1.027792000000000039e+00
2.234310493398187353e-02 -1.074510999999999994e+00
2.236310771369000305e-02 -1.118309999999999915e+00
2.238311049339813258e-02 -1.165742999999999974e+00
2.240311327310626557e-02 -1.201950000000000074e+00
2.242311605281439510e-02 -1.162368999999999986e+00
2.244311883252252462e-02 -1.148871999999999893e+00
2.246312161223065415e-02 -1.103450999999999960e+00
2.248312439193878715e-02 -1.085606999999999989e+00
2.250312717164691667e-02 -1.049593999999999916e+00
2.252312995135504620e-02 -1.012607999999999953e+00
2.254313273106317919e-02 -1.008909999999999973e+00
2.256313551077130872e-02 -1.050632000000000010e+00
2.258313829047943824e-02 -1.137062999999999935e+00
2.260314107018757124e-02 -1.202274999999999983e+00
2.262314384989570076e-02 -1.218820999999999932e+00
2.264314662960383029e-02 -1.180471999999999966e+00
2.266314940931196328e-02 -1.113118999999999970e+00
2.268315218902009281e-02 -1.077820000000000000e+00
2.270315496872822233e-02 -1.070618000000000070e+00
2.272315774843635186e-02 -1.100985000000000102e+00
2.274316052814448486e-02 -1.108057999999999987e+00
2.276316330785261438e-02 -1.138166000000000011e+00
2.278316608756074391e-02 -1.136154000000000108e+00
2.280316886726887690e-02 -1.155361000000000082e+00
2.282317164697700643e-02 -1.103126000000000051e+00
2.284317442668513595e-02 -1.040184999999999915e+00
2.286317720639326895e-02 -9.793859999999999788e-01
2.288317998610139847e-02 -9.736759999999999859e-01
2.290318276580952800e-02 -1.044402999999999970e+00
2.292318554551766099e-02 -1.148937000000000097e+00
2.294318832522579052e-02 -1.251589000000000063e+00
2.296319110493392004e-02 -1.272094000000000058e+00
2.298319388464204957e-02 -1.181705000000000005e+00
2.300319666435018257e-02 -1.101245000000000029e+00
2.302319944405831209e-02 -1.003069999999999906e+00
2.304320222376644162e-02 -9.897029999999999994e-01
2.306320500347457461e-02 -1.000084999999999891e+00
2.308320778318270414e-02 -1.061857999999999969e+00
2.310321056289083366e-02 -1.137710999999999917e+00
2.312321334259896666e-02 -1.217133999999999938e+00
2.314321612230709618e-02 -1.262424999999999908e+00
2.316321890201522571e-02 -1.238027999999999906e+00
2.318322168172335870e-02 -1.135180999999999996e+00
2.320322446143148823e-02 -1.045830999999999955e+00
2.322322724113961775e-02 -9.772440000000000015e-01
2.324323002084774728e-02 -9.806829999999999714e-01
2.326323280055588028e-02 -1.054070999999999980e+00
2.328323558026400980e-02 -1.117531000000000052e+00
2.330323835997213933e-02 -1.139723000000000042e+00
2.332324113968027232e-02 -1.111691999999999902e+00
2.334324391938840185e-02 -1.059522000000000075e+00
2.336324669909653137e-02 -1.034151000000000042e+00
2.338324947880466437e-02 -1.027662000000000075e+00
2.340325225851279389e-02 -1.053811999999999971e+00
2.342325503822092342e-02 -1.107085000000000097e+00
2.344325781792905641e-02 -1.158539999999999903e+00
2.346326059763718594e-02 -1.189621999999999957e+00
2.348326337734531546e-02 -1.191762999999999906e+00
2.350326615705344499e-02 -1.174827000000000066e+00
2.352326893676157799e-02 -1.080351000000000061e+00
2.354327171646970751e-02 -1.026688999999999963e+00
2.356327449617783704e-02 -9.866530000000000022e-01
2.358327727588597003e-02 -1.008974000000000038e+00
2.360328005559409956e-02 -1.064387999999999890e+00
2.362328283530222908e-02 -1.127394000000000007e+00
2.364328561501036208e-02 -1.141734000000000027e+00
2.366328839471849160e-02 -1.129340999999999928e+00
2.368329117442662113e-02 -1.095728999999999953e+00
2.370329395413475412e-02 -1.059261999999999926e+00
2.372329673384288365e-02 -1.009948000000000068e+00
2.374329951355101317e-02 -1.016696000000000044e+00
2.376330229325914270e-02 -1.010790999999999995e+00
2.378330507296727570e-02 -1.046739000000000086e+00
2.380330785267540522e-02 -1.070746999999999893e+00
2.382331063238353475e-02 -1.100595999999999908e+00
2.384331341209166774e-02 -1.112665000000000015e+00
2.386331619179979727e-02 -1.112665000000000015e+00
2.388331897150792679e-02 -1.105852000000000057e+00
2.390332175121605979e-02 -1.120905999999999958e+00
2.392332453092418931e-02 -1.107148999999999939e+00
2.394332731063231884e-02 -1.118505000000000082e+00
2.396333009034045183e-02 -1.124409999999999910e+00
2.398333287004858136e-02 -1.122657999999999934e+00
2.400333564975671088e-02 -1.124733999999999901e+00
2.402333842946484041e-02 -1.089630000000000098e+00
2.404334120917297341e-02 -1.047971999999999904e+00
2.406334398888110293e-02 -1.012802999999999898e+00
2.408334676858923246e-02 -9.782180000000000319e-01
2.410334954829736545e-02 -9.753629999999999800e-01
2.412335232800549498e-02 -9.913250000000000117e-01
2.414335510771362450e-02 -1.028181000000000012e+00
2.416335788742175750e-02 -1.044921999999999906e+00
2.418336066712988702e-02 -1.098389999999999977e+00
2.420336344683801655e-02 -1.108122999999999969e+00
2.422336622654614954e-02 -1.117790999999999979e+00
2.424336900625427907e-02 -1.066853999999999969e+00
2.426337178596240859e-02 -1.035578000000000110e+00
2.428337456567053812e-02 -9.913899999999999935e-01
2.430337734537867111e-02 -9.824349999999999472e-01
2.432338012508680064e-02 -1.019355999999999929e+00
2.434338290479493017e-02 -1.069968999999999948e+00
2.436338568450306316e-02 -1.129860000000000086e+00
2.438338846421119269e-02 -1.191632999999999942e+00
2.440339124391932221e-02 -1.121424999999999894e+00
2.442339402362745521e-02 -1.178979999999999917e+00
2.444339680333558473e-02 -1.095663999999999971e+00
2.446339958304371426e-02 -9.950240000000000196e-01
2.448340236275184725e-02 -1.039147000000000043e+00
2.450340514245997678e-02 -9.555719999999999770e-01
2.452340792216810630e-02 -9.588160000000000016e-01
2.454341070187623583e-02 -9.368840000000000501e-01
2.456341348158436882e-02 -1.155620000000000092e+00
2.458341626129249835e-02 -1.107798000000000060e+00
2.460341904100062788e-02 -1.185469000000000106e+00
2.462342182070876087e-02 -1.189167000000000085e+00
2.464342460041689040e-02 -9.245560000000000445e-01
2.466342738012501992e-02 -1.026558999999999999e+00
2.468343015983315292e-02 -1.147445000000000048e+00
2.470343293954128244e-02 -1.044987000000000110e+00
2.472343571924941197e-02 -1.096702000000000066e+00
2.474343849895754496e-02 -1.155296000000000101e+00
2.476344127866567449e-02 -1.114546999999999954e+00
2.478344405837380401e-02 -1.111950999999999912e+00
2.480344683808193354e-02 -1.061663000000000023e+00
2.482344961779006653e-02 -1.009752999999999901e+00
2.484345239749819606e-02 -1.078079999999999927e+00
2.486345517720632559e-02 -1.058678000000000008e+00
2.488345795691445858e-02 -1.066335000000000033e+00
2.490346073662258811e-02 -1.092354999999999965e+00
2.492346351633071763e-02 -1.116818000000000088e+00
2.494346629603885063e-02 -1.143421999999999938e+00
2.496346907574698015e-02 -1.126096999999999904e+00
2.498347185545510968e-02 -1.051345999999999892e+00
2.500347463516324267e-02 -9.543390000000000484e-01
2.502347741487137220e-02 -9.466170000000000417e-01
2.504348019457950172e-02 -1.030647000000000091e+00
2.506348297428763125e-02 -1.110198999999999936e+00
2.508348575399576424e-02 -1.149456000000000033e+00
2.510348853370389377e-02 -1.134208000000000105e+00
2.512349131341202330e-02 -1.129081000000000001e+00
2.514349409312015629e-02 -1.120322000000000040e+00
2.516349687282828582e-02 -1.112405000000000088e+00
2.518349965253641534e-02 -1.080155999999999894e+00
2.520350243224454834e-02 -1.056148000000000087e+00
2.522350521195267786e-02 -1.084958000000000089e+00
2.524350799166080739e-02 -1.132130999999999998e+00
2.526351077136894038e-02 -1.168922000000000017e+00
2.528351355107706991e-02 -1.126160999999999968e+00
2.530351633078519943e-02 -1.045117000000000074e+00
2.532351911049332896e-02 -9.572589999999999710e-01
2.534352189020146195e-02 -9.680950000000000388e-01
2.536352466990959148e-02 -9.979440000000000532e-01
2.538352744961772101e-02 -1.054980000000000029e+00
2.540353022932585400e-02 -1.101634000000000002e+00
2.542353300903398353e-02 -1.142512999999999890e+00
2.544353578874211305e-02 -1.168209000000000053e+00
2.546353856845024605e-02 -1.174372999999999889e+00
2.548354134815837557e-02 -1.134208000000000105e+00
2.550354412786650510e-02 -1.042521000000000031e+00
2.552354690757463809e-02 -9.862640000000000295e-01
2.554354968728276762e-02 -1.006509000000000098e+00
2.556355246699089714e-02 -1.062831000000000081e+00
2.558355524669902667e-02 -1.106824999999999948e+00
2.560355802640715966e-02 -1.142188999999999899e+00
2.562356080611528919e-02 -1.135829999999999895e+00
2.564356358582341872e-02 -1.124473999999999974e+00
2.566356636553155171e-02 -1.134271999999999947e+00
2.568356914523968124e-02 -1.146406000000000036e+00
2.570357192494781076e-02 -1.117985999999999924e+00
2.572357470465594376e-02 -1.088656000000000068e+00
2.574357748436407328e-02 -1.047646999999999995e+00
2.576358026407220281e-02 -1.060170999999999975e+00
2.578358304378033580e-02 -1.087164000000000019e+00
2.580358582348846533e-02 -1.087812999999999919e+00
2.582358860319659485e-02 -1.086775000000000047e+00
2.584359138290472438e-02 -1.074122000000000021e+00
2.586359416261285737e-02 -1.099363000000000090e+00
2.588359694232098690e-02 -1.113898000000000055e+00
2.590359972202911643e-02 -1.151078000000000046e+00
2.592360250173724942e-02 -1.132195999999999980e+00
2.594360528144537895e-02 -1.115520000000000067e+00
2.596360806115350847e-02 -1.095858999999999916e+00
2.598361084086164147e-02 -1.134401999999999910e+00
2.600361362056977099e-02 -1.131871999999999989e+00
2.602361640027790052e-02 -1.103644999999999987e+00
2.604361917998603351e-02 -1.044013999999999998e+00
2.606362195969416304e-02 -1.011309999999999931e+00
2.608362473940229256e-02 -1.030321999999999960e+00
2.610362751911042209e-02 -1.067763000000000018e+00
2.612363029881855508e-02 -1.087747999999999937e+00
2.614363307852668461e-02 -1.114611000000000018e+00
2.616363585823481414e-02 -1.139462999999999893e+00
2.618363863794294713e-02 -1.183847000000000094e+00
2.620364141765107666e-02 -1.210709999999999953e+00
2.622364419735920618e-02 -1.180990999999999902e+00
2.624364697706733918e-02 -1.125836999999999977e+00
2.626364975677546870e-02 -1.048621000000000025e+00
2.628365253648359823e-02 -1.015592999999999968e+00
2.630365531619173122e-02 -1.032399000000000067e+00
2.632365809589986075e-02 -1.069059999999999899e+00
2.634366087560799027e-02 -1.096054000000000084e+00
2.636366365531611980e-02 -1.127199999999999980e+00
2.638366643502425279e-02 -1.127458999999999989e+00
2.640366921473238232e-02 -1.138425000000000020e+00
2.642367199444051185e-02 -1.115131000000000094e+00
2.644367477414864484e-02 -1.107019999999999893e+00
2.646367755385677437e-02 -1.081064999999999943e+00
2.648368033356490389e-02 -1.062766000000000099e+00
2.650368311327303689e-02 -1.086125999999999925e+00
2.652368589298116641e-02 -1.123631000000000046e+00
2.654368867268929594e-02 -1.116362999999999994e+00
2.656369145239742893e-02 -1.099037999999999959e+00
2.658369423210555846e-02 -1.046284999999999910e+00
2.660369701181368798e-02 -1.042715999999999976e+00
2.662369979152181751e-02 -1.045052000000000092e+00
2.664370257122995050e-02 -1.093652999999999986e+00
2.666370535093808003e-02 -1.126290999999999931e+00
2.668370813064620956e-02 -1.157955999999999985e+00
2.670371091035434255e-02 -1.180797000000000097e+00
2.672371369006247208e-02 -1.170090000000000074e+00
2.674371646977060160e-02 -1.124149999999999983e+00
2.676371924947873460e-02 -1.060105999999999993e+00
2.678372202918686412e-02 -1.004822000000000104e+00
2.680372480889499365e-02 -9.900919999999999721e-01
2.682372758860312664e-02 -1.029219000000000106e+00
2.684373036831125617e-02 -1.076003000000000043e+00
2.686373314801938569e-02 -1.109615000000000018e+00
2.688373592772751522e-02 -1.118179999999999952e+00
2.690373870743564821e-02 -1.135310999999999959e+00
2.692374148714377774e-02 -1.116946999999999912e+00
2.694374426685190727e-02 -1.091121999999999925e+00
2.696374704656004026e-02 -1.042327000000000004e+00
2.698374982626816979e-02 -1.020005000000000051e+00
2.700375260597629931e-02 -1.031944999999999890e+00
2.702375538568443231e-02 -1.096638000000000002e+00
2.704375816539256183e-02 -1.158539999999999903e+00
2.706376094510069136e-02 -1.151272999999999991e+00
2.708376372480882435e-02 -1.127070000000000016e+00
2.710376650451695388e-02 -1.099102999999999941e+00
2.712376928422508340e-02 -1.077236000000000082e+00
2.714377206393321293e-02 -1.072435000000000027e+00
2.716377484364134592e-02 -1.072044999999999915e+00
2.718377762334947545e-02 -1.056083000000000105e+00
2.720378040305760498e-02 -1.067568000000000072e+00
2.722378318276573797e-02 -1.072370000000000045e+00
2.724378596247386750e-02 -1.083660000000000068e+00
2.726378874218199702e-02 -1.079960999999999949e+00
2.728379152189013002e-02 -1.060041000000000011e+00
2.730379430159825954e-02 -1.030647000000000091e+00
2.732379708130638907e-02 -1.021498000000000017e+00
2.734379986101452206e-02 -1.068931000000000076e+00
2.736380264072265159e-02 -1.094691000000000081e+00
2.738380542043078111e-02 -1.116103999999999985e+00
2.740380820013891064e-02 -1.143810999999999911e+00
2.742381097984704363e-02 -1.116039000000000003e+00
2.744381375955517316e-02 -1.134662000000000059e+00
2.746381653926330269e-02 -1.116753000000000107e+00
2.748381931897143568e-02 -1.101698999999999984e+00
2.750382209867956521e-02 -1.088462000000000041e+00
2.752382487838769473e-02 -1.073147999999999991e+00
2.754382765809582773e-02 -1.052837999999999941e+00
2.756383043780395725e-02 -1.072629000000000055e+00
2.758383321751208678e-02 -1.074964999999999948e+00
2.760383599722021977e-02 -1.100141999999999953e+00
2.762383877692834930e-02 -1.081777999999999906e+00
2.764384155663647882e-02 -1.058094000000000090e+00
2.766384433634460835e-02 -1.080999999999999961e+00
2.768384711605274134e-02 -1.077236000000000082e+00
2.770384989576087087e-02 -1.081973000000000074e+00
2.772385267546900040e-02 -1.066011000000000042e+00
2.774385545517713339e-02 -1.052774000000000099e+00
2.776385823488526292e-02 -1.063609999999999944e+00
2.778386101459339244e-02 -1.066464999999999996e+00
2.780386379430152544e-02 -1.061533000000000060e+00
2.782386657400965496e-02 -1.081973000000000074e+00
2.784386935371778449e-02 -1.072370000000000045e+00
2.786387213342591748e-02 -1.106046000000000085e+00
2.788387491313404701e-02 -1.130055000000000032e+00
2.790387769284217653e-02 -1.084308999999999967e+00
2.792388047255030606e-02 -1.100789999999999935e+00
2.794388325225843905e-02 -1.114092000000000082e+00
2.796388603196656858e-02 -1.125966999999999940e+00
2.798388881167469810e-02 -1.092419999999999947e+00
2.800389159138283110e-02 -1.079766999999999921e+00
2.802389437109096063e-02 -1.026105000000000045e+00
2.804389715079909015e-02 -9.882750000000000146e-01
2.806389993050722315e-02 -1.008844999999999992e+00
2.808390271021535267e-02 -1.010920999999999959e+00
2.810390548992348220e-02 -1.049528999999999934e+00
2.812390826963161519e-02 -1.083401000000000058e+00
2.814391104933974472e-02 -1.110068999999999972e+00
2.816391382904787424e-02 -1.167040999999999995e+00
2.818391660875600377e-02 -1.107085000000000097e+00
2.820391938846413676e-02 -1.124020000000000019e+00
2.822392216817226629e-02 -1.050956999999999919e+00
2.824392494788039581e-02 -1.023185000000000011e+00
2.826392772758852881e-02 -1.034734999999999960e+00
2.828393050729665834e-02 -1.060494999999999965e+00
2.830393328700478786e-02 -1.095339999999999980e+00
2.832393606671292086e-02 -1.110328999999999899e+00
2.834393884642105038e-02 -1.125642000000000031e+00
2.836394162612917991e-02 -1.105917000000000039e+00
2.838394440583731290e-02 -1.057900000000000063e+00
2.840394718554544243e-02 -1.049983000000000111e+00
2.842394996525357195e-02 -1.035384000000000082e+00
2.844395274496170148e-02 -1.006898000000000071e+00
2.846395552466983447e-02 -1.058483999999999980e+00
2.848395830437796400e-02 -1.048491000000000062e+00
2.850396108408609352e-02 -1.078794000000000031e+00
2.852396386379422652e-02 -1.064713000000000021e+00
2.854396664350235605e-02 -1.026818999999999926e+00
2.856396942321048557e-02 -9.858099999999999641e-01
2.858397220291861857e-02 -9.369490000000000318e-01
2.860397498262674809e-02 -9.847059999999999702e-01
2.862397776233487762e-02 -1.036291999999999991e+00
2.864398054204301061e-02 -1.085930999999999980e+00
2.866398332175114014e-02 -1.127070000000000016e+00
2.868398610145926966e-02 -1.134856000000000087e+00
2.870398888116739919e-02 -1.132910000000000084e+00
2.872399166087553218e-02 -1.112081000000000097e+00
2.874399444058366171e-02 -1.072370000000000045e+00
2.876399722029179123e-02 -1.064713000000000021e+00
