# time(s), 	 	 acceleration(g)
0.000000000000000000e+00 6.090442999999999607e+00
2.000277970813065041e-05 6.309243999999999630e+00
4.000555941626130082e-05 6.520711999999999620e+00
6.000833912439195123e-05 6.780782000000000309e+00
8.001111883252260163e-05 7.023071999999999981e+00
1.000138985406532520e-04 7.310265000000000235e+00
1.200166782487839025e-04 7.626722000000000001e+00
1.400194579569145393e-04 7.960568000000000310e+00
1.600222376650452033e-04 8.292533000000000598e+00
1.800250173731758672e-04 8.617620000000000502e+00
2.000277970813065041e-04 9.023751999999999995e+00
2.200305767894371409e-04 9.432997999999999550e+00
2.400333564975678049e-04 9.826930000000000831e+00
2.600361362056984689e-04 1.035764600000000080e+01
2.800389159138290786e-04 1.087622799999999934e+01
3.000416956219597426e-04 1.146988400000000041e+01
3.200444753300904065e-04 1.213640999999999970e+01
3.400472550382210705e-04 1.286697900000000061e+01
3.600500347463517345e-04 1.367437600000000053e+01
3.800528144544823442e-04 1.462848299999999924e+01
4.000555941626130082e-04 1.563754999999999917e+01
4.200583738707436721e-04 1.677061700000000144e+01
4.400611535788742819e-04 1.818075500000000133e+01
4.600639332870049458e-04 1.968549799999999905e+01
4.800667129951356098e-04 2.136109099999999827e+01
5.000694927032662196e-04 2.352768700000000024e+01
5.200722724113969377e-04 2.623758799999999880e+01
5.400750521195275475e-04 2.950584699999999927e+01
5.600778318276581572e-04 3.409547700000000248e+01
5.800806115357888754e-04 4.095305799999999863e+01
6.000833912439194852e-04 5.151903000000000077e+01
6.200861709520502033e-04 6.975432700000000352e+01
6.400889506601808131e-04 9.815387800000000595e+01
6.600917303683114228e-04 1.410700820000000135e+02
6.800945100764421410e-04 1.990380690000000072e+02
7.000972897845727507e-04 2.703722520000000031e+02
7.201000694927034689e-04 3.502248789999999872e+02
7.401028492008340787e-04 4.261441500000000246e+02
7.601056289089646884e-04 4.840112359999999967e+02
7.801084086170954066e-04 5.116448530000000119e+02
8.001111883252260163e-04 5.043194320000000062e+02
8.201139680333566261e-04 4.696662749999999846e+02
8.401167477414873443e-04 4.214919679999999858e+02
8.601195274496179540e-04 3.707206659999999943e+02
8.801223071577485638e-04 3.216727779999999939e+02
9.001250868658792819e-04 2.769802750000000060e+02
9.201278665740098917e-04 2.348135880000000100e+02
9.401306462821406099e-04 1.856750519999999938e+02
9.601334259902712196e-04 1.319975630000000137e+02
9.801362056984018294e-04 8.105885100000000421e+01
1.000138985406532439e-03 3.888898300000000319e+01
1.020141765114663266e-03 7.349326999999999721e+00
1.040144544822793875e-03 -7.662613999999999592e+00
1.060147324530924485e-03 -1.061500000000000021e+01
1.080150104239055095e-03 -1.295193999999999956e+00
1.100152883947185705e-03 2.049269999999999925e+01
1.120155663655316314e-03 4.358373100000000022e+01
1.140158443363447141e-03 6.478919299999999737e+01
1.160161223071577751e-03 7.314431500000000597e+01
1.180164002779708361e-03 6.490968999999999767e+01
1.200166782487838970e-03 4.680053399999999897e+01
1.220169562195969580e-03 1.127191200000000038e+01
1.240172341904100407e-03 -1.386301300000000047e+01
1.260175121612231016e-03 -3.597813500000000175e+01
1.280177901320361626e-03 -4.778631599999999935e+01
1.300180681028492236e-03 -3.683912899999999979e+01
1.320183460736622846e-03 -1.933900799999999975e+01
1.340186240444753672e-03 -2.979286000000000101e+00
1.360189020152884282e-03 1.743526100000000056e+01
1.380191799861014892e-03 2.888772799999999918e+01
1.400194579569145501e-03 3.048467600000000033e+01
1.420197359277276111e-03 1.613945599999999914e+01
1.440200138985406938e-03 2.400609000000000215e+00
1.460202918693537548e-03 7.010079999999999645e-01
1.480205698401668157e-03 -3.587867000000000139e+00
1.500208478109798767e-03 4.792879999999999918e-01
1.520211257817929377e-03 1.078123199999999926e+01
1.540214037526059987e-03 1.465930499999999981e+01
1.560216817234190813e-03 2.285039099999999834e+01
1.580219596942321423e-03 2.331213100000000082e+01
1.600222376650452033e-03 1.460161899999999946e+01
1.620225156358582642e-03 1.915704000000000073e+00
1.640227936066713252e-03 -6.382719999999999505e-01
1.660230715774844079e-03 5.909212000000000131e+00
1.680233495482974689e-03 1.048221999999999987e+00
1.700236275191105298e-03 3.454188999999999954e+00
1.720239054899235908e-03 6.093492000000000353e+00
1.740241834607366518e-03 -1.779190000000000049e+00
1.760244614315497128e-03 -8.592841999999999203e+00
1.780247394023627954e-03 -1.913597400000000093e+01
1.800250173731758564e-03 -2.887651200000000173e+01
1.820252953439889174e-03 -3.523744299999999896e+01
1.840255733148019783e-03 -2.491181399999999968e+01
1.860258512856150393e-03 -1.423696100000000087e+01
1.880261292564281220e-03 1.810780999999999974e+00
1.900264072272411829e-03 2.668862199999999874e+01
1.920266851980542439e-03 3.448266100000000023e+01
1.940269631688673049e-03 4.452674199999999871e+01
1.960272411396803659e-03 3.983880800000000022e+01
1.980275191104934485e-03 2.507499699999999976e+01
2.000277970813064878e-03 1.291622899999999952e+01
2.020280750521195705e-03 -6.670028000000000290e+00
2.040283530229326531e-03 -1.318143399999999943e+01
2.060286309937456924e-03 -2.213812899999999928e+01
2.080289089645587751e-03 -2.146829400000000021e+01
2.100291869353718144e-03 -1.528839900000000007e+01
2.120294649061848970e-03 -9.745440999999999576e+00
2.140297428769979797e-03 -6.799738999999999756e+00
2.160300208478110190e-03 -2.823361999999999927e+00
2.180302988186241017e-03 -2.741668000000000216e+00
2.200305767894371409e-03 -5.523204999999999920e+00
2.220308547602502236e-03 -1.104753999999999969e+01
2.240311327310632629e-03 -1.139313199999999959e+01
2.260314107018763456e-03 -9.900911999999999935e+00
2.280316886726894282e-03 -3.775068000000000090e+00
2.300319666435024675e-03 -2.104991000000000057e+00
2.320322446143155502e-03 4.499787999999999677e+00
2.340325225851285895e-03 1.096317699999999995e+01
2.360328005559416721e-03 9.002209000000000572e+00
2.380330785267547548e-03 1.431384300000000032e+01
2.400333564975677941e-03 8.976577999999999946e+00
2.420336344683808767e-03 5.778658000000000072e+00
2.440339124391939160e-03 8.528788999999999731e+00
2.460341904100069987e-03 7.091464000000000212e+00
2.480344683808200813e-03 -1.571485000000000021e+00
2.500347463516331206e-03 -6.299131000000000036e+00
2.520350243224462033e-03 -1.396118799999999993e+01
2.540353022932592426e-03 -1.492775400000000019e+01
2.560355802640723252e-03 -1.793750000000000000e+01
2.580358582348854079e-03 -1.580873300000000015e+01
2.600361362056984472e-03 -1.039678299999999922e+01
2.620364141765115298e-03 -1.112222599999999950e+01
2.640366921473245691e-03 -2.700334999999999930e+00
2.660369701181376518e-03 -5.689382000000000161e+00
2.680372480889507344e-03 -2.273380000000000123e-01
2.700375260597637737e-03 -5.535792999999999964e+00
2.720378040305768564e-03 -5.187152000000000207e+00
2.740380820013898957e-03 -1.979562999999999962e+00
2.760383599722029783e-03 1.131342999999999988e+00
2.780386379430160610e-03 7.744362999999999886e+00
2.800389159138291003e-03 1.585109500000000082e+01
2.820391938846421830e-03 1.498530000000000051e+01
2.840394718554552222e-03 7.962838999999999778e+00
2.860397498262683049e-03 2.018940999999999875e+00
2.880400277970813876e-03 2.584112000000000187e+00
2.900403057678944269e-03 -3.863379999999999814e+00
2.920405837387075095e-03 -8.168737000000000137e+00
2.940408617095205488e-03 -1.318039600000000000e+01
2.960411396803336315e-03 -1.402562200000000026e+01
2.980414176511466708e-03 -8.930647000000000446e+00
3.000416956219597534e-03 -8.261072000000000415e+00
3.020419735927728361e-03 -8.104692999999999259e+00
3.040422515635858754e-03 -1.792698899999999895e+01
3.060425295343989580e-03 -1.592786700000000089e+01
3.080428075052119973e-03 -1.185474199999999989e+01
3.100430854760250800e-03 -1.045628499999999939e+01
3.120433634468381626e-03 -7.731080000000000174e-01
3.140436414176512019e-03 4.417120999999999853e+00
3.160439193884642846e-03 1.261482600000000076e+01
3.180441973592773239e-03 1.401049300000000031e+01
3.200444753300904065e-03 1.164241999999999955e+01
3.220447533009034892e-03 7.806655000000000122e+00
3.240450312717165285e-03 4.547599999999999976e-01
3.260453092425296111e-03 -2.590219999999999967e+00
3.280455872133426504e-03 -4.454246000000000372e+00
3.300458651841557331e-03 -5.944650000000000212e+00
3.320461431549688158e-03 -1.421659999999999924e+00
3.340464211257818550e-03 3.978806000000000065e+00
3.360466990965949377e-03 2.540246999999999922e+00
3.380469770674079770e-03 -4.782577999999999996e+00
3.400472550382210597e-03 -8.628920000000000812e+00
3.420475330090341423e-03 -1.528126199999999990e+01
3.440478109798471816e-03 -2.057128799999999913e+01
3.460480889506602643e-03 -1.801997300000000024e+01
3.480483669214733036e-03 -1.519398799999999916e+01
3.500486448922863862e-03 -1.184974599999999967e+01
3.520489228630994255e-03 -1.533460999999999963e+00
3.540492008339125082e-03 9.673341000000000633e+00
3.560494788047255908e-03 9.735763000000000389e+00
3.580497567755386301e-03 1.140110300000000088e+01
3.600500347463517128e-03 9.633760000000000545e+00
3.620503127171647521e-03 2.695710000000000051e-01
3.640505906879778347e-03 -1.948676999999999992e+00
3.660508686587909174e-03 -2.659454999999999902e+00
3.680511466296039567e-03 -2.697284999999999933e+00
3.700514246004170393e-03 -5.227070000000000327e-01
3.720517025712300786e-03 -8.980169999999999542e-01
3.740519805420431613e-03 1.101364999999999927e+00
3.760522585128562439e-03 -1.175490000000000007e-01
3.780525364836692832e-03 -3.027562999999999782e+00
3.800528144544823659e-03 -1.079897000000000107e+00
3.820530924252954052e-03 -3.979398999999999909e+00
3.840533703961084878e-03 -6.731607000000000340e+00
3.860536483669215705e-03 -1.047841099999999948e+01
3.880539263377346098e-03 -9.705989000000000644e+00
3.900542043085476925e-03 -1.231473000000000084e+01
3.920544822793607317e-03 -1.224374300000000027e+01
3.940547602501737710e-03 -9.381745999999999697e+00
3.960550382209868971e-03 -1.493036000000000030e+00
3.980553161917999364e-03 2.825234000000000023e+00
4.000555941626129756e-03 9.418917000000000428e+00
4.020558721334261017e-03 1.658426000000000045e+01
4.040561501042391410e-03 9.125170999999999921e+00
4.060564280750521803e-03 6.747169999999999668e+00
4.080567060458653063e-03 6.089923999999999893e+00
4.100569840166783456e-03 -1.663496000000000086e+00
4.120572619874913849e-03 -6.164690000000000447e-01
4.140575399583044242e-03 -3.367509000000000086e+00
4.160578179291175502e-03 -7.309431000000000012e+00
4.180580958999305895e-03 -7.357253000000000043e+00
4.200583738707436288e-03 -6.493403999999999954e+00
4.220586518415567548e-03 -5.368578000000000294e+00
4.240589298123697941e-03 -6.829781999999999798e+00
4.260592077831828334e-03 -6.223017999999999716e+00
4.280594857539959594e-03 -4.799902999999999587e+00
4.300597637248089987e-03 -4.120205000000000339e+00
4.320600416956220380e-03 2.280429999999999957e-01
4.340603196664350773e-03 -7.537070000000000158e-01
4.360605976372482033e-03 -1.775166999999999939e+00
4.380608756080612426e-03 3.148178999999999839e+00
4.400611535788742819e-03 2.091485000000000039e+00
4.420614315496874079e-03 4.110527000000000264e+00
4.440617095205004472e-03 6.288609000000000115e+00
4.460619874913134865e-03 4.023189000000000348e+00
4.480622654621265258e-03 1.803500000000000103e-01
4.500625434329396518e-03 -2.765286999999999829e+00
4.520628214037526911e-03 -4.369697999999999638e+00
4.540630993745657304e-03 -5.122264000000000372e+00
4.560633773453788564e-03 -1.180147999999999975e+00
4.580636553161918957e-03 1.701510000000000078e+00
4.600639332870049350e-03 1.095005999999999924e+00
4.620642112578180610e-03 3.765715000000000146e+00
4.640644892286311003e-03 -5.753960000000000186e-01
4.660647671994441396e-03 -2.588274000000000186e+00
4.680650451702571789e-03 -5.728314000000000128e+00
4.700653231410703049e-03 -1.308767100000000028e+01
4.720656011118833442e-03 -1.463861499999999971e+01
4.740658790826963835e-03 -9.628512999999999877e+00
4.760661570535095095e-03 3.519999999999999908e-04
4.780664350243225488e-03 7.124426999999999843e+00
4.800667129951355881e-03 8.541831000000000174e+00
4.820669909659487141e-03 1.077552200000000049e+01
4.840672689367617534e-03 6.674756000000000355e+00
4.860675469075747927e-03 2.831138999999999850e+00
4.880678248783878320e-03 -2.394000000000000128e+00
4.900681028492009580e-03 -9.454224999999999213e+00
4.920683808200139973e-03 -8.715350000000000819e+00
4.940686587908270366e-03 -5.691652999999999629e+00
4.960689367616401627e-03 -8.126250000000000417e-01
4.980692147324532019e-03 3.371652000000000093e+00
5.000694927032662412e-03 1.591590999999999978e+00
5.020697706740793673e-03 -2.669901999999999997e+00
5.040700486448924066e-03 -1.944393999999999956e+00
5.060703266157054458e-03 -2.515016000000000140e+00
5.080706045865184851e-03 9.521799999999999708e-02
5.100708825573316112e-03 -1.935969999999999913e-01
5.120711605281446505e-03 -1.504261999999999988e+00
5.140714384989576898e-03 -4.399545999999999957e+00
5.160717164697708158e-03 -5.201946000000000403e+00
5.180719944405838551e-03 -3.224886000000000141e+00
5.200722724113968944e-03 -8.780959999999999877e-01
5.220725503822099337e-03 -1.045895999999999937e+00
5.240728283530230597e-03 -1.028960000000000097e+00
5.260731063238360990e-03 -2.992134000000000071e+00
5.280733842946491383e-03 1.562910000000000021e+00
5.300736622654622643e-03 3.627244999999999830e+00
5.320739402362753036e-03 3.273477000000000192e+00
5.340742182070883429e-03 1.370049999999999879e-01
5.360744961779014689e-03 -2.595282000000000089e+00
5.380747741487145082e-03 -3.164216000000000140e+00
5.400750521195275475e-03 -1.921748000000000012e+00
5.420753300903405868e-03 -2.365384999999999849e+00
5.440756080611537128e-03 -3.292368999999999879e+00
5.460758860319667521e-03 -4.085684999999999789e+00
5.480761640027797914e-03 -2.669512999999999803e+00
5.500764419735929174e-03 3.567799999999999860e-01
5.520767199444059567e-03 1.454612999999999934e+00
5.540769979152189960e-03 -2.184023999999999965e+00
5.560772758860321220e-03 -4.959590999999999639e+00
5.580775538568451613e-03 -5.837975000000000136e+00
5.600778318276582006e-03 -4.661692000000000391e+00
5.620781097984712399e-03 -8.917869999999999964e-01
5.640783877692843659e-03 1.529817999999999900e+00
5.660786657400974052e-03 1.742453999999999947e+00
5.680789437109104445e-03 -5.008399999999999519e-01
5.700792216817235705e-03 -3.287579999999999947e-01
5.720794996525366098e-03 4.016170000000000018e-01
5.740797776233496491e-03 4.443779999999999952e-01
5.760800555941627751e-03 2.029310000000000003e-01
5.780803335649758144e-03 -1.004950999999999928e+00
5.800806115357888537e-03 -3.277445000000000164e+00
5.820808895066018930e-03 -1.501600999999999964e+00
5.840811674774150190e-03 -7.877729999999999455e-01
5.860814454482280583e-03 9.495800000000000074e-02
5.880817234190410976e-03 -1.283708999999999989e+00
5.900820013898542236e-03 -4.582010000000000360e+00
5.920822793606672629e-03 -6.061317999999999984e+00
5.940825573314803022e-03 -5.903705999999999676e+00
5.960828353022933415e-03 -4.942200999999999844e+00
5.980831132731064675e-03 -2.353381000000000167e+00
6.000833912439195068e-03 -1.947702999999999962e+00
6.020836692147325461e-03 -1.715146000000000059e+00
6.040839471855456722e-03 6.478009999999999602e-01
6.060842251563587114e-03 3.484687000000000090e+00
6.080845031271717507e-03 5.120827000000000240e+00
6.100847810979848768e-03 2.511436999999999919e+00
6.120850590687979161e-03 -1.909159999999999968e+00
6.140853370396109553e-03 -3.953444000000000180e+00
6.160856150104239946e-03 -2.706822999999999979e+00
6.180858929812371207e-03 -9.582969999999999544e-01
6.200861709520501600e-03 -1.035773000000000055e+00
6.220864489228631992e-03 -2.486724999999999852e+00
6.240867268936763253e-03 -3.472237999999999936e+00
6.260870048644893646e-03 -3.248893999999999949e+00
6.280872828353024039e-03 -1.024157999999999902e+00
6.300875608061155299e-03 -9.379999999999999449e-02
6.320878387769285692e-03 -1.650906999999999902e+00
6.340881167477416085e-03 -4.066412999999999833e+00
6.360883947185546478e-03 -4.420180000000000220e+00
6.380886726893677738e-03 -2.520791000000000004e+00
6.400889506601808131e-03 8.709489999999999732e-01
6.420892286309938524e-03 2.943004999999999871e+00
6.440895066018069784e-03 2.795644999999999936e+00
6.460897845726200177e-03 4.251059999999999839e-01
6.480900625434330570e-03 -1.626703999999999928e+00
6.500903405142460963e-03 -2.214456000000000202e+00
6.520906184850592223e-03 -1.859909999999999952e+00
6.540908964558722616e-03 -1.805339999999999945e+00
6.560911744266853009e-03 -2.402045999999999903e+00
6.580914523974984269e-03 -1.503937000000000079e+00
6.600917303683114662e-03 1.207780999999999993e+00
6.620920083391245055e-03 2.399506000000000139e+00
6.640922863099376315e-03 2.382299999999999973e-01
6.660925642807506708e-03 -3.113084999999999880e+00
6.680928422515637101e-03 -5.379737999999999687e+00
6.700931202223767494e-03 -5.200842999999999883e+00
6.720933981931898754e-03 -2.302963000000000093e+00
6.740936761640029147e-03 9.632100000000000384e-02
6.760939541348159540e-03 1.294534999999999991e+00
6.780942321056290800e-03 5.487819999999999920e-01
6.800945100764421193e-03 -1.539301000000000030e+00
6.820947880472551586e-03 -2.674055000000000071e+00
6.840950660180682846e-03 -2.987397000000000080e+00
6.860953439888813239e-03 -3.304956999999999923e+00
6.880956219596943632e-03 -1.746941000000000077e+00
6.900958999305074025e-03 -3.561400000000000121e-01
6.920961779013205285e-03 9.479710000000000081e-01
6.940964558721335678e-03 2.511308000000000096e+00
6.960967338429466071e-03 2.338642000000000110e+00
6.980970118137597331e-03 -3.510789999999999744e-01
7.000972897845727724e-03 -3.314950000000000063e+00
7.020975677553858117e-03 -4.371190000000000353e+00
7.040978457261988510e-03 -3.915874000000000077e+00
7.060981236970119770e-03 -1.929146000000000027e+00
7.080984016678250163e-03 7.318299999999999805e-01
7.100986796386380556e-03 6.383919999999999595e-01
7.120989576094511816e-03 -6.230229999999999935e-01
7.140992355802642209e-03 -8.596679999999999877e-01
7.160995135510772602e-03 -1.727020999999999917e+00
7.180997915218903863e-03 -3.641659000000000201e+00
7.201000694927034255e-03 -4.342056000000000360e+00
7.221003474635164648e-03 -3.973883999999999972e+00
7.241006254343295041e-03 -3.035219999999999807e+00
7.261009034051426302e-03 -4.249859999999999749e-01
7.281011813759556695e-03 1.484202000000000021e+00
7.301014593467687087e-03 1.733239999999999892e+00
7.321017373175818348e-03 8.169629999999999947e-01
7.341020152883948741e-03 -1.284162999999999943e+00
7.361022932592079134e-03 -1.940306000000000086e+00
7.381025712300210394e-03 -8.570079999999999920e-01
7.401028492008340787e-03 -4.070119999999999849e-01
7.421031271716471180e-03 -7.655809999999999560e-01
7.441034051424601573e-03 -1.774972999999999912e+00
7.461036831132732833e-03 -1.917724999999999902e+00
7.481039610840863226e-03 -1.586343999999999976e+00
7.501042390548993619e-03 -1.312063999999999897e+00
7.521045170257124879e-03 -1.491543999999999981e+00
7.541047949965255272e-03 -2.310620000000000118e+00
7.561050729673385665e-03 -2.137694000000000205e+00
7.581053509381516925e-03 -1.839666000000000023e+00
7.601056289089647318e-03 -1.826298999999999895e+00
7.621059068797777711e-03 -2.014861999999999931e+00
7.641061848505908104e-03 -2.092143000000000086e+00
7.661064628214039364e-03 -1.790091000000000099e+00
7.681067407922169757e-03 -3.467319999999999847e-01
7.701070187630300150e-03 7.533079999999999776e-01
7.721072967338431410e-03 2.977319999999999967e-01
7.741075747046561803e-03 -2.783399999999999763e-01
7.761078526754692196e-03 -5.793540000000000356e-01
7.781081306462822589e-03 -1.663755000000000095e+00
7.801084086170953849e-03 -1.781590999999999925e+00
7.821086865879085109e-03 -1.224077000000000082e+00
7.841089645587214635e-03 -8.829630000000000534e-01
7.861092425295345895e-03 -9.974889999999999590e-01
7.881095205003475421e-03 -1.278453000000000062e+00
7.901097984711606681e-03 -1.578168000000000015e+00
7.921100764419737941e-03 -1.683286000000000060e+00
7.941103544127867467e-03 -1.944912999999999892e+00
7.961106323835998727e-03 -2.446623999999999910e+00
7.981109103544129987e-03 -2.641481999999999886e+00
8.001111883252259513e-03 -1.618333999999999939e+00
8.021114662960390773e-03 -2.514120000000000243e-01
8.041117442668522033e-03 9.333600000000000230e-02
8.061120222376651559e-03 -8.038650000000000517e-01
8.081123002084782819e-03 -2.532859999999999889e+00
8.101125781792914080e-03 -2.816028999999999893e+00
8.121128561501043605e-03 -1.756545000000000023e+00
8.141131341209174865e-03 -8.405909999999999771e-01
8.161134120917306126e-03 3.973899999999999655e-02
8.181136900625435651e-03 8.549219999999999597e-01
8.201139680333566911e-03 9.422610000000000152e-01
8.221142460041698172e-03 6.187310000000000310e-01
8.241145239749827697e-03 -2.301930000000000087e-01
8.261148019457958958e-03 -1.921164000000000094e+00
8.281150799166088483e-03 -3.454393000000000047e+00
8.301153578874219743e-03 -4.290535000000000210e+00
8.321156358582351004e-03 -4.166534999999999656e+00
8.341159138290480529e-03 -2.611632999999999871e+00
8.361161917998611789e-03 -3.207119999999999971e-01
8.381164697706743050e-03 1.314391000000000087e+00
8.401167477414872575e-03 1.403481999999999896e+00
8.421170257123003836e-03 -1.849020000000000108e-01
8.441173036831135096e-03 -2.228276999999999841e+00
8.461175816539264621e-03 -3.038333999999999868e+00
8.481178596247395882e-03 -2.589766000000000012e+00
8.501181375955527142e-03 -2.346891999999999978e+00
8.521184155663656667e-03 -2.006880999999999915e+00
8.541186935371787928e-03 -1.140047000000000033e+00
8.561189715079919188e-03 6.022499999999999520e-01
8.581192494788048714e-03 1.626759999999999984e+00
8.601195274496179974e-03 8.207259999999999556e-01
8.621198054204309499e-03 -1.138425000000000020e+00
8.641200833912440760e-03 -2.735698000000000185e+00
8.661203613620572020e-03 -3.357969999999999899e+00
8.681206393328701545e-03 -2.730313000000000212e+00
8.701209173036832806e-03 -9.553120000000000500e-01
8.721211952744964066e-03 4.602109999999999812e-01
8.741214732453093592e-03 5.263309999999999933e-01
8.761217512161224852e-03 -3.361549999999999816e-01
8.781220291869356112e-03 -1.299152000000000085e+00
8.801223071577485638e-03 -2.153786000000000200e+00
8.821225851285616898e-03 -3.067597999999999825e+00
8.841228630993748158e-03 -3.338179999999999925e+00
8.861231410701877684e-03 -2.739720999999999851e+00
8.881234190410008944e-03 -1.737077999999999900e+00
8.901236970118140204e-03 3.759799999999999948e-02
8.921239749826269730e-03 1.619687000000000099e+00
8.941242529534400990e-03 1.500812999999999953e+00
8.961245309242530516e-03 -9.121000000000000635e-03
8.981248088950661776e-03 -1.677770999999999901e+00
9.001250868658793036e-03 -2.099800000000000111e+00
9.021253648366922562e-03 -1.798915999999999960e+00
9.041256428075053822e-03 -1.610872000000000082e+00
9.061259207783185082e-03 -1.590951000000000004e+00
9.081261987491314608e-03 -1.549293999999999949e+00
9.101264767199445868e-03 -1.435804999999999998e+00
9.121267546907577128e-03 -1.550915999999999961e+00
9.141270326615706654e-03 -1.725009000000000015e+00
9.161273106323837914e-03 -1.521522000000000041e+00
9.181275886031969174e-03 -1.294284999999999908e+00
9.201278665740098700e-03 -1.154776999999999942e+00
9.221281445448229960e-03 -5.923310000000000519e-01
9.241284225156361221e-03 5.063999999999999752e-02
9.261287004864490746e-03 6.997699999999999754e-02
9.281289784572622006e-03 -8.958099999999999952e-01
9.301292564280753267e-03 -2.231911000000000200e+00
9.321295343988882792e-03 -2.763469999999999871e+00
9.341298123697014053e-03 -2.083058999999999994e+00
9.361300903405143578e-03 -9.486289999999999445e-01
9.381303683113274838e-03 -3.241510000000000224e-01
9.401306462821406099e-03 -6.006369999999999765e-01
9.421309242529535624e-03 -9.954129999999999923e-01
9.441312022237666884e-03 -7.994520000000000515e-01
9.461314801945798145e-03 -9.370140000000000136e-01
9.481317581653927670e-03 -1.581477999999999939e+00
9.501320361362058931e-03 -2.363437999999999928e+00
9.521323141070190191e-03 -2.396726000000000134e+00
9.541325920778319716e-03 -1.577844000000000024e+00
9.561328700486450977e-03 -8.683629999999999960e-01
9.581331480194582237e-03 -6.967349999999999932e-01
9.601334259902711762e-03 -8.916579999999999506e-01
9.621337039610843023e-03 -7.925090000000000190e-01
9.641339819318974283e-03 -5.327640000000000153e-01
9.661342599027103809e-03 -6.252290000000000347e-01
9.681345378735235069e-03 -6.676659999999999817e-01
9.701348158443364594e-03 -9.005469999999999864e-01
9.721350938151495855e-03 -1.428407999999999900e+00
9.741353717859627115e-03 -2.035950999999999844e+00
9.761356497567756640e-03 -2.354677999999999827e+00
9.781359277275887901e-03 -1.939462999999999937e+00
9.801362056984019161e-03 -7.689550000000000551e-01
9.821364836692148687e-03 8.373300000000000187e-02
9.841367616400279947e-03 -3.328459999999999752e-01
9.861370396108411207e-03 -1.411407000000000078e+00
9.881373175816540733e-03 -2.023168000000000077e+00
9.901375955524671993e-03 -2.253842999999999819e+00
9.921378735232803253e-03 -2.558425000000000171e+00
9.941381514940932779e-03 -2.337873000000000090e+00
9.961384294649064039e-03 -1.092484999999999928e+00
9.981387074357195299e-03 3.886399999999999855e-01
1.000138985406532482e-02 1.525470000000000104e+00
1.002139263377345609e-02 1.470056000000000029e+00
1.004139541348158735e-02 -1.881460000000000077e-01
1.006139819318971687e-02 -1.983716000000000035e+00
1.008140097289784813e-02 -2.829915000000000180e+00
1.010140375260597766e-02 -3.252463000000000104e+00
1.012140653231410892e-02 -2.992004000000000108e+00
1.014140931202224018e-02 -1.638579000000000008e+00
1.016141209173036970e-02 -6.589799999999999824e-02
1.018141487143850096e-02 7.932789999999999564e-01
1.020141765114663222e-02 7.978210000000000024e-01
1.022142043085476175e-02 -2.429759999999999975e-01
1.024142321056289301e-02 -1.685686999999999935e+00
1.026142599027102427e-02 -2.487502999999999798e+00
1.028142876997915380e-02 -2.851132999999999917e+00
1.030143154968728506e-02 -2.949113999999999791e+00
1.032143432939541632e-02 -2.081891000000000158e+00
1.034143710910354584e-02 -3.965650000000000008e-01
1.036143988881167710e-02 4.655960000000000099e-01
1.038144266851980836e-02 1.205890000000000017e-01
1.040144544822793789e-02 -6.487829999999999986e-01
1.042144822793606915e-02 -1.233225999999999933e+00
1.044145100764419867e-02 -1.225699000000000094e+00
1.046145378735232993e-02 -1.001641999999999921e+00
1.048145656706046119e-02 -1.011830000000000007e+00
1.050145934676859072e-02 -1.172881000000000062e+00
1.052146212647672198e-02 -1.056991000000000014e+00
1.054146490618485324e-02 -8.866610000000000325e-01
1.056146768589298277e-02 -1.288834999999999953e+00
1.058147046560111403e-02 -1.855758000000000019e+00
1.060147324530924529e-02 -1.982547999999999977e+00
1.062147602501737481e-02 -1.896506999999999943e+00
1.064147880472550607e-02 -1.287341999999999986e+00
1.066148158443363733e-02 -4.254399999999999848e-01
1.068148436414176686e-02 -1.858100000000000029e-01
1.070148714384989812e-02 -4.872130000000000072e-01
1.072148992355802938e-02 -9.750379999999999603e-01
1.074149270326615890e-02 -1.716704000000000008e+00
1.076149548297429016e-02 -2.055416999999999828e+00
1.078149826268242142e-02 -1.741749999999999909e+00
1.080150104239055095e-02 -1.340419999999999945e+00
1.082150382209868221e-02 -1.259246000000000087e+00
1.084150660180681174e-02 -1.019940000000000069e+00
1.086150938151494300e-02 -4.530179999999999763e-01
1.088151216122307426e-02 7.879000000000000586e-03
1.090151494093120378e-02 -2.165020000000000000e-01
1.092151772063933504e-02 -1.019746000000000041e+00
1.094152050034746630e-02 -1.835512999999999950e+00
1.096152328005559583e-02 -1.950493999999999950e+00
1.098152605976372709e-02 -1.339382000000000073e+00
1.100152883947185835e-02 -9.167689999999999451e-01
1.102153161917998787e-02 -9.775690000000000213e-01
1.104153439888811913e-02 -1.022405999999999926e+00
1.106153717859625039e-02 -1.029414000000000051e+00
1.108153995830437992e-02 -1.327572999999999892e+00
1.110154273801251118e-02 -1.666090999999999989e+00
1.112154551772064244e-02 -1.790869999999999962e+00
1.114154829742877197e-02 -1.981184999999999974e+00
1.116155107713690323e-02 -1.846349000000000018e+00
1.118155385684503275e-02 -1.100595999999999908e+00
1.120155663655316401e-02 -4.232989999999999808e-01
1.122155941626129527e-02 -6.855799999999999395e-02
1.124156219596942480e-02 -8.159999999999999936e-04
1.126156497567755606e-02 -7.008879999999999555e-01
1.128156775538568732e-02 -1.561557000000000084e+00
1.130157053509381684e-02 -1.590367000000000086e+00
1.132157331480194810e-02 -1.249122999999999983e+00
1.134157609451007936e-02 -1.303369999999999918e+00
1.136157887421820889e-02 -1.544556999999999958e+00
1.138158165392634015e-02 -1.526323000000000096e+00
1.140158443363447141e-02 -1.218690999999999969e+00
1.142158721334260094e-02 -7.529930000000000234e-01
1.144158999305073220e-02 -6.947889999999999899e-01
1.146159277275886346e-02 -1.200782000000000016e+00
1.148159555246699298e-02 -1.656034000000000006e+00
1.150159833217512424e-02 -1.574081000000000063e+00
1.152160111188325550e-02 -1.528010000000000090e+00
1.154160389159138503e-02 -1.679003999999999941e+00
1.156160667129951629e-02 -1.659667000000000003e+00
1.158160945100764581e-02 -1.353072999999999970e+00
1.160161223071577707e-02 -9.115779999999999994e-01
1.162161501042390833e-02 -5.584599999999999564e-01
1.164161779013203786e-02 -3.802789999999999782e-01
1.166162056984016912e-02 -4.410780000000000256e-01
1.168162334954830038e-02 -8.058110000000000550e-01
1.170162612925642991e-02 -1.470131000000000077e+00
1.172162890896456117e-02 -2.174160999999999788e+00
1.174163168867269243e-02 -2.162999999999999812e+00
1.176163446838082195e-02 -1.373188999999999993e+00
1.178163724808895321e-02 -5.971330000000000249e-01
1.180164002779708447e-02 -4.047410000000000174e-01
1.182164280750521400e-02 -6.436570000000000347e-01
1.184164558721334526e-02 -9.364949999999999664e-01
1.186164836692147652e-02 -1.209802000000000044e+00
1.188165114662960604e-02 -1.742982999999999949e+00
1.190165392633773730e-02 -2.332682000000000144e+00
1.192165670604586683e-02 -2.386279000000000039e+00
1.194165948575399809e-02 -1.662976999999999927e+00
1.196166226546212935e-02 -6.396340000000000359e-01
1.198166504517025888e-02 -8.075699999999999545e-02
1.200166782487839014e-02 -3.022839999999999971e-01
1.202167060458652140e-02 -8.037349999999999772e-01
1.204167338429465092e-02 -1.259959999999999969e+00
1.206167616400278218e-02 -1.716898000000000035e+00
1.208167894371091344e-02 -1.836290999999999896e+00
1.210168172341904297e-02 -1.467859999999999943e+00
1.212168450312717423e-02 -1.021303000000000072e+00
1.214168728283530549e-02 -6.613069999999999782e-01
1.216169006254343501e-02 -7.027050000000000241e-01
1.218169284225156627e-02 -1.134986000000000050e+00
1.220169562195969754e-02 -1.567526999999999893e+00
1.222169840166782706e-02 -1.698600000000000110e+00
1.224170118137595832e-02 -1.657006999999999897e+00
1.226170396108408785e-02 -1.427240000000000064e+00
1.228170674079221911e-02 -7.986739999999999950e-01
1.230170952050035037e-02 -1.186519999999999936e-01
1.232171230020847989e-02 -5.395900000000000002e-02
1.234171507991661115e-02 -8.255369999999999653e-01
1.236171785962474241e-02 -1.920385999999999926e+00
1.238172063933287194e-02 -2.575944999999999929e+00
1.240172341904100320e-02 -2.381996000000000002e+00
1.242172619874913446e-02 -1.704569999999999919e+00
1.244172897845726398e-02 -1.005600000000000049e+00
1.246173175816539525e-02 -4.308910000000000240e-01
1.248173453787352651e-02 -8.289900000000000047e-02
1.250173731758165603e-02 -1.420760000000000078e-01
1.252174009728978729e-02 -7.444929999999999604e-01
1.254174287699791855e-02 -1.550785999999999998e+00
1.256174565670604808e-02 -2.104082000000000008e+00
1.258174843641417934e-02 -2.198752999999999957e+00
1.260175121612231060e-02 -1.823444000000000065e+00
1.262175399583044012e-02 -1.118894000000000055e+00
1.264175677553857138e-02 -5.869459999999999678e-01
1.266175955524670091e-02 -3.564649999999999763e-01
1.268176233495483217e-02 -5.260810000000000208e-01
1.270176511466296343e-02 -1.132195999999999980e+00
1.272176789437109296e-02 -1.636501999999999901e+00
1.274177067407922422e-02 -1.715859999999999941e+00
1.276177345378735548e-02 -1.570835999999999899e+00
1.278177623349548500e-02 -1.468703000000000092e+00
1.280177901320361626e-02 -1.359561999999999937e+00
1.282178179291174752e-02 -1.209672000000000081e+00
1.284178457261987705e-02 -1.095080000000000053e+00
1.286178735232800831e-02 -9.038570000000000215e-01
1.288179013203613957e-02 -8.994440000000000213e-01
1.290179291174426909e-02 -1.070292999999999939e+00
1.292179569145240035e-02 -1.207594999999999974e+00
1.294179847116053161e-02 -1.181056000000000106e+00
1.296180125086866114e-02 -1.153283999999999976e+00
1.298180403057679240e-02 -1.161459999999999937e+00
1.300180681028492193e-02 -1.238417000000000101e+00
1.302180958999305319e-02 -1.329714000000000063e+00
1.304181236970118445e-02 -1.303758999999999890e+00
1.306181514940931397e-02 -1.200523000000000007e+00
1.308181792911744523e-02 -1.085477000000000025e+00
1.310182070882557649e-02 -1.054265999999999925e+00
1.312182348853370602e-02 -1.145887000000000100e+00
1.314182626824183728e-02 -1.283060000000000089e+00
1.316182904794996854e-02 -1.406994999999999996e+00
1.318183182765809806e-02 -1.355798999999999976e+00
1.320183460736622932e-02 -1.143486000000000002e+00
1.322183738707436058e-02 -1.025651000000000090e+00
1.324184016678249011e-02 -9.826300000000000034e-01
1.326184294649062137e-02 -8.843250000000000277e-01
1.328184572619875263e-02 -9.320180000000000131e-01
1.330184850590688216e-02 -1.132649999999999935e+00
1.332185128561501342e-02 -1.445278999999999980e+00
1.334185406532314468e-02 -1.659213000000000049e+00
1.336185684503127420e-02 -1.618853000000000097e+00
1.338185962473940546e-02 -1.414198000000000066e+00
1.340186240444753499e-02 -1.179110000000000102e+00
1.342186518415566625e-02 -1.136219000000000090e+00
1.344186796386379751e-02 -1.122268000000000043e+00
1.346187074357192703e-02 -1.092614999999999892e+00
1.348187352328005829e-02 -1.062637000000000054e+00
1.350187630298818955e-02 -1.150884000000000018e+00
1.352187908269631908e-02 -1.232642000000000015e+00
1.354188186240445034e-02 -1.245489999999999986e+00
1.356188464211258160e-02 -1.136867999999999990e+00
1.358188742182071113e-02 -9.704960000000000253e-01
1.360189020152884239e-02 -9.252050000000000551e-01
1.362189298123697365e-02 -1.157243000000000022e+00
1.364189576094510317e-02 -1.393693000000000071e+00
1.366189854065323443e-02 -1.495047000000000015e+00
1.368190132036136569e-02 -1.539301000000000030e+00
1.370190410006949522e-02 -1.385323000000000082e+00
1.372190687977762648e-02 -1.117207000000000061e+00
1.374190965948575600e-02 -9.268920000000000492e-01
1.376191243919388726e-02 -9.787369999999999681e-01
1.378191521890201852e-02 -1.212722000000000078e+00
1.380191799861014805e-02 -1.337240999999999902e+00
1.382192077831827931e-02 -1.400765999999999956e+00
1.384192355802641057e-02 -1.400571000000000010e+00
1.386192633773454010e-02 -1.503482999999999903e+00
1.388192911744267136e-02 -1.371437000000000017e+00
1.390193189715080262e-02 -9.260479999999999823e-01
1.392193467685893214e-02 -5.057059999999999889e-01
1.394193745656706340e-02 -4.528229999999999755e-01
1.396194023627519466e-02 -8.292359999999999731e-01
1.398194301598332419e-02 -1.493165999999999993e+00
1.400194579569145545e-02 -1.921229000000000076e+00
1.402194857539958671e-02 -1.944004999999999983e+00
1.404195135510771623e-02 -1.660641000000000034e+00
1.406195413481584749e-02 -1.252952000000000066e+00
1.408195691452397702e-02 -8.479229999999999823e-01
1.410195969423210828e-02 -5.139470000000000427e-01
1.412196247394023954e-02 -4.231039999999999801e-01
1.414196525364836907e-02 -7.261940000000000062e-01
1.416196803335650033e-02 -1.297074999999999978e+00
1.418197081306463159e-02 -1.822535000000000016e+00
1.420197359277276111e-02 -2.018625999999999809e+00
1.422197637248089237e-02 -1.867566999999999977e+00
1.424197915218902363e-02 -1.380325999999999942e+00
1.426198193189715316e-02 -7.365760000000000085e-01
1.428198471160528442e-02 -3.178570000000000007e-01
1.430198749131341568e-02 -4.475669999999999926e-01
1.432199027102154520e-02 -9.567400000000000349e-01
1.434199305072967646e-02 -1.453908999999999896e+00
1.436199583043780773e-02 -1.675435000000000008e+00
1.438199861014593725e-02 -1.643639999999999990e+00
1.440200138985406851e-02 -1.448911999999999978e+00
1.442200416956219977e-02 -1.196434999999999915e+00
1.444200694927032930e-02 -1.008974000000000038e+00
1.446200972897846056e-02 -8.285219999999999807e-01
1.448201250868659008e-02 -7.528629999999999489e-01
1.450201528839472134e-02 -9.577130000000000365e-01
1.452201806810285260e-02 -1.352748999999999979e+00
1.454202084781098213e-02 -1.536380999999999997e+00
1.456202362751911339e-02 -1.410757999999999956e+00
1.458202640722724465e-02 -1.146017000000000063e+00
1.460202918693537417e-02 -9.760760000000000547e-01
1.462203196664350544e-02 -9.716639999999999722e-01
1.464203474635163670e-02 -1.109226000000000045e+00
1.466203752605976622e-02 -1.279686000000000101e+00
1.468204030576789748e-02 -1.299671000000000021e+00
1.470204308547602874e-02 -1.151921999999999890e+00
1.472204586518415827e-02 -1.001772000000000107e+00
1.474204864489228953e-02 -9.108000000000000540e-01
1.476205142460042079e-02 -9.582969999999999544e-01
1.478205420430855031e-02 -1.063739999999999908e+00
1.480205698401668157e-02 -1.191956999999999933e+00
1.482205976372481110e-02 -1.259181000000000106e+00
1.484206254343294236e-02 -1.335747999999999935e+00
1.486206532314107362e-02 -1.300384999999999902e+00
1.488206810284920315e-02 -1.188128999999999991e+00
1.490207088255733441e-02 -9.451249999999999929e-01
1.492207366226546567e-02 -7.592219999999999525e-01
1.494207644197359519e-02 -8.521410000000000373e-01
1.496207922168172645e-02 -1.089045999999999959e+00
1.498208200138985771e-02 -1.241141999999999967e+00
1.500208478109798724e-02 -1.283967999999999998e+00
1.502208756080611850e-02 -1.234588999999999936e+00
1.504209034051424976e-02 -1.145563000000000109e+00
1.506209312022237928e-02 -1.077431000000000028e+00
1.508209589993051054e-02 -1.025779999999999914e+00
1.510209867963864180e-02 -1.049593999999999916e+00
1.512210145934677133e-02 -1.163342000000000098e+00
1.514210423905490259e-02 -1.234588999999999936e+00
1.516210701876303385e-02 -1.249967000000000050e+00
1.518210979847116338e-02 -1.243543000000000065e+00
1.520211257817929464e-02 -1.163083000000000089e+00
1.522211535788742416e-02 -1.105656999999999890e+00
1.524211813759555542e-02 -1.088201999999999892e+00
1.526212091730368668e-02 -1.182353999999999905e+00
1.528212369701181621e-02 -1.217913000000000023e+00
1.530212647671994747e-02 -1.224466000000000054e+00
1.532212925642807873e-02 -1.049854000000000065e+00
1.534213203613620825e-02 -8.050329999999999986e-01
1.536213481584433951e-02 -6.179620000000000113e-01
1.538213759555247077e-02 -6.842770000000000241e-01
1.540214037526060030e-02 -9.512890000000000512e-01
1.542214315496873156e-02 -1.297658999999999896e+00
1.544214593467686282e-02 -1.537223999999999924e+00
1.546214871438499235e-02 -1.674720999999999904e+00
1.548215149409312361e-02 -1.662068000000000101e+00
1.550215427380125487e-02 -1.372668999999999917e+00
1.552215705350938439e-02 -8.788749999999999618e-01
1.554215983321751565e-02 -5.258209999999999829e-01
1.556216261292564518e-02 -4.961030000000000162e-01
1.558216539263377644e-02 -7.598059999999999814e-01
1.560216817234190770e-02 -1.174307999999999907e+00
1.562217095205003722e-02 -1.501276999999999973e+00
1.564217373175817022e-02 -1.615674000000000055e+00
1.566217651146629974e-02 -1.553380999999999901e+00
1.568217929117442927e-02 -1.264502000000000015e+00
1.570218207088256226e-02 -8.964590000000000058e-01
1.572218485059069179e-02 -6.417110000000000314e-01
1.574218763029882132e-02 -6.905059999999999532e-01
1.576219041000695084e-02 -8.923069999999999613e-01
1.578219318971508384e-02 -1.125057999999999891e+00
1.580219596942321336e-02 -1.269822999999999924e+00
1.582219874913134289e-02 -1.353137999999999952e+00
1.584220152883947588e-02 -1.308365999999999918e+00
1.586220430854760541e-02 -1.109226000000000045e+00
1.588220708825573493e-02 -8.375409999999999799e-01
1.590220986796386793e-02 -6.929720000000000324e-01
1.592221264767199745e-02 -8.410450000000000426e-01
1.594221542738012698e-02 -1.237314000000000025e+00
1.596221820708825997e-02 -1.495695999999999914e+00
1.598222098679638950e-02 -1.524505999999999917e+00
1.600222376650451903e-02 -1.414522000000000057e+00
1.602222654621265202e-02 -1.222909000000000024e+00
1.604222932592078155e-02 -9.704310000000000436e-01
1.606223210562891107e-02 -7.375500000000000389e-01
1.608223488533704407e-02 -5.875939999999999497e-01
1.610223766504517359e-02 -6.418399999999999661e-01
1.612224044475330312e-02 -9.101510000000000433e-01
1.614224322446143611e-02 -1.234847999999999946e+00
1.616224600416956564e-02 -1.393628000000000089e+00
1.618224878387769516e-02 -1.391032999999999964e+00
1.620225156358582816e-02 -1.260153999999999996e+00
1.622225434329395768e-02 -1.104489000000000054e+00
1.624225712300208721e-02 -1.000409000000000104e+00
1.626225990271022021e-02 -9.810079999999999911e-01
1.628226268241834973e-02 -1.050567000000000029e+00
1.630226546212647926e-02 -1.100660999999999889e+00
1.632226824183461225e-02 -1.117337000000000025e+00
1.634227102154274178e-02 -1.051800000000000068e+00
1.636227380125087130e-02 -1.024807000000000023e+00
1.638227658095900430e-02 -1.063739999999999908e+00
1.640227936066713382e-02 -1.101050000000000084e+00
1.642228214037526335e-02 -1.159642999999999979e+00
1.644228492008339634e-02 -1.244126999999999983e+00
1.646228769979152587e-02 -1.383699999999999930e+00
1.648229047949965539e-02 -1.457607000000000097e+00
1.650229325920778492e-02 -1.419324000000000030e+00
1.652229603891591792e-02 -1.175216000000000038e+00
1.654229881862404744e-02 -8.522060000000000191e-01
1.656230159833217697e-02 -6.576729999999999521e-01
1.658230437804030996e-02 -6.727919999999999456e-01
1.660230715774843949e-02 -8.293009999999999549e-01
1.662230993745656901e-02 -9.922980000000000134e-01
1.664231271716470201e-02 -1.147574000000000094e+00
1.666231549687283153e-02 -1.255352999999999941e+00
1.668231827658096106e-02 -1.311155999999999988e+00
1.670232105628909405e-02 -1.263203999999999994e+00
1.672232383599722358e-02 -1.159254000000000007e+00
1.674232661570535310e-02 -1.038888000000000034e+00
1.676232939541348610e-02 -9.559609999999999497e-01
1.678233217512161563e-02 -9.776340000000000030e-01
1.680233495482974515e-02 -1.072824000000000000e+00
1.682233773453787815e-02 -1.198900000000000077e+00
1.684234051424600767e-02 -1.217329000000000105e+00
1.686234329395413720e-02 -1.185534000000000088e+00
1.688234607366227019e-02 -1.134012999999999938e+00
1.690234885337039972e-02 -1.115000999999999909e+00
1.692235163307852924e-02 -1.128821999999999992e+00
1.694235441278666224e-02 -1.095274999999999999e+00
1.696235719249479176e-02 -1.006443999999999894e+00
1.698235997220292129e-02 -9.675759999999999916e-01
1.700236275191105428e-02 -9.472660000000000524e-01
1.702236553161918381e-02 -1.019096999999999920e+00
1.704236831132731333e-02 -1.152117000000000058e+00
1.706237109103544633e-02 -1.277220000000000022e+00
1.708237387074357586e-02 -1.293830999999999953e+00
1.710237665045170538e-02 -1.224336000000000091e+00
1.712237943015983838e-02 -1.117272000000000043e+00
1.714238220986796790e-02 -1.002809999999999979e+00
1.716238498957609743e-02 -9.076849999999999641e-01
1.718238776928423042e-02 -8.809510000000000396e-01
1.720239054899235995e-02 -9.637480000000000491e-01
1.722239332870048947e-02 -1.148028999999999966e+00
1.724239610840861900e-02 -1.411667000000000005e+00
1.726239888811675199e-02 -1.595947999999999922e+00
1.728240166782488152e-02 -1.552408000000000010e+00
1.730240444753301104e-02 -1.251200000000000090e+00
1.732240722724114404e-02 -8.545420000000000238e-01
1.734241000694927357e-02 -6.394400000000000084e-01
1.736241278665740309e-02 -6.483940000000000259e-01
1.738241556636553609e-02 -8.397480000000000500e-01
1.740241834607366561e-02 -1.107019999999999893e+00
1.742242112578179514e-02 -1.327312999999999965e+00
1.744242390548992813e-02 -1.482005000000000017e+00
1.746242668519805766e-02 -1.451054000000000066e+00
1.748242946490618718e-02 -1.262620000000000076e+00
1.750243224461432018e-02 -1.006248999999999949e+00
1.752243502432244970e-02 -8.198269999999999724e-01
1.754243780403057923e-02 -8.197619999999999907e-01
1.756244058373871222e-02 -9.894429999999999614e-01
1.758244336344684175e-02 -1.221481000000000039e+00
1.760244614315497128e-02 -1.368322000000000038e+00
1.762244892286310427e-02 -1.383116000000000012e+00
1.764245170257123380e-02 -1.238936000000000037e+00
1.766245448227936332e-02 -1.026170000000000027e+00
1.768245726198749632e-02 -8.941879999999999828e-01
1.770246004169562584e-02 -9.108000000000000540e-01
1.772246282140375537e-02 -1.083790000000000031e+00
1.774246560111188836e-02 -1.233421000000000101e+00
1.776246838082001789e-02 -1.299152000000000085e+00
1.778247116052814741e-02 -1.261063000000000045e+00
1.780247394023628041e-02 -1.162498999999999949e+00
1.782247671994440993e-02 -1.064648000000000039e+00
1.784247949965253946e-02 -9.457090000000000218e-01
1.786248227936067245e-02 -9.168340000000000378e-01
1.788248505906880198e-02 -1.018577999999999983e+00
1.790248783877693151e-02 -1.242310000000000025e+00
1.792249061848506103e-02 -1.405956999999999901e+00
1.794249339819319403e-02 -1.429510999999999976e+00
1.796249617790132355e-02 -1.300643999999999911e+00
1.798249895760945308e-02 -1.091836000000000029e+00
1.800250173731758607e-02 -8.801729999999999832e-01
1.802250451702571560e-02 -7.904980000000000340e-01
1.804250729673384512e-02 -8.294949999999999823e-01
1.806251007644197812e-02 -9.911950000000000482e-01
1.808251285615010764e-02 -1.191956999999999933e+00
1.810251563585823717e-02 -1.315892999999999979e+00
1.812251841556637016e-02 -1.309209000000000067e+00
1.814252119527449969e-02 -1.217653000000000096e+00
1.816252397498262922e-02 -1.130832999999999977e+00
1.818252675469076221e-02 -1.068866000000000094e+00
1.820252953439889174e-02 -1.051021999999999901e+00
1.822253231410702126e-02 -1.095793999999999935e+00
1.824253509381515426e-02 -1.175929999999999920e+00
1.826253787352328378e-02 -1.297074999999999978e+00
1.828254065323141331e-02 -1.338862999999999914e+00
1.830254343293954630e-02 -1.285071000000000074e+00
1.832254621264767583e-02 -1.140047000000000033e+00
1.834254899235580535e-02 -1.027922000000000002e+00
1.836255177206393835e-02 -9.741300000000000514e-01
1.838255455177206787e-02 -9.800990000000000535e-01
1.840255733148019740e-02 -1.064194000000000084e+00
1.842256011118833040e-02 -1.163861000000000034e+00
1.844256289089645992e-02 -1.233614999999999906e+00
1.846256567060458945e-02 -1.274688999999999961e+00
1.848256845031272244e-02 -1.236730000000000107e+00
1.850257123002085197e-02 -1.118114999999999970e+00
1.852257400972898149e-02 -1.024027999999999938e+00
1.854257678943711449e-02 -9.741300000000000514e-01
1.856257956914524401e-02 -9.415559999999999485e-01
1.858258234885337354e-02 -8.953560000000000407e-01
1.860258512856150653e-02 -9.463580000000000325e-01
1.862258790826963606e-02 -1.063544999999999963e+00
1.864259068797776558e-02 -1.241467000000000098e+00
1.866259346768589511e-02 -1.378379999999999939e+00
1.868259624739402811e-02 -1.441904999999999992e+00
1.870259902710215763e-02 -1.388241999999999976e+00
1.872260180681028716e-02 -1.284812000000000065e+00
1.874260458651842015e-02 -1.184366000000000030e+00
1.876260736622654968e-02 -1.050956999999999919e+00
1.878261014593467920e-02 -9.412319999999999576e-01
1.880261292564281220e-02 -8.615500000000000380e-01
1.882261570535094172e-02 -8.639510000000000245e-01
1.884261848505907125e-02 -9.942450000000000454e-01
1.886262126476720424e-02 -1.113898000000000055e+00
1.888262404447533377e-02 -1.217003999999999975e+00
1.890262682418346329e-02 -1.237508999999999970e+00
1.892262960389159629e-02 -1.161850000000000049e+00
1.894263238359972581e-02 -1.064518000000000075e+00
1.896263516330785534e-02 -1.021173000000000108e+00
1.898263794301598834e-02 -1.056472000000000078e+00
1.900264072272411786e-02 -1.130703999999999931e+00
1.902264350243224739e-02 -1.190854000000000079e+00
1.904264628214038038e-02 -1.216224999999999890e+00
1.906264906184850991e-02 -1.221611000000000002e+00
1.908265184155663943e-02 -1.216224999999999890e+00
1.910265462126477243e-02 -1.148806999999999912e+00
1.912265740097290195e-02 -1.094626000000000099e+00
1.914266018068103148e-02 -1.029479000000000033e+00
1.916266296038916447e-02 -1.024092999999999920e+00
1.918266574009729400e-02 -1.136154000000000108e+00
1.920266851980542352e-02 -1.275468000000000046e+00
1.922267129951355652e-02 -1.338019000000000069e+00
1.924267407922168605e-02 -1.273716000000000070e+00
1.926267685892981557e-02 -1.086125999999999925e+00
1.928267963863794857e-02 -8.844549999999999912e-01
1.930268241834607809e-02 -7.869289999999999896e-01
1.932268519805420762e-02 -8.408510000000000151e-01
1.934268797776234061e-02 -9.540800000000000392e-01
1.936269075747047014e-02 -1.063739999999999908e+00
1.938269353717859966e-02 -1.217587999999999893e+00
1.940269631688672919e-02 -1.304537000000000058e+00
1.942269909659486218e-02 -1.353657000000000110e+00
1.944270187630299171e-02 -1.292923000000000044e+00
1.946270465601112123e-02 -1.214018999999999959e+00
1.948270743571925423e-02 -1.135051000000000032e+00
1.950271021542738376e-02 -1.123696000000000028e+00
1.952271299513551328e-02 -1.225959000000000021e+00
1.954271577484364628e-02 -1.342691000000000079e+00
1.956271855455177580e-02 -1.342691000000000079e+00
1.958272133425990533e-02 -1.236860000000000070e+00
1.960272411396803832e-02 -1.050891999999999937e+00
1.962272689367616785e-02 -8.556449999999999889e-01
1.964272967338429737e-02 -8.148959999999999537e-01
1.966273245309243037e-02 -8.849740000000000384e-01
1.968273523280055989e-02 -1.042715999999999976e+00
1.970273801250868942e-02 -1.216031000000000084e+00
1.972274079221682241e-02 -1.306872999999999951e+00
1.974274357192495194e-02 -1.302721000000000018e+00
1.976274635163308147e-02 -1.215511999999999926e+00
1.978274913134121446e-02 -1.056017999999999901e+00
1.980275191104934399e-02 -8.930850000000000177e-01
1.982275469075747351e-02 -8.085369999999999502e-01
1.984275747046560651e-02 -8.728399999999999492e-01
1.986276025017373603e-02 -1.102348000000000106e+00
1.988276302988186556e-02 -1.327766999999999920e+00
1.990276580958999855e-02 -1.472855999999999943e+00
1.992276858929812808e-02 -1.445343999999999962e+00
1.994277136900625760e-02 -1.316542000000000101e+00
1.996277414871439060e-02 -1.144460000000000033e+00
1.998277692842252012e-02 -1.005146000000000095e+00
2.000277970813064965e-02 -9.490180000000000282e-01
2.002278248783878264e-02 -9.364299999999999846e-01
2.004278526754691217e-02 -9.694580000000000419e-01
2.006278804725504170e-02 -1.021107999999999905e+00
2.008279082696317469e-02 -1.062637000000000054e+00
2.010279360667130422e-02 -1.105202999999999935e+00
2.012279638637943374e-02 -1.085282000000000080e+00
2.014279916608756327e-02 -1.066853999999999969e+00
2.016280194579569626e-02 -1.090214000000000016e+00
2.018280472550382579e-02 -1.136219000000000090e+00
2.020280750521195531e-02 -1.178590999999999944e+00
2.022281028492008831e-02 -1.209996000000000071e+00
2.024281306462821783e-02 -1.213953999999999978e+00
2.026281584433634736e-02 -1.159124000000000043e+00
2.028281862404448035e-02 -1.097026999999999974e+00
2.030282140375260988e-02 -1.062766000000000099e+00
2.032282418346073941e-02 -1.066788999999999987e+00
2.034282696316887240e-02 -1.074834999999999985e+00
2.036282974287700193e-02 -1.098843999999999932e+00
2.038283252258513145e-02 -1.091382000000000074e+00
2.040283530229326445e-02 -1.111626999999999921e+00
2.042283808200139397e-02 -1.102737000000000078e+00
2.044284086170952350e-02 -1.120386000000000104e+00
2.046284364141765649e-02 -1.145628000000000091e+00
2.048284642112578602e-02 -1.148937000000000097e+00
2.050284920083391554e-02 -1.130703999999999931e+00
2.052285198054204854e-02 -1.110718000000000094e+00
2.054285476025017806e-02 -1.060494999999999965e+00
2.056285753995830759e-02 -1.012996999999999925e+00
2.058286031966644058e-02 -9.719240000000000101e-01
2.060286309937457011e-02 -9.788019999999999499e-01
2.062286587908269964e-02 -1.075353999999999921e+00
2.064286865879083263e-02 -1.189491999999999994e+00
2.066287143849896216e-02 -1.276701000000000086e+00
2.068287421820709168e-02 -1.333088000000000051e+00
2.070287699791522468e-02 -1.302461000000000091e+00
2.072287977762335420e-02 -1.234393999999999991e+00
2.074288255733148373e-02 -1.151921999999999890e+00
2.076288533703961672e-02 -1.061728000000000005e+00
2.078288811674774625e-02 -1.032723000000000058e+00
2.080289089645587577e-02 -1.051150999999999947e+00
2.082289367616400877e-02 -1.105007999999999990e+00
2.084289645587213829e-02 -1.141734000000000027e+00
2.086289923558026782e-02 -1.151987000000000094e+00
2.088290201528839735e-02 -1.117855999999999961e+00
2.090290479499653034e-02 -1.088332000000000077e+00
2.092290757470465987e-02 -1.099102999999999941e+00
2.094291035441278939e-02 -1.131612000000000062e+00
2.096291313412092239e-02 -1.182419000000000109e+00
2.098291591382905191e-02 -1.221027000000000085e+00
2.100291869353718144e-02 -1.216485000000000039e+00
2.102292147324531443e-02 -1.151726999999999945e+00
2.104292425295344396e-02 -1.056148000000000087e+00
2.106292703266157348e-02 -9.701070000000000526e-01
2.108292981236970648e-02 -9.261129999999999640e-01
2.110293259207783600e-02 -9.749729999999999785e-01
2.112293537178596553e-02 -1.100335999999999981e+00
2.114293815149409853e-02 -1.234782999999999964e+00
2.116294093120222805e-02 -1.339706999999999981e+00
2.118294371091035758e-02 -1.378833999999999893e+00
2.120294649061849057e-02 -1.282345999999999986e+00
2.122294927032662010e-02 -1.130184000000000077e+00
2.124295205003474962e-02 -9.499919999999999476e-01
2.126295482974288262e-02 -8.917230000000000434e-01
2.128295760945101214e-02 -8.708289999999999642e-01
2.130296038915914167e-02 -9.671870000000000189e-01
2.132296316886727466e-02 -1.100726000000000093e+00
2.134296594857540419e-02 -1.217263999999999902e+00
2.136296872828353371e-02 -1.275986999999999982e+00
2.138297150799166671e-02 -1.249967000000000050e+00
2.140297428769979624e-02 -1.163472000000000062e+00
2.142297706740792576e-02 -1.076521999999999979e+00
2.144297984711605876e-02 -1.023055000000000048e+00
2.146298262682418828e-02 -1.048686000000000007e+00
2.148298540653231781e-02 -1.136349000000000053e+00
2.150298818624045080e-02 -1.215122000000000035e+00
2.152299096594858033e-02 -1.243738000000000010e+00
2.154299374565670985e-02 -1.204285999999999968e+00
2.156299652536484285e-02 -1.101245000000000029e+00
2.158299930507297237e-02 -9.922330000000000316e-01
2.160300208478110190e-02 -9.129410000000000025e-01
2.162300486448923142e-02 -8.936690000000000467e-01
2.164300764419736442e-02 -9.520680000000000254e-01
2.166301042390549395e-02 -1.051150999999999947e+00
2.168301320361362347e-02 -1.175475999999999965e+00
2.170301598332175647e-02 -1.246528000000000080e+00
2.172301876302988599e-02 -1.251589000000000063e+00
2.174302154273801552e-02 -1.166001999999999983e+00
2.176302432244614851e-02 -1.070683000000000051e+00
2.178302710215427804e-02 -9.956080000000000485e-01
2.180302988186240756e-02 -9.836679999999999868e-01
2.182303266157054056e-02 -1.017798999999999898e+00
2.184303544127867008e-02 -1.097156999999999938e+00
2.186303822098679961e-02 -1.125188000000000077e+00
2.188304100069493260e-02 -1.158800000000000052e+00
2.190304378040306213e-02 -1.154646999999999979e+00
2.192304656011119166e-02 -1.154258000000000006e+00
2.194304933981932465e-02 -1.136932999999999971e+00
2.196305211952745418e-02 -1.115779000000000076e+00
2.198305489923558370e-02 -1.080740000000000034e+00
2.200305767894371670e-02 -1.069644000000000039e+00
2.202306045865184622e-02 -1.062116999999999978e+00
2.204306323835997575e-02 -1.089369999999999949e+00
2.206306601806810874e-02 -1.063026000000000026e+00
2.208306879777623827e-02 -1.028699999999999948e+00
2.210307157748436779e-02 -9.943750000000000089e-01
2.212307435719250079e-02 -1.052837999999999941e+00
2.214307713690063031e-02 -1.139917999999999987e+00
2.216307991660875984e-02 -1.212981000000000087e+00
2.218308269631689283e-02 -1.256715000000000027e+00
2.220308547602502236e-02 -1.230240999999999918e+00
2.222308825573315189e-02 -1.175216000000000038e+00
2.224309103544128488e-02 -1.130444000000000004e+00
2.226309381514941441e-02 -1.108707000000000109e+00
2.228309659485754393e-02 -1.078858000000000095e+00
2.230309937456567693e-02 -1.048361000000000098e+00
2.232310215427380645e-02 -1.017149999999999999e+00
2.234310493398193598e-02 -1.032982999999999985e+00
2.236310771369006550e-02 -1.073862000000000094e+00
2.238311049339819850e-02 -1.089239999999999986e+00
2.240311327310632802e-02 -1.112470000000000070e+00
2.242311605281445755e-02 -1.122527999999999970e+00
2.244311883252259054e-02 -1.116362999999999994e+00
2.246312161223072007e-02 -1.116427999999999976e+00
2.248312439193884960e-02 -1.132714999999999916e+00
2.250312717164698259e-02 -1.117272000000000043e+00
2.252312995135511212e-02 -1.069190000000000085e+00
2.254313273106324164e-02 -1.019355999999999929e+00
2.256313551077137464e-02 -9.979440000000000532e-01
2.258313829047950416e-02 -1.059652000000000038e+00
2.260314107018763369e-02 -1.133169000000000093e+00
2.262314384989576668e-02 -1.215640999999999972e+00
2.264314662960389621e-02 -1.207011000000000056e+00
2.266314940931202573e-02 -1.167883999999999922e+00
2.268315218902015873e-02 -1.096054000000000084e+00
2.270315496872828825e-02 -1.068216999999999972e+00
2.272315774843641778e-02 -1.070553000000000088e+00
2.274316052814455077e-02 -1.080481000000000025e+00
2.276316330785268030e-02 -1.126096999999999904e+00
2.278316608756080983e-02 -1.136479000000000017e+00
2.280316886726894282e-02 -1.149261000000000088e+00
2.282317164697707235e-02 -1.138295000000000057e+00
2.284317442668520187e-02 -1.065231999999999957e+00
2.286317720639333487e-02 -9.857449999999999823e-01
2.288317998610146439e-02 -9.407130000000000214e-01
2.290318276580959392e-02 -9.605679999999999774e-01
2.292318554551772691e-02 -1.076586999999999961e+00
2.294318832522585644e-02 -1.198511000000000104e+00
2.296319110493398596e-02 -1.298567999999999945e+00
2.298319388464211896e-02 -1.292597999999999914e+00
2.300319666435024848e-02 -1.179564000000000057e+00
2.302319944405837801e-02 -1.073603000000000085e+00
2.304320222376651101e-02 -9.797099999999999698e-01
2.306320500347464053e-02 -9.556369999999999587e-01
2.308320778318277006e-02 -9.952180000000000470e-01
2.310321056289089958e-02 -1.066659999999999942e+00
2.312321334259903258e-02 -1.158474999999999921e+00
2.314321612230716210e-02 -1.230695000000000094e+00
2.316321890201529163e-02 -1.256391000000000036e+00
2.318322168172342462e-02 -1.211878000000000011e+00
2.320322446143155415e-02 -1.112665000000000015e+00
2.322322724113968367e-02 -1.018772000000000011e+00
2.324323002084781667e-02 -9.843169999999999975e-01
2.326323280055594619e-02 -1.021107999999999905e+00
2.328323558026407572e-02 -1.069644000000000039e+00
2.330323835997220872e-02 -1.131416999999999895e+00
2.332324113968033824e-02 -1.124733999999999901e+00
2.334324391938846777e-02 -1.070292999999999939e+00
2.336324669909660076e-02 -1.019485999999999892e+00
2.338324947880473029e-02 -1.008650000000000047e+00
2.340325225851285981e-02 -1.015268999999999977e+00
2.342325503822099281e-02 -1.063350000000000017e+00
2.344325781792912233e-02 -1.125123000000000095e+00
2.346326059763725186e-02 -1.165354000000000001e+00
2.348326337734538485e-02 -1.198771000000000031e+00
2.350326615705351438e-02 -1.204091000000000022e+00
2.352326893676164390e-02 -1.163146999999999931e+00
2.354327171646977690e-02 -1.085217000000000098e+00
2.356327449617790643e-02 -1.030062999999999951e+00
2.358327727588603595e-02 -9.973600000000000243e-01
2.360328005559416895e-02 -1.020653999999999950e+00
2.362328283530229847e-02 -1.062507000000000090e+00
2.364328561501042800e-02 -1.096897000000000011e+00
2.366328839471856099e-02 -1.095858999999999916e+00
2.368329117442669052e-02 -1.085088000000000052e+00
2.370329395413482004e-02 -1.063998999999999917e+00
2.372329673384295304e-02 -1.058418999999999999e+00
2.374329951355108256e-02 -1.050891999999999937e+00
2.376330229325921209e-02 -1.057574999999999932e+00
2.378330507296734161e-02 -1.076716999999999924e+00
2.380330785267547461e-02 -1.085606999999999989e+00
2.382331063238360414e-02 -1.088721000000000050e+00
2.384331341209173366e-02 -1.069125000000000103e+00
2.386331619179986666e-02 -1.078468999999999900e+00
2.388331897150799618e-02 -1.082038000000000055e+00
2.390332175121612571e-02 -1.087877999999999901e+00
2.392332453092425870e-02 -1.105787000000000075e+00
2.394332731063238823e-02 -1.114352000000000009e+00
2.396333009034051775e-02 -1.127849000000000101e+00
2.398333287004865075e-02 -1.134662000000000059e+00
2.400333564975678027e-02 -1.126810000000000089e+00
2.402333842946490980e-02 -1.081129000000000007e+00
2.404334120917304279e-02 -1.063998999999999917e+00
2.406334398888117232e-02 -1.016890999999999989e+00
2.408334676858930185e-02 -9.859390000000000098e-01
2.410334954829743484e-02 -9.882100000000000328e-01
2.412335232800556437e-02 -1.009818000000000104e+00
2.414335510771369389e-02 -1.012089000000000016e+00
2.416335788742182689e-02 -1.048621000000000025e+00
2.418336066712995641e-02 -1.081973000000000074e+00
2.420336344683808594e-02 -1.113118999999999970e+00
2.422336622654621893e-02 -1.129016999999999937e+00
2.424336900625434846e-02 -1.097285999999999984e+00
2.426337178596247798e-02 -1.055498999999999965e+00
2.428337456567061098e-02 -1.028894999999999893e+00
2.430337734537874050e-02 -9.202080000000000259e-01
2.432338012508687003e-02 -1.031425999999999954e+00
2.434338290479500302e-02 -1.042391999999999985e+00
2.436338568450313255e-02 -1.069644000000000039e+00
2.438338846421126208e-02 -1.153609000000000107e+00
2.440339124391939507e-02 -1.163602000000000025e+00
2.442339402362752460e-02 -1.137906000000000084e+00
2.444339680333565412e-02 -1.042067000000000077e+00
2.446339958304378712e-02 -1.144006000000000078e+00
2.448340236275191664e-02 -9.869130000000000402e-01
2.450340514246004617e-02 -1.011181000000000108e+00
2.452340792216817569e-02 -9.608280000000000154e-01
2.454341070187630869e-02 -8.268999999999999684e-01
2.456341348158443821e-02 -1.069190000000000085e+00
2.458341626129256774e-02 -1.213435000000000041e+00
2.460341904100070073e-02 -1.161785000000000068e+00
2.462342182070883026e-02 -1.150949000000000000e+00
2.464342460041695979e-02 -1.089889000000000108e+00
2.466342738012509278e-02 -9.874319999999999764e-01
2.468343015983322231e-02 -1.000280000000000058e+00
2.470343293954135183e-02 -9.845770000000000355e-01
2.472343571924948483e-02 -1.013257000000000074e+00
2.474343849895761435e-02 -1.149197000000000024e+00
2.476344127866574388e-02 -1.175994999999999902e+00
2.478344405837387687e-02 -1.133040000000000047e+00
2.480344683808200640e-02 -1.068087000000000009e+00
2.482344961779013592e-02 -1.025844999999999896e+00
2.484345239749826892e-02 -1.031295999999999990e+00
2.486345517720639844e-02 -1.071525999999999978e+00
2.488345795691452797e-02 -1.085282000000000080e+00
2.490346073662266096e-02 -1.076262999999999970e+00
2.492346351633079049e-02 -1.098065000000000069e+00
2.494346629603892002e-02 -1.154063000000000061e+00
2.496346907574705301e-02 -1.137451999999999908e+00
2.498347185545518254e-02 -1.085153000000000034e+00
2.500347463516331206e-02 -9.617360000000000353e-01
2.502347741487144506e-02 -9.407780000000000031e-01
2.504348019457957458e-02 -9.963859999999999939e-01
2.506348297428770411e-02 -1.052124999999999977e+00
2.508348575399583710e-02 -1.097806000000000060e+00
2.510348853370396663e-02 -1.098843999999999932e+00
2.512349131341209615e-02 -1.116753000000000107e+00
2.514349409312022915e-02 -1.135504999999999987e+00
2.516349687282835867e-02 -1.134466999999999892e+00
2.518349965253648820e-02 -1.076457999999999915e+00
2.520350243224462120e-02 -1.029284000000000088e+00
2.522350521195275072e-02 -1.041871999999999909e+00
2.524350799166088025e-02 -1.099558000000000035e+00
2.526351077136900977e-02 -1.148417999999999939e+00
2.528351355107714277e-02 -1.121879000000000071e+00
2.530351633078527229e-02 -1.053422000000000081e+00
2.532351911049340182e-02 -9.737400000000000500e-01
2.534352189020153481e-02 -9.721180000000000376e-01
2.536352466990966434e-02 -9.918439999999999479e-01
2.538352744961779386e-02 -1.024418000000000051e+00
2.540353022932592686e-02 -1.060559999999999947e+00
2.542353300903405638e-02 -1.106111000000000066e+00
2.544353578874218591e-02 -1.136608000000000063e+00
2.546353856845031891e-02 -1.165548000000000028e+00
2.548354134815844843e-02 -1.128238000000000074e+00
2.550354412786657796e-02 -1.068022000000000027e+00
2.552354690757471095e-02 -9.912600000000000300e-01
2.554354968728284048e-02 -9.812670000000000003e-01
2.556355246699097000e-02 -9.989820000000000366e-01
2.558355524669910300e-02 -1.049528999999999934e+00
2.560355802640723252e-02 -1.089823999999999904e+00
2.562356080611536205e-02 -1.095080000000000053e+00
2.564356358582349504e-02 -1.118050999999999906e+00
2.566356636553162457e-02 -1.123177000000000092e+00
2.568356914523975409e-02 -1.151661999999999964e+00
2.570357192494788709e-02 -1.142708000000000057e+00
2.572357470465601662e-02 -1.103256000000000014e+00
2.574357748436414614e-02 -1.063414999999999999e+00
2.576358026407227914e-02 -1.042975999999999903e+00
2.578358304378040866e-02 -1.065296999999999938e+00
2.580358582348853819e-02 -1.067568000000000072e+00
2.582358860319667118e-02 -1.045441000000000065e+00
2.584359138290480071e-02 -1.048815000000000053e+00
2.586359416261293023e-02 -1.060041000000000011e+00
2.588359694232106323e-02 -1.103904999999999914e+00
2.590359972202919275e-02 -1.132714999999999916e+00
2.592360250173732228e-02 -1.136673000000000044e+00
2.594360528144545527e-02 -1.105526999999999926e+00
2.596360806115358480e-02 -1.085736000000000034e+00
2.598361084086171433e-02 -1.112665000000000015e+00
2.600361362056984385e-02 -1.127458999999999989e+00
2.602361640027797685e-02 -1.110978000000000021e+00
2.604361917998610637e-02 -1.080610000000000070e+00
2.606362195969423590e-02 -1.043365000000000098e+00
2.608362473940236889e-02 -1.017668999999999935e+00
2.610362751911049842e-02 -1.038953000000000015e+00
2.612363029881862794e-02 -1.041482999999999937e+00
2.614363307852676094e-02 -1.058872999999999953e+00
2.616363585823489046e-02 -1.085088000000000052e+00
2.618363863794301999e-02 -1.140176999999999996e+00
2.620364141765115298e-02 -1.178460999999999981e+00
2.622364419735928251e-02 -1.200263000000000080e+00
2.624364697706741203e-02 -1.154193000000000024e+00
2.626364975677554503e-02 -1.095534999999999926e+00
2.628365253648367456e-02 -1.027986999999999984e+00
2.630365531619180408e-02 -1.007287000000000043e+00
2.632365809589993708e-02 -1.015981999999999941e+00
2.634366087560806660e-02 -1.037006000000000094e+00
2.636366365531619613e-02 -1.080675000000000052e+00
2.638366643502432912e-02 -1.120711000000000013e+00
2.640366921473245865e-02 -1.123696000000000028e+00
2.642367199444058817e-02 -1.123955000000000037e+00
2.644367477414872117e-02 -1.108772000000000091e+00
2.646367755385685069e-02 -1.084958000000000089e+00
2.648368033356498022e-02 -1.065101999999999993e+00
2.650368311327311321e-02 -1.072044999999999915e+00
2.652368589298124274e-02 -1.085930999999999980e+00
2.654368867268937227e-02 -1.093069000000000068e+00
2.656369145239750526e-02 -1.106889999999999930e+00
2.658369423210563479e-02 -1.075094999999999912e+00
2.660369701181376431e-02 -1.036356999999999973e+00
2.662369979152189731e-02 -1.023444000000000020e+00
2.664370257123002683e-02 -1.027727000000000057e+00
2.666370535093815636e-02 -1.052902999999999922e+00
2.668370813064628935e-02 -1.100726000000000093e+00
2.670371091035441888e-02 -1.140825999999999896e+00
2.672371369006254840e-02 -1.174503000000000075e+00
2.674371646977067793e-02 -1.155426000000000064e+00
2.676371924947881092e-02 -1.095469999999999944e+00
2.678372202918694045e-02 -1.028505999999999920e+00
2.680372480889506998e-02 -1.008909999999999973e+00
2.682372758860320297e-02 -1.025844999999999896e+00
2.684373036831133250e-02 -1.041678000000000104e+00
2.686373314801946202e-02 -1.063285000000000036e+00
2.688373592772759502e-02 -1.086449999999999916e+00
2.690373870743572454e-02 -1.105787000000000075e+00
2.692374148714385407e-02 -1.125057999999999891e+00
2.694374426685198706e-02 -1.089045999999999959e+00
2.696374704656011659e-02 -1.055757999999999974e+00
2.698374982626824611e-02 -1.009298999999999946e+00
2.700375260597637911e-02 -1.021368000000000054e+00
2.702375538568450863e-02 -1.064713000000000021e+00
2.704375816539263816e-02 -1.128627000000000047e+00
2.706376094510077115e-02 -1.147184999999999899e+00
2.708376372480890068e-02 -1.134401999999999910e+00
2.710376650451703021e-02 -1.099622000000000099e+00
2.712376928422516320e-02 -1.073731999999999909e+00
2.714377206393329273e-02 -1.039795999999999943e+00
2.716377484364142225e-02 -1.044402999999999970e+00
2.718377762334955525e-02 -1.049854000000000065e+00
2.720378040305768477e-02 -1.053033000000000108e+00
2.722378318276581430e-02 -1.076716999999999924e+00
2.724378596247394729e-02 -1.074186000000000085e+00
2.726378874218207682e-02 -1.090343999999999980e+00
2.728379152189020634e-02 -1.074122000000000021e+00
2.730379430159833934e-02 -1.050632000000000010e+00
2.732379708130646886e-02 -1.030971000000000082e+00
2.734379986101459839e-02 -1.025714999999999932e+00
2.736380264072273139e-02 -1.068605999999999945e+00
2.738380542043086091e-02 -1.088592000000000004e+00
2.740380820013899044e-02 -1.085736000000000034e+00
2.742381097984712343e-02 -1.088201999999999892e+00
2.744381375955525296e-02 -1.081908000000000092e+00
2.746381653926338248e-02 -1.098648999999999987e+00
2.748381931897151201e-02 -1.109096000000000082e+00
2.750382209867964500e-02 -1.108446999999999960e+00
2.752382487838777453e-02 -1.075353999999999921e+00
2.754382765809590405e-02 -1.070162999999999975e+00
2.756383043780403705e-02 -1.062376999999999905e+00
2.758383321751216657e-02 -1.091641000000000084e+00
2.760383599722029610e-02 -1.071979999999999933e+00
2.762383877692842910e-02 -1.066205000000000069e+00
2.764384155663655862e-02 -1.061468999999999996e+00
2.766384433634468815e-02 -1.051606000000000041e+00
2.768384711605282114e-02 -1.078273999999999955e+00
2.770384989576095067e-02 -1.066205000000000069e+00
2.772385267546908019e-02 -1.045830999999999955e+00
2.774385545517721319e-02 -1.039925999999999906e+00
2.776385823488534271e-02 -1.023055000000000048e+00
2.778386101459347224e-02 -1.038888000000000034e+00
2.780386379430160523e-02 -1.050178000000000056e+00
2.782386657400973476e-02 -1.083271000000000095e+00
2.784386935371786428e-02 -1.092354999999999965e+00
2.786387213342599728e-02 -1.103061000000000069e+00
2.788387491313412681e-02 -1.117077000000000098e+00
2.790387769284225633e-02 -1.088462000000000041e+00
2.792388047255038933e-02 -1.087812999999999919e+00
2.794388325225851885e-02 -1.081843000000000110e+00
2.796388603196664838e-02 -1.089760000000000062e+00
2.798388881167478137e-02 -1.103580999999999923e+00
2.800389159138291090e-02 -1.071396000000000015e+00
2.802389437109104042e-02 -1.051865000000000050e+00
2.804389715079917342e-02 -1.028829999999999911e+00
2.806389993050730294e-02 -1.019161999999999901e+00
2.808390271021543247e-02 -1.016437000000000035e+00
2.810390548992356546e-02 -1.030516999999999905e+00
2.812390826963169499e-02 -1.051411000000000096e+00
2.814391104933982451e-02 -1.088980999999999977e+00
2.816391382904795404e-02 -1.096378000000000075e+00
2.818391660875608704e-02 -1.102997000000000005e+00
2.820391938846421656e-02 -1.100985000000000102e+00
2.822392216817234609e-02 -1.067307999999999923e+00
2.824392494788047908e-02 -1.048167000000000071e+00
2.826392772758860861e-02 -1.013711000000000029e+00
2.828393050729673813e-02 -1.051606000000000041e+00
2.830393328700487113e-02 -1.080805000000000016e+00
2.832393606671300065e-02 -1.101180000000000048e+00
2.834393884642113018e-02 -1.107148999999999939e+00
2.836394162612926317e-02 -1.102802000000000060e+00
2.838394440583739270e-02 -1.071137000000000006e+00
2.840394718554552222e-02 -1.061857999999999969e+00
2.842394996525365522e-02 -1.029673999999999978e+00
2.844395274496178475e-02 -1.019031999999999938e+00
2.846395552466991427e-02 -1.014164999999999983e+00
2.848395830437804727e-02 -1.036810999999999927e+00
2.850396108408617679e-02 -1.058289000000000035e+00
2.852396386379430632e-02 -1.076003000000000043e+00
2.854396664350243931e-02 -1.046219999999999928e+00
2.856396942321056884e-02 -1.017149999999999999e+00
2.858397220291869836e-02 -9.882100000000000328e-01
2.860397498262683136e-02 -9.795800000000000063e-01
2.862397776233496088e-02 -1.000604000000000049e+00
2.864398054204309041e-02 -1.041223999999999927e+00
2.866398332175122340e-02 -1.069190000000000085e+00
2.868398610145935293e-02 -1.096961999999999993e+00
2.870398888116748246e-02 -1.102802000000000060e+00
2.872399166087561545e-02 -1.109550000000000036e+00
2.874399444058374498e-02 -1.081843000000000110e+00
2.876399722029187450e-02 -1.048426000000000080e+00
