# time(s), 	 	 acceleration(g)
0.000000000000000000e+00 6.298343000000000025e+00
2.000277970813066735e-05 6.522009999999999863e+00
4.000555941626133470e-05 6.760148000000000046e+00
6.000833912439200544e-05 7.034102999999999994e+00
8.001111883252266940e-05 7.314481999999999928e+00
1.000138985406533334e-04 7.644306000000000267e+00
1.200166782487840109e-04 7.963487999999999900e+00
1.400194579569146748e-04 8.308365999999999474e+00
1.600222376650453388e-04 8.665506999999999849e+00
1.800250173731760028e-04 9.033289999999999154e+00
2.000277970813066667e-04 9.409378999999999493e+00
2.200305767894373307e-04 9.847110000000000696e+00
2.400333564975680217e-04 1.031559900000000063e+01
2.600361362056986857e-04 1.084884500000000074e+01
2.800389159138293497e-04 1.144042499999999940e+01
3.000416956219600136e-04 1.209871000000000052e+01
3.200444753300906776e-04 1.284666900000000034e+01
3.400472550382213415e-04 1.372570200000000007e+01
3.600500347463520055e-04 1.464146000000000036e+01
3.800528144544826695e-04 1.558090299999999928e+01
4.000555941626133334e-04 1.685464699999999993e+01
4.200583738707439974e-04 1.816122299999999967e+01
4.400611535788746614e-04 1.952879400000000132e+01
4.600639332870053253e-04 2.134746399999999866e+01
4.800667129951360435e-04 2.345806299999999922e+01
5.000694927032666532e-04 2.619099900000000147e+01
5.200722724113973714e-04 2.948709399999999903e+01
5.400750521195279812e-04 3.407977400000000046e+01
5.600778318276586993e-04 4.089277700000000237e+01
5.800806115357893091e-04 5.162213700000000216e+01
6.000833912439200273e-04 6.936779199999999435e+01
6.200861709520506370e-04 9.742927799999999650e+01
6.400889506601813552e-04 1.385272669999999948e+02
6.600917303683120733e-04 1.923172710000000052e+02
6.800945100764426831e-04 2.581539819999999850e+02
7.000972897845734013e-04 3.284413329999999860e+02
7.201000694927040110e-04 3.956447719999999890e+02
7.401028492008347292e-04 4.478499600000000100e+02
7.601056289089653389e-04 4.771291919999999891e+02
7.801084086170960571e-04 4.796030969999999911e+02
8.001111883252266669e-04 4.572345890000000281e+02
8.201139680333573850e-04 4.194051180000000159e+02
8.401167477414879948e-04 3.752466410000000110e+02
8.601195274496187130e-04 3.275669080000000122e+02
8.801223071577493227e-04 2.836462430000000268e+02
9.001250868658800409e-04 2.408215299999999957e+02
9.201278665740106506e-04 1.924507450000000119e+02
9.401306462821413688e-04 1.400401860000000056e+02
9.601334259902720870e-04 8.920892800000000022e+01
9.801362056984026967e-04 4.810191900000000231e+01
1.000138985406533306e-03 1.656031700000000129e+01
1.020141765114664133e-03 -4.948699999999999766e-01
1.040144544822794743e-03 -5.237959000000000032e+00
1.060147324530925353e-03 5.077730000000000299e-01
1.080150104239055962e-03 1.854522800000000160e+01
1.100152883947186789e-03 3.874603599999999659e+01
1.120155663655317399e-03 5.640993300000000232e+01
1.140158443363448008e-03 6.820104800000000012e+01
1.160161223071578618e-03 6.255264700000000033e+01
1.180164002779709445e-03 4.939110600000000062e+01
1.200166782487840055e-03 1.883255099999999871e+01
1.220169562195970664e-03 -3.381200000000000205e+00
1.240172341904101274e-03 -2.629450399999999988e+01
1.260175121612232101e-03 -4.391330399999999656e+01
1.280177901320362710e-03 -3.971274100000000118e+01
1.300180681028493320e-03 -2.959572599999999909e+01
1.320183460736624147e-03 -1.418187099999999923e+01
1.340186240444754756e-03 8.224531000000000702e+00
1.360189020152885366e-03 2.109472699999999890e+01
1.380191799861015976e-03 3.161586199999999991e+01
1.400194579569146803e-03 2.766381799999999913e+01
1.420197359277277412e-03 1.439910500000000049e+01
1.440200138985408022e-03 1.668542000000000058e+01
1.460202918693538632e-03 3.919109000000000176e+00
1.480205698401669458e-03 4.172235999999999834e+00
1.500208478109800068e-03 7.025343000000000337e+00
1.520211257817930678e-03 3.599537999999999904e+00
1.540214037526061288e-03 1.470926799999999979e+01
1.560216817234192114e-03 1.431287000000000020e+01
1.580219596942322724e-03 8.308431000000000566e+00
1.600222376650453334e-03 5.460837999999999859e+00
1.620225156358584160e-03 -4.666687999999999725e+00
1.640227936066714770e-03 6.015238000000000085e+00
1.660230715774845380e-03 7.807433999999999763e+00
1.680233495482975990e-03 6.111336999999999797e+00
1.700236275191106816e-03 4.230310000000000237e+00
1.720239054899237426e-03 2.250589000000000173e+00
1.740241834607368036e-03 -6.097459999999999880e+00
1.760244614315498645e-03 -1.730374300000000076e+01
1.780247394023629472e-03 -2.176846400000000159e+01
1.800250173731760082e-03 -3.488971000000000089e+01
1.820252953439890692e-03 -2.613488100000000003e+01
1.840255733148021301e-03 -1.242984099999999970e+01
1.860258512856152128e-03 -1.911106999999999889e+00
1.880261292564282738e-03 2.796204099999999926e+01
1.900264072272413347e-03 2.542675300000000149e+01
1.920266851980544174e-03 4.484877999999999787e+01
1.940269631688674784e-03 3.827774200000000349e+01
1.960272411396805393e-03 2.131560400000000044e+01
1.980275191104936220e-03 2.489058700000000002e+01
2.000277970813066613e-03 -7.265696000000000154e+00
2.020280750521197440e-03 -1.310856500000000047e+01
2.040283530229328266e-03 -1.849053699999999978e+01
2.060286309937458659e-03 -2.703844099999999884e+01
2.080289089645589486e-03 -1.631245499999999993e+01
2.100291869353719879e-03 -1.369002300000000005e+01
2.120294649061850705e-03 -8.860504000000000602e+00
2.140297428769981532e-03 -6.748802000000000412e+00
2.160300208478111925e-03 -8.045125999999999777e+00
2.180302988186242751e-03 4.890931000000000139e+00
2.200305767894373578e-03 -9.572644999999999627e+00
2.220308547602503971e-03 -2.692559999999999953e-01
2.240311327310634797e-03 -6.761129999999999640e+00
2.260314107018765624e-03 -6.642919999999999936e-01
2.280316886726896017e-03 2.842233999999999927e+00
2.300319666435026843e-03 3.780120000000000147e+00
2.320322446143157236e-03 5.411393999999999593e+00
2.340325225851288063e-03 2.684679999999999844e-01
2.360328005559418890e-03 5.685869000000000284e+00
2.380330785267549282e-03 3.823465000000000114e+00
2.400333564975680109e-03 1.918689000000000089e+00
2.420336344683810936e-03 1.519261599999999923e+01
2.440339124391941329e-03 3.710430000000000117e+00
2.460341904100072155e-03 6.477432000000000301e+00
2.480344683808202548e-03 2.780785999999999980e+00
2.500347463516333375e-03 -1.039989699999999928e+01
2.520350243224464201e-03 -1.357893499999999953e+01
2.540353022932594594e-03 -1.733235900000000029e+01
2.560355802640725421e-03 -2.222053599999999918e+01
2.580358582348856247e-03 -2.025898400000000166e+01
2.600361362056986640e-03 -1.448333900000000085e+01
2.620364141765117467e-03 -1.888849999999999918e+00
2.640366921473248293e-03 -3.092449999999999921e+00
2.660369701181378686e-03 4.597313999999999901e+00
2.680372480889509513e-03 2.621421999999999919e+00
2.700375260597639906e-03 -3.693115000000000148e+00
2.720378040305770732e-03 2.235924999999999940e+00
2.740380820013901559e-03 2.968960000000000043e+00
2.760383599722031952e-03 5.828946000000000183e+00
2.780386379430162778e-03 7.842018999999999629e+00
2.800389159138293605e-03 9.927440999999999960e+00
2.820391938846423998e-03 3.183997000000000188e+00
2.840394718554554825e-03 3.480849999999999778e-01
2.860397498262685217e-03 4.855169999999999764e-01
2.880400277970816044e-03 -1.850241999999999942e+00
2.900403057678946871e-03 -8.727225000000000676e+00
2.920405837387077264e-03 -6.337932999999999595e+00
2.940408617095208090e-03 -9.102209999999999468e+00
2.960411396803338917e-03 -9.320297000000000054e+00
2.980414176511469310e-03 -7.285617000000000232e+00
3.000416956219600136e-03 -9.710466999999999516e+00
3.020419735927730963e-03 -1.775244100000000103e+01
3.040422515635861356e-03 -1.583961900000000078e+01
3.060425295343992182e-03 -1.046355199999999996e+01
3.080428075052122575e-03 -8.165558000000000760e+00
3.100430854760253402e-03 -2.811163000000000078e+00
3.120433634468384228e-03 2.706424999999999859e+00
3.140436414176514621e-03 1.078337400000000024e+01
3.160439193884645448e-03 1.306222600000000078e+01
3.180441973592776275e-03 1.143121099999999934e+01
3.200444753300906667e-03 9.244239999999999569e+00
3.220447533009037494e-03 1.413280000000000092e+00
3.240450312717168321e-03 -7.538359999999999506e-01
3.260453092425298714e-03 -4.696602000000000388e+00
3.280455872133429540e-03 -6.907970999999999862e+00
3.300458651841559933e-03 -3.787916000000000061e+00
3.320461431549690760e-03 5.933599999999999985e-01
3.340464211257821586e-03 -1.449626000000000081e+00
3.360466990965951979e-03 -3.750345999999999957e+00
3.380469770674082806e-03 -8.954136999999999347e+00
3.400472550382213632e-03 -1.609495199999999926e+01
3.420475330090344025e-03 -1.691610500000000172e+01
3.440478109798474852e-03 -1.607386400000000037e+01
3.460480889506605245e-03 -1.188660199999999989e+01
3.480483669214736071e-03 -5.465194999999999581e+00
3.500486448922866898e-03 1.405427999999999900e+00
3.520489228630997291e-03 8.614440999999999349e+00
3.540492008339128117e-03 8.064712999999999354e+00
3.560494788047258944e-03 6.364917000000000158e+00
3.580497567755389337e-03 4.448331999999999731e+00
3.600500347463520164e-03 -9.999550000000000383e-01
3.620503127171650990e-03 -2.835040999999999922e+00
3.640505906879781383e-03 -5.415945999999999927e+00
3.660508686587912210e-03 -4.065699999999999648e+00
3.680511466296042603e-03 5.582559999999999745e-01
3.700514246004173429e-03 3.887055000000000149e+00
3.720517025712304256e-03 4.192479999999999762e+00
3.740519805420434649e-03 7.299480000000000413e-01
3.760522585128565475e-03 -1.816111000000000031e+00
3.780525364836696302e-03 -5.720203999999999844e+00
3.800528144544826695e-03 -8.843503000000000114e+00
3.820530924252957521e-03 -7.194773999999999781e+00
3.840533703961088348e-03 -1.276615299999999920e+01
3.860536483669218741e-03 -1.100153500000000051e+01
3.880539263377349567e-03 -8.369109999999999161e+00
3.900542043085479960e-03 -7.239028000000000240e+00
3.920544822793610787e-03 -4.371709000000000067e+00
3.940547602501741180e-03 3.863039999999999807e-01
3.960550382209872440e-03 3.279252000000000056e+00
3.980553161918002833e-03 8.067698000000000036e+00
4.000555941626133226e-03 1.058611499999999950e+01
4.020558721334264486e-03 1.002366999999999919e+01
4.040561501042394879e-03 7.101586000000000176e+00
4.060564280750525272e-03 1.363899999999999890e+00
4.080567060458656532e-03 -2.127247000000000110e+00
4.100569840166786925e-03 -4.720674999999999955e+00
4.120572619874917318e-03 -5.783922999999999703e+00
4.140575399583047711e-03 -6.125361999999999973e+00
4.160578179291178971e-03 -6.616431000000000395e+00
4.180580958999309364e-03 -7.066296999999999606e+00
4.200583738707439757e-03 -5.774773999999999852e+00
4.220586518415571017e-03 -5.736684999999999590e+00
4.240589298123701410e-03 -3.868376000000000037e+00
4.260592077831831803e-03 -1.056667000000000023e+00
4.280594857539963063e-03 5.459920000000000329e-01
4.300597637248093456e-03 2.887129999999999974e-01
4.320600416956223849e-03 -3.286930000000000129e-01
4.340603196664355110e-03 4.366559999999999886e-01
4.360605976372485502e-03 7.097029999999999728e-01
4.380608756080615895e-03 8.841860000000000275e-01
4.400611535788747156e-03 -6.511899999999999633e-02
4.420614315496877549e-03 1.581533000000000078e+00
4.440617095205007941e-03 1.640385999999999900e+00
4.460619874913139202e-03 -8.540229999999999766e-01
4.480622654621269595e-03 -6.579329999999999901e-01
4.500625434329399988e-03 -3.194453999999999905e+00
4.520628214037531248e-03 -4.591743000000000130e+00
4.540630993745661641e-03 -6.190649999999999764e-01
4.560633773453792034e-03 5.610460000000000447e-01
4.580636553161922427e-03 4.376437000000000133e+00
4.600639332870053687e-03 1.981954999999999911e+00
4.620642112578184080e-03 -9.211300000000000043e-02
4.640644892286314473e-03 -6.221149999999999736e-01
4.660647671994445733e-03 -8.000807999999999254e+00
4.680650451702576126e-03 -9.293499000000000621e+00
4.700653231410706519e-03 -1.240433999999999948e+01
4.720656011118837779e-03 -1.012341100000000083e+01
4.740658790826968172e-03 -1.260672999999999933e+00
4.760661570535098565e-03 2.600528000000000173e+00
4.780664350243229825e-03 9.057233999999999341e+00
4.800667129951360218e-03 1.088706400000000052e+01
4.820669909659490611e-03 7.681746000000000407e+00
4.840672689367621871e-03 1.946525999999999978e+00
4.860675469075752264e-03 -4.412328999999999724e+00
4.880678248783882657e-03 -7.671958000000000055e+00
4.900681028492013917e-03 -6.425596999999999781e+00
4.920683808200144310e-03 -3.018867999999999885e+00
4.940686587908274703e-03 -1.403361000000000081e+00
4.960689367616405096e-03 -3.806030000000000246e-01
4.980692147324536356e-03 1.037905000000000078e+00
5.000694927032666749e-03 -2.209913999999999934e+00
5.020697706740797142e-03 -9.239720000000000155e-01
5.040700486448928402e-03 -2.182402000000000175e+00
5.060703266157058795e-03 -3.346680000000000099e+00
5.080706045865189188e-03 -7.879019999999999913e-01
5.100708825573320448e-03 -3.177920000000000189e-01
5.120711605281450841e-03 -7.527979999999999672e-01
5.140714384989581234e-03 -2.157030999999999921e+00
5.160717164697712495e-03 -1.839795000000000069e+00
5.180719944405842887e-03 -2.440265000000000128e+00
5.200722724113973280e-03 -3.603699999999999903e+00
5.220725503822104541e-03 -2.087795999999999985e+00
5.240728283530234934e-03 -2.296343999999999941e+00
5.260731063238365326e-03 5.901100000000000095e-02
5.280733842946496587e-03 3.321299999999999919e+00
5.300736622654626980e-03 1.536046999999999940e+00
5.320739402362757373e-03 2.115688000000000013e+00
5.340742182070887765e-03 7.782249999999999446e-01
5.360744961779019026e-03 -9.025590000000000002e-01
5.380747741487149419e-03 -1.898973000000000022e+00
5.400750521195279812e-03 -4.861416000000000182e+00
5.420753300903411072e-03 -5.738566999999999751e+00
5.440756080611541465e-03 -4.642356000000000371e+00
5.460758860319671858e-03 -1.787430999999999992e+00
5.480761640027803118e-03 -3.780720000000000192e-01
5.500764419735933511e-03 -1.909809000000000090e+00
5.520767199444063904e-03 -2.115502999999999911e+00
5.540769979152195164e-03 -3.166163000000000061e+00
5.560772758860325557e-03 -2.885329000000000033e+00
5.580775538568455950e-03 -7.124380000000000157e-01
5.600778318276587210e-03 -6.969300000000000495e-01
5.620781097984717603e-03 -5.648189999999999600e-01
5.640783877692847996e-03 1.314067000000000096e+00
5.660786657400979256e-03 4.170599999999999863e-01
5.680789437109109649e-03 1.426063000000000081e+00
5.700792216817240042e-03 1.743686999999999987e+00
5.720794996525370435e-03 -9.135250000000000314e-01
5.740797776233501695e-03 -2.649462999999999901e+00
5.760800555941632088e-03 -2.829200999999999855e+00
5.780803335649762481e-03 -3.102183999999999831e+00
5.800806115357893741e-03 -3.244222999999999857e+00
5.820808895066024134e-03 -1.789312999999999931e+00
5.840811674774154527e-03 -1.759269999999999889e+00
5.860814454482285787e-03 -2.752244999999999830e+00
5.880817234190416180e-03 -1.825585000000000013e+00
5.900820013898546573e-03 -2.199985999999999997e+00
5.920822793606677834e-03 -2.832120999999999889e+00
5.940825573314808226e-03 -3.769747000000000181e+00
5.960828353022938619e-03 -3.652301000000000020e+00
5.980831132731069880e-03 -1.866983000000000059e+00
6.000833912439200273e-03 -3.745040000000000036e-01
6.020836692147330665e-03 4.633249999999999869e-01
6.040839471855461926e-03 1.961580000000000101e+00
6.060842251563592319e-03 2.114065999999999779e+00
6.080845031271722712e-03 1.811939999999999940e-01
6.100847810979853972e-03 -1.950428999999999968e+00
6.120850590687984365e-03 -2.017068000000000083e+00
6.140853370396114758e-03 -2.221204999999999874e+00
6.160856150104245151e-03 -1.639356999999999953e+00
6.180858929812376411e-03 -1.192152000000000100e+00
6.200861709520506804e-03 -2.398347999999999924e+00
6.220864489228637197e-03 -2.492564999999999920e+00
6.240867268936768457e-03 -2.015899999999999803e+00
6.260870048644898850e-03 -2.290829000000000004e+00
6.280872828353029243e-03 -1.869448999999999916e+00
6.300875608061160503e-03 -1.583358999999999961e+00
6.320878387769290896e-03 -3.321178999999999881e+00
6.340881167477421289e-03 -3.120028000000000024e+00
6.360883947185552549e-03 -4.468530000000000002e-01
6.380886726893682942e-03 1.717200000000000115e-01
6.400889506601813335e-03 1.395046000000000008e+00
6.420892286309944595e-03 3.108013999999999832e+00
6.440895066018074988e-03 8.320170000000000066e-01
6.460897845726205381e-03 -1.837719000000000102e+00
6.480900625434336641e-03 -2.070470999999999950e+00
6.500903405142467034e-03 -3.015559000000000101e+00
6.520906184850597427e-03 -3.306125000000000203e+00
6.540908964558727820e-03 -1.308950000000000058e+00
6.560911744266859080e-03 -7.292440000000000033e-01
6.580914523974989473e-03 6.093220000000000303e-01
6.600917303683119866e-03 1.816751000000000005e+00
6.620920083391251126e-03 -7.261290000000000244e-01
6.640922863099381519e-03 -3.104260000000000019e+00
6.660925642807511912e-03 -4.191646000000000427e+00
6.680928422515643172e-03 -4.537497000000000114e+00
6.700931202223773565e-03 -2.617992000000000097e+00
6.720933981931903958e-03 1.817130000000000134e-01
6.740936761640035219e-03 1.747320999999999902e+00
6.760939541348165611e-03 9.338250000000000162e-01
6.780942321056296004e-03 -5.743570000000000064e-01
6.800945100764427265e-03 -2.115568000000000115e+00
6.820947880472557658e-03 -4.237975999999999743e+00
6.840950660180688050e-03 -3.851506000000000096e+00
6.860953439888819311e-03 -2.036728999999999790e+00
6.880956219596949704e-03 -5.707879999999999621e-01
6.900958999305080097e-03 1.208493999999999957e+00
6.920961779013210489e-03 2.011803000000000008e+00
6.940964558721341750e-03 2.069099000000000022e+00
6.960967338429472143e-03 1.325356999999999896e+00
6.980970118137602536e-03 -1.932714000000000043e+00
7.000972897845733796e-03 -4.193268999999999913e+00
7.020975677553864189e-03 -4.353864999999999874e+00
7.040978457261994582e-03 -4.019758999999999638e+00
7.060981236970125842e-03 -1.755830999999999920e+00
7.080984016678256235e-03 7.032800000000000162e-01
7.100986796386386628e-03 8.477839999999999820e-01
7.120989576094517888e-03 6.465600000000000513e-02
7.140992355802648281e-03 -4.657350000000000101e-01
7.160995135510778674e-03 -2.589442000000000021e+00
7.180997915218909934e-03 -3.957272000000000123e+00
7.201000694927040327e-03 -3.976478999999999875e+00
7.221003474635170720e-03 -3.743662000000000045e+00
7.241006254343301980e-03 -1.942836999999999925e+00
7.261009034051432373e-03 7.378649999999999931e-01
7.281011813759562766e-03 1.449227000000000043e+00
7.301014593467693159e-03 6.540300000000000002e-01
7.321017373175824419e-03 5.172470000000000123e-01
7.341020152883954812e-03 -2.356439999999999924e-01
7.361022932592085205e-03 -9.825000000000000400e-01
7.381025712300216465e-03 -7.206200000000000105e-02
7.401028492008346858e-03 -1.427249999999999908e-01
7.421031271716477251e-03 -1.827336999999999989e+00
7.441034051424608511e-03 -2.881435999999999886e+00
7.461036831132738904e-03 -3.307942000000000160e+00
7.481039610840869297e-03 -3.424805000000000099e+00
7.501042390549000557e-03 -2.669124000000000052e+00
7.521045170257130950e-03 -1.621707999999999927e+00
7.541047949965261343e-03 -1.402322999999999986e+00
7.561050729673392604e-03 -9.162500000000000089e-01
7.581053509381522997e-03 -6.171180000000000554e-01
7.601056289089653389e-03 -7.986739999999999950e-01
7.621059068797784650e-03 -5.981710000000000083e-01
7.641061848505915043e-03 -6.964759999999999840e-01
7.661064628214045436e-03 -8.884130000000000082e-01
7.681067407922176696e-03 -8.865960000000000507e-01
7.701070187630307089e-03 -8.647939999999999516e-01
7.721072967338437482e-03 -9.413620000000000321e-01
7.741075747046567875e-03 -1.052837999999999941e+00
7.761078526754699135e-03 -1.047387999999999986e+00
7.781081306462829528e-03 -1.115194999999999936e+00
7.801084086170959921e-03 -1.067698000000000036e+00
7.821086865879090314e-03 -9.530410000000000270e-01
7.841089645587221574e-03 -8.013339999999999907e-01
7.861092425295352834e-03 -1.200004000000000071e+00
7.881095205003482360e-03 -2.575231000000000048e+00
7.901097984711613620e-03 -3.046444999999999848e+00
7.921100764419744880e-03 -2.826995000000000147e+00
7.941103544127874406e-03 -2.547914000000000012e+00
7.961106323836005666e-03 -1.115974000000000022e+00
7.981109103544136926e-03 5.867999999999999952e-03
8.001111883252266452e-03 4.272399999999999809e-02
8.021114662960397712e-03 -2.755000000000000157e-02
8.041117442668528972e-03 -4.542499999999999871e-01
8.061120222376658498e-03 -1.764396000000000075e+00
8.081123002084789758e-03 -2.276100000000000012e+00
8.101125781792921018e-03 -2.146843000000000057e+00
8.121128561501050544e-03 -1.970153999999999961e+00
8.141131341209181804e-03 -9.119030000000000191e-01
8.161134120917313065e-03 5.382050000000000445e-01
8.181136900625442590e-03 9.215609999999999635e-01
8.201139680333573850e-03 3.195990000000000220e-01
8.221142460041705111e-03 -3.779429999999999734e-01
8.241145239749834636e-03 -2.001819999999999933e+00
8.261148019457965896e-03 -3.837035999999999891e+00
8.281150799166095422e-03 -4.068035000000000068e+00
8.301153578874226682e-03 -3.469317999999999902e+00
8.321156358582357943e-03 -2.362530000000000019e+00
8.341159138290487468e-03 -3.202570000000000139e-01
8.361161917998618728e-03 1.138740000000000085e+00
8.381164697706749989e-03 1.157947000000000060e+00
8.401167477414879514e-03 4.967420000000000169e-01
8.421170257123010774e-03 -1.314464999999999995e+00
8.441173036831142035e-03 -2.962610000000000188e+00
8.461175816539271560e-03 -3.165709000000000106e+00
8.481178596247402821e-03 -2.752244999999999830e+00
8.501181375955534081e-03 -1.945367000000000068e+00
8.521184155663663606e-03 -6.982279999999999598e-01
8.541186935371794867e-03 4.387980000000000214e-01
8.561189715079926127e-03 8.391539999999999555e-01
8.581192494788055652e-03 3.346529999999999783e-01
8.601195274496186913e-03 -9.111240000000000450e-01
8.621198054204318173e-03 -2.479003000000000068e+00
8.641200833912447699e-03 -3.268361000000000072e+00
8.661203613620578959e-03 -2.702929999999999833e+00
8.681206393328710219e-03 -1.316931000000000074e+00
8.701209173036839745e-03 -2.274800000000000086e-02
8.721211952744971005e-03 3.931819999999999760e-01
8.741214732453102265e-03 5.083499999999999824e-02
8.761217512161231791e-03 -6.029079999999999995e-01
8.781220291869363051e-03 -1.986506000000000105e+00
8.801223071577494311e-03 -3.206911999999999985e+00
8.821225851285623837e-03 -3.103676000000000101e+00
8.841228630993755097e-03 -2.352148000000000128e+00
8.861231410701886357e-03 -1.371372000000000035e+00
8.881234190410015883e-03 2.642499999999999849e-01
8.901236970118147143e-03 1.247362000000000082e+00
8.921239749826278403e-03 9.519940000000000069e-01
8.941242529534407929e-03 2.007799999999999863e-02
8.961245309242539189e-03 -1.439569000000000099e+00
8.981248088950670450e-03 -2.505346999999999991e+00
9.001250868658799975e-03 -2.531822000000000017e+00
9.021253648366931235e-03 -2.005063999999999957e+00
9.041256428075062496e-03 -1.522040999999999977e+00
9.061259207783192021e-03 -1.193254999999999955e+00
9.081261987491323281e-03 -1.306548999999999960e+00
9.101264767199452807e-03 -1.627807999999999922e+00
9.121267546907584067e-03 -1.582645999999999997e+00
9.141270326615715328e-03 -1.579919999999999991e+00
9.161273106323844853e-03 -1.492321999999999926e+00
9.181275886031976113e-03 -7.495540000000000536e-01
9.201278665740107374e-03 3.030530000000000168e-01
9.221281445448236899e-03 5.846000000000000085e-01
9.241284225156368159e-03 9.722899999999999598e-02
9.261287004864499420e-03 -8.926960000000000450e-01
9.281289784572628945e-03 -2.207968000000000153e+00
9.301292564280760206e-03 -2.972862999999999811e+00
9.321295343988891466e-03 -3.048780999999999963e+00
9.341298123697020991e-03 -2.158717999999999915e+00
9.361300903405152252e-03 -9.862640000000000295e-01
9.381303683113283512e-03 -3.425139999999999851e-01
9.401306462821413037e-03 1.454999999999999913e-03
9.421309242529544298e-03 -1.451260000000000050e-01
9.441312022237675558e-03 -1.022731000000000057e+00
9.461314801945805084e-03 -1.588095999999999952e+00
9.481317581653936344e-03 -1.922527000000000097e+00
9.501320361362067604e-03 -2.261175000000000157e+00
9.521323141070197130e-03 -2.025113999999999859e+00
9.541325920778328390e-03 -1.276051999999999964e+00
9.561328700486459650e-03 -5.927210000000000534e-01
9.581331480194589176e-03 -3.109790000000000054e-01
9.601334259902720436e-03 -3.312229999999999897e-01
9.621337039610851696e-03 -6.387909999999999977e-01
9.641339819318981222e-03 -9.025590000000000002e-01
9.661342599027112482e-03 -9.973600000000000243e-01
9.681345378735243742e-03 -1.581607999999999903e+00
9.701348158443373268e-03 -2.203101000000000198e+00
9.721350938151504528e-03 -2.362076000000000064e+00
9.741353717859635789e-03 -2.270259999999999945e+00
9.761356497567765314e-03 -1.621642999999999946e+00
9.781359277275896574e-03 -2.722410000000000108e-01
9.801362056984027835e-03 4.280909999999999993e-01
9.821364836692157360e-03 8.483599999999999475e-02
9.841367616400288620e-03 -7.747300000000000297e-01
9.861370396108418146e-03 -1.848684999999999912e+00
9.881373175816549406e-03 -2.751660999999999913e+00
9.901375955524680667e-03 -2.952682999999999947e+00
9.921378735232810192e-03 -2.327036000000000104e+00
9.941381514940941452e-03 -1.421335000000000015e+00
9.961384294649072713e-03 -2.945619999999999905e-01
9.981387074357202238e-03 9.128659999999999553e-01
1.000138985406533350e-02 1.251060999999999979e+00
1.002139263377346476e-02 3.997350000000000070e-01
1.004139541348159428e-02 -1.212266999999999983e+00
1.006139819318972554e-02 -2.593659000000000159e+00
1.008140097289785680e-02 -3.197503000000000206e+00
1.010140375260598633e-02 -2.884095999999999993e+00
1.012140653231411759e-02 -1.992151000000000005e+00
1.014140931202224885e-02 -7.054949999999999832e-01
1.016141209173037838e-02 2.401770000000000016e-01
1.018141487143850964e-02 3.140189999999999926e-01
1.020141765114664090e-02 -4.005230000000000179e-01
1.022142043085477042e-02 -1.282799999999999940e+00
1.024142321056290168e-02 -2.073974999999999902e+00
1.026142599027103294e-02 -2.467842000000000091e+00
1.028142876997916247e-02 -2.260397000000000212e+00
1.030143154968729373e-02 -1.736818999999999891e+00
1.032143432939542499e-02 -7.818680000000000074e-01
1.034143710910355451e-02 -1.370800000000000074e-01
1.036143988881168577e-02 -2.327239999999999864e-01
1.038144266851981704e-02 -7.874480000000000368e-01
1.040144544822794656e-02 -1.605356000000000005e+00
1.042144822793607782e-02 -1.970024999999999915e+00
1.044145100764420908e-02 -1.408357999999999999e+00
1.046145378735233861e-02 -7.304770000000000429e-01
1.048145656706046987e-02 -6.483290000000000441e-01
1.050145934676860113e-02 -6.234769999999999479e-01
1.052146212647673065e-02 -6.423600000000000421e-01
1.054146490618486191e-02 -1.151402999999999954e+00
1.056146768589299317e-02 -1.672644999999999937e+00
1.058147046560112270e-02 -1.902995999999999910e+00
1.060147324530925396e-02 -1.952309999999999990e+00
1.062147602501738522e-02 -1.520937999999999901e+00
1.064147880472551475e-02 -8.998979999999999757e-01
1.066148158443364601e-02 -6.345730000000000537e-01
1.068148436414177553e-02 -6.054380000000000317e-01
1.070148714384990679e-02 -8.454580000000000428e-01
1.072148992355803805e-02 -1.361898000000000053e+00
1.074149270326616758e-02 -1.887812000000000046e+00
1.076149548297429884e-02 -1.953284000000000020e+00
1.078149826268243010e-02 -1.516331000000000095e+00
1.080150104239055962e-02 -1.022535999999999889e+00
1.082150382209869088e-02 -4.690449999999999897e-01
1.084150660180682214e-02 -1.318890000000000062e-01
1.086150938151495167e-02 -2.212389999999999912e-01
1.088151216122308293e-02 -5.663110000000000088e-01
1.090151494093121419e-02 -1.094886000000000026e+00
1.092151772063934372e-02 -2.003572000000000131e+00
1.094152050034747498e-02 -2.474526000000000003e+00
1.096152328005560624e-02 -2.050225999999999882e+00
1.098152605976373576e-02 -1.178849999999999953e+00
1.100152883947186702e-02 -4.192759999999999820e-01
1.102153161917999828e-02 -7.167300000000000060e-02
1.104153439888812781e-02 -2.461560000000000137e-01
1.106153717859625907e-02 -9.480450000000000266e-01
1.108153995830439033e-02 -1.693797999999999915e+00
1.110154273801251985e-02 -2.316914000000000140e+00
1.112154551772065111e-02 -2.729210000000000136e+00
1.114154829742878237e-02 -2.353056000000000036e+00
1.116155107713691190e-02 -1.331140999999999908e+00
1.118155385684504316e-02 -2.965090000000000225e-01
1.120155663655317442e-02 3.035720000000000085e-01
1.122155941626130395e-02 3.556770000000000209e-01
1.124156219596943521e-02 -2.042380000000000029e-01
1.126156497567756647e-02 -1.017085000000000017e+00
1.128156775538569599e-02 -1.699054000000000064e+00
1.130157053509382725e-02 -2.064242000000000132e+00
1.132157331480195851e-02 -2.091689000000000132e+00
1.134157609451008804e-02 -1.874575000000000102e+00
1.136157887421821930e-02 -1.494008999999999920e+00
1.138158165392635056e-02 -1.125057999999999891e+00
1.140158443363448008e-02 -7.366409999999999902e-01
1.142158721334261134e-02 -5.277680000000000149e-01
1.144158999305074087e-02 -6.529359999999999609e-01
1.146159277275887213e-02 -1.033501999999999921e+00
1.148159555246700339e-02 -1.349439999999999973e+00
1.150159833217513292e-02 -1.627677999999999958e+00
1.152160111188326418e-02 -1.854135000000000089e+00
1.154160389159139544e-02 -1.813320999999999961e+00
1.156160667129952496e-02 -1.621512999999999982e+00
1.158160945100765622e-02 -1.292923000000000044e+00
1.160161223071578748e-02 -8.246289999999999454e-01
1.162161501042391701e-02 -5.101830000000000531e-01
1.164161779013204827e-02 -5.539180000000000215e-01
1.166162056984017953e-02 -7.914710000000000356e-01
1.168162334954830905e-02 -1.286499000000000059e+00
1.170162612925644031e-02 -1.758167000000000035e+00
1.172162890896457157e-02 -1.814683999999999964e+00
1.174163168867270110e-02 -1.442812999999999901e+00
1.176163446838083236e-02 -9.305900000000000283e-01
1.178163724808896362e-02 -5.965489999999999959e-01
1.180164002779709315e-02 -6.032319999999999904e-01
1.182164280750522441e-02 -9.013910000000000533e-01
1.184164558721335567e-02 -1.308885000000000076e+00
1.186164836692148519e-02 -1.723516999999999966e+00
1.188165114662961645e-02 -2.032316999999999929e+00
1.190165392633774771e-02 -2.007204999999999906e+00
1.192165670604587724e-02 -1.671607000000000065e+00
1.194165948575400850e-02 -1.003459000000000101e+00
1.196166226546213976e-02 -4.346539999999999848e-01
1.198166504517026928e-02 -4.565210000000000101e-01
1.200166782487840055e-02 -9.436980000000000368e-01
1.202167060458653181e-02 -1.485832999999999959e+00
1.204167338429466133e-02 -1.818577000000000110e+00
1.206167616400279259e-02 -1.752132000000000023e+00
1.208167894371092385e-02 -1.323679000000000050e+00
1.210168172341905338e-02 -7.984790000000000498e-01
1.212168450312718464e-02 -4.478260000000000018e-01
1.214168728283531590e-02 -6.004420000000000313e-01
1.216169006254344542e-02 -1.075290000000000079e+00
1.218169284225157668e-02 -1.623783999999999894e+00
1.220169562195970794e-02 -1.936217999999999995e+00
1.222169840166783747e-02 -1.897675000000000001e+00
1.224170118137596873e-02 -1.477527999999999953e+00
1.226170396108409825e-02 -7.517599999999999838e-01
1.228170674079222952e-02 -1.911309999999999953e-01
1.230170952050036078e-02 -2.067690000000000083e-01
1.232171230020849030e-02 -8.806920000000000304e-01
1.234171507991662156e-02 -1.876846000000000014e+00
1.236171785962475282e-02 -2.647645999999999944e+00
1.238172063933288235e-02 -2.646736999999999895e+00
1.240172341904101361e-02 -1.903710000000000013e+00
1.242172619874914487e-02 -8.821839999999999682e-01
1.244172897845727439e-02 -9.230700000000000016e-02
1.246173175816540565e-02 2.973430000000000240e-01
1.248173453787353691e-02 2.182449999999999946e-01
1.250173731758166644e-02 -4.465290000000000092e-01
1.252174009728979770e-02 -1.464615000000000000e+00
1.254174287699792896e-02 -2.358052999999999955e+00
1.256174565670605849e-02 -2.699037000000000130e+00
1.258174843641418975e-02 -2.335536999999999974e+00
1.260175121612232101e-02 -1.590043000000000095e+00
1.262175399583045053e-02 -7.187320000000000375e-01
1.264175677553858179e-02 -2.041090000000000126e-01
1.266175955524671305e-02 -2.541370000000000018e-01
1.268176233495484258e-02 -7.534469999999999779e-01
1.270176511466297384e-02 -1.265994000000000064e+00
1.272176789437110510e-02 -1.610676999999999914e+00
1.274177067407923462e-02 -1.660706000000000016e+00
1.276177345378736588e-02 -1.563763000000000014e+00
1.278177623349549714e-02 -1.377470999999999890e+00
1.280177901320362667e-02 -1.223881999999999914e+00
1.282178179291175793e-02 -1.010855999999999977e+00
1.284178457261988919e-02 -8.207999999999999741e-01
1.286178735232801872e-02 -7.867340000000000444e-01
1.288179013203614998e-02 -1.079960999999999949e+00
1.290179291174428124e-02 -1.522818999999999923e+00
1.292179569145241076e-02 -1.660056999999999894e+00
1.294179847116054202e-02 -1.488429000000000002e+00
1.296180125086867328e-02 -1.242893999999999943e+00
1.298180403057680281e-02 -1.062311999999999923e+00
1.300180681028493407e-02 -1.061274000000000051e+00
1.302180958999306359e-02 -1.045571000000000028e+00
1.304181236970119485e-02 -8.897110000000000296e-01
1.306181514940932611e-02 -7.162020000000000053e-01
1.308181792911745564e-02 -8.367630000000000345e-01
1.310182070882558690e-02 -1.092939000000000105e+00
1.312182348853371816e-02 -1.395056000000000074e+00
1.314182626824184769e-02 -1.607042999999999999e+00
1.316182904794997895e-02 -1.561426999999999898e+00
1.318183182765811021e-02 -1.403232000000000035e+00
1.320183460736623973e-02 -1.283708999999999989e+00
1.322183738707437099e-02 -1.238871000000000056e+00
1.324184016678250225e-02 -1.147769000000000039e+00
1.326184294649063178e-02 -1.086904000000000092e+00
1.328184572619876304e-02 -1.056926000000000032e+00
1.330184850590689430e-02 -1.068475999999999981e+00
1.332185128561502382e-02 -1.199224999999999985e+00
1.334185406532315508e-02 -1.346778999999999948e+00
1.336185684503128634e-02 -1.393888000000000016e+00
1.338185962473941587e-02 -1.330686999999999953e+00
1.340186240444754713e-02 -1.241336999999999913e+00
1.342186518415567839e-02 -1.149650999999999978e+00
1.344186796386380792e-02 -1.223492999999999942e+00
1.346187074357193918e-02 -1.290327000000000002e+00
1.348187352328007044e-02 -1.292597999999999914e+00
1.350187630298819996e-02 -1.151337999999999973e+00
1.352187908269633122e-02 -1.030386999999999942e+00
1.354188186240446248e-02 -1.081843000000000110e+00
1.356188464211259201e-02 -1.096508000000000038e+00
1.358188742182072327e-02 -1.154322999999999988e+00
1.360189020152885453e-02 -1.242893999999999943e+00
1.362189298123698405e-02 -1.301358000000000015e+00
1.364189576094511532e-02 -1.355150000000000077e+00
1.366189854065324658e-02 -1.357291000000000025e+00
1.368190132036137610e-02 -1.245684000000000013e+00
1.370190410006950736e-02 -1.063803999999999972e+00
1.372190687977763862e-02 -9.799050000000000260e-01
1.374190965948576815e-02 -9.969700000000000228e-01
1.376191243919389941e-02 -1.150689000000000073e+00
1.378191521890203067e-02 -1.363844999999999974e+00
1.380191799861016019e-02 -1.565709999999999935e+00
1.382192077831829145e-02 -1.645780999999999938e+00
1.384192355802642098e-02 -1.578297999999999979e+00
1.386192633773455224e-02 -1.258078000000000030e+00
1.388192911744268350e-02 -8.327400000000000357e-01
1.390193189715081303e-02 -4.488650000000000140e-01
1.392193467685894429e-02 -4.312150000000000150e-01
1.394193745656707555e-02 -7.991279999999999495e-01
1.396194023627520507e-02 -1.316476999999999897e+00
1.398194301598333633e-02 -1.869059999999999944e+00
1.400194579569146759e-02 -2.070664999999999978e+00
1.402194857539959712e-02 -1.863348999999999922e+00
1.404195135510772838e-02 -1.348076999999999970e+00
1.406195413481585964e-02 -7.766769999999999508e-01
1.408195691452398916e-02 -3.727519999999999722e-01
1.410195969423212042e-02 -3.223989999999999911e-01
1.412196247394025168e-02 -6.966059999999999475e-01
1.414196525364838121e-02 -1.277155000000000040e+00
1.416196803335651247e-02 -1.882101999999999942e+00
1.418197081306464373e-02 -2.177404999999999813e+00
1.420197359277277326e-02 -2.000976000000000088e+00
1.422197637248090452e-02 -1.372864000000000084e+00
1.424197915218903578e-02 -6.411919999999999842e-01
1.426198193189716530e-02 -1.656299999999999994e-01
1.428198471160529656e-02 -1.460990000000000066e-01
1.430198749131342782e-02 -6.069959999999999800e-01
1.432199027102155735e-02 -1.206687000000000065e+00
1.434199305072968861e-02 -1.628975000000000062e+00
1.436199583043781987e-02 -1.773868999999999918e+00
1.438199861014594939e-02 -1.623979000000000061e+00
1.440200138985408065e-02 -1.327766999999999920e+00
1.442200416956221191e-02 -1.055822999999999956e+00
1.444200694927034144e-02 -8.273540000000000338e-01
1.446200972897847270e-02 -7.461799999999999544e-01
1.448201250868660396e-02 -9.447360000000000202e-01
1.450201528839473349e-02 -1.219859000000000027e+00
1.452201806810286475e-02 -1.437880999999999965e+00
1.454202084781099601e-02 -1.372149999999999981e+00
1.456202362751912553e-02 -1.138684999999999947e+00
1.458202640722725679e-02 -8.390339999999999465e-01
1.460202918693538632e-02 -7.276869999999999727e-01
1.462203196664351758e-02 -9.018450000000000077e-01
1.464203474635164884e-02 -1.188193999999999972e+00
1.466203752605977836e-02 -1.309468999999999994e+00
1.468204030576790962e-02 -1.312454000000000010e+00
1.470204308547604088e-02 -1.247500999999999971e+00
1.472204586518417041e-02 -1.146406000000000036e+00
1.474204864489230167e-02 -1.113313999999999915e+00
1.476205142460043293e-02 -1.142447999999999908e+00
1.478205420430856246e-02 -1.153413999999999939e+00
1.480205698401669372e-02 -1.127783999999999898e+00
1.482205976372482498e-02 -1.125318000000000040e+00
1.484206254343295450e-02 -1.124149999999999983e+00
1.486206532314108576e-02 -1.073603000000000085e+00
1.488206810284921702e-02 -9.860689999999999733e-01
1.490207088255734655e-02 -8.150249999999999995e-01
1.492207366226547781e-02 -7.892000000000000126e-01
1.494207644197360907e-02 -9.615420000000000078e-01
1.496207922168173859e-02 -1.250550999999999968e+00
1.498208200138986985e-02 -1.430938999999999961e+00
1.500208478109800111e-02 -1.461111000000000049e+00
1.502208756080613064e-02 -1.319590999999999958e+00
1.504209034051426190e-02 -1.164250000000000007e+00
1.506209312022239316e-02 -1.109226000000000045e+00
1.508209589993052269e-02 -1.107278999999999902e+00
1.510209867963865395e-02 -1.091447000000000056e+00
1.512210145934678521e-02 -1.008780000000000010e+00
1.514210423905491473e-02 -1.046349999999999891e+00
1.516210701876304599e-02 -1.103191000000000033e+00
1.518210979847117725e-02 -1.179499000000000075e+00
1.520211257817930678e-02 -1.242439999999999989e+00
1.522211535788743804e-02 -1.312129000000000101e+00
1.524211813759556930e-02 -1.306030000000000024e+00
1.526212091730369882e-02 -1.275922000000000001e+00
1.528212369701183009e-02 -1.187415000000000109e+00
1.530212647671996135e-02 -9.922980000000000134e-01
1.532212925642809087e-02 -7.566910000000000025e-01
1.534213203613622213e-02 -5.937590000000000368e-01
1.536213481584435339e-02 -6.145880000000000232e-01
1.538213759555248292e-02 -8.948369999999999935e-01
1.540214037526061418e-02 -1.327312999999999965e+00
1.542214315496874370e-02 -1.633712000000000053e+00
1.544214593467687496e-02 -1.739478999999999997e+00
1.546214871438500622e-02 -1.585306000000000104e+00
1.548215149409313575e-02 -1.225894000000000039e+00
1.550215427380126701e-02 -9.136549999999999949e-01
1.552215705350939827e-02 -6.907659999999999911e-01
1.554215983321752780e-02 -6.267859999999999543e-01
1.556216261292565906e-02 -7.334619999999999473e-01
1.558216539263379032e-02 -1.090149000000000035e+00
1.560216817234191984e-02 -1.479994000000000032e+00
1.562217095205005110e-02 -1.621837999999999891e+00
1.564217373175818063e-02 -1.541117999999999988e+00
1.566217651146631362e-02 -1.222649000000000097e+00
1.568217929117444315e-02 -8.507780000000000342e-01
1.570218207088257267e-02 -5.987550000000000372e-01
1.572218485059070567e-02 -6.655889999999999862e-01
1.574218763029883519e-02 -9.059329999999999883e-01
1.576219041000696472e-02 -1.142058999999999935e+00
1.578219318971509771e-02 -1.347623000000000015e+00
1.580219596942322724e-02 -1.442943000000000087e+00
1.582219874913135677e-02 -1.408941999999999917e+00
1.584220152883948976e-02 -1.227775000000000061e+00
1.586220430854761929e-02 -9.596599999999999575e-01
1.588220708825574881e-02 -7.726539999999999520e-01
1.590220986796388181e-02 -7.757680000000000131e-01
1.592221264767201133e-02 -1.020588999999999968e+00
1.594221542738014086e-02 -1.354306000000000010e+00
1.596221820708827385e-02 -1.580244999999999900e+00
1.598222098679640338e-02 -1.484795000000000087e+00
1.600222376650453290e-02 -1.275598000000000010e+00
1.602222654621266590e-02 -1.009818000000000104e+00
1.604222932592079542e-02 -7.740810000000000191e-01
1.606223210562892495e-02 -6.554020000000000401e-01
1.608223488533705794e-02 -7.349539999999999962e-01
1.610223766504518747e-02 -9.078150000000000386e-01
1.612224044475331700e-02 -1.187675000000000036e+00
1.614224322446144999e-02 -1.384414000000000033e+00
1.616224600416957952e-02 -1.424125000000000085e+00
1.618224878387770904e-02 -1.303109999999999991e+00
1.620225156358584204e-02 -1.107278999999999902e+00
1.622225434329397156e-02 -9.278650000000000508e-01
1.624225712300210109e-02 -8.989249999999999741e-01
1.626225990271023408e-02 -1.022925000000000084e+00
1.628226268241836361e-02 -1.183132999999999990e+00
1.630226546212649313e-02 -1.270146999999999915e+00
1.632226824183462613e-02 -1.229721999999999982e+00
1.634227102154275565e-02 -1.111626999999999921e+00
1.636227380125088518e-02 -1.031425999999999954e+00
1.638227658095901818e-02 -1.052643999999999913e+00
1.640227936066714770e-02 -1.148222999999999994e+00
1.642228214037527723e-02 -1.262620000000000076e+00
1.644228492008341022e-02 -1.357615999999999934e+00
1.646228769979153975e-02 -1.442552999999999974e+00
1.648229047949966927e-02 -1.432366000000000028e+00
1.650229325920780227e-02 -1.243932000000000038e+00
1.652229603891593179e-02 -9.059979999999999700e-01
1.654229881862406132e-02 -6.022589999999999888e-01
1.656230159833219084e-02 -4.965570000000000261e-01
1.658230437804032384e-02 -6.415159999999999751e-01
1.660230715774845336e-02 -9.469419999999999504e-01
1.662230993745658289e-02 -1.329325000000000090e+00
1.664231271716471589e-02 -1.538456999999999963e+00
1.666231549687284541e-02 -1.600943999999999923e+00
1.668231827658097494e-02 -1.479929000000000050e+00
1.670232105628910793e-02 -1.261193000000000008e+00
1.672232383599723746e-02 -1.018253000000000075e+00
1.674232661570536698e-02 -8.556449999999999889e-01
1.676232939541349998e-02 -8.690769999999999884e-01
1.678233217512162950e-02 -9.449950000000000294e-01
1.680233495482975903e-02 -1.056278000000000050e+00
1.682233773453789202e-02 -1.187349999999999905e+00
1.684234051424602155e-02 -1.263528999999999902e+00
1.686234329395415107e-02 -1.219729000000000063e+00
1.688234607366228407e-02 -1.158930000000000016e+00
1.690234885337041359e-02 -1.105591999999999908e+00
1.692235163307854312e-02 -1.081193999999999988e+00
1.694235441278667612e-02 -1.068346999999999936e+00
1.696235719249480564e-02 -1.044597999999999915e+00
1.698235997220293517e-02 -1.050113000000000074e+00
1.700236275191106816e-02 -1.097676000000000096e+00
1.702236553161919769e-02 -1.165418000000000065e+00
1.704236831132732721e-02 -1.320175000000000098e+00
1.706237109103546021e-02 -1.451961999999999975e+00
1.708237387074358973e-02 -1.273455999999999921e+00
1.710237665045171926e-02 -1.075094999999999912e+00
1.712237943015985225e-02 -9.976840000000000153e-01
1.714238220986798178e-02 -9.611520000000000064e-01
1.716238498957611130e-02 -9.344829999999999526e-01
1.718238776928424430e-02 -1.043169999999999931e+00
1.720239054899237383e-02 -1.193773999999999891e+00
1.722239332870050335e-02 -1.362287000000000026e+00
1.724239610840863635e-02 -1.521327000000000096e+00
1.726239888811676587e-02 -1.485119999999999996e+00
1.728240166782489540e-02 -1.201106999999999925e+00
1.730240444753302839e-02 -8.886730000000000462e-01
1.732240722724115792e-02 -6.881049999999999667e-01
1.734241000694928744e-02 -6.484590000000000076e-01
1.736241278665742044e-02 -8.264460000000000139e-01
1.738241556636554996e-02 -1.139917999999999987e+00
1.740241834607367949e-02 -1.368905999999999956e+00
1.742242112578181248e-02 -1.506272999999999973e+00
1.744242390548994201e-02 -1.504845999999999906e+00
1.746242668519807154e-02 -1.350673000000000012e+00
1.748242946490620453e-02 -1.140112000000000014e+00
1.750243224461433406e-02 -9.263730000000000020e-01
1.752243502432246358e-02 -8.219039999999999679e-01
1.754243780403059658e-02 -9.113839999999999719e-01
1.756244058373872610e-02 -1.153867999999999894e+00
1.758244336344685563e-02 -1.360470999999999986e+00
1.760244614315498862e-02 -1.377860000000000085e+00
1.762244892286311815e-02 -1.237573000000000034e+00
1.764245170257124767e-02 -1.001382999999999912e+00
1.766245448227938067e-02 -9.076849999999999641e-01
1.768245726198751019e-02 -9.805540000000000367e-01
1.770246004169563972e-02 -1.164770000000000083e+00
1.772246282140377271e-02 -1.294934000000000029e+00
1.774246560111190224e-02 -1.320500000000000007e+00
1.776246838082003177e-02 -1.273390999999999940e+00
1.778247116052816476e-02 -1.206491999999999898e+00
1.780247394023629429e-02 -1.143162000000000011e+00
1.782247671994442381e-02 -1.026558999999999999e+00
1.784247949965255681e-02 -9.551830000000000043e-01
1.786248227936068633e-02 -9.862640000000000295e-01
1.788248505906881586e-02 -1.180407999999999902e+00
1.790248783877694885e-02 -1.379936999999999969e+00
1.792249061848507838e-02 -1.474866999999999928e+00
1.794249339819320790e-02 -1.321927000000000074e+00
1.796249617790134090e-02 -1.059196999999999944e+00
1.798249895760947042e-02 -8.275489999999999791e-01
1.800250173731759995e-02 -7.781689999999999996e-01
1.802250451702573295e-02 -8.793940000000000090e-01
1.804250729673386247e-02 -1.062052999999999914e+00
1.806251007644199200e-02 -1.253859999999999975e+00
1.808251285615012499e-02 -1.371955999999999953e+00
1.810251563585825452e-02 -1.395575000000000010e+00
1.812251841556638404e-02 -1.336397000000000057e+00
1.814252119527451357e-02 -1.239519999999999955e+00
1.816252397498264656e-02 -1.081584000000000101e+00
1.818252675469077609e-02 -9.569349999999999801e-01
1.820252953439890561e-02 -9.587510000000000199e-01
1.822253231410703861e-02 -1.103644999999999987e+00
1.824253509381516813e-02 -1.317644999999999955e+00
1.826253787352329766e-02 -1.423346999999999918e+00
1.828254065323143066e-02 -1.348985000000000101e+00
1.830254343293956018e-02 -1.185793000000000097e+00
1.832254621264768971e-02 -1.025390999999999941e+00
1.834254899235582270e-02 -9.567400000000000349e-01
1.836255177206395223e-02 -9.529760000000000453e-01
1.838255455177208175e-02 -1.016437000000000035e+00
1.840255733148021475e-02 -1.120386000000000104e+00
1.842256011118834427e-02 -1.229333000000000009e+00
1.844256289089647380e-02 -1.319007000000000041e+00
1.846256567060460679e-02 -1.347298000000000107e+00
1.848256845031273632e-02 -1.233095999999999970e+00
1.850257123002086584e-02 -1.093263000000000096e+00
1.852257400972899884e-02 -9.603089999999999682e-01
1.854257678943712837e-02 -8.810810000000000031e-01
1.856257956914525789e-02 -9.318880000000000496e-01
1.858258234885339089e-02 -1.052319000000000004e+00
1.860258512856152041e-02 -1.215316999999999981e+00
1.862258790826964994e-02 -1.332114999999999938e+00
1.864259068797778293e-02 -1.410174000000000039e+00
1.866259346768591246e-02 -1.409980000000000011e+00
1.868259624739404198e-02 -1.357679999999999998e+00
1.870259902710217498e-02 -1.236469999999999958e+00
1.872260180681030450e-02 -1.119218000000000046e+00
1.874260458651843403e-02 -9.911299999999999555e-01
1.876260736622656702e-02 -9.015210000000000168e-01
1.878261014593469655e-02 -8.929550000000000542e-01
1.880261292564282607e-02 -9.470070000000000432e-01
1.882261570535095907e-02 -1.060429999999999984e+00
1.884261848505908860e-02 -1.170350000000000001e+00
1.886262126476721812e-02 -1.278192999999999913e+00
1.888262404447535112e-02 -1.319266999999999967e+00
1.890262682418348064e-02 -1.281697000000000086e+00
1.892262960389161017e-02 -1.198315999999999937e+00
1.894263238359974316e-02 -1.125707000000000013e+00
1.896263516330787269e-02 -1.098130000000000051e+00
1.898263794301600221e-02 -1.085995999999999961e+00
1.900264072272413521e-02 -1.127783999999999898e+00
1.902264350243226473e-02 -1.153739000000000070e+00
1.904264628214039426e-02 -1.188388999999999918e+00
1.906264906184852725e-02 -1.182158999999999960e+00
1.908265184155665678e-02 -1.149326000000000070e+00
1.910265462126478631e-02 -1.123566000000000065e+00
1.912265740097291930e-02 -1.087682999999999955e+00
1.914266018068104883e-02 -1.084632999999999958e+00
1.916266296038917835e-02 -1.154258000000000006e+00
1.918266574009731135e-02 -1.250356000000000023e+00
1.920266851980544087e-02 -1.295323000000000002e+00
1.922267129951357040e-02 -1.238677000000000028e+00
1.924267407922170339e-02 -1.123436000000000101e+00
1.926267685892983292e-02 -9.664730000000000265e-01
1.928267963863796244e-02 -8.580459999999999754e-01
1.930268241834609544e-02 -8.836119999999999530e-01
1.932268519805422496e-02 -1.018966999999999956e+00
1.934268797776235449e-02 -1.163861000000000034e+00
1.936269075747048748e-02 -1.290910999999999920e+00
1.938269353717861701e-02 -1.337110999999999938e+00
1.940269631688674654e-02 -1.316542000000000101e+00
1.942269909659487953e-02 -1.231084999999999985e+00
1.944270187630300906e-02 -1.154322999999999988e+00
1.946270465601113858e-02 -1.085995999999999961e+00
1.948270743571927158e-02 -1.109550000000000036e+00
1.950271021542740110e-02 -1.178266000000000036e+00
1.952271299513553063e-02 -1.266837999999999909e+00
1.954271577484366362e-02 -1.325690999999999953e+00
1.956271855455179315e-02 -1.252887000000000084e+00
1.958272133425992267e-02 -1.085606999999999989e+00
1.960272411396805567e-02 -8.944480000000000208e-01
1.962272689367618519e-02 -8.056820000000000093e-01
1.964272967338431472e-02 -8.951620000000000132e-01
1.966273245309244772e-02 -1.094106999999999941e+00
1.968273523280057724e-02 -1.286434000000000077e+00
1.970273801250870677e-02 -1.378899000000000097e+00
1.972274079221683629e-02 -1.341328999999999994e+00
1.974274357192496929e-02 -1.225959000000000021e+00
1.976274635163309881e-02 -1.063998999999999917e+00
1.978274913134122834e-02 -8.807570000000000121e-01
1.980275191104936133e-02 -8.276139999999999608e-01
1.982275469075749086e-02 -8.933449999999999447e-01
1.984275747046562038e-02 -1.098778999999999950e+00
1.986276025017375338e-02 -1.333477000000000023e+00
1.988276302988188290e-02 -1.496669999999999945e+00
1.990276580959001243e-02 -1.505884000000000000e+00
1.992276858929814543e-02 -1.331336000000000075e+00
1.994277136900627495e-02 -1.088786000000000032e+00
1.996277414871440448e-02 -9.195590000000000153e-01
1.998277692842253747e-02 -8.377360000000000362e-01
2.000277970813066700e-02 -8.912679999999999492e-01
2.002278248783879652e-02 -9.877559999999999674e-01
2.004278526754692952e-02 -1.105202999999999935e+00
2.006278804725505904e-02 -1.198771000000000031e+00
2.008279082696318857e-02 -1.232058000000000098e+00
2.010279360667132156e-02 -1.207530999999999910e+00
2.012279638637945109e-02 -1.177097999999999978e+00
2.014279916608758061e-02 -1.122398000000000007e+00
2.016280194579571361e-02 -1.124344999999999928e+00
2.018280472550384314e-02 -1.149132000000000042e+00
2.020280750521197266e-02 -1.183003000000000027e+00
2.022281028492010566e-02 -1.206102999999999925e+00
2.024281306462823518e-02 -1.158150999999999931e+00
2.026281584433636471e-02 -1.120127000000000095e+00
2.028281862404449770e-02 -1.067048999999999914e+00
2.030282140375262723e-02 -1.058094000000000090e+00
2.032282418346075675e-02 -1.058289000000000035e+00
2.034282696316888975e-02 -1.085477000000000025e+00
2.036282974287701927e-02 -1.104878000000000027e+00
2.038283252258514880e-02 -1.131288000000000071e+00
2.040283530229328179e-02 -1.153804000000000052e+00
2.042283808200141132e-02 -1.189362000000000030e+00
2.044284086170954085e-02 -1.160422000000000065e+00
2.046284364141767384e-02 -1.147380000000000067e+00
2.048284642112580337e-02 -1.110587999999999909e+00
2.050284920083393289e-02 -1.090538000000000007e+00
2.052285198054206589e-02 -1.058418999999999999e+00
2.054285476025019541e-02 -1.049593999999999916e+00
2.056285753995832494e-02 -1.056796999999999986e+00
2.058286031966645793e-02 -1.078209999999999891e+00
2.060286309937458746e-02 -1.140956000000000081e+00
2.062286587908271698e-02 -1.211489000000000038e+00
2.064286865879084998e-02 -1.258078000000000030e+00
2.066287143849897950e-02 -1.270407000000000064e+00
2.068287421820710903e-02 -1.233160999999999952e+00
2.070287699791524202e-02 -1.190530000000000088e+00
2.072287977762337155e-02 -1.132519999999999971e+00
2.074288255733150108e-02 -1.097741000000000078e+00
2.076288533703963407e-02 -1.087617999999999974e+00
2.078288811674776360e-02 -1.084697999999999940e+00
2.080289089645589312e-02 -1.089630000000000098e+00
2.082289367616402612e-02 -1.103450999999999960e+00
2.084289645587215564e-02 -1.122721999999999998e+00
2.086289923558028517e-02 -1.145821999999999896e+00
2.088290201528841816e-02 -1.122786999999999979e+00
2.090290479499654769e-02 -1.112015999999999893e+00
2.092290757470467721e-02 -1.147250000000000103e+00
2.094291035441281021e-02 -1.172620999999999913e+00
2.096291313412093973e-02 -1.203702000000000050e+00
2.098291591382906926e-02 -1.190790000000000015e+00
2.100291869353720225e-02 -1.118050999999999906e+00
2.102292147324533178e-02 -1.002680000000000016e+00
2.104292425295346131e-02 -9.584270000000000289e-01
2.106292703266159430e-02 -9.611520000000000064e-01
2.108292981236972383e-02 -1.024612000000000078e+00
2.110293259207785335e-02 -1.122657999999999934e+00
2.112293537178598635e-02 -1.218366999999999978e+00
2.114293815149411587e-02 -1.295843000000000078e+00
2.116294093120224540e-02 -1.304861999999999966e+00
2.118294371091037839e-02 -1.251459000000000099e+00
2.120294649061850792e-02 -1.122916999999999943e+00
2.122294927032663744e-02 -9.568699999999999983e-01
2.124295205003477044e-02 -8.400720000000000409e-01
2.126295482974289996e-02 -8.476639999999999731e-01
2.128295760945102949e-02 -9.618659999999999988e-01
2.130296038915915902e-02 -1.150754000000000055e+00
2.132296316886729201e-02 -1.288510000000000044e+00
2.134296594857542154e-02 -1.324588000000000099e+00
2.136296872828355106e-02 -1.277608999999999995e+00
2.138297150799168406e-02 -1.180018000000000011e+00
2.140297428769981358e-02 -1.098065000000000069e+00
2.142297706740794311e-02 -1.023768999999999929e+00
2.144297984711607610e-02 -1.027466999999999908e+00
2.146298262682420563e-02 -1.085801000000000016e+00
2.148298540653233515e-02 -1.142578000000000094e+00
2.150298818624046815e-02 -1.218301999999999996e+00
2.152299096594859767e-02 -1.216874000000000011e+00
2.154299374565672720e-02 -1.151078000000000046e+00
2.156299652536486020e-02 -1.031749999999999945e+00
2.158299930507298972e-02 -9.222850000000000215e-01
2.160300208478111925e-02 -9.272160000000000402e-01
2.162300486448925224e-02 -1.013840999999999992e+00
2.164300764419738177e-02 -1.147250000000000103e+00
2.166301042390551129e-02 -1.246593000000000062e+00
2.168301320361364429e-02 -1.289484000000000075e+00
2.170301598332177381e-02 -1.251004999999999923e+00
2.172301876302990334e-02 -1.169181999999999944e+00
2.174302154273803633e-02 -1.078923000000000076e+00
2.176302432244616586e-02 -9.951529999999999543e-01
2.178302710215429538e-02 -9.812670000000000003e-01
2.180302988186242838e-02 -1.013711000000000029e+00
2.182303266157055791e-02 -1.096702000000000066e+00
2.184303544127868743e-02 -1.158605000000000107e+00
2.186303822098682043e-02 -1.216679999999999984e+00
2.188304100069494995e-02 -1.173464999999999980e+00
2.190304378040307948e-02 -1.130120000000000013e+00
2.192304656011121247e-02 -1.091056999999999944e+00
2.194304933981934200e-02 -1.079118000000000022e+00
2.196305211952747152e-02 -1.086969000000000074e+00
2.198305489923560452e-02 -1.113572999999999924e+00
2.200305767894373404e-02 -1.143810999999999911e+00
2.202306045865186357e-02 -1.134271999999999947e+00
2.204306323835999656e-02 -1.090538000000000007e+00
2.206306601806812609e-02 -1.042910999999999921e+00
2.208306879777625562e-02 -1.040899000000000019e+00
2.210307157748438861e-02 -1.083919999999999995e+00
2.212307435719251814e-02 -1.139528000000000096e+00
2.214307713690064766e-02 -1.207530999999999910e+00
2.216307991660878066e-02 -1.237119000000000080e+00
2.218308269631691018e-02 -1.231603999999999921e+00
2.220308547602503971e-02 -1.178719999999999990e+00
2.222308825573317270e-02 -1.124279999999999946e+00
2.224309103544130223e-02 -1.061404000000000014e+00
2.226309381514943175e-02 -1.006183999999999967e+00
2.228309659485756475e-02 -9.754920000000000258e-01
2.230309937456569427e-02 -1.002744999999999997e+00
2.232310215427382380e-02 -1.057900000000000063e+00
2.234310493398195679e-02 -1.098000000000000087e+00
2.236310771369008632e-02 -1.155945000000000000e+00
2.238311049339821585e-02 -1.190660000000000052e+00
2.240311327310634884e-02 -1.161330999999999891e+00
2.242311605281447837e-02 -1.128627000000000047e+00
2.244311883252260789e-02 -1.112405000000000088e+00
2.246312161223074089e-02 -1.079897000000000107e+00
2.248312439193887041e-02 -1.085347000000000062e+00
2.250312717164699994e-02 -1.012348999999999943e+00
2.252312995135513293e-02 -1.002550999999999970e+00
2.254313273106326246e-02 -1.023444000000000020e+00
2.256313551077139198e-02 -1.115000999999999909e+00
2.258313829047952498e-02 -1.196369999999999933e+00
2.260314107018765450e-02 -1.213241000000000014e+00
2.262314384989578403e-02 -1.199419999999999931e+00
2.264314662960391702e-02 -1.123890000000000056e+00
2.266314940931204655e-02 -1.081973000000000074e+00
2.268315218902017608e-02 -1.046154999999999946e+00
2.270315496872830907e-02 -1.059976000000000029e+00
2.272315774843643860e-02 -1.069125000000000103e+00
2.274316052814456812e-02 -1.109485000000000054e+00
2.276316330785270112e-02 -1.142643000000000075e+00
2.278316608756083064e-02 -1.147250000000000103e+00
2.280316886726896017e-02 -1.151596999999999982e+00
2.282317164697709316e-02 -1.081518999999999897e+00
2.284317442668522269e-02 -9.958019999999999650e-01
2.286317720639335221e-02 -9.582969999999999544e-01
2.288317998610148174e-02 -9.893779999999999797e-01
2.290318276580961473e-02 -1.096313000000000093e+00
2.292318554551774426e-02 -1.198836000000000013e+00
2.294318832522587379e-02 -1.275207999999999897e+00
2.296319110493400678e-02 -1.240882999999999958e+00
2.298319388464213631e-02 -1.187156000000000100e+00
2.300319666435026583e-02 -1.075614000000000070e+00
2.302319944405839883e-02 -1.018772000000000011e+00
2.304320222376652835e-02 -9.647860000000000325e-01
2.306320500347465788e-02 -1.000084999999999891e+00
2.308320778318279087e-02 -1.040121000000000073e+00
2.310321056289092040e-02 -1.122268000000000043e+00
2.312321334259904992e-02 -1.196565000000000101e+00
2.314321612230718292e-02 -1.241206999999999949e+00
2.316321890201531244e-02 -1.199548999999999976e+00
2.318322168172344197e-02 -1.105137999999999954e+00
2.320322446143157497e-02 -1.016307000000000071e+00
2.322322724113970449e-02 -9.752979999999999983e-01
2.324323002084783402e-02 -1.020523999999999987e+00
2.326323280055596701e-02 -1.110524000000000067e+00
2.328323558026409654e-02 -1.120581000000000049e+00
2.330323835997222606e-02 -1.141539999999999999e+00
2.332324113968035906e-02 -1.098778999999999950e+00
2.334324391938848858e-02 -1.069255000000000067e+00
2.336324669909661811e-02 -1.052708999999999895e+00
2.338324947880475110e-02 -1.055563999999999947e+00
2.340325225851288063e-02 -1.076912000000000091e+00
2.342325503822101015e-02 -1.126355999999999913e+00
2.344325781792914315e-02 -1.187415000000000109e+00
2.346326059763727268e-02 -1.209541999999999895e+00
2.348326337734540220e-02 -1.209931000000000090e+00
2.350326615705353520e-02 -1.163146999999999931e+00
2.352326893676166472e-02 -1.066918999999999951e+00
2.354327171646979425e-02 -1.001902000000000070e+00
2.356327449617792724e-02 -9.812670000000000003e-01
2.358327727588605677e-02 -1.022146999999999917e+00
2.360328005559418629e-02 -1.078794000000000031e+00
2.362328283530231929e-02 -1.119866999999999946e+00
2.364328561501044881e-02 -1.142123999999999917e+00
2.366328839471857834e-02 -1.106435999999999975e+00
2.368329117442671133e-02 -1.061013999999999902e+00
2.370329395413484086e-02 -1.029090000000000060e+00
2.372329673384297039e-02 -1.013322000000000056e+00
2.374329951355110338e-02 -1.024418000000000051e+00
2.376330229325923291e-02 -1.060365000000000002e+00
2.378330507296736243e-02 -1.107539000000000051e+00
2.380330785267549543e-02 -1.155685000000000073e+00
2.382331063238362495e-02 -1.164509999999999934e+00
2.384331341209175448e-02 -1.134142999999999901e+00
2.386331619179988747e-02 -1.100985000000000102e+00
2.388331897150801700e-02 -1.061404000000000014e+00
2.390332175121614652e-02 -1.065881000000000078e+00
2.392332453092427952e-02 -1.086125999999999925e+00
2.394332731063240904e-02 -1.115390000000000104e+00
2.396333009034053857e-02 -1.134142999999999901e+00
2.398333287004867156e-02 -1.120061999999999891e+00
2.400333564975680109e-02 -1.100076999999999972e+00
2.402333842946493062e-02 -1.037136000000000058e+00
2.404334120917306361e-02 -1.000928000000000040e+00
2.406334398888119314e-02 -9.728970000000000118e-01
2.408334676858932266e-02 -9.687440000000000495e-01
2.410334954829745566e-02 -1.011570000000000080e+00
2.412335232800558518e-02 -1.042067000000000077e+00
2.414335510771371471e-02 -1.082621999999999973e+00
2.416335788742184770e-02 -1.089760000000000062e+00
2.418336066712997723e-02 -1.110003999999999991e+00
2.420336344683810675e-02 -1.105981000000000103e+00
2.422336622654623975e-02 -1.107539000000000051e+00
2.424336900625436927e-02 -1.077301000000000064e+00
2.426337178596249880e-02 -1.056341999999999892e+00
2.428337456567063180e-02 -1.011309999999999931e+00
2.430337734537876132e-02 -1.001122999999999985e+00
2.432338012508689085e-02 -1.034799999999999942e+00
2.434338290479502384e-02 -1.074186000000000085e+00
2.436338568450315337e-02 -1.105591999999999908e+00
2.438338846421128289e-02 -1.113248999999999933e+00
2.440339124391941589e-02 -1.111820999999999948e+00
2.442339402362754541e-02 -1.234653999999999918e+00
2.444339680333567494e-02 -1.084179000000000004e+00
2.446339958304380446e-02 -1.042262000000000022e+00
2.448340236275193746e-02 -1.027012999999999954e+00
2.450340514246006698e-02 -9.737400000000000500e-01
2.452340792216819651e-02 -9.329910000000000148e-01
2.454341070187632950e-02 -1.014424999999999910e+00
2.456341348158445903e-02 -1.171388000000000096e+00
2.458341626129258856e-02 -1.123761000000000010e+00
2.460341904100072155e-02 -1.216031000000000084e+00
2.462342182070885108e-02 -1.081843000000000110e+00
2.464342460041698060e-02 -9.644620000000000415e-01
2.466342738012511360e-02 -1.110133999999999954e+00
2.468343015983324312e-02 -1.166585999999999901e+00
2.470343293954137265e-02 -1.105722000000000094e+00
2.472343571924950564e-02 -1.140306999999999960e+00
2.474343849895763517e-02 -1.131871999999999989e+00
2.476344127866576469e-02 -1.071590999999999960e+00
2.478344405837389769e-02 -1.084438999999999931e+00
2.480344683808202721e-02 -1.021433000000000035e+00
2.482344961779015674e-02 -9.725730000000000208e-01
2.484345239749828974e-02 -1.038173999999999930e+00
2.486345517720641926e-02 -1.046869000000000050e+00
2.488345795691454879e-02 -1.066464999999999996e+00
2.490346073662268178e-02 -1.104878000000000027e+00
2.492346351633081131e-02 -1.148547999999999902e+00
2.494346629603894083e-02 -1.114352000000000009e+00
2.496346907574707383e-02 -1.126745000000000108e+00
2.498347185545520335e-02 -1.033890999999999893e+00
2.500347463516333288e-02 -9.883399999999999963e-01
2.502347741487146587e-02 -9.924279999999999768e-01
2.504348019457959540e-02 -1.063350000000000017e+00
2.506348297428772492e-02 -1.150559000000000109e+00
2.508348575399585792e-02 -1.171129000000000087e+00
2.510348853370398745e-02 -1.156983000000000095e+00
2.512349131341211697e-02 -1.138230999999999993e+00
2.514349409312024997e-02 -1.109680000000000000e+00
2.516349687282837949e-02 -1.074381000000000030e+00
2.518349965253650902e-02 -1.044467999999999952e+00
2.520350243224464201e-02 -1.048556000000000044e+00
2.522350521195277154e-02 -1.091965999999999992e+00
2.524350799166090106e-02 -1.139269000000000087e+00
2.526351077136903406e-02 -1.158670000000000089e+00
2.528351355107716358e-02 -1.098973999999999895e+00
2.530351633078529311e-02 -1.016696000000000044e+00
2.532351911049342610e-02 -9.594650000000000123e-01
2.534352189020155563e-02 -9.739349999999999952e-01
2.536352466990968516e-02 -1.030321999999999960e+00
2.538352744961781815e-02 -1.097350999999999965e+00
2.540353022932594768e-02 -1.147380000000000067e+00
2.542353300903407720e-02 -1.174048999999999898e+00
2.544353578874221020e-02 -1.190725000000000033e+00
2.546353856845033972e-02 -1.159189000000000025e+00
2.548354134815846925e-02 -1.121424999999999894e+00
2.550354412786660224e-02 -1.028634999999999966e+00
2.552354690757473177e-02 -1.000734000000000012e+00
2.554354968728286129e-02 -1.004950999999999928e+00
2.556355246699099429e-02 -1.032918000000000003e+00
2.558355524669912381e-02 -1.092678999999999956e+00
2.560355802640725334e-02 -1.112859999999999960e+00
2.562356080611538633e-02 -1.116687999999999903e+00
2.564356358582351586e-02 -1.122786999999999979e+00
2.566356636553164539e-02 -1.117337000000000025e+00
2.568356914523977838e-02 -1.127005000000000035e+00
2.570357192494790791e-02 -1.098778999999999950e+00
2.572357470465603743e-02 -1.091965999999999992e+00
2.574357748436417043e-02 -1.063026000000000026e+00
2.576358026407229995e-02 -1.096961999999999993e+00
2.578358304378042948e-02 -1.091317000000000093e+00
2.580358582348856247e-02 -1.108965999999999896e+00
2.582358860319669200e-02 -1.069838999999999984e+00
2.584359138290482152e-02 -1.062507000000000090e+00
2.586359416261295452e-02 -1.096313000000000093e+00
2.588359694232108404e-02 -1.164770000000000083e+00
2.590359972202921357e-02 -1.136673000000000044e+00
2.592360250173734657e-02 -1.085671999999999970e+00
2.594360528144547609e-02 -1.050696999999999992e+00
2.596360806115360562e-02 -1.079442000000000013e+00
2.598361084086173861e-02 -1.099947000000000008e+00
2.600361362056986814e-02 -1.117596000000000034e+00
2.602361640027799766e-02 -1.079766999999999921e+00
2.604361917998612719e-02 -1.052383999999999986e+00
2.606362195969426018e-02 -1.039082000000000061e+00
2.608362473940238971e-02 -1.082427000000000028e+00
2.610362751911051923e-02 -1.107604000000000033e+00
2.612363029881865223e-02 -1.079053000000000040e+00
2.614363307852678175e-02 -1.095793999999999935e+00
2.616363585823491128e-02 -1.089434999999999931e+00
2.618363863794304428e-02 -1.110263999999999918e+00
2.620364141765117380e-02 -1.147769000000000039e+00
2.622364419735930333e-02 -1.148613000000000106e+00
2.624364697706743632e-02 -1.080869999999999997e+00
2.626364975677556585e-02 -1.039471999999999952e+00
2.628365253648369537e-02 -1.012933000000000083e+00
2.630365531619182837e-02 -1.033047999999999966e+00
2.632365809589995789e-02 -1.076716999999999924e+00
2.634366087560808742e-02 -1.113183999999999951e+00
2.636366365531622041e-02 -1.087488000000000010e+00
2.638366643502434994e-02 -1.067568000000000072e+00
2.640366921473247946e-02 -1.081649000000000083e+00
2.642367199444061246e-02 -1.076197999999999988e+00
2.644367477414874198e-02 -1.063674999999999926e+00
2.646367755385687151e-02 -1.063544999999999963e+00
2.648368033356500451e-02 -1.043819000000000052e+00
2.650368311327313403e-02 -1.076392999999999933e+00
2.652368589298126356e-02 -1.104943000000000008e+00
2.654368867268939655e-02 -1.121294999999999931e+00
2.656369145239752608e-02 -1.105656999999999890e+00
2.658369423210565560e-02 -1.037914000000000003e+00
2.660369701181378860e-02 -1.009298999999999946e+00
2.662369979152191812e-02 -1.018318000000000056e+00
2.664370257123004765e-02 -1.080155999999999894e+00
2.666370535093818064e-02 -1.115324999999999900e+00
2.668370813064631017e-02 -1.120711000000000013e+00
2.670371091035443969e-02 -1.117596000000000034e+00
2.672371369006257269e-02 -1.105461999999999945e+00
2.674371646977070222e-02 -1.058289000000000035e+00
2.676371924947883174e-02 -1.022666000000000075e+00
2.678372202918696474e-02 -9.606329999999999592e-01
2.680372480889509426e-02 -9.514839999999999964e-01
2.682372758860322379e-02 -9.845770000000000355e-01
2.684373036831135678e-02 -1.049204999999999943e+00
2.686373314801948631e-02 -1.109939999999999927e+00
2.688373592772761583e-02 -1.131027999999999922e+00
2.690373870743574883e-02 -1.136608000000000063e+00
2.692374148714387835e-02 -1.096054000000000084e+00
2.694374426685200788e-02 -1.058937999999999935e+00
2.696374704656014087e-02 -1.034929999999999906e+00
2.698374982626827040e-02 -1.055563999999999947e+00
2.700375260597639993e-02 -1.060820000000000096e+00
2.702375538568453292e-02 -1.091447000000000056e+00
2.704375816539266245e-02 -1.131742000000000026e+00
2.706376094510079197e-02 -1.141151000000000026e+00
2.708376372480892497e-02 -1.117011999999999894e+00
2.710376650451705449e-02 -1.079247999999999985e+00
2.712376928422518402e-02 -1.026170000000000027e+00
2.714377206393331701e-02 -1.030127999999999933e+00
2.716377484364144654e-02 -1.029414000000000051e+00
2.718377762334957606e-02 -1.050696999999999992e+00
2.720378040305770906e-02 -1.078923000000000076e+00
2.722378318276583858e-02 -1.090602999999999989e+00
2.724378596247396811e-02 -1.078273999999999955e+00
2.726378874218210110e-02 -1.084568999999999894e+00
2.728379152189023063e-02 -1.039536999999999933e+00
2.730379430159836016e-02 -1.038693000000000088e+00
2.732379708130649315e-02 -1.039991000000000110e+00
2.734379986101462268e-02 -1.075290000000000079e+00
2.736380264072275220e-02 -1.096638000000000002e+00
2.738380542043088520e-02 -1.114352000000000009e+00
2.740380820013901472e-02 -1.121359999999999912e+00
2.742381097984714425e-02 -1.102217999999999920e+00
2.744381375955527724e-02 -1.108381999999999978e+00
2.746381653926340677e-02 -1.091965999999999992e+00
2.748381931897153629e-02 -1.097350999999999965e+00
2.750382209867966929e-02 -1.054915000000000047e+00
2.752382487838779881e-02 -1.066076000000000024e+00
2.754382765809592834e-02 -1.053682000000000007e+00
2.756383043780406134e-02 -1.041223999999999927e+00
2.758383321751219086e-02 -1.041223999999999927e+00
2.760383599722032039e-02 -1.031166000000000027e+00
2.762383877692844991e-02 -1.056602000000000041e+00
2.764384155663658291e-02 -1.070292999999999939e+00
2.766384433634471243e-02 -1.068216999999999972e+00
2.768384711605284196e-02 -1.083010999999999946e+00
2.770384989576097495e-02 -1.089239999999999986e+00
2.772385267546910448e-02 -1.076847000000000110e+00
2.774385545517723400e-02 -1.061209000000000069e+00
2.776385823488536700e-02 -1.065750999999999893e+00
2.778386101459349652e-02 -1.054915000000000047e+00
2.780386379430162605e-02 -1.067307999999999923e+00
2.782386657400975905e-02 -1.066594999999999960e+00
2.784386935371788857e-02 -1.054980000000000029e+00
2.786387213342601810e-02 -1.073927000000000076e+00
2.788387491313415109e-02 -1.095274999999999999e+00
2.790387769284228062e-02 -1.106759999999999966e+00
2.792388047255041014e-02 -1.074770000000000003e+00
2.794388325225854314e-02 -1.063609999999999944e+00
2.796388603196667266e-02 -1.063868999999999954e+00
2.798388881167480219e-02 -1.057835000000000081e+00
2.800389159138293518e-02 -1.037719999999999976e+00
2.802389437109106471e-02 -1.023314999999999975e+00
2.804389715079919423e-02 -9.975540000000000518e-01
2.806389993050732723e-02 -1.017929000000000084e+00
2.808390271021545676e-02 -1.029608999999999996e+00
2.810390548992358628e-02 -1.049919000000000047e+00
2.812390826963171928e-02 -1.065166999999999975e+00
2.814391104933984880e-02 -1.103969999999999896e+00
2.816391382904797833e-02 -1.106630000000000003e+00
2.818391660875611132e-02 -1.093069000000000068e+00
2.820391938846424085e-02 -1.092743999999999938e+00
2.822392216817237037e-02 -1.056213000000000068e+00
2.824392494788050337e-02 -1.055433999999999983e+00
2.826392772758863289e-02 -1.058742999999999990e+00
2.828393050729676242e-02 -1.068087000000000009e+00
2.830393328700489541e-02 -1.071007000000000042e+00
2.832393606671302494e-02 -1.088267000000000095e+00
2.834393884642115446e-02 -1.084308999999999967e+00
2.836394162612928746e-02 -1.049658999999999898e+00
2.838394440583741699e-02 -1.011765000000000025e+00
2.840394718554554651e-02 -1.035188999999999915e+00
2.842394996525367951e-02 -1.014685000000000059e+00
2.844395274496180903e-02 -1.026299000000000072e+00
2.846395552466993856e-02 -1.045117000000000074e+00
2.848395830437807155e-02 -1.057509999999999950e+00
2.850396108408620108e-02 -1.091252000000000111e+00
2.852396386379433060e-02 -1.098130000000000051e+00
2.854396664350246360e-02 -1.057574999999999932e+00
2.856396942321059312e-02 -9.831490000000000506e-01
2.858397220291872265e-02 -9.656299999999999883e-01
2.860397498262685564e-02 -9.972950000000000426e-01
2.862397776233498517e-02 -1.007481999999999989e+00
2.864398054204311470e-02 -1.051021999999999901e+00
2.866398332175124769e-02 -1.106241000000000030e+00
2.868398610145937722e-02 -1.110848000000000058e+00
2.870398888116750674e-02 -1.152311000000000085e+00
2.872399166087563974e-02 -1.098843999999999932e+00
2.874399444058376926e-02 -1.085542000000000007e+00
2.876399722029189879e-02 -1.019227000000000105e+00
