# time(s), 	 	 acceleration(g)
0.000000000000000000e+00 6.180831000000000408e+00
2.000277970813059281e-05 6.434606999999999744e+00
4.000555941626118562e-05 6.685138000000000247e+00
6.000833912439177504e-05 6.918084000000000344e+00
8.001111883252237124e-05 7.200929000000000357e+00
1.000138985406529674e-04 7.463205000000000311e+00
1.200166782487835501e-04 7.800036000000000413e+00
1.400194579569141598e-04 8.121684000000000125e+00
1.600222376650447425e-04 8.465524000000000271e+00
1.800250173731753251e-04 8.846607999999999805e+00
2.000277970813059349e-04 9.222177999999999543e+00
2.200305767894365175e-04 9.653874999999999318e+00
2.400333564975671002e-04 1.012080599999999997e+01
2.600361362056977099e-04 1.064477399999999996e+01
2.800389159138283197e-04 1.119177600000000083e+01
3.000416956219588752e-04 1.181404799999999966e+01
3.200444753300894850e-04 1.248777600000000021e+01
3.400472550382200947e-04 1.323093399999999953e+01
3.600500347463506503e-04 1.408173999999999992e+01
3.800528144544812600e-04 1.508431799999999967e+01
4.000555941626118698e-04 1.609864100000000064e+01
4.200583738707424253e-04 1.735830400000000040e+01
4.400611535788730351e-04 1.879121699999999962e+01
4.600639332870036448e-04 2.028356700000000146e+01
4.800667129951342003e-04 2.233239299999999972e+01
5.000694927032648101e-04 2.455180800000000119e+01
5.200722724113954198e-04 2.739206899999999933e+01
5.400750521195260296e-04 3.099605599999999939e+01
5.600778318276566393e-04 3.629957900000000137e+01
5.800806115357871407e-04 4.394216999999999729e+01
6.000833912439177504e-04 5.663353599999999943e+01
6.200861709520483602e-04 7.766724100000000419e+01
6.400889506601789699e-04 1.097478650000000044e+02
6.600917303683095797e-04 1.567915690000000097e+02
6.800945100764401894e-04 2.179346360000000118e+02
7.000972897845707992e-04 2.912697580000000244e+02
7.201000694927013005e-04 3.700512850000000071e+02
7.401028492008319103e-04 4.419508989999999926e+02
7.601056289089625200e-04 4.918425199999999791e+02
7.801084086170931298e-04 5.101644430000000057e+02
8.001111883252237395e-04 4.941064489999999978e+02
8.201139680333543493e-04 4.554214999999999804e+02
8.401167477414848506e-04 4.056951470000000199e+02
8.601195274496154604e-04 3.554985540000000128e+02
8.801223071577460701e-04 3.062965580000000045e+02
9.001250868658766799e-04 2.626693149999999832e+02
9.201278665740072896e-04 2.188058169999999905e+02
9.401306462821378994e-04 1.695524299999999869e+02
9.601334259902684007e-04 1.160385880000000043e+02
9.801362056983990104e-04 6.907119099999999889e+01
1.000138985406529620e-03 3.013181799999999910e+01
1.020141765114660230e-03 4.247893999999999615e+00
1.040144544822790840e-03 -7.486314000000000135e+00
1.060147324530921449e-03 -4.865634000000000015e+00
1.080150104239052059e-03 6.140146999999999800e+00
1.100152883947182669e-03 2.897740200000000144e+01
1.120155663655313279e-03 5.186968300000000198e+01
1.140158443363443888e-03 6.496873700000000440e+01
1.160161223071574281e-03 7.079395700000000602e+01
1.180164002779704891e-03 5.616310099999999750e+01
1.200166782487835501e-03 2.953452700000000064e+01
1.220169562195966111e-03 -1.041287999999999991e+00
1.240172341904096720e-03 -2.616427499999999995e+01
1.260175121612227330e-03 -4.243120700000000056e+01
1.280177901320357940e-03 -3.622684900000000141e+01
1.300180681028488550e-03 -1.886467899999999887e+01
1.320183460736619159e-03 -6.026277999999999579e+00
1.340186240444749769e-03 1.533011300000000077e+01
1.360189020152880379e-03 3.132023399999999924e+01
1.380191799861010989e-03 3.160054799999999986e+01
1.400194579569141598e-03 1.751773299999999978e+01
1.420197359277271991e-03 1.361954000000000109e+00
1.440200138985402601e-03 -1.076482500000000009e+01
1.460202918693533211e-03 -1.845244800000000041e+01
1.480205698401663821e-03 -8.899955000000000283e+00
1.500208478109794430e-03 -1.525609999999999911e+00
1.520211257817925040e-03 1.262923100000000076e+01
1.540214037526055650e-03 2.776056499999999971e+01
1.560216817234186260e-03 3.230496800000000235e+01
1.580219596942316869e-03 2.981484199999999873e+01
1.600222376650447479e-03 1.837885599999999897e+01
1.620225156358578089e-03 8.186961000000000155e+00
1.640227936066708699e-03 9.558296000000000348e+00
1.660230715774839308e-03 -4.248162999999999911e+00
1.680233495482969701e-03 -4.026962000000000153e+00
1.700236275191100311e-03 -1.166392000000000095e+00
1.720239054899230921e-03 -2.753087999999999980e+00
1.740241834607361530e-03 -2.687682000000000127e+00
1.760244614315492140e-03 -1.649628200000000078e+01
1.780247394023622750e-03 -2.164381500000000003e+01
1.800250173731753360e-03 -2.730194900000000047e+01
1.820252953439883969e-03 -2.760036699999999854e+01
1.840255733148014579e-03 -1.547092800000000068e+01
1.860258512856145189e-03 -1.035084200000000010e+01
1.880261292564275799e-03 1.248180600000000062e+01
1.900264072272406408e-03 2.597044599999999903e+01
1.920266851980536801e-03 3.264277299999999826e+01
1.940269631688667411e-03 3.902725900000000081e+01
1.960272411396798021e-03 3.061484099999999842e+01
1.980275191104928847e-03 1.616709799999999930e+01
2.000277970813059240e-03 3.744432000000000205e+00
2.020280750521190067e-03 -6.351818999999999882e+00
2.040283530229320460e-03 -1.589315200000000061e+01
2.060286309937450853e-03 -1.557384000000000057e+01
2.080289089645581679e-03 -1.253424500000000030e+01
2.100291869353712072e-03 -8.821635999999999811e+00
2.120294649061842899e-03 -3.570022999999999946e+00
2.140297428769973292e-03 1.111150000000000054e-01
2.160300208478104118e-03 2.336371000000000198e+00
2.180302988186234511e-03 -4.802304000000000350e+00
2.200305767894365338e-03 -1.351742199999999983e+01
2.220308547602495731e-03 -2.193042399999999859e+01
2.240311327310626557e-03 -1.830684099999999859e+01
2.260314107018756950e-03 -1.171322200000000002e+01
2.280316886726887777e-03 -8.092169999999999419e+00
2.300319666435018170e-03 -2.396790000000000198e+00
2.320322446143148563e-03 8.866918000000000077e+00
2.340325225851279389e-03 1.580917799999999929e+01
2.360328005559409782e-03 1.803443299999999994e+01
2.380330785267540609e-03 1.928085899999999953e+01
2.400333564975671002e-03 1.309311300000000067e+01
2.420336344683801828e-03 5.238662999999999847e+00
2.440339124391932221e-03 5.837576000000000320e+00
2.460341904100063048e-03 -2.740175999999999945e+00
2.480344683808193441e-03 -7.950650000000000439e+00
2.500347463516324267e-03 -1.194843999999999973e+01
2.520350243224454660e-03 -1.600845699999999994e+01
2.540353022932585487e-03 -1.605407299999999893e+01
2.560355802640715880e-03 -1.472296900000000086e+01
2.580358582348846273e-03 -4.189375000000000071e+00
2.600361362056977099e-03 -2.962489999999999846e-01
2.620364141765107492e-03 -4.205142999999999631e+00
2.640366921473238319e-03 -5.458058000000000298e+00
2.660369701181368712e-03 -7.213851000000000013e+00
2.680372480889499538e-03 -1.081005200000000066e+01
2.700375260597629931e-03 -8.784065999999999264e+00
2.720378040305760758e-03 -1.080427700000000080e+01
2.740380820013891151e-03 -4.979122000000000270e+00
2.760383599722021977e-03 -1.147184999999999899e+00
2.780386379430152370e-03 1.376950099999999999e+01
2.800389159138283197e-03 2.206531599999999926e+01
2.820391938846413590e-03 1.489783100000000005e+01
2.840394718554543983e-03 9.165725999999999374e+00
2.860397498262674809e-03 6.263367999999999824e+00
2.880400277970805202e-03 -4.739110000000000267e-01
2.900403057678936029e-03 -5.014032000000000266e+00
2.920405837387066422e-03 -1.030542100000000083e+01
2.940408617095197248e-03 -1.653482500000000144e+01
2.960411396803327641e-03 -1.298670599999999986e+01
2.980414176511458468e-03 -8.636317000000000021e+00
3.000416956219588861e-03 -6.656985999999999848e+00
3.020419735927719687e-03 -1.217638999999999960e+01
3.040422515635850080e-03 -1.445297099999999979e+01
3.060425295343980907e-03 -1.187635000000000041e+01
3.080428075052111300e-03 -1.472816000000000081e+01
3.100430854760241692e-03 -6.908489999999999576e+00
3.120433634468372519e-03 1.878769999999999885e-01
3.140436414176502912e-03 5.873718000000000217e+00
3.160439193884633739e-03 9.907391000000000503e+00
3.180441973592764131e-03 1.112040000000000006e+01
3.200444753300894958e-03 9.678791999999999618e+00
3.220447533009025351e-03 4.062834999999999752e+00
3.240450312717156178e-03 1.435861000000000054e+00
3.260453092425286570e-03 -2.430727000000000082e+00
3.280455872133417397e-03 -6.851323999999999970e+00
3.300458651841547790e-03 -2.361946000000000101e+00
3.320461431549678617e-03 1.864184000000000063e+00
3.340464211257809009e-03 5.191295000000000215e+00
3.360466990965939402e-03 1.816880999999999968e+00
3.380469770674070229e-03 -2.617798000000000069e+00
3.400472550382200622e-03 -9.199801000000000784e+00
3.420475330090331448e-03 -1.795884799999999970e+01
3.440478109798461841e-03 -1.838697700000000168e+01
3.460480889506592668e-03 -1.935789000000000115e+01
3.480483669214723061e-03 -1.650828599999999824e+01
3.500486448922853887e-03 -1.206140899999999938e+01
3.520489228630984280e-03 -6.401600000000000346e-02
3.540492008339115107e-03 5.308288000000000117e+00
3.560494788047245500e-03 1.253092599999999912e+01
3.580497567755376326e-03 1.315780499999999975e+01
3.600500347463506719e-03 6.851899000000000406e+00
3.620503127171637112e-03 1.724935000000000107e+00
3.640505906879767939e-03 -3.187056999999999807e+00
3.660508686587898332e-03 -4.197949999999999737e-01
3.680511466296029158e-03 1.840824000000000016e+00
3.700514246004159551e-03 -4.175684000000000395e+00
3.720517025712290378e-03 -3.289902999999999800e+00
3.740519805420420771e-03 -1.384155000000000024e+00
3.760522585128551597e-03 -2.330346000000000029e+00
3.780525364836681990e-03 -6.469019999999999770e-01
3.800528144544812817e-03 9.430900000000000394e-02
3.820530924252943210e-03 -1.893140000000000100e-01
3.840533703961073603e-03 -4.797825999999999702e+00
3.860536483669204429e-03 -5.494069999999999787e+00
3.880539263377334822e-03 -9.561939000000000632e+00
3.900542043085465649e-03 -1.403846899999999920e+01
3.920544822793596042e-03 -1.577583500000000072e+01
3.940547602501726435e-03 -1.087792400000000015e+01
3.960550382209857695e-03 -6.723625000000000185e+00
3.980553161917988088e-03 1.831933999999999951e+00
4.000555941626118481e-03 1.234950100000000006e+01
4.020558721334248874e-03 1.279897700000000071e+01
4.040561501042380134e-03 1.078480099999999986e+01
4.060564280750510527e-03 8.575962000000000529e+00
4.080567060458640920e-03 3.883160999999999863e+00
4.100569840166771313e-03 2.132169000000000203e+00
4.120572619874901706e-03 -7.272969999999999713e-01
4.140575399583032966e-03 -2.180909000000000209e+00
4.160578179291163359e-03 -6.010900000000000354e+00
4.180580958999293752e-03 -6.336895000000000167e+00
4.200583738707424145e-03 -2.774760999999999811e+00
4.220586518415555405e-03 -4.305069999999999730e+00
4.240589298123685798e-03 -6.755354999999999777e+00
4.260592077831816191e-03 -7.272704000000000057e+00
4.280594857539946584e-03 -5.920965999999999951e+00
4.300597637248077844e-03 -5.529303999999999775e+00
4.320600416956208237e-03 -4.497590999999999894e+00
4.340603196664338630e-03 -3.094850999999999797e+00
4.360605976372469023e-03 -2.202452000000000076e+00
4.380608756080599415e-03 1.060875000000000012e+00
4.400611535788730676e-03 4.497193000000000218e+00
4.420614315496861069e-03 7.079718999999999873e+00
4.440617095204991462e-03 5.187206999999999901e+00
4.460619874913121854e-03 4.491546999999999734e+00
4.480622654621253115e-03 1.151327999999999907e+00
4.500625434329383508e-03 -4.195928999999999576e+00
4.520628214037513901e-03 -3.200098999999999805e+00
4.540630993745644294e-03 -2.176692000000000071e+00
4.560633773453775554e-03 3.825399999999999912e-01
4.580636553161905947e-03 3.604988000000000081e+00
4.600639332870036340e-03 3.590908000000000211e+00
4.620642112578166733e-03 2.695393999999999846e+00
4.640644892286297125e-03 -6.246450000000000058e-01
4.660647671994428386e-03 -5.342882000000000353e+00
4.680650451702558779e-03 -1.099433299999999925e+01
4.700653231410689172e-03 -1.654702400000000040e+01
4.720656011118819564e-03 -1.456029599999999924e+01
4.740658790826950825e-03 -7.028077999999999825e+00
4.760661570535081218e-03 1.447540000000000049e+00
4.780664350243211611e-03 7.855450000000000266e+00
4.800667129951342003e-03 1.013449800000000067e+01
4.820669909659473264e-03 9.153202000000000282e+00
4.840672689367603657e-03 6.681763000000000119e+00
4.860675469075734050e-03 2.264864999999999906e+00
4.880678248783864442e-03 -2.539023999999999948e+00
4.900681028491994835e-03 -6.800646999999999665e+00
4.920683808200126096e-03 -8.796006000000000213e+00
4.940686587908256489e-03 -5.694507999999999903e+00
4.960689367616386881e-03 -8.725159999999999583e-01
4.980692147324517274e-03 7.889310000000000489e-01
5.000694927032648535e-03 1.968900000000000164e-02
5.020697706740778928e-03 -6.680549999999999544e-01
5.040700486448909320e-03 -1.196824000000000110e+00
5.060703266157039713e-03 8.147560000000000358e-01
5.080706045865170974e-03 2.240076999999999874e+00
5.100708825573301367e-03 1.333922000000000052e+00
5.120711605281431759e-03 -2.463429999999999787e+00
5.140714384989562152e-03 -7.499811000000000227e+00
5.160717164697692545e-03 -7.512399000000000271e+00
5.180719944405823806e-03 -6.270839999999999748e+00
5.200722724113954198e-03 -5.835767999999999844e+00
5.220725503822084591e-03 -1.703661000000000092e+00
5.240728283530214984e-03 -2.261799999999999922e-02
5.260731063238346245e-03 1.854190999999999923e+00
5.280733842946476637e-03 5.698132000000000197e+00
5.300736622654607030e-03 5.334113000000000326e+00
5.320739402362737423e-03 3.721785999999999817e+00
5.340742182070868684e-03 -5.138169999999999682e-01
5.360744961778999076e-03 -2.166828999999999894e+00
5.380747741487129469e-03 -3.306515000000000093e+00
5.400750521195259862e-03 -4.365286000000000222e+00
5.420753300903390255e-03 -4.502781999999999840e+00
5.440756080611521515e-03 -4.905540000000000234e+00
5.460758860319651908e-03 -4.702181999999999640e+00
5.480761640027782301e-03 -1.909613999999999923e+00
5.500764419735912694e-03 8.691969999999999974e-01
5.520767199444043954e-03 1.198890999999999929e+00
5.540769979152174347e-03 -4.533420000000000227e-01
5.560772758860304740e-03 -3.021333999999999964e+00
5.580775538568435133e-03 -3.687469999999999803e+00
5.600778318276566393e-03 -1.458126000000000033e+00
5.620781097984696786e-03 -3.060470000000000135e-01
5.640783877692827179e-03 -3.115629999999999789e-01
5.660786657400957572e-03 -1.480318000000000023e+00
5.680789437109087965e-03 -3.035932999999999993e+00
5.700792216817219225e-03 -3.200941999999999954e+00
5.720794996525349618e-03 -2.780730000000000146e+00
5.740797776233480011e-03 -1.968531999999999949e+00
5.760800555941610404e-03 -1.218309999999999949e-01
5.780803335649741664e-03 4.123879999999999768e-01
5.800806115357872057e-03 1.208169999999999966e+00
5.820808895066002450e-03 2.919451000000000018e+00
5.840811674774132843e-03 3.247068000000000065e+00
5.860814454482264103e-03 1.687429999999999986e+00
5.880817234190394496e-03 -1.986440999999999901e+00
5.900820013898524889e-03 -4.686479000000000283e+00
5.920822793606655282e-03 -7.292170999999999736e+00
5.940825573314785675e-03 -9.284478999999999260e+00
5.960828353022916935e-03 -6.823941999999999730e+00
5.980831132731047328e-03 -4.918777000000000399e+00
6.000833912439177721e-03 -3.553866000000000192e+00
6.020836692147308114e-03 -6.844719999999999693e-01
6.040839471855439374e-03 1.739470000000000072e+00
6.060842251563569767e-03 4.068414999999999893e+00
6.080845031271700160e-03 4.000347999999999793e+00
6.100847810979830553e-03 1.226533000000000095e+00
6.120850590687961813e-03 -1.949065999999999965e+00
6.140853370396092206e-03 -1.221999999999999975e+00
6.160856150104222599e-03 -5.032410000000000494e-01
6.180858929812352992e-03 -8.946429999999999660e-01
6.200861709520483385e-03 -1.026040000000000063e+00
6.220864489228614645e-03 -2.346178000000000097e+00
6.240867268936745038e-03 -4.060119000000000256e+00
6.260870048644875431e-03 -2.254103000000000190e+00
6.280872828353005824e-03 -9.879599999999999493e-02
6.300875608061137084e-03 -1.373836999999999975e+00
6.320878387769267477e-03 -3.487811000000000217e+00
6.340881167477397870e-03 -4.071603999999999779e+00
6.360883947185528263e-03 -4.075108000000000175e+00
6.380886726893659523e-03 -1.724685000000000024e+00
6.400889506601789916e-03 7.276120000000000365e-01
6.420892286309920309e-03 1.106686000000000059e+00
6.440895066018050702e-03 9.872279999999999944e-01
6.460897845726181095e-03 4.940169999999999839e-01
6.480900625434312355e-03 -4.753390000000000115e-01
6.500903405142442748e-03 -1.061533000000000060e+00
6.520906184850573141e-03 -1.338408999999999960e+00
6.540908964558703534e-03 -1.992930000000000090e+00
6.560911744266834794e-03 -2.256374000000000102e+00
6.580914523974965187e-03 -3.330400000000000027e-01
6.600917303683095580e-03 1.513530999999999960e+00
6.620920083391225973e-03 9.705519999999999703e-01
6.640922863099357233e-03 -1.082621999999999973e+00
6.660925642807487626e-03 -3.108931999999999807e+00
6.680928422515618019e-03 -4.311558999999999919e+00
6.700931202223748412e-03 -3.753136000000000028e+00
6.720933981931878805e-03 -6.977740000000000054e-01
6.740936761640010065e-03 4.115449999999999942e-01
6.760939541348140458e-03 -5.448979999999999935e-01
6.780942321056270851e-03 -1.713848000000000038e+00
6.800945100764401244e-03 -2.729534000000000127e+00
6.820947880472532504e-03 -3.534335000000000004e+00
6.840950660180662897e-03 -2.985126000000000168e+00
6.860953439888793290e-03 -1.624888000000000110e+00
6.880956219596923683e-03 -1.095598999999999990e+00
6.900958999305054943e-03 3.299159999999999870e-01
6.920961779013185336e-03 2.765667000000000098e+00
6.940964558721315729e-03 2.611364000000000019e+00
6.960967338429446122e-03 -3.961900000000000144e-02
6.980970118137576515e-03 -2.594243000000000077e+00
7.000972897845707775e-03 -4.472804000000000002e+00
7.020975677553838168e-03 -4.479618000000000322e+00
7.040978457261968561e-03 -2.085135000000000183e+00
7.060981236970098954e-03 4.873339999999999894e-01
7.080984016678230214e-03 1.720717000000000052e+00
7.100986796386360607e-03 1.471419000000000032e+00
7.120989576094491000e-03 -1.927530000000000077e-01
7.140992355802621393e-03 -2.242097999999999924e+00
7.160995135510752653e-03 -3.536605999999999916e+00
7.180997915218883046e-03 -4.825338999999999601e+00
7.201000694927013439e-03 -6.004411000000000165e+00
7.221003474635143832e-03 -4.291313999999999851e+00
7.241006254343274225e-03 -1.604967000000000033e+00
7.261009034051405485e-03 3.518479999999999941e-01
7.281011813759535878e-03 1.827263000000000082e+00
7.301014593467666271e-03 2.233912999999999816e+00
7.321017373175796664e-03 5.335339999999999527e-01
7.341020152883927924e-03 -9.222200000000000397e-01
7.361022932592058317e-03 -6.601390000000000313e-01
7.381025712300188710e-03 -7.028999999999999693e-01
7.401028492008319103e-03 -1.347363000000000088e+00
7.421031271716450363e-03 -1.905591000000000035e+00
7.441034051424580756e-03 -2.657313999999999954e+00
7.461036831132711149e-03 -2.570234999999999825e+00
7.481039610840841542e-03 -1.686401000000000039e+00
7.501042390548971935e-03 -1.276570999999999900e+00
7.521045170257103195e-03 -1.197667999999999955e+00
7.541047949965233588e-03 -8.119760000000000311e-01
7.561050729673363981e-03 -7.487099999999999866e-01
7.581053509381494374e-03 -1.323225000000000096e+00
7.601056289089625634e-03 -1.744151000000000007e+00
7.621059068797756027e-03 -1.961589000000000027e+00
7.641061848505886420e-03 -2.942625000000000046e+00
7.661064628214016813e-03 -2.944442000000000004e+00
7.681067407922147205e-03 -1.482849000000000084e+00
7.701070187630278466e-03 -1.907419999999999949e-01
7.721072967338408859e-03 -1.799060000000000104e-01
7.741075747046539252e-03 -3.369340000000000113e-01
7.761078526754669644e-03 -5.365929999999999866e-01
7.781081306462800905e-03 -1.153609000000000107e+00
7.801084086170931298e-03 -8.813410000000000410e-01
7.821086865879062558e-03 4.642979999999999885e-01
7.841089645587192083e-03 5.482629999999999448e-01
7.861092425295323344e-03 -9.130059999999999842e-01
7.881095205003452869e-03 -1.489921000000000051e+00
7.901097984711584130e-03 -2.176172999999999913e+00
7.921100764419715390e-03 -3.058254999999999946e+00
7.941103544127844915e-03 -2.583731999999999918e+00
7.961106323835976176e-03 -2.575944999999999929e+00
7.981109103544105701e-03 -2.585808000000000106e+00
8.001111883252236961e-03 -1.461954999999999893e+00
8.021114662960368222e-03 -2.630270000000000108e-01
8.041117442668497747e-03 -4.277759999999999896e-01
8.061120222376629008e-03 -1.111496999999999957e+00
8.081123002084760268e-03 -1.479084999999999983e+00
8.101125781792889793e-03 -2.050419999999999909e+00
8.121128561501021054e-03 -1.864646999999999943e+00
8.141131341209150579e-03 -7.234690000000000287e-01
8.161134120917281840e-03 1.425210000000000088e-01
8.181136900625413100e-03 4.514509999999999912e-01
8.201139680333542625e-03 3.464630000000000210e-01
8.221142460041673886e-03 -4.709260000000000113e-01
8.241145239749803411e-03 -1.248798999999999992e+00
8.261148019457934671e-03 -1.682701999999999920e+00
8.281150799166065932e-03 -2.377454000000000178e+00
8.301153578874195457e-03 -2.929453000000000085e+00
8.321156358582326718e-03 -2.463624999999999954e+00
8.341159138290457978e-03 -1.596141999999999950e+00
8.361161917998587503e-03 -6.013509999999999689e-01
8.381164697706718764e-03 4.298300000000000037e-02
8.401167477414848289e-03 -5.731889999999999485e-01
8.421170257122979549e-03 -2.007530000000000037e+00
8.441173036831110810e-03 -2.723304999999999865e+00
8.461175816539240335e-03 -2.184283999999999892e+00
8.481178596247371596e-03 -1.616840999999999973e+00
8.501181375955501121e-03 -1.303628999999999927e+00
8.521184155663632381e-03 -8.032810000000000228e-01
8.541186935371763642e-03 -5.339319999999999622e-01
8.561189715079893167e-03 -3.037110000000000087e-01
8.581192494788024427e-03 -1.231939999999999980e-01
8.601195274496155688e-03 -6.955670000000000464e-01
8.621198054204285213e-03 -1.604837000000000069e+00
8.641200833912416474e-03 -2.075337000000000209e+00
8.661203613620545999e-03 -2.035820999999999881e+00
8.681206393328677259e-03 -1.247371999999999925e+00
8.701209173036808520e-03 1.405089999999999950e-01
8.721211952744938045e-03 5.397629999999999928e-01
8.741214732453069305e-03 -8.160100000000000686e-02
8.761217512161198831e-03 -1.197926999999999964e+00
8.781220291869330091e-03 -1.932584999999999997e+00
8.801223071577461352e-03 -2.541036000000000072e+00
8.821225851285590877e-03 -3.042227000000000015e+00
8.841228630993722137e-03 -2.835300999999999849e+00
8.861231410701853398e-03 -2.522412999999999794e+00
8.881234190409982923e-03 -1.701974000000000098e+00
8.901236970118114183e-03 -4.578999999999999737e-03
8.921239749826243709e-03 9.758719999999999617e-01
8.941242529534374969e-03 2.470549999999999968e-01
8.961245309242506230e-03 -7.378090000000000481e-01
8.981248088950635755e-03 -1.476618999999999904e+00
9.001250868658767015e-03 -1.759400000000000075e+00
9.021253648366896541e-03 -1.223103999999999969e+00
9.041256428075027801e-03 -4.626210000000000044e-01
9.061259207783159061e-03 -5.853880000000000194e-01
9.081261987491288587e-03 -1.072370000000000045e+00
9.101264767199419847e-03 -1.409720000000000084e+00
9.121267546907551108e-03 -1.954841000000000051e+00
9.141270326615680633e-03 -2.270713999999999899e+00
9.161273106323811893e-03 -1.988518000000000008e+00
9.181275886031941419e-03 -1.745902999999999983e+00
9.201278665740072679e-03 -1.436129999999999907e+00
9.221281445448203939e-03 -6.750629999999999686e-01
9.241284225156333465e-03 -1.392210000000000114e-01
9.261287004864464725e-03 -4.192110000000000003e-01
9.281289784572594251e-03 -1.126290999999999931e+00
9.301292564280725511e-03 -2.115956999999999866e+00
9.321295343988856771e-03 -2.299913000000000096e+00
9.341298123696986297e-03 -1.517239000000000004e+00
9.361300903405117557e-03 -8.612250000000000183e-01
9.381303683113248817e-03 -6.321069999999999744e-01
9.401306462821378343e-03 -6.822009999999999463e-01
9.421309242529509603e-03 -6.696769999999999667e-01
9.441312022237639129e-03 -7.304770000000000429e-01
9.461314801945770389e-03 -9.951529999999999543e-01
9.481317581653901649e-03 -1.401415000000000077e+00
9.501320361362031175e-03 -1.731756999999999991e+00
9.521323141070162435e-03 -1.773090999999999973e+00
9.541325920778291961e-03 -1.369944000000000051e+00
9.561328700486423221e-03 -1.018253000000000075e+00
9.581331480194554481e-03 -1.105656999999999890e+00
9.601334259902684007e-03 -1.356057999999999986e+00
9.621337039610815267e-03 -1.344961999999999991e+00
9.641339819318946527e-03 -1.358978000000000019e+00
9.661342599027076053e-03 -1.192606000000000055e+00
9.681345378735207313e-03 -7.479970000000000230e-01
9.701348158443336839e-03 -6.154960000000000431e-01
9.721350938151468099e-03 -1.070488000000000106e+00
9.741353717859599359e-03 -1.600683999999999996e+00
9.761356497567728885e-03 -1.714822000000000068e+00
9.781359277275860145e-03 -1.315827999999999998e+00
9.801362056983989671e-03 -6.640970000000000484e-01
9.821364836692120931e-03 -4.105809999999999738e-01
9.841367616400252191e-03 -8.914630000000000054e-01
9.861370396108381717e-03 -1.158735000000000070e+00
9.881373175816512977e-03 -1.562465999999999910e+00
9.901375955524644237e-03 -2.243980000000000086e+00
9.921378735232773763e-03 -2.433711000000000180e+00
9.941381514940905023e-03 -1.927977999999999970e+00
9.961384294649034549e-03 -1.014620000000000077e+00
9.981387074357165809e-03 4.116600000000000120e-02
1.000138985406529707e-02 8.739989999999999704e-01
1.002139263377342659e-02 5.792140000000000066e-01
1.004139541348155786e-02 -6.749330000000000052e-01
1.006139819318968738e-02 -1.793075999999999892e+00
1.008140097289781864e-02 -2.477056000000000147e+00
1.010140375260594990e-02 -2.677754000000000190e+00
1.012140653231407943e-02 -1.925642000000000076e+00
1.014140931202221069e-02 -8.052920000000000078e-01
1.016141209173034195e-02 -2.094290000000000040e-01
1.018141487143847147e-02 -1.959329999999999961e-01
1.020141765114660273e-02 -5.472989999999999799e-01
1.022142043085473226e-02 -1.126160999999999968e+00
1.024142321056286352e-02 -1.598478000000000065e+00
1.026142599027099478e-02 -1.919087999999999905e+00
1.028142876997912430e-02 -2.114205000000000112e+00
1.030143154968725556e-02 -1.663105999999999973e+00
1.032143432939538509e-02 -6.982930000000000526e-01
1.034143710910351635e-02 -1.096319999999999933e-01
1.036143988881164761e-02 -2.427169999999999883e-01
1.038144266851977714e-02 -1.043104999999999949e+00
1.040144544822790840e-02 -1.698339999999999961e+00
1.042144822793603966e-02 -1.770559999999999912e+00
1.044145100764416918e-02 -1.322966000000000086e+00
1.046145378735230044e-02 -7.755739999999999856e-01
1.048145656706042997e-02 -4.304370000000000140e-01
1.050145934676856123e-02 -4.578189999999999760e-01
1.052146212647669249e-02 -7.403399999999999981e-01
1.054146490618482201e-02 -1.270601000000000091e+00
1.056146768589295327e-02 -1.798202000000000078e+00
1.058147046560108280e-02 -2.023102999999999874e+00
1.060147324530921406e-02 -2.104277000000000175e+00
1.062147602501734532e-02 -1.809102999999999906e+00
1.064147880472547485e-02 -9.708849999999999980e-01
1.066148158443360611e-02 -4.928699999999999748e-02
1.068148436414173737e-02 1.972210000000000074e-01
1.070148714384986689e-02 -2.196170000000000067e-01
1.072148992355799815e-02 -1.128368000000000038e+00
1.074149270326612768e-02 -1.857639000000000040e+00
1.076149548297425894e-02 -1.812348000000000070e+00
1.078149826268239020e-02 -1.455076999999999954e+00
1.080150104239051972e-02 -1.441125999999999907e+00
1.082150382209865098e-02 -1.639877000000000029e+00
1.084150660180678051e-02 -1.392719999999999958e+00
1.086150938151491177e-02 -1.000150000000000095e+00
1.088151216122304303e-02 -7.292440000000000033e-01
1.090151494093117256e-02 -7.151629999999999932e-01
1.092151772063930382e-02 -1.151856999999999909e+00
1.094152050034743508e-02 -1.327118000000000020e+00
1.096152328005556460e-02 -9.693929999999999492e-01
1.098152605976369586e-02 -5.699450000000000349e-01
1.100152883947182539e-02 -5.135579999999999590e-01
1.102153161917995665e-02 -6.823299999999999921e-01
1.104153439888808791e-02 -1.134336999999999929e+00
1.106153717859621743e-02 -1.643834999999999935e+00
1.108153995830434869e-02 -1.850891000000000064e+00
1.110154273801247822e-02 -1.866463999999999901e+00
1.112154551772060948e-02 -1.880090000000000039e+00
1.114154829742874074e-02 -1.861402999999999919e+00
1.116155107713687027e-02 -1.560259999999999980e+00
1.118155385684500153e-02 -9.083989999999999565e-01
1.120155663655313279e-02 -1.837340000000000084e-01
1.122155941626126231e-02 1.184479999999999977e-01
1.124156219596939357e-02 -3.047489999999999921e-01
1.126156497567752310e-02 -1.244191999999999965e+00
1.128156775538565436e-02 -1.856665999999999928e+00
1.130157053509378562e-02 -1.862959999999999949e+00
1.132157331480191514e-02 -1.718261000000000038e+00
1.134157609451004640e-02 -1.568435000000000024e+00
1.136157887421817593e-02 -1.388956000000000079e+00
1.138158165392630719e-02 -1.005535000000000068e+00
1.140158443363443845e-02 -4.819570000000000243e-01
1.142158721334256798e-02 -2.399270000000000014e-01
1.144158999305069924e-02 -5.047979999999999690e-01
1.146159277275883050e-02 -1.110328999999999899e+00
1.148159555246696002e-02 -1.654541000000000039e+00
1.150159833217509128e-02 -1.859520999999999979e+00
1.152160111188322081e-02 -1.857963999999999949e+00
1.154160389159135207e-02 -1.737143000000000104e+00
1.156160667129948333e-02 -1.532812000000000063e+00
1.158160945100761285e-02 -1.339186999999999905e+00
1.160161223071574411e-02 -1.175151999999999974e+00
1.162161501042387364e-02 -9.018450000000000077e-01
1.164161779013200490e-02 -6.223739999999999828e-01
1.166162056984013616e-02 -6.219200000000000284e-01
1.168162334954826569e-02 -1.043754000000000071e+00
1.170162612925639695e-02 -1.489532000000000078e+00
1.172162890896452821e-02 -1.542025999999999897e+00
1.174163168867265773e-02 -1.195526000000000089e+00
1.176163446838078899e-02 -8.753710000000000102e-01
1.178163724808891852e-02 -6.907659999999999911e-01
1.180164002779704978e-02 -8.553209999999999980e-01
1.182164280750518104e-02 -1.171257999999999910e+00
1.184164558721331056e-02 -1.303045000000000009e+00
1.186164836692144182e-02 -1.414198000000000066e+00
1.188165114662957135e-02 -1.664468999999999976e+00
1.190165392633770261e-02 -1.886255000000000015e+00
1.192165670604583387e-02 -1.660835000000000061e+00
1.194165948575396340e-02 -1.177488000000000090e+00
1.196166226546209466e-02 -7.014719999999999844e-01
1.198166504517022592e-02 -5.262109999999999843e-01
1.200166782487835544e-02 -8.228769999999999696e-01
1.202167060458648670e-02 -1.336915999999999993e+00
1.204167338429461623e-02 -1.696263999999999994e+00
1.206167616400274749e-02 -1.829023999999999983e+00
1.208167894371087875e-02 -1.517562999999999995e+00
1.210168172341900827e-02 -8.746570000000000178e-01
1.212168450312713953e-02 -5.949919999999999654e-01
1.214168728283526906e-02 -6.572839999999999794e-01
1.216169006254340032e-02 -8.309879999999999489e-01
1.218169284225153158e-02 -1.101698999999999984e+00
1.220169562195966111e-02 -1.458839999999999915e+00
1.222169840166779237e-02 -1.727864000000000066e+00
1.224170118137592363e-02 -1.745384000000000047e+00
1.226170396108405315e-02 -1.358070000000000110e+00
1.228170674079218441e-02 -6.864829999999999544e-01
1.230170952050031394e-02 -3.026730000000000254e-01
1.232171230020844520e-02 -4.011719999999999731e-01
1.234171507991657646e-02 -1.075809000000000015e+00
1.236171785962470598e-02 -1.872757999999999923e+00
1.238172063933283724e-02 -2.201544000000000167e+00
1.240172341904096677e-02 -1.927977999999999970e+00
1.242172619874909803e-02 -1.331531000000000020e+00
1.244172897845722929e-02 -7.446220000000000061e-01
1.246173175816535882e-02 -3.458879999999999733e-01
1.248173453787349008e-02 -3.333650000000000224e-01
1.250173731758162134e-02 -7.084150000000000169e-01
1.252174009728975086e-02 -1.324781999999999904e+00
1.254174287699788212e-02 -1.892549000000000037e+00
1.256174565670601165e-02 -2.222827000000000108e+00
1.258174843641414291e-02 -2.051782999999999912e+00
1.260175121612227417e-02 -1.487065999999999999e+00
1.262175399583040369e-02 -7.217170000000000529e-01
1.264175677553853495e-02 -1.791919999999999902e-01
1.266175955524666448e-02 -2.144909999999999872e-01
1.268176233495479574e-02 -7.407289999999999708e-01
1.270176511466292700e-02 -1.378638999999999948e+00
1.272176789437105653e-02 -1.616516999999999982e+00
1.274177067407918779e-02 -1.595882999999999940e+00
1.276177345378731905e-02 -1.487780000000000102e+00
1.278177623349544857e-02 -1.352295000000000025e+00
1.280177901320357983e-02 -1.250615999999999950e+00
1.282178179291170936e-02 -1.184106000000000103e+00
1.284178457261984062e-02 -1.094495999999999913e+00
1.286178735232797188e-02 -1.073342999999999936e+00
1.288179013203610140e-02 -1.257883000000000084e+00
1.290179291174423266e-02 -1.439632999999999940e+00
1.292179569145236219e-02 -1.401480000000000059e+00
1.294179847116049345e-02 -1.124603999999999937e+00
1.296180125086862471e-02 -8.703750000000000098e-01
1.298180403057675424e-02 -8.596030000000000060e-01
1.300180681028488550e-02 -1.007546999999999970e+00
1.302180958999301676e-02 -1.248539000000000065e+00
1.304181236970114628e-02 -1.261452000000000018e+00
1.306181514940927754e-02 -1.225375000000000103e+00
1.308181792911740707e-02 -1.164964000000000111e+00
1.310182070882553833e-02 -1.250745999999999913e+00
1.312182348853366959e-02 -1.387853000000000003e+00
1.314182626824179911e-02 -1.439503999999999895e+00
1.316182904794993037e-02 -1.282475999999999949e+00
1.318183182765805990e-02 -1.005859999999999976e+00
1.320183460736619116e-02 -9.078150000000000386e-01
1.322183738707432242e-02 -9.260479999999999823e-01
1.324184016678245195e-02 -1.100465999999999944e+00
1.326184294649058321e-02 -1.193124999999999991e+00
1.328184572619871447e-02 -1.248410000000000020e+00
1.330184850590684399e-02 -1.398560000000000025e+00
1.332185128561497525e-02 -1.589977999999999891e+00
1.334185406532310478e-02 -1.654282000000000030e+00
1.336185684503123604e-02 -1.453259999999999996e+00
1.338185962473936730e-02 -1.144134999999999902e+00
1.340186240444749682e-02 -8.632370000000000321e-01
1.342186518415562808e-02 -8.387740000000000196e-01
1.344186796386375761e-02 -1.042715999999999976e+00
1.346187074357188887e-02 -1.266189000000000009e+00
1.348187352328002013e-02 -1.307002999999999915e+00
1.350187630298814966e-02 -1.194228999999999985e+00
1.352187908269628092e-02 -1.094821000000000044e+00
1.354188186240441218e-02 -9.584920000000000107e-01
1.356188464211254170e-02 -9.597900000000000320e-01
1.358188742182067296e-02 -1.044467999999999952e+00
1.360189020152880249e-02 -1.195397000000000043e+00
1.362189298123693375e-02 -1.382986999999999966e+00
1.364189576094506501e-02 -1.555781999999999998e+00
1.366189854065319453e-02 -1.551759000000000110e+00
1.368190132036132579e-02 -1.414652000000000021e+00
1.370190410006945532e-02 -1.163083000000000089e+00
1.372190687977758658e-02 -8.034109999999999863e-01
1.374190965948571784e-02 -6.711700000000000443e-01
1.376191243919384737e-02 -9.338999999999999524e-01
1.378191521890197863e-02 -1.398430000000000062e+00
1.380191799861010989e-02 -1.704958999999999891e+00
1.382192077831823941e-02 -1.712615999999999916e+00
1.384192355802637067e-02 -1.587706999999999979e+00
1.386192633773450020e-02 -1.420557000000000070e+00
1.388192911744263146e-02 -1.056148000000000087e+00
1.390193189715076272e-02 -7.189269999999999827e-01
1.392193467685889224e-02 -5.639750000000000041e-01
1.394193745656702350e-02 -6.576729999999999521e-01
1.396194023627515303e-02 -1.138101000000000029e+00
1.398194301598328429e-02 -1.624692999999999943e+00
1.400194579569141555e-02 -1.849852999999999970e+00
1.402194857539954508e-02 -1.730718999999999896e+00
1.404195135510767634e-02 -1.354759999999999964e+00
1.406195413481580760e-02 -9.758820000000000272e-01
1.408195691452393712e-02 -6.955670000000000464e-01
1.410195969423206838e-02 -6.708450000000000246e-01
1.412196247394019791e-02 -7.867990000000000261e-01
1.414196525364832917e-02 -1.181056000000000106e+00
1.416196803335646043e-02 -1.662652000000000019e+00
1.418197081306458995e-02 -1.901178999999999952e+00
1.420197359277272121e-02 -1.826298999999999895e+00
1.422197637248085074e-02 -1.622681000000000040e+00
1.424197915218898200e-02 -1.112015999999999893e+00
1.426198193189711326e-02 -5.846099999999999630e-01
1.428198471160524279e-02 -4.175889999999999880e-01
1.430198749131337405e-02 -6.746739999999999959e-01
1.432199027102150531e-02 -1.124992999999999910e+00
1.434199305072963483e-02 -1.477397999999999989e+00
1.436199583043776609e-02 -1.597180999999999962e+00
1.438199861014589562e-02 -1.482784000000000102e+00
1.440200138985402688e-02 -1.289938000000000029e+00
1.442200416956215814e-02 -1.109291000000000027e+00
1.444200694927028766e-02 -9.225440000000000307e-01
1.446200972897841892e-02 -8.383199999999999541e-01
1.448201250868654845e-02 -9.863939999999999930e-01
1.450201528839467971e-02 -1.276440999999999937e+00
1.452201806810281097e-02 -1.502834000000000003e+00
1.454202084781094050e-02 -1.613466999999999985e+00
1.456202362751907176e-02 -1.436778000000000111e+00
1.458202640722720302e-02 -1.140047000000000033e+00
1.460202918693533254e-02 -9.734810000000000407e-01
1.462203196664346380e-02 -9.998249999999999638e-01
1.464203474635159333e-02 -1.099687000000000081e+00
1.466203752605972459e-02 -1.276636000000000104e+00
1.468204030576785585e-02 -1.361378999999999895e+00
1.470204308547598537e-02 -1.269757999999999942e+00
1.472204586518411663e-02 -1.129860000000000086e+00
1.474204864489224616e-02 -1.062961000000000045e+00
1.476205142460037742e-02 -1.005276000000000058e+00
1.478205420430850868e-02 -9.575190000000000090e-01
1.480205698401663821e-02 -9.743239999999999679e-01
1.482205976372476947e-02 -1.035449000000000064e+00
1.484206254343290073e-02 -1.137516999999999889e+00
1.486206532314103025e-02 -1.301552999999999960e+00
1.488206810284916151e-02 -1.301876999999999951e+00
1.490207088255729104e-02 -1.106630000000000003e+00
1.492207366226542230e-02 -1.036940999999999891e+00
1.494207644197355356e-02 -1.145758000000000054e+00
1.496207922168168308e-02 -1.279231000000000007e+00
1.498208200138981434e-02 -1.277349999999999985e+00
1.500208478109794387e-02 -1.258467000000000002e+00
1.502208756080607513e-02 -1.139658000000000060e+00
1.504209034051420639e-02 -9.876909999999999856e-01
1.506209312022233592e-02 -9.599189999999999667e-01
1.508209589993046718e-02 -9.603089999999999682e-01
1.510209867963859844e-02 -9.361709999999999754e-01
1.512210145934672796e-02 -1.018966999999999956e+00
1.514210423905485922e-02 -1.095989000000000102e+00
1.516210701876298875e-02 -1.099687000000000081e+00
1.518210979847112001e-02 -1.228358999999999979e+00
1.520211257817925127e-02 -1.290780999999999956e+00
1.522211535788738079e-02 -1.278777000000000053e+00
1.524211813759551205e-02 -1.277868999999999922e+00
1.526212091730364158e-02 -1.279490999999999934e+00
1.528212369701177284e-02 -1.229268000000000027e+00
1.530212647671990410e-02 -1.142838000000000021e+00
1.532212925642803363e-02 -9.926880000000000148e-01
1.534213203613616489e-02 -7.374199999999999644e-01
1.536213481584429441e-02 -6.012210000000000054e-01
1.538213759555242567e-02 -7.311910000000000354e-01
1.540214037526055693e-02 -1.055369000000000002e+00
1.542214315496868646e-02 -1.345871000000000040e+00
1.544214593467681772e-02 -1.516005999999999965e+00
1.546214871438494898e-02 -1.540793000000000079e+00
1.548215149409307850e-02 -1.371177000000000090e+00
1.550215427380120976e-02 -1.109615000000000018e+00
1.552215705350933929e-02 -8.446789999999999576e-01
1.554215983321747055e-02 -7.106860000000000399e-01
1.556216261292560181e-02 -8.317020000000000524e-01
1.558216539263373134e-02 -1.141734000000000027e+00
1.560216817234186260e-02 -1.447095999999999938e+00
1.562217095204999212e-02 -1.582321000000000089e+00
1.564217373175812512e-02 -1.571809999999999929e+00
1.566217651146625464e-02 -1.340225999999999917e+00
1.568217929117438417e-02 -8.917869999999999964e-01
1.570218207088251369e-02 -6.500160000000000382e-01
1.572218485059064669e-02 -7.342400000000000038e-01
1.574218763029877621e-02 -9.487590000000000190e-01
1.576219041000690574e-02 -1.261387000000000036e+00
1.578219318971503873e-02 -1.465198999999999918e+00
1.580219596942316826e-02 -1.476425000000000098e+00
1.582219874913129778e-02 -1.367153999999999980e+00
1.584220152883943078e-02 -1.179694000000000020e+00
1.586220430854756031e-02 -8.243040000000000367e-01
1.588220708825568983e-02 -6.068010000000000348e-01
1.590220986796382283e-02 -6.186760000000000037e-01
1.592221264767195235e-02 -8.919820000000000526e-01
1.594221542738008188e-02 -1.300578999999999930e+00
1.596221820708821140e-02 -1.611131000000000091e+00
1.598222098679634440e-02 -1.605811000000000099e+00
1.600222376650447392e-02 -1.368646000000000029e+00
1.602222654621260345e-02 -1.165677999999999992e+00
1.604222932592073644e-02 -9.372740000000000515e-01
1.606223210562886597e-02 -7.340459999999999763e-01
1.608223488533699549e-02 -7.418970000000000287e-01
1.610223766504512849e-02 -8.771229999999999860e-01
1.612224044475325802e-02 -1.018901999999999974e+00
1.614224322446138754e-02 -1.120451000000000086e+00
1.616224600416952054e-02 -1.193708999999999909e+00
1.618224878387765006e-02 -1.184884999999999966e+00
1.620225156358577959e-02 -1.118114999999999970e+00
1.622225434329390911e-02 -9.933370000000000255e-01
1.624225712300204211e-02 -9.421399999999999775e-01
1.626225990271017163e-02 -1.010531999999999986e+00
1.628226268241830116e-02 -1.191697999999999924e+00
1.630226546212643415e-02 -1.273066999999999949e+00
1.632226824183456368e-02 -1.210774999999999935e+00
1.634227102154269320e-02 -1.118050999999999906e+00
1.636227380125082620e-02 -1.003198999999999952e+00
1.638227658095895573e-02 -9.934659999999999602e-01
1.640227936066708525e-02 -9.919740000000000224e-01
1.642228214037521825e-02 -1.031684999999999963e+00
1.644228492008334777e-02 -1.094691000000000081e+00
1.646228769979147730e-02 -1.222390000000000088e+00
1.648229047949960682e-02 -1.307133000000000100e+00
1.650229325920773982e-02 -1.315048999999999912e+00
1.652229603891586934e-02 -1.229397999999999991e+00
1.654229881862399887e-02 -1.059781000000000084e+00
1.656230159833213186e-02 -9.338349999999999707e-01
1.658230437804026139e-02 -8.721269999999999856e-01
1.660230715774839091e-02 -9.010660000000000336e-01
1.662230993745652391e-02 -1.002356000000000025e+00
1.664231271716465344e-02 -1.115194999999999936e+00
1.666231549687278296e-02 -1.200523000000000007e+00
1.668231827658091596e-02 -1.177097999999999978e+00
1.670232105628904548e-02 -1.112146000000000079e+00
1.672232383599717501e-02 -1.039665999999999979e+00
1.674232661570530453e-02 -9.869130000000000402e-01
1.676232939541343753e-02 -9.021050000000000457e-01
1.678233217512156705e-02 -8.514270000000000449e-01
1.680233495482969658e-02 -9.107349999999999612e-01
1.682233773453782957e-02 -1.069190000000000085e+00
1.684234051424595910e-02 -1.210774999999999935e+00
1.686234329395408862e-02 -1.314983999999999931e+00
1.688234607366222162e-02 -1.346195000000000030e+00
1.690234885337035114e-02 -1.320370000000000044e+00
1.692235163307848067e-02 -1.252172999999999981e+00
1.694235441278661367e-02 -1.118570000000000064e+00
1.696235719249474319e-02 -1.016242000000000090e+00
1.698235997220287272e-02 -9.619309999999999805e-01
1.700236275191100224e-02 -9.605029999999999957e-01
1.702236553161913524e-02 -9.605679999999999774e-01
1.704236831132726476e-02 -1.008196000000000092e+00
1.706237109103539429e-02 -1.088071999999999928e+00
1.708237387074352728e-02 -1.124864000000000086e+00
1.710237665045165681e-02 -1.133429000000000020e+00
1.712237943015978633e-02 -1.061922999999999950e+00
1.714238220986791933e-02 -1.014748999999999901e+00
1.716238498957604885e-02 -1.018189000000000011e+00
1.718238776928417838e-02 -1.091252000000000111e+00
1.720239054899231138e-02 -1.201756000000000046e+00
1.722239332870044090e-02 -1.306030000000000024e+00
1.724239610840857043e-02 -1.373707999999999929e+00
1.726239888811669995e-02 -1.363650000000000029e+00
1.728240166782483295e-02 -1.209672000000000081e+00
1.730240444753296247e-02 -9.509649999999999492e-01
1.732240722724109200e-02 -7.448820000000000441e-01
1.734241000694922499e-02 -7.172399999999999887e-01
1.736241278665735452e-02 -8.607059999999999711e-01
1.738241556636548404e-02 -1.095145000000000035e+00
1.740241834607361704e-02 -1.299736000000000002e+00
1.742242112578174656e-02 -1.433338999999999919e+00
1.744242390548987609e-02 -1.456439000000000039e+00
1.746242668519800909e-02 -1.321214000000000111e+00
1.748242946490613861e-02 -1.067244000000000081e+00
1.750243224461426814e-02 -8.623929999999999652e-01
1.752243502432239766e-02 -7.712259999999999671e-01
1.754243780403053066e-02 -8.647939999999999516e-01
1.756244058373866018e-02 -1.046415000000000095e+00
1.758244336344678971e-02 -1.252691999999999917e+00
1.760244614315492270e-02 -1.373512999999999984e+00
1.762244892286305223e-02 -1.345871000000000040e+00
1.764245170257118175e-02 -1.190725000000000033e+00
1.766245448227931475e-02 -1.031425999999999954e+00
1.768245726198744427e-02 -1.013970999999999956e+00
1.770246004169557380e-02 -1.103320999999999996e+00
1.772246282140370680e-02 -1.225959000000000021e+00
1.774246560111183632e-02 -1.301163000000000070e+00
1.776246838081996585e-02 -1.271314999999999973e+00
1.778247116052809537e-02 -1.195850999999999997e+00
1.780247394023622837e-02 -1.057770000000000099e+00
1.782247671994435789e-02 -9.448010000000000019e-01
1.784247949965248742e-02 -8.607059999999999711e-01
1.786248227936062041e-02 -8.703100000000000280e-01
1.788248505906874994e-02 -1.051411000000000096e+00
1.790248783877687946e-02 -1.300513999999999948e+00
1.792249061848501246e-02 -1.453843999999999914e+00
1.794249339819314198e-02 -1.453000000000000069e+00
1.796249617790127151e-02 -1.272872000000000003e+00
1.798249895760940451e-02 -1.026364000000000054e+00
1.800250173731753403e-02 -8.681680000000000508e-01
1.802250451702566356e-02 -8.076929999999999943e-01
1.804250729673379308e-02 -9.256590000000000096e-01
1.806251007644192608e-02 -1.122462999999999989e+00
1.808251285615005560e-02 -1.255806999999999896e+00
1.810251563585818513e-02 -1.279490999999999934e+00
1.812251841556631812e-02 -1.296880999999999950e+00
1.814252119527444765e-02 -1.253082000000000029e+00
1.816252397498257717e-02 -1.160811000000000037e+00
1.818252675469071017e-02 -1.036680999999999964e+00
1.820252953439883969e-02 -9.655650000000000066e-01
1.822253231410696922e-02 -1.035188999999999915e+00
1.824253509381510222e-02 -1.163276999999999894e+00
1.826253787352323174e-02 -1.297400000000000109e+00
1.828254065323136127e-02 -1.284747000000000083e+00
1.830254343293949079e-02 -1.206557000000000102e+00
1.832254621264762379e-02 -1.100141999999999953e+00
1.834254899235575331e-02 -1.040056000000000092e+00
1.836255177206388284e-02 -1.054785000000000084e+00
1.838255455177201583e-02 -1.071137000000000006e+00
1.840255733148014536e-02 -1.047387999999999986e+00
1.842256011118827488e-02 -1.084893000000000107e+00
1.844256289089640788e-02 -1.156528999999999918e+00
1.846256567060453740e-02 -1.212981000000000087e+00
1.848256845031266693e-02 -1.250615999999999950e+00
1.850257123002079993e-02 -1.232382000000000088e+00
1.852257400972892945e-02 -1.172620999999999913e+00
1.854257678943705898e-02 -1.074186000000000085e+00
1.856257956914518850e-02 -1.017733999999999916e+00
1.858258234885332150e-02 -1.006702999999999903e+00
1.860258512856145102e-02 -1.029025000000000079e+00
1.862258790826958055e-02 -1.087488000000000010e+00
1.864259068797771354e-02 -1.181575000000000042e+00
1.866259346768584307e-02 -1.248345000000000038e+00
1.868259624739397259e-02 -1.297789000000000081e+00
1.870259902710210559e-02 -1.271444999999999936e+00
1.872260180681023511e-02 -1.186247000000000051e+00
1.874260458651836464e-02 -1.062116999999999978e+00
1.876260736622649763e-02 -9.636179999999999746e-01
1.878261014593462716e-02 -9.622549999999999715e-01
1.880261292564275669e-02 -1.037006000000000094e+00
1.882261570535088621e-02 -1.120711000000000013e+00
1.884261848505901921e-02 -1.242115999999999998e+00
1.886262126476714873e-02 -1.275014000000000092e+00
1.888262404447527826e-02 -1.256909999999999972e+00
1.890262682418341125e-02 -1.167300000000000004e+00
1.892262960389154078e-02 -1.025714999999999932e+00
1.894263238359967030e-02 -9.549229999999999663e-01
1.896263516330780330e-02 -9.337699999999999889e-01
1.898263794301593282e-02 -9.941799999999999526e-01
1.900264072272406235e-02 -1.107278999999999902e+00
1.902264350243219534e-02 -1.213500000000000023e+00
1.904264628214032487e-02 -1.234393999999999991e+00
1.906264906184845440e-02 -1.198771000000000031e+00
1.908265184155658392e-02 -1.125642000000000031e+00
1.910265462126471692e-02 -1.073538000000000103e+00
1.912265740097284644e-02 -1.043365000000000098e+00
1.914266018068097597e-02 -1.071979999999999933e+00
1.916266296038910896e-02 -1.166131999999999946e+00
1.918266574009723849e-02 -1.240429000000000004e+00
1.920266851980536801e-02 -1.297139999999999960e+00
1.922267129951350101e-02 -1.273196999999999912e+00
1.924267407922163053e-02 -1.179629000000000039e+00
1.926267685892976006e-02 -1.005600000000000049e+00
1.928267963863789305e-02 -8.599280000000000257e-01
1.930268241834602258e-02 -8.418240000000000167e-01
1.932268519805415211e-02 -9.073600000000000554e-01
1.934268797776228163e-02 -1.050826999999999956e+00
1.936269075747041463e-02 -1.176384000000000096e+00
1.938269353717854415e-02 -1.243543000000000065e+00
1.940269631688667368e-02 -1.271898999999999891e+00
1.942269909659480667e-02 -1.214213999999999904e+00
1.944270187630293620e-02 -1.144460000000000033e+00
1.946270465601106572e-02 -1.090862999999999916e+00
1.948270743571919872e-02 -1.064907999999999966e+00
1.950271021542732824e-02 -1.091252000000000111e+00
1.952271299513545777e-02 -1.186571999999999960e+00
1.954271577484359076e-02 -1.276570999999999900e+00
1.956271855455172029e-02 -1.300450000000000106e+00
1.958272133425984982e-02 -1.242310000000000025e+00
1.960272411396797934e-02 -1.131547000000000081e+00
1.962272689367611234e-02 -1.033177999999999930e+00
1.964272967338424186e-02 -1.032073999999999936e+00
1.966273245309237139e-02 -1.102217999999999920e+00
1.968273523280050438e-02 -1.221481000000000039e+00
1.970273801250863391e-02 -1.266513000000000000e+00
1.972274079221676343e-02 -1.272548000000000012e+00
1.974274357192489643e-02 -1.166001999999999983e+00
1.976274635163302595e-02 -1.047063000000000077e+00
1.978274913134115548e-02 -9.305250000000000465e-01
1.980275191104928847e-02 -8.257970000000000033e-01
1.982275469075741800e-02 -8.466909999999999714e-01
1.984275747046554753e-02 -9.643969999999999487e-01
1.986276025017367705e-02 -1.191697999999999924e+00
1.988276302988181005e-02 -1.411990999999999996e+00
1.990276580958993957e-02 -1.517822999999999922e+00
1.992276858929806910e-02 -1.484601000000000059e+00
1.994277136900620209e-02 -1.321277999999999953e+00
1.996277414871433162e-02 -1.127005000000000035e+00
1.998277692842246114e-02 -1.014620000000000077e+00
2.000277970813059414e-02 -9.493430000000000479e-01
2.002278248783872366e-02 -9.606329999999999592e-01
2.004278526754685319e-02 -9.840579999999999883e-01
2.006278804725498618e-02 -1.053682000000000007e+00
2.008279082696311571e-02 -1.093523000000000023e+00
2.010279360667124524e-02 -1.143810999999999911e+00
2.012279638637937476e-02 -1.136219000000000090e+00
2.014279916608750776e-02 -1.118635000000000046e+00
2.016280194579563728e-02 -1.103644999999999987e+00
2.018280472550376681e-02 -1.114352000000000009e+00
2.020280750521189980e-02 -1.137710999999999917e+00
2.022281028492002933e-02 -1.170025000000000093e+00
2.024281306462815885e-02 -1.154387999999999970e+00
2.026281584433629185e-02 -1.132714999999999916e+00
2.028281862404442137e-02 -1.100141999999999953e+00
2.030282140375255090e-02 -1.062637000000000054e+00
2.032282418346068389e-02 -1.076521999999999979e+00
2.034282696316881342e-02 -1.091510999999999898e+00
2.036282974287694295e-02 -1.085282000000000080e+00
2.038283252258507247e-02 -1.100011999999999990e+00
2.040283530229320547e-02 -1.108381999999999978e+00
2.042283808200133499e-02 -1.136608000000000063e+00
2.044284086170946452e-02 -1.161005999999999982e+00
2.046284364141759751e-02 -1.150689000000000073e+00
2.048284642112572704e-02 -1.127718999999999916e+00
2.050284920083385656e-02 -1.111431999999999976e+00
2.052285198054198956e-02 -1.056083000000000105e+00
2.054285476025011908e-02 -1.021303000000000072e+00
2.056285753995824861e-02 -9.912600000000000300e-01
2.058286031966638160e-02 -9.939850000000000074e-01
2.060286309937451113e-02 -1.051606000000000041e+00
2.062286587908264066e-02 -1.145887000000000100e+00
2.064286865879077018e-02 -1.249706999999999901e+00
2.066287143849890318e-02 -1.293506999999999962e+00
2.068287421820703270e-02 -1.265020999999999951e+00
2.070287699791516223e-02 -1.201561000000000101e+00
2.072287977762329522e-02 -1.130573999999999968e+00
2.074288255733142475e-02 -1.058548999999999962e+00
2.076288533703955427e-02 -1.052383999999999986e+00
2.078288811674768727e-02 -1.050567000000000029e+00
2.080289089645581679e-02 -1.107148999999999939e+00
2.082289367616394632e-02 -1.164833999999999925e+00
2.084289645587207931e-02 -1.185469000000000106e+00
2.086289923558020884e-02 -1.175086999999999993e+00
2.088290201528833837e-02 -1.115131000000000094e+00
2.090290479499646789e-02 -1.058678000000000008e+00
2.092290757470460089e-02 -1.049139999999999961e+00
2.094291035441273041e-02 -1.099687000000000081e+00
2.096291313412085994e-02 -1.223492999999999942e+00
2.098291591382899293e-02 -1.259441000000000033e+00
2.100291869353712246e-02 -1.221092000000000066e+00
2.102292147324525198e-02 -1.118050999999999906e+00
2.104292425295338498e-02 -1.006639000000000062e+00
2.106292703266151450e-02 -9.414259999999999851e-01
2.108292981236964403e-02 -9.398689999999999545e-01
2.110293259207777702e-02 -1.018966999999999956e+00
2.112293537178590655e-02 -1.134142999999999901e+00
2.114293815149403608e-02 -1.259700000000000042e+00
2.116294093120216560e-02 -1.364103999999999983e+00
2.118294371091029860e-02 -1.377796000000000021e+00
2.120294649061842812e-02 -1.282540999999999931e+00
2.122294927032655765e-02 -1.109809999999999963e+00
2.124295205003469064e-02 -9.623850000000000460e-01
2.126295482974282017e-02 -9.006769999999999499e-01
2.128295760945094969e-02 -9.298760000000000359e-01
2.130296038915908269e-02 -1.051671000000000022e+00
2.132296316886721221e-02 -1.152700000000000058e+00
2.134296594857534174e-02 -1.218690999999999969e+00
2.136296872828347473e-02 -1.201691000000000065e+00
2.138297150799160426e-02 -1.154581999999999997e+00
2.140297428769973379e-02 -1.100854999999999917e+00
2.142297706740786331e-02 -1.065620999999999929e+00
2.144297984711599631e-02 -1.067763000000000018e+00
2.146298262682412583e-02 -1.106500999999999957e+00
2.148298540653225536e-02 -1.172881000000000062e+00
2.150298818624038835e-02 -1.229981999999999909e+00
2.152299096594851788e-02 -1.252691999999999917e+00
2.154299374565664740e-02 -1.216615000000000002e+00
2.156299652536478040e-02 -1.137126999999999999e+00
2.158299930507290992e-02 -1.031619999999999981e+00
2.160300208478103945e-02 -9.611520000000000064e-01
2.162300486448917244e-02 -9.941149999999999709e-01
2.164300764419730197e-02 -1.060885000000000078e+00
2.166301042390543150e-02 -1.152506000000000030e+00
2.168301320361356102e-02 -1.211554000000000020e+00
2.170301598332169402e-02 -1.198056999999999928e+00
2.172301876302982354e-02 -1.157955999999999985e+00
2.174302154273795307e-02 -1.090538000000000007e+00
2.176302432244608606e-02 -1.062181999999999960e+00
2.178302710215421559e-02 -9.973600000000000243e-01
2.180302988186234511e-02 -9.610870000000000246e-01
2.182303266157047811e-02 -9.843169999999999975e-01
2.184303544127860763e-02 -1.040640000000000009e+00
2.186303822098673716e-02 -1.132130999999999998e+00
2.188304100069487015e-02 -1.192736000000000018e+00
2.190304378040299968e-02 -1.210579999999999989e+00
2.192304656011112921e-02 -1.184690000000000021e+00
2.194304933981925873e-02 -1.144913999999999987e+00
2.196305211952739173e-02 -1.106954999999999911e+00
2.198305489923552125e-02 -1.069903999999999966e+00
2.200305767894365078e-02 -1.048426000000000080e+00
2.202306045865178377e-02 -1.031944999999999890e+00
2.204306323835991330e-02 -1.020848999999999895e+00
2.206306601806804282e-02 -1.033825999999999912e+00
2.208306879777617582e-02 -1.039406999999999970e+00
2.210307157748430534e-02 -1.067827999999999999e+00
2.212307435719243487e-02 -1.083790000000000031e+00
2.214307713690056786e-02 -1.099947000000000008e+00
2.216307991660869739e-02 -1.115131000000000094e+00
2.218308269631682692e-02 -1.143162000000000011e+00
2.220308547602495644e-02 -1.148676999999999948e+00
2.222308825573308944e-02 -1.144589999999999996e+00
2.224309103544121896e-02 -1.124149999999999983e+00
2.226309381514934849e-02 -1.094626000000000099e+00
2.228309659485748148e-02 -1.062442000000000109e+00
2.230309937456561101e-02 -1.052448999999999968e+00
2.232310215427374053e-02 -1.055369000000000002e+00
2.234310493398187353e-02 -1.064194000000000084e+00
2.236310771369000305e-02 -1.102737000000000078e+00
2.238311049339813258e-02 -1.127070000000000016e+00
2.240311327310626557e-02 -1.157178000000000040e+00
2.242311605281439510e-02 -1.156724000000000085e+00
2.244311883252252462e-02 -1.160617000000000010e+00
2.246312161223065415e-02 -1.136738000000000026e+00
2.248312439193878715e-02 -1.085282000000000080e+00
2.250312717164691667e-02 -1.030516999999999905e+00
2.252312995135504620e-02 -9.943750000000000089e-01
2.254313273106317919e-02 -9.684199999999999475e-01
2.256313551077130872e-02 -1.013517000000000001e+00
2.258313829047943824e-02 -1.074446000000000012e+00
2.260314107018757124e-02 -1.137775999999999899e+00
2.262314384989570076e-02 -1.184366000000000030e+00
2.264314662960383029e-02 -1.184560000000000057e+00
2.266314940931196328e-02 -1.141604999999999981e+00
2.268315218902009281e-02 -1.101569000000000020e+00
2.270315496872822233e-02 -1.079831999999999903e+00
2.272315774843635186e-02 -1.091576000000000102e+00
2.274316052814448486e-02 -1.106111000000000066e+00
2.276316330785261438e-02 -1.126486000000000098e+00
2.278316608756074391e-02 -1.152895000000000003e+00
2.280316886726887690e-02 -1.128821999999999992e+00
2.282317164697700643e-02 -1.122851999999999961e+00
2.284317442668513595e-02 -1.058937999999999935e+00
2.286317720639326895e-02 -9.909360000000000390e-01
2.288317998610139847e-02 -9.810729999999999729e-01
2.290318276580952800e-02 -1.035903000000000018e+00
2.292318554551766099e-02 -1.128108000000000111e+00
2.294318832522579052e-02 -1.213435000000000041e+00
2.296319110493392004e-02 -1.241076999999999986e+00
2.298319388464204957e-02 -1.198706000000000049e+00
2.300319666435018257e-02 -1.107474000000000069e+00
2.302319944405831209e-02 -1.010596999999999968e+00
2.304320222376644162e-02 -9.574540000000000273e-01
2.306320500347457461e-02 -9.517440000000000344e-01
2.308320778318270414e-02 -1.012477999999999989e+00
2.310321056289083366e-02 -1.111237000000000030e+00
2.312321334259896666e-02 -1.210320999999999980e+00
2.314321612230709618e-02 -1.272742999999999958e+00
2.316321890201522571e-02 -1.283773000000000053e+00
2.318322168172335870e-02 -1.219081000000000081e+00
2.320322446143148823e-02 -1.109420000000000073e+00
2.322322724113961775e-02 -1.036032999999999982e+00
2.324323002084774728e-02 -1.022081999999999935e+00
2.326323280055588028e-02 -1.053941999999999934e+00
2.328323558026400980e-02 -1.112729999999999997e+00
2.330323835997213933e-02 -1.128433000000000019e+00
2.332324113968027232e-02 -1.126290999999999931e+00
2.334324391938840185e-02 -1.083075999999999928e+00
2.336324669909653137e-02 -1.061728000000000005e+00
2.338324947880466437e-02 -1.046154999999999946e+00
2.340325225851279389e-02 -1.049789000000000083e+00
2.342325503822092342e-02 -1.085736000000000034e+00
2.344325781792905641e-02 -1.115715000000000012e+00
2.346326059763718594e-02 -1.145952000000000082e+00
2.348326337734531546e-02 -1.186895999999999951e+00
2.350326615705344499e-02 -1.166131999999999946e+00
2.352326893676157799e-02 -1.115259999999999918e+00
2.354327171646970751e-02 -1.058937999999999935e+00
2.356327449617783704e-02 -1.028960000000000097e+00
2.358327727588597003e-02 -1.059846000000000066e+00
2.360328005559409956e-02 -1.095274999999999999e+00
2.362328283530222908e-02 -1.136088999999999904e+00
2.364328561501036208e-02 -1.139528000000000096e+00
2.366328839471849160e-02 -1.126551000000000080e+00
2.368329117442662113e-02 -1.119737999999999900e+00
2.370329395413475412e-02 -1.103256000000000014e+00
2.372329673384288365e-02 -1.088980999999999977e+00
2.374329951355101317e-02 -1.070683000000000051e+00
2.376330229325914270e-02 -1.051280999999999910e+00
2.378330507296727570e-02 -1.037849000000000022e+00
2.380330785267540522e-02 -1.050567000000000029e+00
2.382331063238353475e-02 -1.057639999999999914e+00
2.384331341209166774e-02 -1.061792999999999987e+00
2.386331619179979727e-02 -1.081064999999999943e+00
2.388331897150792679e-02 -1.100595999999999908e+00
2.390332175121605979e-02 -1.111431999999999976e+00
2.392332453092418931e-02 -1.124409999999999910e+00
2.394332731063231884e-02 -1.126225999999999949e+00
2.396333009034045183e-02 -1.125771999999999995e+00
2.398333287004858136e-02 -1.113248999999999933e+00
2.400333564975671088e-02 -1.119607999999999937e+00
2.402333842946484041e-02 -1.111691999999999902e+00
2.404334120917297341e-02 -1.113572999999999924e+00
2.406334398888110293e-02 -1.095793999999999935e+00
2.408334676858923246e-02 -1.070033999999999930e+00
2.410334954829736545e-02 -1.045376000000000083e+00
2.412335232800549498e-02 -1.022990000000000066e+00
2.414335510771362450e-02 -1.032982999999999985e+00
2.416335788742175750e-02 -1.028505999999999920e+00
2.418336066712988702e-02 -1.010661999999999949e+00
2.420336344683801655e-02 -1.154128000000000043e+00
2.422336622654614954e-02 -1.068475999999999981e+00
2.424336900625427907e-02 -1.138166000000000011e+00
2.426337178596240859e-02 -1.064324000000000048e+00
2.428337456567053812e-02 -9.995009999999999728e-01
2.430337734537867111e-02 -8.666760000000000019e-01
2.432338012508680064e-02 -9.322770000000000223e-01
2.434338290479493017e-02 -1.077949999999999964e+00
2.436338568450306316e-02 -1.052837999999999941e+00
2.438338846421119269e-02 -1.270601000000000091e+00
2.440339124391932221e-02 -1.107604000000000033e+00
2.442339402362745521e-02 -1.076457999999999915e+00
2.444339680333558473e-02 -1.217392999999999947e+00
2.446339958304371426e-02 -1.113703000000000110e+00
2.448340236275184725e-02 -1.003654000000000046e+00
2.450340514245997678e-02 -1.025001999999999969e+00
2.452340792216810630e-02 -9.379870000000000152e-01
2.454341070187623583e-02 -9.568699999999999983e-01
2.456341348158436882e-02 -1.052124999999999977e+00
2.458341626129249835e-02 -1.074510999999999994e+00
2.460341904100062788e-02 -1.118959000000000037e+00
2.462342182070876087e-02 -1.129081000000000001e+00
2.464342460041689040e-02 -1.030842000000000036e+00
2.466342738012501992e-02 -9.348079999999999723e-01
2.468343015983315292e-02 -9.337699999999999889e-01
2.470343293954128244e-02 -1.001382999999999912e+00
2.472343571924941197e-02 -1.107148999999999939e+00
2.474343849895754496e-02 -1.169570999999999916e+00
2.476344127866567449e-02 -1.123761000000000010e+00
2.478344405837380401e-02 -1.076912000000000091e+00
2.480344683808193354e-02 -1.047387999999999986e+00
2.482344961779006653e-02 -1.077690000000000037e+00
2.484345239749819606e-02 -1.063674999999999926e+00
2.486345517720632559e-02 -1.048426000000000080e+00
2.488345795691445858e-02 -1.039406999999999970e+00
2.490346073662258811e-02 -1.107148999999999939e+00
2.492346351633071763e-02 -1.167040999999999995e+00
2.494346629603885063e-02 -1.175799999999999956e+00
2.496346907574698015e-02 -1.080545000000000089e+00
2.498347185545510968e-02 -9.906110000000000193e-01
2.500347463516324267e-02 -9.416860000000000230e-01
2.502347741487137220e-02 -1.004108000000000001e+00
2.504348019457950172e-02 -1.066140000000000088e+00
2.506348297428763125e-02 -1.070812000000000097e+00
2.508348575399576424e-02 -1.072564000000000073e+00
2.510348853370389377e-02 -1.078014999999999946e+00
2.512349131341202330e-02 -1.140760999999999914e+00
2.514349409312015629e-02 -1.160163000000000055e+00
2.516349687282828582e-02 -1.126160999999999968e+00
2.518349965253641534e-02 -1.053552000000000044e+00
2.520350243224454834e-02 -1.022990000000000066e+00
2.522350521195267786e-02 -1.044402999999999970e+00
2.524350799166080739e-02 -1.122203000000000062e+00
2.526351077136894038e-02 -1.130897999999999959e+00
2.528351355107706991e-02 -1.103709999999999969e+00
2.530351633078519943e-02 -1.062766000000000099e+00
2.532351911049332896e-02 -1.035643000000000091e+00
2.534352189020146195e-02 -1.033762000000000070e+00
2.536352466990959148e-02 -1.058937999999999935e+00
2.538352744961772101e-02 -1.054720000000000102e+00
2.540353022932585400e-02 -1.055887999999999938e+00
2.542353300903398353e-02 -1.085606999999999989e+00
2.544353578874211305e-02 -1.099687000000000081e+00
2.546353856845024605e-02 -1.115194999999999936e+00
2.548354134815837557e-02 -1.071851000000000109e+00
2.550354412786650510e-02 -1.011115999999999904e+00
2.552354690757463809e-02 -9.655000000000000249e-01
2.554354968728276762e-02 -9.830839999999999579e-01
2.556355246699089714e-02 -1.026235000000000008e+00
2.558355524669902667e-02 -1.059846000000000066e+00
2.560355802640715966e-02 -1.087229000000000001e+00
2.562356080611528919e-02 -1.104165000000000063e+00
2.564356358582341872e-02 -1.127653999999999934e+00
2.566356636553155171e-02 -1.166651000000000105e+00
2.568356914523968124e-02 -1.143291999999999975e+00
2.570357192494781076e-02 -1.109291000000000027e+00
2.572357470465594376e-02 -1.047517999999999949e+00
2.574357748436407328e-02 -1.029025000000000079e+00
2.576358026407220281e-02 -1.031360999999999972e+00
2.578358304378033580e-02 -1.040640000000000009e+00
2.580358582348846533e-02 -1.023314999999999975e+00
2.582358860319659485e-02 -1.017539999999999889e+00
2.584359138290472438e-02 -1.046349999999999891e+00
2.586359416261285737e-02 -1.088397000000000059e+00
2.588359694232098690e-02 -1.103709999999999969e+00
2.590359972202911643e-02 -1.105137999999999954e+00
2.592360250173724942e-02 -1.076197999999999988e+00
2.594360528144537895e-02 -1.070618000000000070e+00
2.596360806115350847e-02 -1.121164999999999967e+00
2.598361084086164147e-02 -1.132001000000000035e+00
2.600361362056977099e-02 -1.131742000000000026e+00
2.602361640027790052e-02 -1.088527000000000022e+00
2.604361917998603351e-02 -1.063998999999999917e+00
2.606362195969416304e-02 -1.053487000000000062e+00
2.608362473940229256e-02 -1.035058999999999951e+00
2.610362751911042209e-02 -1.030386999999999942e+00
2.612363029881855508e-02 -1.020588999999999968e+00
2.614363307852668461e-02 -1.052059999999999995e+00
2.616363585823481414e-02 -1.108316999999999997e+00
2.618363863794294713e-02 -1.171322999999999892e+00
2.620364141765107666e-02 -1.196565000000000101e+00
2.622364419735920618e-02 -1.173140000000000072e+00
2.624364697706733918e-02 -1.105591999999999908e+00
2.626364975677546870e-02 -1.045571000000000028e+00
2.628365253648359823e-02 -1.010531999999999986e+00
2.630365531619173122e-02 -1.009039000000000019e+00
2.632365809589986075e-02 -1.026105000000000045e+00
2.634366087560799027e-02 -1.066076000000000024e+00
2.636366365531611980e-02 -1.104554000000000036e+00
2.638366643502425279e-02 -1.139853000000000005e+00
2.640366921473238232e-02 -1.141539999999999999e+00
2.642367199444051185e-02 -1.123566000000000065e+00
2.644367477414864484e-02 -1.083919999999999995e+00
2.646367755385677437e-02 -1.068931000000000076e+00
2.648368033356490389e-02 -1.062700999999999896e+00
2.650368311327303689e-02 -1.097285999999999984e+00
2.652368589298116641e-02 -1.122981999999999925e+00
2.654368867268929594e-02 -1.127718999999999916e+00
2.656369145239742893e-02 -1.107733000000000079e+00
2.658369423210555846e-02 -1.079183000000000003e+00
2.660369701181368798e-02 -1.053033000000000108e+00
2.662369979152181751e-02 -1.040704000000000073e+00
2.664370257122995050e-02 -1.041743000000000086e+00
2.666370535093808003e-02 -1.083919999999999995e+00
2.668370813064620956e-02 -1.118374999999999897e+00
2.670371091035434255e-02 -1.164379999999999971e+00
2.672371369006247208e-02 -1.140891000000000099e+00
2.674371646977060160e-02 -1.105461999999999945e+00
2.676371924947873460e-02 -1.047646999999999995e+00
2.678372202918686412e-02 -1.015139000000000014e+00
2.680372480889499365e-02 -9.925580000000000513e-01
2.682372758860312664e-02 -1.020199999999999996e+00
2.684373036831125617e-02 -1.038369000000000097e+00
2.686373314801938569e-02 -1.068151999999999990e+00
2.688373592772751522e-02 -1.110133999999999954e+00
2.690373870743564821e-02 -1.133299000000000056e+00
2.692374148714377774e-02 -1.126745000000000108e+00
2.694374426685190727e-02 -1.095793999999999935e+00
2.696374704656004026e-02 -1.046543999999999919e+00
2.698374982626816979e-02 -1.037719999999999976e+00
2.700375260597629931e-02 -1.062572000000000072e+00
2.702375538568443231e-02 -1.104748999999999981e+00
2.704375816539256183e-02 -1.104424000000000072e+00
2.706376094510069136e-02 -1.094106999999999941e+00
2.708376372480882435e-02 -1.096119000000000065e+00
2.710376650451695388e-02 -1.084568999999999894e+00
2.712376928422508340e-02 -1.101374000000000075e+00
2.714377206393321293e-02 -1.065946000000000060e+00
2.716377484364134592e-02 -1.046284999999999910e+00
2.718377762334947545e-02 -1.040575000000000028e+00
2.720378040305760498e-02 -1.084697999999999940e+00
2.722378318276573797e-02 -1.104035000000000100e+00
2.724378596247386750e-02 -1.124409999999999910e+00
2.726378874218199702e-02 -1.077105999999999897e+00
2.728379152189013002e-02 -1.067827999999999999e+00
2.730379430159825954e-02 -1.063479999999999981e+00
2.732379708130638907e-02 -1.052059999999999995e+00
2.734379986101452206e-02 -1.066205000000000069e+00
2.736380264072265159e-02 -1.059781000000000084e+00
2.738380542043078111e-02 -1.058807999999999971e+00
2.740380820013891064e-02 -1.066270000000000051e+00
2.742381097984704363e-02 -1.092808999999999919e+00
2.744381375955517316e-02 -1.109874999999999945e+00
2.746381653926330269e-02 -1.104100000000000081e+00
2.748381931897143568e-02 -1.091706000000000065e+00
2.750382209867956521e-02 -1.057900000000000063e+00
2.752382487838769473e-02 -1.045765999999999973e+00
2.754382765809582773e-02 -1.050308000000000019e+00
2.756383043780395725e-02 -1.054265999999999925e+00
2.758383321751208678e-02 -1.054915000000000047e+00
2.760383599722021977e-02 -1.069190000000000085e+00
2.762383877692834930e-02 -1.100011999999999990e+00
2.764384155663647882e-02 -1.096508000000000038e+00
2.766384433634460835e-02 -1.074057000000000039e+00
2.768384711605274134e-02 -1.060624999999999929e+00
2.770384989576087087e-02 -1.026299000000000072e+00
2.772385267546900040e-02 -1.025586000000000109e+00
2.774385545517713339e-02 -1.024157999999999902e+00
2.776385823488526292e-02 -1.056083000000000105e+00
2.778386101459339244e-02 -1.051021999999999901e+00
2.780386379430152544e-02 -1.066464999999999996e+00
2.782386657400965496e-02 -1.101634000000000002e+00
2.784386935371778449e-02 -1.086645000000000083e+00
2.786387213342591748e-02 -1.095989000000000102e+00
2.788387491313404701e-02 -1.091965999999999992e+00
2.790387769284217653e-02 -1.066270000000000051e+00
2.792388047255030606e-02 -1.080740000000000034e+00
2.794388325225843905e-02 -1.101569000000000020e+00
2.796388603196656858e-02 -1.109874999999999945e+00
2.798388881167469810e-02 -1.095858999999999916e+00
2.800389159138283110e-02 -1.082233000000000001e+00
2.802389437109096063e-02 -1.069579000000000057e+00
2.804389715079909015e-02 -1.045960000000000001e+00
2.806389993050722315e-02 -1.044597999999999915e+00
2.808390271021535267e-02 -1.058224000000000053e+00
2.810390548992348220e-02 -1.066464999999999996e+00
2.812390826963161519e-02 -1.104878000000000027e+00
2.814391104933974472e-02 -1.110848000000000058e+00
2.816391382904787424e-02 -1.132455999999999907e+00
2.818391660875600377e-02 -1.114740999999999982e+00
2.820391938846413676e-02 -1.094041999999999959e+00
2.822392216817226629e-02 -1.030257999999999896e+00
2.824392494788039581e-02 -1.011374999999999913e+00
2.826392772758852881e-02 -1.022016999999999953e+00
2.828393050729665834e-02 -1.066724000000000006e+00
2.830393328700478786e-02 -1.085477000000000025e+00
2.832393606671292086e-02 -1.118244999999999933e+00
2.834393884642105038e-02 -1.120257000000000058e+00
2.836394162612917991e-02 -1.131416999999999895e+00
2.838394440583731290e-02 -1.108316999999999997e+00
2.840394718554544243e-02 -1.088527000000000022e+00
2.842394996525357195e-02 -1.045700999999999992e+00
2.844395274496170148e-02 -1.030386999999999942e+00
2.846395552466983447e-02 -1.058807999999999971e+00
2.848395830437796400e-02 -1.070877000000000079e+00
2.850396108408609352e-02 -1.084438999999999931e+00
2.852396386379422652e-02 -1.073018999999999945e+00
2.854396664350235605e-02 -1.051735000000000086e+00
2.856396942321048557e-02 -1.024157999999999902e+00
2.858397220291861857e-02 -1.026558999999999999e+00
2.860397498262674809e-02 -1.029673999999999978e+00
2.862397776233487762e-02 -1.039730999999999961e+00
2.864398054204301061e-02 -1.072240000000000082e+00
2.866398332175114014e-02 -1.094106999999999941e+00
2.868398610145926966e-02 -1.118050999999999906e+00
2.870398888116739919e-02 -1.117920999999999943e+00
2.872399166087553218e-02 -1.096638000000000002e+00
2.874399444058366171e-02 -1.051021999999999901e+00
2.876399722029179123e-02 -1.033047999999999966e+00
