# time(s), 	 	 acceleration(g)
0.000000000000000000e+00 6.114905000000000257e+00
2.000277970813059281e-05 6.318457999999999686e+00
4.000555941626118562e-05 6.559968999999999717e+00
6.000833912439177504e-05 6.799794000000000338e+00
8.001111883252237124e-05 7.067585000000000228e+00
1.000138985406529674e-04 7.360877000000000336e+00
1.200166782487835501e-04 7.665199999999999569e+00
1.400194579569141598e-04 8.001511999999999958e+00
1.600222376650447425e-04 8.328156999999999144e+00
1.800250173731753251e-04 8.692890000000000228e+00
2.000277970813059349e-04 9.070016000000000744e+00
2.200305767894365175e-04 9.477769999999999584e+00
2.400333564975671002e-04 9.897852000000000317e+00
2.600361362056977099e-04 1.040851800000000082e+01
2.800389159138283197e-04 1.093079799999999935e+01
3.000416956219588752e-04 1.153152799999999978e+01
3.200444753300894850e-04 1.219331599999999938e+01
3.400472550382200947e-04 1.294075600000000037e+01
3.600500347463506503e-04 1.376444000000000045e+01
3.800528144544812600e-04 1.472938300000000034e+01
4.000555941626118698e-04 1.586297000000000068e+01
4.200583738707424253e-04 1.688008299999999906e+01
4.400611535788730351e-04 1.818309100000000100e+01
4.600639332870036448e-04 1.984849600000000081e+01
4.800667129951342003e-04 2.153232900000000072e+01
5.000694927032648101e-04 2.374045399999999972e+01
5.200722724113954198e-04 2.636892100000000028e+01
5.400750521195260296e-04 2.976494299999999882e+01
5.600778318276566393e-04 3.440654800000000080e+01
5.800806115357871407e-04 4.128787799999999919e+01
6.000833912439177504e-04 5.207076899999999853e+01
6.200861709520483602e-04 7.042617400000000316e+01
6.400889506601789699e-04 9.918267099999999914e+01
6.600917303683095797e-04 1.422094439999999906e+02
6.800945100764401894e-04 1.999930850000000078e+02
7.000972897845707992e-04 2.713840440000000171e+02
7.201000694927013005e-04 3.492970510000000104e+02
7.401028492008319103e-04 4.242087470000000167e+02
7.601056289089625200e-04 4.800512100000000260e+02
7.801084086170931298e-04 5.074034750000000145e+02
8.001111883252237395e-04 5.008983640000000150e+02
8.201139680333543493e-04 4.684554069999999797e+02
8.401167477414848506e-04 4.222843110000000024e+02
8.601195274496154604e-04 3.727311429999999746e+02
8.801223071577460701e-04 3.235691180000000031e+02
9.001250868658766799e-04 2.791782130000000279e+02
9.201278665740072896e-04 2.360216000000000065e+02
9.401306462821378994e-04 1.876110380000000077e+02
9.601334259902684007e-04 1.335036690000000021e+02
9.801362056983990104e-04 8.214020200000000216e+01
1.000138985406529620e-03 4.036296999999999713e+01
1.020141765114660230e-03 8.774582999999999799e+00
1.040144544822790840e-03 -6.813883999999999830e+00
1.060147324530921449e-03 -9.620661999999999381e+00
1.080150104239052059e-03 -7.562370000000000481e-01
1.100152883947182669e-03 2.047660799999999881e+01
1.120155663655313279e-03 4.375827900000000170e+01
1.140158443363443888e-03 6.440226800000000651e+01
1.160161223071574281e-03 7.297450399999999604e+01
1.180164002779704891e-03 6.421688500000000488e+01
1.200166782487835501e-03 4.650503599999999693e+01
1.220169562195966111e-03 1.150479400000000041e+01
1.240172341904096720e-03 -1.399947200000000080e+01
1.260175121612227330e-03 -3.510059499999999844e+01
1.280177901320357940e-03 -4.725527499999999748e+01
1.300180681028488550e-03 -3.609545200000000165e+01
1.320183460736619159e-03 -1.750839900000000071e+01
1.340186240444749769e-03 -1.881971999999999978e+00
1.360189020152880379e-03 1.821514499999999970e+01
1.380191799861010989e-03 2.911464000000000141e+01
1.400194579569141598e-03 3.005966300000000047e+01
1.420197359277271991e-03 1.510884599999999978e+01
1.440200138985402601e-03 1.272537999999999947e+00
1.460202918693533211e-03 -1.617424999999999891e+00
1.480205698401663821e-03 -4.691215999999999831e+00
1.500208478109794430e-03 -8.795889999999999542e-01
1.520211257817925040e-03 1.125030500000000089e+01
1.540214037526055650e-03 1.585284700000000058e+01
1.560216817234186260e-03 2.316250000000000142e+01
1.580219596942316869e-03 2.430017399999999839e+01
1.600222376650447479e-03 1.476695300000000088e+01
1.620225156358578089e-03 3.959014999999999951e+00
1.640227936066708699e-03 5.089409999999999767e-01
1.660230715774839308e-03 6.713233999999999924e+00
1.680233495482969701e-03 1.458701000000000025e+00
1.700236275191100311e-03 1.669780000000000042e+00
1.720239054899230921e-03 5.503339999999999677e+00
1.740241834607361530e-03 -1.877429999999999932e+00
1.760244614315492140e-03 -9.407377000000000322e+00
1.780247394023622750e-03 -1.845251299999999972e+01
1.800250173731753360e-03 -2.870021200000000050e+01
1.820252953439883969e-03 -3.356347300000000189e+01
1.840255733148014579e-03 -2.553694099999999878e+01
1.860258512856145189e-03 -1.354434999999999967e+01
1.880261292564275799e-03 3.323820000000000108e-01
1.900264072272406408e-03 2.514851499999999973e+01
1.920266851980536801e-03 3.490890799999999672e+01
1.940269631688667411e-03 4.240589099999999689e+01
1.960272411396798021e-03 3.913685399999999959e+01
1.980275191104928847e-03 2.624855399999999861e+01
2.000277970813059240e-03 1.197321700000000000e+01
2.020280750521190067e-03 -5.096633999999999887e+00
2.040283530229320460e-03 -1.235534999999999961e+01
2.060286309937450853e-03 -2.075303800000000010e+01
2.080289089645581679e-03 -2.027254599999999840e+01
2.100291869353712072e-03 -1.477993999999999986e+01
2.120294649061842899e-03 -8.911505000000000010e+00
2.140297428769973292e-03 -6.715838999999999892e+00
2.160300208478104118e-03 -3.753460000000000019e+00
2.180302988186234511e-03 -1.933168999999999915e+00
2.200305767894365338e-03 -7.201328000000000173e+00
2.220308547602495731e-03 -1.134595799999999954e+01
2.240311327310626557e-03 -1.292928099999999958e+01
2.260314107018756950e-03 -1.001284300000000016e+01
2.280316886726887777e-03 -4.291572999999999638e+00
2.300319666435018170e-03 -1.823444000000000065e+00
2.320322446143148563e-03 4.015792000000000250e+00
2.340325225851279389e-03 1.071615000000000073e+01
2.360328005559409782e-03 9.758993000000000251e+00
2.380330785267540609e-03 1.376697000000000060e+01
2.400333564975671002e-03 9.830498999999999654e+00
2.420336344683801828e-03 6.302755000000000329e+00
2.440339124391932221e-03 7.627629999999999910e+00
2.460341904100063048e-03 7.968354999999999855e+00
2.480344683808193441e-03 -6.751930000000000431e-01
2.500347463516324267e-03 -6.600404000000000160e+00
2.520350243224454660e-03 -1.342995400000000039e+01
2.540353022932585487e-03 -1.518425500000000028e+01
2.560355802640715880e-03 -1.746654600000000102e+01
2.580358582348846273e-03 -1.581067999999999962e+01
2.600361362056977099e-03 -9.311797000000000324e+00
2.620364141765107492e-03 -1.105221200000000081e+01
2.640366921473238319e-03 -3.199450000000000127e+00
2.660369701181368712e-03 -6.554983000000000004e+00
2.680372480889499538e-03 -2.157420000000000115e+00
2.700375260597629931e-03 -5.877036999999999622e+00
2.720378040305760758e-03 -6.003503000000000256e+00
2.740380820013891151e-03 -1.767381000000000091e+00
2.760383599722021977e-03 1.569982999999999906e+00
2.780386379430152370e-03 7.620038000000000089e+00
2.800389159138283197e-03 1.645824800000000110e+01
2.820391938846413590e-03 1.583681999999999945e+01
2.840394718554543983e-03 8.491153999999999868e+00
2.860397498262674809e-03 9.789219999999999589e-01
2.880400277970805202e-03 2.080649000000000193e+00
2.900403057678936029e-03 -3.691622999999999877e+00
2.920405837387066422e-03 -8.404992999999999270e+00
2.940408617095197248e-03 -1.153569000000000067e+01
2.960411396803327641e-03 -1.399557899999999933e+01
2.980414176511458468e-03 -8.732805000000000817e+00
3.000416956219588861e-03 -7.616544000000000203e+00
3.020419735927719687e-03 -7.274390999999999607e+00
3.040422515635850080e-03 -1.803840100000000035e+01
3.060425295343980907e-03 -1.685588900000000123e+01
3.080428075052111300e-03 -1.213551099999999927e+01
3.100430854760241692e-03 -1.221441399999999966e+01
3.120433634468372519e-03 -1.495891000000000082e+00
3.140436414176502912e-03 4.500047999999999604e+00
3.160439193884633739e-03 1.139733999999999980e+01
3.180441973592764131e-03 1.434537800000000018e+01
3.200444753300894958e-03 1.186024800000000035e+01
3.220447533009025351e-03 8.050112999999999630e+00
3.240450312717156178e-03 1.161645999999999956e+00
3.260453092425286570e-03 -1.969505999999999979e+00
3.280455872133417397e-03 -4.682521000000000377e+00
3.300458651841547790e-03 -6.329692999999999792e+00
3.320461431549678617e-03 -1.417052999999999896e+00
3.340464211257809009e-03 3.566444999999999865e+00
3.360466990965939402e-03 3.057530999999999999e+00
3.380469770674070229e-03 -3.476195999999999842e+00
3.400472550382200622e-03 -8.591480000000000672e+00
3.420475330090331448e-03 -1.440021800000000063e+01
3.440478109798461841e-03 -1.979575200000000024e+01
3.460480889506592668e-03 -1.829704299999999861e+01
3.480483669214723061e-03 -1.571451599999999971e+01
3.500486448922853887e-03 -1.298839300000000030e+01
3.520489228630984280e-03 -3.576122999999999941e+00
3.540492008339115107e-03 7.960568000000000310e+00
3.560494788047245500e-03 9.595541000000000764e+00
3.580497567755376326e-03 1.123933899999999930e+01
3.600500347463506719e-03 1.026589500000000044e+01
3.620503127171637112e-03 2.269471999999999934e+00
3.640505906879767939e-03 -1.799434999999999896e+00
3.660508686587898332e-03 -2.716620999999999952e+00
3.680511466296029158e-03 -1.673812999999999995e+00
3.700514246004159551e-03 -1.390254000000000101e+00
3.720517025712290378e-03 -1.149585999999999997e+00
3.740519805420420771e-03 -8.300790000000000113e-01
3.760522585128551597e-03 -3.957220000000000182e-01
3.780525364836681990e-03 -2.438448000000000171e+00
3.800528144544812817e-03 -1.527179999999999926e-01
3.820530924252943210e-03 -2.254491999999999940e+00
3.840533703961073603e-03 -5.034277000000000335e+00
3.860536483669204429e-03 -8.806257999999999697e+00
3.880539263377334822e-03 -9.784632999999999470e+00
3.900542043085465649e-03 -1.249518300000000082e+01
3.920544822793596042e-03 -1.423683100000000046e+01
3.940547602501726435e-03 -1.167467899999999936e+01
3.960550382209857695e-03 -4.123968999999999774e+00
3.980553161917988088e-03 1.997721999999999998e+00
4.000555941626118481e-03 7.972961999999999883e+00
4.020558721334248874e-03 1.536988900000000058e+01
4.040561501042380134e-03 1.161380499999999927e+01
4.060564280750510527e-03 6.666190000000000282e+00
4.080567060458640920e-03 7.038515000000000299e+00
4.100569840166771313e-03 1.532737999999999934e+00
4.120572619874901706e-03 -1.283838000000000035e+00
4.140575399583032966e-03 -1.829218999999999928e+00
4.160578179291163359e-03 -6.544406000000000390e+00
4.180580958999293752e-03 -8.173669000000000295e+00
4.200583738707424145e-03 -6.408790999999999904e+00
4.220586518415555405e-03 -4.728655999999999970e+00
4.240589298123685798e-03 -7.109900999999999804e+00
4.260592077831816191e-03 -6.678463999999999956e+00
4.280594857539946584e-03 -5.260150000000000325e+00
4.300597637248077844e-03 -4.877183999999999742e+00
4.320600416956208237e-03 -2.112842000000000109e+00
4.340603196664338630e-03 -4.566509999999999736e-01
4.360605976372469023e-03 -2.358766000000000140e+00
4.380608756080599415e-03 1.609175000000000022e+00
4.400611535788730676e-03 3.997168999999999972e+00
4.420614315496861069e-03 3.366071999999999953e+00
4.440617095204991462e-03 6.171681999999999668e+00
4.460619874913121854e-03 4.832078000000000095e+00
4.480622654621253115e-03 3.479550000000000143e-01
4.500625434329383508e-03 -2.666853000000000140e+00
4.520628214037513901e-03 -3.678840000000000110e+00
4.540630993745644294e-03 -4.569033000000000122e+00
4.560633773453775554e-03 -4.863700000000000245e-01
4.580636553161905947e-03 3.136565000000000047e+00
4.600639332870036340e-03 2.588070000000000093e+00
4.620642112578166733e-03 1.262934999999999919e+00
4.640644892286297125e-03 6.548730000000000384e-01
4.660647671994428386e-03 -4.931169999999999831e+00
4.680650451702558779e-03 -7.308652000000000371e+00
4.700653231410689172e-03 -1.243762700000000088e+01
4.720656011118819564e-03 -1.585220799999999919e+01
4.740658790826950825e-03 -9.528003000000000000e+00
4.760661570535081218e-03 3.144080000000000208e-01
4.780664350243211611e-03 7.117613000000000412e+00
4.800667129951342003e-03 1.004034599999999955e+01
4.820669909659473264e-03 9.729079999999999728e+00
4.840672689367603657e-03 7.701861000000000068e+00
4.860675469075734050e-03 2.624925999999999870e+00
4.880678248783864442e-03 -2.273569000000000173e+00
4.900681028491994835e-03 -8.123056000000000054e+00
4.920683808200126096e-03 -9.435797000000000878e+00
4.940686587908256489e-03 -7.087449999999999584e+00
4.960689367616386881e-03 -1.687114999999999920e+00
4.980692147324517274e-03 2.418712999999999891e+00
5.000694927032648535e-03 2.734131999999999785e+00
5.020697706740778928e-03 -1.827660999999999980e+00
5.040700486448909320e-03 -1.509322999999999970e+00
5.060703266157039713e-03 -1.480188000000000059e+00
5.080706045865170974e-03 -2.209900000000000059e-02
5.100708825573301367e-03 1.738172000000000050e+00
5.120711605281431759e-03 -1.708463000000000065e+00
5.140714384989562152e-03 -5.213430999999999926e+00
5.160717164697692545e-03 -6.331120000000000303e+00
5.180719944405823806e-03 -5.550976999999999606e+00
5.200722724113954198e-03 -2.473163000000000000e+00
5.220725503822084591e-03 -6.464469999999999938e-01
5.240728283530214984e-03 -2.901500000000000190e-01
5.260731063238346245e-03 -1.547671000000000019e+00
5.280733842946476637e-03 1.760558000000000067e+00
5.300736622654607030e-03 5.148989000000000260e+00
5.320739402362737423e-03 2.369333999999999829e+00
5.340742182070868684e-03 1.844262999999999986e+00
5.360744961778999076e-03 -3.124115999999999893e+00
5.380747741487129469e-03 -4.413692000000000171e+00
5.400750521195259862e-03 -2.851262999999999881e+00
5.420753300903390255e-03 -3.044043999999999972e+00
5.440756080611521515e-03 -3.424285999999999941e+00
5.460758860319651908e-03 -2.929647000000000112e+00
5.480761640027782301e-03 -2.629932000000000158e+00
5.500764419735912694e-03 -6.745500000000000107e-02
5.520767199444043954e-03 1.982928000000000024e+00
5.540769979152174347e-03 -2.049519999999999953e-01
5.560772758860304740e-03 -4.844674999999999621e+00
5.580775538568435133e-03 -5.358649999999999913e+00
5.600778318276566393e-03 -4.559169999999999945e+00
5.620781097984696786e-03 -2.594698000000000171e+00
5.640783877692827179e-03 7.298829999999999485e-01
5.660786657400957572e-03 1.573291999999999913e+00
5.680789437109087965e-03 -1.287406999999999968e+00
5.700792216817219225e-03 -7.460499999999999909e-01
5.720794996525349618e-03 -1.533670000000000033e-01
5.740797776233480011e-03 -8.049800000000000011e-02
5.760800555941610404e-03 4.545000000000000151e-01
5.780803335649741664e-03 2.878689999999999860e-01
5.800806115357872057e-03 -2.075272000000000006e+00
5.820808895066002450e-03 -1.441969000000000056e+00
5.840811674774132843e-03 -2.579800000000000149e-02
5.860814454482264103e-03 -5.375010000000000066e-01
5.880817234190394496e-03 -9.714690000000000270e-01
5.900820013898524889e-03 -3.594031999999999893e+00
5.920822793606655282e-03 -6.366354000000000291e+00
5.940825573314785675e-03 -6.579250000000000043e+00
5.960828353022916935e-03 -4.809571000000000041e+00
5.980831132731047328e-03 -3.307812000000000197e+00
6.000833912439177721e-03 -1.692565000000000097e+00
6.020836692147308114e-03 -1.855823000000000000e+00
6.040839471855439374e-03 -4.900030000000000219e-01
6.060842251563569767e-03 2.464847999999999928e+00
6.080845031271700160e-03 4.520097999999999949e+00
6.100847810979830553e-03 2.810893999999999782e+00
6.120850590687961813e-03 -1.069320000000000048e+00
6.140853370396092206e-03 -2.867354999999999876e+00
6.160856150104222599e-03 -2.112388000000000154e+00
6.180858929812352992e-03 -8.762790000000000301e-01
6.200861709520483385e-03 -3.113029999999999964e-01
6.220864489228614645e-03 -2.439875999999999934e+00
6.240867268936745038e-03 -3.649964999999999904e+00
6.260870048644875431e-03 -3.692076999999999831e+00
6.280872828353005824e-03 -2.144506999999999941e+00
6.300875608061137084e-03 -5.019430000000000280e-01
6.320878387769267477e-03 -1.543973000000000040e+00
6.340881167477397870e-03 -3.669754999999999878e+00
6.360883947185528263e-03 -3.680397000000000141e+00
6.380886726893659523e-03 -2.238074999999999815e+00
6.400889506601789916e-03 5.376859999999999973e-01
6.420892286309920309e-03 2.687152999999999903e+00
6.440895066018050702e-03 2.205947000000000102e+00
6.460897845726181095e-03 2.760500000000000106e-02
6.480900625434312355e-03 -1.846478999999999981e+00
6.500903405142442748e-03 -2.444612999999999925e+00
6.520906184850573141e-03 -2.271816999999999975e+00
6.540908964558703534e-03 -1.072109999999999896e+00
6.560911744266834794e-03 -1.452156999999999920e+00
6.580914523974965187e-03 -1.546828000000000092e+00
6.600917303683095580e-03 1.293366999999999933e+00
6.620920083391225973e-03 2.217432000000000070e+00
6.640922863099357233e-03 -4.227899999999999714e-02
6.660925642807487626e-03 -2.651669000000000054e+00
6.680928422515618019e-03 -5.093973000000000084e+00
6.700931202223748412e-03 -5.300639999999999574e+00
6.720933981931878805e-03 -2.354743000000000031e+00
6.740936761640010065e-03 1.981799999999999881e-02
6.760939541348140458e-03 4.973259999999999903e-01
6.780942321056270851e-03 3.091519999999999824e-01
6.800945100764401244e-03 -1.421983999999999915e+00
6.820947880472532504e-03 -3.186862000000000084e+00
6.840950660180662897e-03 -2.977079999999999949e+00
6.860953439888793290e-03 -2.688978999999999786e+00
6.880956219596923683e-03 -1.869968000000000075e+00
6.900958999305054943e-03 -4.883300000000000141e-02
6.920961779013185336e-03 1.451562999999999937e+00
6.940964558721315729e-03 2.170193999999999956e+00
6.960967338429446122e-03 2.048464000000000063e+00
6.980970118137576515e-03 -2.852180000000000271e-01
7.000972897845707775e-03 -3.712061999999999973e+00
7.020975677553838168e-03 -4.449250000000000149e+00
7.040978457261968561e-03 -3.501631999999999856e+00
7.060981236970098954e-03 -1.901178999999999952e+00
7.080984016678230214e-03 8.308489999999999487e-01
7.100986796386360607e-03 1.147953999999999919e+00
7.120989576094491000e-03 -1.067698000000000036e+00
7.140992355802621393e-03 -1.613857000000000097e+00
7.160995135510752653e-03 -1.721505000000000063e+00
7.180997915218883046e-03 -3.553151999999999866e+00
7.201000694927013439e-03 -4.444384000000000334e+00
7.221003474635143832e-03 -3.576122999999999941e+00
7.241006254343274225e-03 -2.784494000000000025e+00
7.261009034051405485e-03 -6.160149999999999793e-01
7.281011813759535878e-03 1.688857000000000053e+00
7.301014593467666271e-03 1.594964999999999966e+00
7.321017373175796664e-03 7.473379999999999468e-01
7.341020152883927924e-03 -7.425460000000000393e-01
7.361022932592058317e-03 -2.130557000000000034e+00
7.381025712300188710e-03 -1.201885000000000092e+00
7.401028492008319103e-03 -3.161050000000000249e-01
7.421031271716450363e-03 -1.187999000000000027e+00
7.441034051424580756e-03 -2.286287000000000180e+00
7.461036831132711149e-03 -2.140095000000000081e+00
7.481039610840841542e-03 -1.732536000000000076e+00
7.501042390548971935e-03 -1.082168000000000019e+00
7.521045170257103195e-03 -8.215139999999999665e-01
7.541047949965233588e-03 -1.771209000000000033e+00
7.561050729673363981e-03 -1.929016000000000064e+00
7.581053509381494374e-03 -1.513670000000000071e+00
7.601056289089625634e-03 -1.747265999999999986e+00
7.621059068797756027e-03 -1.913248000000000060e+00
7.641061848505886420e-03 -2.371808999999999834e+00
7.661064628214016813e-03 -2.593659000000000159e+00
7.681067407922147205e-03 -1.319201999999999986e+00
7.701070187630278466e-03 5.129639999999999755e-01
7.721072967338408859e-03 5.696759999999999602e-01
7.741075747046539252e-03 -2.252619999999999900e-01
7.761078526754669644e-03 -3.667170000000000152e-01
7.781081306462800905e-03 -1.083140999999999909e+00
7.801084086170931298e-03 -1.547087000000000101e+00
7.821086865879062558e-03 -8.551260000000000527e-01
7.841089645587192083e-03 -6.913500000000000201e-01
7.861092425295323344e-03 -1.212072999999999956e+00
7.881095205003452869e-03 -1.851474999999999982e+00
7.901097984711584130e-03 -2.200895000000000046e+00
7.921100764419715390e-03 -2.077932999999999808e+00
7.941103544127844915e-03 -1.752067000000000041e+00
7.961106323835976176e-03 -1.996110000000000051e+00
7.981109103544105701e-03 -2.178573000000000093e+00
8.001111883252236961e-03 -1.585695000000000077e+00
8.021114662960368222e-03 -3.284980000000000122e-01
8.041117442668497747e-03 3.051289999999999836e-01
8.061120222376629008e-03 -6.398939999999999628e-01
8.081123002084760268e-03 -2.566342000000000123e+00
8.101125781792889793e-03 -3.383147000000000126e+00
8.121128561501021054e-03 -2.362919000000000214e+00
8.141131341209150579e-03 -1.007870999999999961e+00
8.161134120917281840e-03 1.271430000000000060e-01
8.181136900625413100e-03 9.752880000000000438e-01
8.201139680333542625e-03 8.472650000000000459e-01
8.221142460041673886e-03 4.188120000000000176e-01
8.241145239749803411e-03 -9.088000000000000245e-02
8.261148019457934671e-03 -1.437168000000000001e+00
8.281150799166065932e-03 -2.895906000000000091e+00
8.301153578874195457e-03 -3.992182000000000119e+00
8.321156358582326718e-03 -4.193203999999999709e+00
8.341159138290457978e-03 -2.993497000000000074e+00
8.361161917998587503e-03 -7.535119999999999596e-01
8.381164697706718764e-03 8.854840000000000488e-01
8.401167477414848289e-03 9.874870000000000037e-01
8.421170257122979549e-03 -1.766610000000000125e-01
8.441173036831110810e-03 -2.123613999999999891e+00
8.461175816539240335e-03 -2.837960999999999956e+00
8.481178596247371596e-03 -2.079814999999999969e+00
8.501181375955501121e-03 -1.795800999999999981e+00
8.521184155663632381e-03 -1.839925000000000033e+00
8.541186935371763642e-03 -1.495567000000000091e+00
8.561189715079893167e-03 -1.996960000000000124e-01
8.581192494788024427e-03 1.015193999999999930e+00
8.601195274496155688e-03 7.693349999999999911e-01
8.621198054204285213e-03 -9.237769999999999593e-01
8.641200833912416474e-03 -2.453892000000000184e+00
8.661203613620545999e-03 -2.995314000000000032e+00
8.681206393328677259e-03 -2.429688000000000070e+00
8.701209173036808520e-03 -8.656380000000000186e-01
8.721211952744938045e-03 4.782489999999999797e-01
8.741214732453069305e-03 3.040260000000000185e-01
8.761217512161198831e-03 -7.293089999999999851e-01
8.781220291869330091e-03 -1.603539999999999965e+00
8.801223071577461352e-03 -2.212575000000000180e+00
8.821225851285590877e-03 -2.738748000000000182e+00
8.841228630993722137e-03 -2.961571999999999871e+00
8.861231410701853398e-03 -2.656600000000000072e+00
8.881234190409982923e-03 -1.753754000000000035e+00
8.901236970118114183e-03 -1.868489999999999873e-01
8.921239749826243709e-03 1.119532999999999889e+00
8.941242529534374969e-03 1.161969999999999947e+00
8.961245309242506230e-03 -1.516790000000000083e-01
8.981248088950635755e-03 -1.686595999999999984e+00
9.001250868658767015e-03 -1.996434000000000042e+00
9.021253648366896541e-03 -1.240817999999999977e+00
9.041256428075027801e-03 -9.808130000000000459e-01
9.061259207783159061e-03 -1.310117999999999894e+00
9.081261987491288587e-03 -1.560194999999999999e+00
9.101264767199419847e-03 -1.840897999999999923e+00
9.121267546907551108e-03 -1.955813999999999941e+00
9.141270326615680633e-03 -1.998445000000000027e+00
9.161273106323811893e-03 -1.957565999999999917e+00
9.181275886031941419e-03 -1.397132000000000041e+00
9.201278665740072679e-03 -9.266320000000000112e-01
9.221281445448203939e-03 -3.854049999999999976e-01
9.241284225156333465e-03 2.537380000000000191e-01
9.261287004864464725e-03 1.936519999999999908e-01
9.281289784572594251e-03 -7.877729999999999455e-01
9.301292564280725511e-03 -2.134060999999999986e+00
9.321295343988856771e-03 -2.774566000000000088e+00
9.341298123696986297e-03 -2.233274000000000203e+00
9.361300903405117557e-03 -1.135699999999999932e+00
9.381303683113248817e-03 -4.654110000000000191e-01
9.401306462821378343e-03 -6.789560000000000040e-01
9.421309242529509603e-03 -1.072109999999999896e+00
9.441312022237639129e-03 -9.275409999999999489e-01
9.461314801945770389e-03 -9.010660000000000336e-01
9.481317581653901649e-03 -1.269822999999999924e+00
9.501320361362031175e-03 -2.013434999999999864e+00
9.521323141070162435e-03 -2.340338000000000029e+00
9.541325920778291961e-03 -1.586278999999999995e+00
9.561328700486423221e-03 -9.390910000000000091e-01
9.581331480194554481e-03 -8.408510000000000151e-01
9.601334259902684007e-03 -1.136997999999999953e+00
9.621337039610815267e-03 -1.150104999999999933e+00
9.641339819318946527e-03 -7.745360000000000023e-01
9.661342599027076053e-03 -5.321150000000000047e-01
9.681345378735207313e-03 -5.253670000000000284e-01
9.701348158443336839e-03 -8.758249999999999647e-01
9.721350938151468099e-03 -1.270926000000000000e+00
9.741353717859599359e-03 -1.737986999999999949e+00
9.761356497567728885e-03 -2.070730000000000182e+00
9.781359277275860145e-03 -1.729681000000000024e+00
9.801362056983989671e-03 -8.988599999999999923e-01
9.821364836692120931e-03 -3.034519999999999995e-01
9.841367616400252191e-03 -5.620290000000000008e-01
9.861370396108381717e-03 -1.511009999999999964e+00
9.881373175816512977e-03 -2.194341000000000097e+00
9.901375955524644237e-03 -2.373105999999999938e+00
9.921378735232773763e-03 -2.401917000000000080e+00
9.941381514940905023e-03 -2.224448999999999899e+00
9.961384294649034549e-03 -1.221675999999999984e+00
9.981387074357165809e-03 4.004489999999999994e-01
1.000138985406529707e-02 1.544222999999999901e+00
1.002139263377342659e-02 1.560769000000000073e+00
1.004139541348155786e-02 2.111599999999999935e-02
1.006139819318968738e-02 -1.957046999999999981e+00
1.008140097289781864e-02 -2.835754999999999804e+00
1.010140375260594990e-02 -3.062861999999999973e+00
1.012140653231407943e-02 -2.892856000000000094e+00
1.014140931202221069e-02 -1.929794000000000009e+00
1.016141209173034195e-02 -4.719650000000000234e-01
1.018141487143847147e-02 3.927269999999999928e-01
1.020141765114660273e-02 5.114069999999999450e-01
1.022142043085473226e-02 -6.933699999999999586e-02
1.024142321056286352e-02 -1.254185000000000105e+00
1.026142599027099478e-02 -2.149113999999999969e+00
1.028142876997912430e-02 -2.348059999999999814e+00
1.030143154968725556e-02 -2.546616000000000213e+00
1.032143432939538509e-02 -2.270000000000000018e+00
1.034143710910351635e-02 -9.674460000000000282e-01
1.036143988881164761e-02 -1.476560000000000095e-01
1.038144266851977714e-02 -3.429679999999999951e-01
1.040144544822790840e-02 -8.246940000000000381e-01
1.042144822793603966e-02 -1.156009999999999982e+00
1.044145100764416918e-02 -8.688169999999999504e-01
1.046145378735230044e-02 -4.251809999999999756e-01
1.048145656706042997e-02 -5.067439999999999722e-01
1.050145934676856123e-02 -9.533009999999999540e-01
1.052146212647669249e-02 -1.148806999999999912e+00
1.054146490618482201e-02 -1.185273999999999939e+00
1.056146768589295327e-02 -1.651426999999999978e+00
1.058147046560108280e-02 -2.184413000000000160e+00
1.060147324530921406e-02 -2.247484000000000037e+00
1.062147602501734532e-02 -1.852448000000000095e+00
1.064147880472547485e-02 -1.090084000000000053e+00
1.066148158443360611e-02 -2.426520000000000066e-01
1.068148436414173737e-02 3.610499999999999821e-02
1.070148714384986689e-02 -4.227150000000000074e-01
1.072148992355799815e-02 -1.100335999999999981e+00
1.074149270326612768e-02 -1.761670999999999987e+00
1.076149548297425894e-02 -2.136007000000000211e+00
1.078149826268239020e-02 -1.839601000000000042e+00
1.080150104239051972e-02 -1.336592000000000002e+00
1.082150382209865098e-02 -1.227905000000000024e+00
1.084150660180678051e-02 -1.062246999999999941e+00
1.086150938151491177e-02 -5.371770000000000156e-01
1.088151216122304303e-02 -4.175999999999999851e-02
1.090151494093117256e-02 -2.052769999999999873e-01
1.092151772063930382e-02 -9.860039999999999916e-01
1.094152050034743508e-02 -1.805534999999999890e+00
1.096152328005556460e-02 -1.917205999999999966e+00
1.098152605976369586e-02 -1.228553999999999924e+00
1.100152883947182539e-02 -6.948539999999999717e-01
1.102153161917995665e-02 -9.048300000000000232e-01
1.104153439888808791e-02 -1.192606000000000055e+00
1.106153717859621743e-02 -1.310117999999999894e+00
1.108153995830434869e-02 -1.543973000000000040e+00
1.110154273801247822e-02 -1.836681000000000008e+00
1.112154551772060948e-02 -1.974955999999999934e+00
1.114154829742874074e-02 -1.971322000000000019e+00
1.116155107713687027e-02 -1.731173000000000073e+00
1.118155385684500153e-02 -9.164449999999999541e-01
1.120155663655313279e-02 -1.178079999999999961e-01
1.122155941626126231e-02 1.416119999999999879e-01
1.124156219596939357e-02 7.620000000000000037e-03
1.126156497567752310e-02 -7.125679999999999792e-01
1.128156775538565436e-02 -1.722479000000000093e+00
1.130157053509378562e-02 -1.894236000000000031e+00
1.132157331480191514e-02 -1.462148999999999921e+00
1.134157609451004640e-02 -1.336592000000000002e+00
1.136157887421817593e-02 -1.559350999999999932e+00
1.138158165392630719e-02 -1.541767000000000110e+00
1.140158443363443845e-02 -1.172555999999999932e+00
1.142158721334256798e-02 -6.677309999999999635e-01
1.144158999305069924e-02 -5.483369999999999633e-01
1.146159277275883050e-02 -1.107344000000000106e+00
1.148159555246696002e-02 -1.714237999999999928e+00
1.150159833217509128e-02 -1.718000999999999889e+00
1.152160111188322081e-02 -1.552796999999999983e+00
1.154160389159135207e-02 -1.651880999999999933e+00
1.156160667129948333e-02 -1.647663000000000100e+00
1.158160945100761285e-02 -1.455335999999999963e+00
1.160161223071574411e-02 -1.079118000000000022e+00
1.162161501042387364e-02 -7.007579999999999920e-01
1.164161779013200490e-02 -4.237529999999999908e-01
1.166162056984013616e-02 -4.284899999999999820e-01
1.168162334954826569e-02 -7.313849999999999518e-01
1.170162612925639695e-02 -1.293765999999999972e+00
1.172162890896452821e-02 -1.885540999999999912e+00
1.174163168867265773e-02 -1.981964000000000059e+00
1.176163446838078899e-02 -1.405567000000000011e+00
1.178163724808891852e-02 -7.496190000000000353e-01
1.180164002779704978e-02 -6.496269999999999545e-01
1.182164280750518104e-02 -9.637480000000000491e-01
1.184164558721331056e-02 -1.165029000000000092e+00
1.186164836692144182e-02 -1.250032000000000032e+00
1.188165114662957135e-02 -1.619113000000000024e+00
1.190165392633770261e-02 -2.137305000000000010e+00
1.192165670604583387e-02 -2.244174999999999809e+00
1.194165948575396340e-02 -1.613531999999999966e+00
1.196166226546209466e-02 -6.110189999999999788e-01
1.198166504517022592e-02 -1.075559999999999988e-01
1.200166782487835544e-02 -4.024699999999999944e-01
1.202167060458648670e-02 -9.806829999999999714e-01
1.204167338429461623e-02 -1.363066000000000111e+00
1.206167616400274749e-02 -1.612039999999999917e+00
1.208167894371087875e-02 -1.696328999999999976e+00
1.210168172341900827e-02 -1.414392000000000094e+00
1.212168450312713953e-02 -1.060624999999999929e+00
1.214168728283526906e-02 -8.420840000000000547e-01
1.216169006254340032e-02 -8.518820000000000281e-01
1.218169284225153158e-02 -1.156528999999999918e+00
1.220169562195966111e-02 -1.573560999999999988e+00
1.222169840166779237e-02 -1.697691000000000061e+00
1.224170118137592363e-02 -1.583423999999999943e+00
1.226170396108405315e-02 -1.322187000000000001e+00
1.228170674079218441e-02 -7.594170000000000087e-01
1.230170952050031394e-02 -1.876269999999999882e-01
1.232171230020844520e-02 -1.924289999999999889e-01
1.234171507991657646e-02 -9.645909999999999762e-01
1.236171785962470598e-02 -1.981768999999999892e+00
1.238172063933283724e-02 -2.551482000000000028e+00
1.240172341904096677e-02 -2.323208000000000162e+00
1.242172619874909803e-02 -1.558378000000000041e+00
1.244172897845722929e-02 -8.490269999999999762e-01
1.246173175816535882e-02 -4.125929999999999875e-01
1.248173453787349008e-02 -1.285799999999999998e-01
1.250173731758162134e-02 -2.562780000000000058e-01
1.252174009728975086e-02 -8.919169999999999598e-01
1.254174287699788212e-02 -1.674655999999999922e+00
1.256174565670601165e-02 -2.188501000000000030e+00
1.258174843641414291e-02 -2.197131000000000167e+00
1.260175121612227417e-02 -1.761087000000000069e+00
1.262175399583040369e-02 -1.059911000000000048e+00
1.264175677553853495e-02 -5.372419999999999973e-01
1.266175955524666448e-02 -3.859239999999999893e-01
1.268176233495479574e-02 -6.208169999999999522e-01
1.270176511466292700e-02 -1.112729999999999997e+00
1.272176789437105653e-02 -1.582840000000000025e+00
1.274177067407918779e-02 -1.685947000000000084e+00
1.276177345378731905e-02 -1.549487999999999976e+00
1.278177623349544857e-02 -1.470000999999999891e+00
1.280177901320357983e-02 -1.382466999999999890e+00
1.282178179291170936e-02 -1.201300999999999952e+00
1.284178457261984062e-02 -1.125771999999999995e+00
1.286178735232797188e-02 -1.048945000000000016e+00
1.288179013203610140e-02 -1.038758000000000070e+00
1.290179291174423266e-02 -1.194617999999999958e+00
1.292179569145236219e-02 -1.246852000000000071e+00
1.294179847116049345e-02 -1.073083000000000009e+00
1.296180125086862471e-02 -9.351319999999999633e-01
1.298180403057675424e-02 -9.927529999999999966e-01
1.300180681028488550e-02 -1.144913999999999987e+00
1.302180958999301676e-02 -1.336203000000000030e+00
1.304181236970114628e-02 -1.431651999999999925e+00
1.306181514940927754e-02 -1.392719999999999958e+00
1.308181792911740707e-02 -1.310702000000000034e+00
1.310182070882553833e-02 -1.294999000000000011e+00
1.312182348853366959e-02 -1.236210999999999949e+00
1.314182626824179911e-02 -1.231408999999999976e+00
1.316182904794993037e-02 -1.228814000000000073e+00
1.318183182765805990e-02 -1.121944000000000052e+00
1.320183460736619116e-02 -1.026688999999999963e+00
1.322183738707432242e-02 -1.039277000000000006e+00
1.324184016678245195e-02 -1.115065999999999891e+00
1.326184294649058321e-02 -1.091317000000000093e+00
1.328184572619871447e-02 -1.084373999999999949e+00
1.330184850590684399e-02 -1.221999999999999975e+00
1.332185128561497525e-02 -1.470325000000000104e+00
1.334185406532310478e-02 -1.603539999999999965e+00
1.336185684503123604e-02 -1.555781999999999998e+00
1.338185962473936730e-02 -1.341588000000000003e+00
1.340186240444749682e-02 -1.121294999999999931e+00
1.342186518415562808e-02 -1.103320999999999996e+00
1.344186796386375761e-02 -1.196693999999999924e+00
1.346187074357188887e-02 -1.230175999999999936e+00
1.348187352328002013e-02 -1.172751000000000099e+00
1.350187630298814966e-02 -1.096054000000000084e+00
1.352187908269628092e-02 -1.152180999999999900e+00
1.354188186240441218e-02 -1.199939000000000089e+00
1.356188464211254170e-02 -1.155815000000000037e+00
1.358188742182067296e-02 -1.049398999999999971e+00
1.360189020152880249e-02 -9.849010000000000264e-01
1.362189298123693375e-02 -1.158539999999999903e+00
1.364189576094506501e-02 -1.482069999999999999e+00
1.366189854065319453e-02 -1.560389000000000026e+00
1.368190132036132579e-02 -1.507117000000000040e+00
1.370190410006945532e-02 -1.329649000000000081e+00
1.372190687977758658e-02 -1.071720999999999924e+00
1.374190965948571784e-02 -8.813410000000000410e-01
1.376191243919384737e-02 -9.881459999999999688e-01
1.378191521890197863e-02 -1.232901999999999942e+00
1.380191799861010989e-02 -1.427175000000000082e+00
1.382192077831823941e-02 -1.463316999999999979e+00
1.384192355802637067e-02 -1.474024000000000001e+00
1.386192633773450020e-02 -1.452611000000000097e+00
1.388192911744263146e-02 -1.338214000000000015e+00
1.390193189715076272e-02 -9.757519999999999527e-01
1.392193467685889224e-02 -5.374360000000000248e-01
1.394193745656702350e-02 -4.952590000000000048e-01
1.396194023627515303e-02 -8.845199999999999729e-01
1.398194301598328429e-02 -1.480512999999999968e+00
1.400194579569141555e-02 -1.954126999999999947e+00
1.402194857539954508e-02 -1.960096999999999978e+00
1.404195135510767634e-02 -1.585047000000000095e+00
1.406195413481580760e-02 -1.175151999999999974e+00
1.408195691452393712e-02 -8.638860000000000428e-01
1.410195969423206838e-02 -6.121220000000000550e-01
1.412196247394019791e-02 -5.456119999999999859e-01
1.414196525364832917e-02 -7.793369999999999465e-01
1.416196803335646043e-02 -1.343469999999999942e+00
1.418197081306458995e-02 -1.862246000000000068e+00
1.420197359277272121e-02 -1.998899999999999899e+00
1.422197637248085074e-02 -1.785614000000000035e+00
1.424197915218898200e-02 -1.303304999999999936e+00
1.426198193189711326e-02 -7.271680000000000366e-01
1.428198471160524279e-02 -3.837820000000000120e-01
1.430198749131337405e-02 -5.161529999999999729e-01
1.432199027102150531e-02 -1.009818000000000104e+00
1.434199305072963483e-02 -1.478760999999999992e+00
1.436199583043776609e-02 -1.676603000000000065e+00
1.438199861014589562e-02 -1.565970000000000084e+00
1.440200138985402688e-02 -1.376238000000000072e+00
1.442200416956215814e-02 -1.176579000000000041e+00
1.444200694927028766e-02 -1.018772000000000011e+00
1.446200972897841892e-02 -9.204679999999999529e-01
1.448201250868654845e-02 -9.048950000000000049e-01
1.450201528839467971e-02 -1.074770000000000003e+00
1.452201806810281097e-02 -1.380975000000000064e+00
1.454202084781094050e-02 -1.541830999999999952e+00
1.456202362751907176e-02 -1.339123000000000063e+00
1.458202640722720302e-02 -1.030062999999999951e+00
1.460202918693533254e-02 -8.612900000000000000e-01
1.462203196664346380e-02 -9.431779999999999609e-01
1.464203474635159333e-02 -1.143941000000000097e+00
1.466203752605972459e-02 -1.306613999999999942e+00
1.468204030576785585e-02 -1.360989999999999922e+00
1.470204308547598537e-02 -1.254185000000000105e+00
1.472204586518411663e-02 -1.093976999999999977e+00
1.474204864489224616e-02 -9.663429999999999520e-01
1.476205142460037742e-02 -9.276050000000000129e-01
1.478205420430850868e-02 -9.985920000000000352e-01
1.480205698401663821e-02 -1.126290999999999931e+00
1.482205976372476947e-02 -1.268979000000000079e+00
1.484206254343290073e-02 -1.340745000000000076e+00
1.486206532314103025e-02 -1.407318999999999987e+00
1.488206810284916151e-02 -1.296232000000000051e+00
1.490207088255729104e-02 -1.035188999999999915e+00
1.492207366226542230e-02 -7.418970000000000287e-01
1.494207644197355356e-02 -7.441680000000000517e-01
1.496207922168168308e-02 -9.410370000000000124e-01
1.498208200138981434e-02 -1.172231999999999941e+00
1.500208478109794387e-02 -1.256065999999999905e+00
1.502208756080607513e-02 -1.236664999999999903e+00
1.504209034051420639e-02 -1.187869999999999981e+00
1.506209312022233592e-02 -1.133103999999999889e+00
1.508209589993046718e-02 -1.112340000000000106e+00
1.510209867963859844e-02 -1.101439000000000057e+00
1.512210145934672796e-02 -1.160163000000000055e+00
1.514210423905485922e-02 -1.219081000000000081e+00
1.516210701876298875e-02 -1.253794999999999993e+00
1.518210979847112001e-02 -1.236860000000000070e+00
1.520211257817925127e-02 -1.189167000000000085e+00
1.522211535788738079e-02 -1.147315000000000085e+00
1.524211813759551205e-02 -1.155750000000000055e+00
1.526212091730364158e-02 -1.191762999999999906e+00
1.528212369701177284e-02 -1.202533999999999992e+00
1.530212647671990410e-02 -1.117011999999999894e+00
1.532212925642803363e-02 -9.758820000000000272e-01
1.534213203613616489e-02 -7.864100000000000534e-01
1.536213481584429441e-02 -6.644860000000000211e-01
1.538213759555242567e-02 -7.342400000000000038e-01
1.540214037526055693e-02 -1.063674999999999926e+00
1.542214315496868646e-02 -1.377081999999999917e+00
1.544214593467681772e-02 -1.589264000000000010e+00
1.546214871438494898e-02 -1.611779999999999990e+00
1.548215149409307850e-02 -1.566294000000000075e+00
1.550215427380120976e-02 -1.325366000000000044e+00
1.552215705350933929e-02 -9.312390000000000390e-01
1.554215983321747055e-02 -5.585250000000000492e-01
1.556216261292560181e-02 -5.315959999999999575e-01
1.558216539263373134e-02 -8.131439999999999779e-01
1.560216817234186260e-02 -1.217329000000000105e+00
1.562217095204999212e-02 -1.505754000000000037e+00
1.564217373175812512e-02 -1.574470000000000036e+00
1.566217651146625464e-02 -1.472142000000000062e+00
1.568217929117438417e-02 -1.226736999999999966e+00
1.570218207088251369e-02 -9.361059999999999937e-01
1.572218485059064669e-02 -7.308660000000000156e-01
1.574218763029877621e-02 -7.700580000000000203e-01
1.576219041000690574e-02 -8.995739999999999847e-01
1.578219318971503873e-02 -1.096247999999999889e+00
1.580219596942316826e-02 -1.260802999999999896e+00
1.582219874913129778e-02 -1.310702000000000034e+00
1.584220152883943078e-02 -1.223103999999999969e+00
1.586220430854756031e-02 -1.067372999999999905e+00
1.588220708825568983e-02 -8.315719999999999779e-01
1.590220986796382283e-02 -8.266400000000000414e-01
1.592221264767195235e-02 -9.828249999999999487e-01
1.594221542738008188e-02 -1.274558999999999997e+00
1.596221820708821140e-02 -1.541312000000000015e+00
1.598222098679634440e-02 -1.558961999999999959e+00
1.600222376650447392e-02 -1.339447000000000054e+00
1.602222654621260345e-02 -1.112729999999999997e+00
1.604222932592073644e-02 -9.706909999999999705e-01
1.606223210562886597e-02 -7.296329999999999760e-01
1.608223488533699549e-02 -5.904490000000000016e-01
1.610223766504512849e-02 -6.842770000000000241e-01
1.612224044475325802e-02 -9.627740000000000187e-01
1.614224322446138754e-02 -1.255222999999999978e+00
1.616224600416952054e-02 -1.468183999999999934e+00
1.618224878387765006e-02 -1.406865000000000032e+00
1.620225156358577959e-02 -1.204285999999999968e+00
1.622225434329390911e-02 -1.009363999999999928e+00
1.624225712300204211e-02 -9.564160000000000439e-01
1.626225990271017163e-02 -9.959320000000000395e-01
1.628226268241830116e-02 -1.106694999999999984e+00
1.630226546212643415e-02 -1.193645000000000067e+00
1.632226824183456368e-02 -1.164639999999999898e+00
1.634227102154269320e-02 -1.072564000000000073e+00
1.636227380125082620e-02 -1.025910000000000100e+00
1.638227658095895573e-02 -1.041808000000000067e+00
1.640227936066708525e-02 -1.083205999999999891e+00
1.642228214037521825e-02 -1.150300000000000100e+00
1.644228492008334777e-02 -1.231084999999999985e+00
1.646228769979147730e-02 -1.372409999999999908e+00
1.648229047949960682e-02 -1.496410000000000018e+00
1.650229325920773982e-02 -1.478501000000000065e+00
1.652229603891586934e-02 -1.218301999999999996e+00
1.654229881862399887e-02 -8.742029999999999523e-01
1.656230159833213186e-02 -6.241259999999999586e-01
1.658230437804026139e-02 -6.438519999999999799e-01
1.660230715774839091e-02 -8.179450000000000331e-01
1.662230993745652391e-02 -1.028440999999999939e+00
1.664231271716465344e-02 -1.182549000000000072e+00
1.666231549687278296e-02 -1.295063999999999993e+00
1.668231827658091596e-02 -1.329064999999999941e+00
1.670232105628904548e-02 -1.276245999999999992e+00
1.672232383599717501e-02 -1.196239999999999970e+00
1.674232661570530453e-02 -1.057574999999999932e+00
1.676232939541343753e-02 -9.308499999999999552e-01
1.678233217512156705e-02 -9.494080000000000297e-01
1.680233495482969658e-02 -1.067113999999999896e+00
1.682233773453782957e-02 -1.180018000000000011e+00
1.684234051424595910e-02 -1.249317999999999929e+00
1.686234329395408862e-02 -1.208633999999999986e+00
1.688234607366222162e-02 -1.118699000000000110e+00
1.690234885337035114e-02 -1.107019999999999893e+00
1.692235163307848067e-02 -1.172425999999999968e+00
1.694235441278661367e-02 -1.136349000000000053e+00
1.696235719249474319e-02 -1.065946000000000060e+00
1.698235997220287272e-02 -9.988519999999999621e-01
1.700236275191100224e-02 -9.916490000000000027e-01
1.702236553161913524e-02 -1.022860000000000102e+00
1.704236831132726476e-02 -1.135764999999999914e+00
1.706237109103539429e-02 -1.230371000000000103e+00
1.708237387074352728e-02 -1.278582000000000107e+00
1.710237665045165681e-02 -1.213176000000000032e+00
1.712237943015978633e-02 -1.155361000000000082e+00
1.714238220986791933e-02 -1.063674999999999926e+00
1.716238498957604885e-02 -9.797749999999999515e-01
1.718238776928417838e-02 -9.830189999999999761e-01
1.720239054899231138e-02 -1.028245999999999993e+00
1.722239332870044090e-02 -1.187999000000000027e+00
1.724239610840857043e-02 -1.368257000000000057e+00
1.726239888811669995e-02 -1.478112000000000092e+00
1.728240166782483295e-02 -1.456180000000000030e+00
1.730240444753296247e-02 -1.231603999999999921e+00
1.732240722724109200e-02 -8.980169999999999542e-01
1.734241000694922499e-02 -6.933610000000000051e-01
1.736241278665735452e-02 -7.481910000000000505e-01
1.738241556636548404e-02 -9.549229999999999663e-01
1.740241834607361704e-02 -1.161070999999999964e+00
1.742242112578174656e-02 -1.354111999999999982e+00
1.744242390548987609e-02 -1.442034000000000038e+00
1.746242668519800909e-02 -1.414911000000000030e+00
1.748242946490613861e-02 -1.242569999999999952e+00
1.750243224461426814e-02 -1.019876000000000005e+00
1.752243502432239766e-02 -8.659620000000000095e-01
1.754243780403053066e-02 -8.622640000000000304e-01
1.756244058373866018e-02 -1.035708000000000073e+00
1.758244336344678971e-02 -1.246397999999999895e+00
1.760244614315492270e-02 -1.375588999999999951e+00
1.762244892286305223e-02 -1.355280000000000040e+00
1.764245170257118175e-02 -1.214213999999999904e+00
1.766245448227931475e-02 -1.028181000000000012e+00
1.768245726198744427e-02 -9.415559999999999485e-01
1.770246004169557380e-02 -9.769849999999999923e-01
1.772246282140370680e-02 -1.105267999999999917e+00
1.774246560111183632e-02 -1.277090000000000058e+00
1.776246838081996585e-02 -1.335164000000000017e+00
1.778247116052809537e-02 -1.268005999999999966e+00
1.780247394023622837e-02 -1.162822999999999940e+00
1.782247671994435789e-02 -1.056537000000000059e+00
1.784247949965248742e-02 -9.436980000000000368e-01
1.786248227936062041e-02 -9.293569999999999887e-01
1.788248505906874994e-02 -1.060170999999999975e+00
1.790248783877687946e-02 -1.277544000000000013e+00
1.792249061848501246e-02 -1.465653000000000095e+00
1.794249339819314198e-02 -1.477268000000000026e+00
1.796249617790127151e-02 -1.293376999999999999e+00
1.798249895760940451e-02 -1.054135999999999962e+00
1.800250173731753403e-02 -8.667409999999999837e-01
1.802250451702566356e-02 -7.972460000000000102e-01
1.804250729673379308e-02 -8.671299999999999564e-01
1.806251007644192608e-02 -1.001187999999999967e+00
1.808251285615005560e-02 -1.202015000000000056e+00
1.810251563585818513e-02 -1.332114999999999938e+00
1.812251841556631812e-02 -1.348985000000000101e+00
1.814252119527444765e-02 -1.270731000000000055e+00
1.816252397498257717e-02 -1.164055999999999980e+00
1.818252675469071017e-02 -1.079053000000000040e+00
1.820252953439883969e-02 -1.039795999999999943e+00
1.822253231410696922e-02 -1.099558000000000035e+00
1.824253509381510222e-02 -1.200652000000000053e+00
1.826253787352323174e-02 -1.303824000000000094e+00
1.828254065323136127e-02 -1.331140999999999908e+00
1.830254343293949079e-02 -1.281957000000000013e+00
1.832254621264762379e-02 -1.151532999999999918e+00
1.834254899235575331e-02 -1.044662999999999897e+00
1.836255177206388284e-02 -1.012996999999999925e+00
1.838255455177201583e-02 -1.042975999999999903e+00
1.840255733148014536e-02 -1.082686999999999955e+00
1.842256011118827488e-02 -1.164574999999999916e+00
1.844256289089640788e-02 -1.266318999999999972e+00
1.846256567060453740e-02 -1.311805000000000110e+00
1.848256845031266693e-02 -1.272483000000000031e+00
1.850257123002079993e-02 -1.144460000000000033e+00
1.852257400972892945e-02 -1.030192999999999914e+00
1.854257678943705898e-02 -9.645909999999999762e-01
1.856257956914518850e-02 -9.617360000000000353e-01
1.858258234885332150e-02 -9.562859999999999694e-01
1.860258512856145102e-02 -9.816570000000000018e-01
1.862258790826958055e-02 -1.096832000000000029e+00
1.864259068797771354e-02 -1.238612000000000046e+00
1.866259346768584307e-02 -1.379092999999999902e+00
1.868259624739397259e-02 -1.434053000000000022e+00
1.870259902710210559e-02 -1.367933000000000066e+00
1.872260180681023511e-02 -1.273131999999999930e+00
1.874260458651836464e-02 -1.149974999999999969e+00
1.876260736622649763e-02 -1.063026000000000026e+00
1.878261014593462716e-02 -1.004172999999999982e+00
1.880261292564275669e-02 -9.602439999999999864e-01
1.882261570535088621e-02 -9.364299999999999846e-01
1.884261848505901921e-02 -1.008000999999999925e+00
1.886262126476714873e-02 -1.135245999999999977e+00
1.888262404447527826e-02 -1.219924000000000008e+00
1.890262682418341125e-02 -1.242310000000000025e+00
1.892262960389154078e-02 -1.178979999999999917e+00
1.894263238359967030e-02 -1.095989000000000102e+00
1.896263516330780330e-02 -1.035123999999999933e+00
1.898263794301593282e-02 -1.079183000000000003e+00
1.900264072272406235e-02 -1.165677999999999992e+00
1.902264350243219534e-02 -1.194099000000000022e+00
1.904264628214032487e-02 -1.201365999999999934e+00
1.906264906184845440e-02 -1.185208999999999957e+00
1.908265184155658392e-02 -1.172881000000000062e+00
1.910265462126471692e-02 -1.166001999999999983e+00
1.912265740097284644e-02 -1.124020000000000019e+00
1.914266018068097597e-02 -1.090408000000000044e+00
1.916266296038910896e-02 -1.084373999999999949e+00
1.918266574009723849e-02 -1.168079000000000089e+00
1.920266851980536801e-02 -1.277997999999999967e+00
1.922267129951350101e-02 -1.331984999999999975e+00
1.924267407922163053e-02 -1.263333999999999957e+00
1.926267685892976006e-02 -1.074964999999999948e+00
1.928267963863789305e-02 -8.828979999999999606e-01
1.930268241834602258e-02 -7.900439999999999685e-01
1.932268519805415211e-02 -8.630419999999999758e-01
1.934268797776228163e-02 -1.011309999999999931e+00
1.936269075747041463e-02 -1.126875000000000071e+00
1.938269353717854415e-02 -1.233940000000000037e+00
1.940269631688667368e-02 -1.315892999999999979e+00
1.942269909659480667e-02 -1.321603000000000083e+00
1.944270187630293620e-02 -1.320823999999999998e+00
1.946270465601106572e-02 -1.221675999999999984e+00
1.948270743571919872e-02 -1.143356999999999957e+00
1.950271021542732824e-02 -1.129990000000000050e+00
1.952271299513545777e-02 -1.209607000000000099e+00
1.954271577484359076e-02 -1.349634000000000000e+00
1.956271855455172029e-02 -1.366181000000000090e+00
1.958272133425984982e-02 -1.264242000000000088e+00
1.960272411396797934e-02 -1.076716999999999924e+00
1.962272689367611234e-02 -9.016499999999999515e-01
1.964272967338424186e-02 -8.397480000000000500e-01
1.966273245309237139e-02 -9.263080000000000203e-01
1.968273523280050438e-02 -1.096182999999999907e+00
1.970273801250863391e-02 -1.254769000000000023e+00
1.972274079221676343e-02 -1.322510999999999992e+00
1.974274357192489643e-02 -1.310831999999999997e+00
1.976274635163302595e-02 -1.194747999999999921e+00
1.978274913134115548e-02 -1.072370000000000045e+00
1.980275191104928847e-02 -9.168340000000000378e-01
1.982275469075741800e-02 -8.383199999999999541e-01
1.984275747046554753e-02 -9.013259999999999605e-01
1.986276025017367705e-02 -1.105137999999999954e+00
1.988276302988181005e-02 -1.343339999999999979e+00
1.990276580958993957e-02 -1.496734999999999927e+00
1.992276858929806910e-02 -1.455661000000000094e+00
1.994277136900620209e-02 -1.316216999999999970e+00
1.996277414871433162e-02 -1.132195999999999980e+00
1.998277692842246114e-02 -1.009428999999999910e+00
2.000277970813059414e-02 -9.381819999999999604e-01
2.002278248783872366e-02 -9.534310000000000285e-01
2.004278526754685319e-02 -1.004367000000000010e+00
2.006278804725498618e-02 -1.046154999999999946e+00
2.008279082696311571e-02 -1.112146000000000079e+00
2.010279360667124524e-02 -1.128757000000000010e+00
2.012279638637937476e-02 -1.126160999999999968e+00
2.014279916608750776e-02 -1.112081000000000097e+00
2.016280194579563728e-02 -1.113703000000000110e+00
2.018280472550376681e-02 -1.149067000000000061e+00
2.020280750521189980e-02 -1.199095000000000022e+00
2.022281028492002933e-02 -1.241791000000000089e+00
2.024281306462815885e-02 -1.222909000000000024e+00
2.026281584433629185e-02 -1.162757999999999958e+00
2.028281862404442137e-02 -1.091121999999999925e+00
2.030282140375255090e-02 -1.041936999999999891e+00
2.032282418346068389e-02 -1.045636000000000010e+00
2.034282696316881342e-02 -1.076133000000000006e+00
2.036282974287694295e-02 -1.106630000000000003e+00
2.038283252258507247e-02 -1.140176999999999996e+00
2.040283530229320547e-02 -1.154972000000000110e+00
2.042283808200133499e-02 -1.168274000000000035e+00
2.044284086170946452e-02 -1.169831000000000065e+00
2.046284364141759751e-02 -1.149132000000000042e+00
2.048284642112572704e-02 -1.149974999999999969e+00
2.050284920083385656e-02 -1.121035000000000004e+00
2.052285198054198956e-02 -1.109485000000000054e+00
2.054285476025011908e-02 -1.055304000000000020e+00
2.056285753995824861e-02 -1.026753999999999944e+00
2.058286031966638160e-02 -1.010013000000000050e+00
2.060286309937451113e-02 -1.030192999999999914e+00
2.062286587908264066e-02 -1.099817000000000045e+00
2.064286865879077018e-02 -1.200393000000000043e+00
2.066287143849890318e-02 -1.269174000000000024e+00
2.068287421820703270e-02 -1.307263000000000064e+00
2.070287699791516223e-02 -1.273327000000000098e+00
2.072287977762329522e-02 -1.219924000000000008e+00
2.074288255733142475e-02 -1.152830000000000021e+00
2.076288533703955427e-02 -1.088656000000000068e+00
2.078288811674768727e-02 -1.050956999999999919e+00
2.080289089645581679e-02 -1.068866000000000094e+00
2.082289367616394632e-02 -1.131612000000000062e+00
2.084289645587207931e-02 -1.174048999999999898e+00
2.086289923558020884e-02 -1.173853999999999953e+00
2.088290201528833837e-02 -1.141280000000000072e+00
2.090290479499646789e-02 -1.105787000000000075e+00
2.092290757470460089e-02 -1.116233999999999948e+00
2.094291035441273041e-02 -1.149197000000000024e+00
2.096291313412085994e-02 -1.207789999999999919e+00
2.098291591382899293e-02 -1.255741999999999914e+00
2.100291869353712246e-02 -1.212526999999999910e+00
2.102292147324525198e-02 -1.154063000000000061e+00
2.104292425295338498e-02 -1.048945000000000016e+00
2.106292703266151450e-02 -9.688090000000000312e-01
2.108292981236964403e-02 -9.362350000000000394e-01
2.110293259207777702e-02 -9.819809999999999928e-01
2.112293537178590655e-02 -1.098195000000000032e+00
2.114293815149403608e-02 -1.237379000000000007e+00
2.116294093120216560e-02 -1.353722000000000092e+00
2.118294371091029860e-02 -1.408941999999999917e+00
2.120294649061842812e-02 -1.304017999999999899e+00
2.122294927032655765e-02 -1.138360000000000039e+00
2.124295205003469064e-02 -9.648510000000000142e-01
2.126295482974282017e-02 -8.697259999999999991e-01
2.128295760945094969e-02 -9.120970000000000466e-01
2.130296038915908269e-02 -9.869130000000000402e-01
2.132296316886721221e-02 -1.132066000000000017e+00
2.134296594857534174e-02 -1.225633999999999890e+00
2.136296872828347473e-02 -1.271120000000000028e+00
2.138297150799160426e-02 -1.278127999999999931e+00
2.140297428769973379e-02 -1.196824000000000110e+00
2.142297706740786331e-02 -1.105007999999999990e+00
2.144297984711599631e-02 -1.050178000000000056e+00
2.146298262682412583e-02 -1.049658999999999898e+00
2.148298540653225536e-02 -1.131351999999999913e+00
2.150298818624038835e-02 -1.200004000000000071e+00
2.152299096594851788e-02 -1.250226999999999977e+00
2.154299374565664740e-02 -1.213176000000000032e+00
2.156299652536478040e-02 -1.098000000000000087e+00
2.158299930507290992e-02 -9.887299999999999978e-01
2.160300208478103945e-02 -9.313040000000000207e-01
2.162300486448917244e-02 -9.486289999999999445e-01
2.164300764419730197e-02 -1.008261000000000074e+00
2.166301042390543150e-02 -1.099687000000000081e+00
2.168301320361356102e-02 -1.193319999999999936e+00
2.170301598332169402e-02 -1.241467000000000098e+00
2.172301876302982354e-02 -1.223557999999999923e+00
2.174302154273795307e-02 -1.161524999999999919e+00
2.176302432244608606e-02 -1.062507000000000090e+00
2.178302710215421559e-02 -9.908709999999999463e-01
2.180302988186234511e-02 -9.719240000000000101e-01
2.182303266157047811e-02 -1.016501000000000099e+00
2.184303544127860763e-02 -1.110459000000000085e+00
2.186303822098673716e-02 -1.162757999999999958e+00
2.188304100069487015e-02 -1.194293000000000049e+00
2.190304378040299968e-02 -1.169896000000000047e+00
2.192304656011112921e-02 -1.149845000000000006e+00
2.194304933981925873e-02 -1.128173000000000092e+00
2.196305211952739173e-02 -1.119996999999999909e+00
2.198305489923552125e-02 -1.098778999999999950e+00
2.200305767894365078e-02 -1.091641000000000084e+00
2.202306045865178377e-02 -1.083401000000000058e+00
2.204306323835991330e-02 -1.094041999999999959e+00
2.206306601806804282e-02 -1.095469999999999944e+00
2.208306879777617582e-02 -1.047971999999999904e+00
2.210307157748430534e-02 -1.030647000000000091e+00
2.212307435719243487e-02 -1.054396000000000111e+00
2.214307713690056786e-02 -1.126681000000000044e+00
2.216307991660869739e-02 -1.203182999999999891e+00
2.218308269631682692e-02 -1.251978999999999953e+00
2.220308547602495644e-02 -1.240882999999999958e+00
2.222308825573308944e-02 -1.208698000000000050e+00
2.224309103544121896e-02 -1.174892000000000047e+00
2.226309381514934849e-02 -1.118570000000000064e+00
2.228309659485748148e-02 -1.087034000000000056e+00
2.230309937456561101e-02 -1.052513999999999950e+00
2.232310215427374053e-02 -1.028116000000000030e+00
2.234310493398187353e-02 -1.037071000000000076e+00
2.236310771369000305e-02 -1.061079000000000105e+00
2.238311049339813258e-02 -1.108576999999999924e+00
2.240311327310626557e-02 -1.125057999999999891e+00
2.242311605281439510e-02 -1.144654000000000060e+00
2.244311883252252462e-02 -1.133103999999999889e+00
2.246312161223065415e-02 -1.139528000000000096e+00
2.248312439193878715e-02 -1.128562000000000065e+00
2.250312717164691667e-02 -1.111755999999999966e+00
2.252312995135504620e-02 -1.078338999999999936e+00
2.254313273106317919e-02 -1.021627999999999981e+00
2.256313551077130872e-02 -1.020070000000000032e+00
2.258313829047943824e-02 -1.066983999999999932e+00
2.260314107018757124e-02 -1.168922000000000017e+00
2.262314384989570076e-02 -1.207400999999999947e+00
2.264314662960383029e-02 -1.208050000000000068e+00
2.266314940931196328e-02 -1.167753999999999959e+00
2.268315218902009281e-02 -1.126355999999999913e+00
2.270315496872822233e-02 -1.102997000000000005e+00
2.272315774843635186e-02 -1.084049000000000040e+00
2.274316052814448486e-02 -1.085995999999999961e+00
2.276316330785261438e-02 -1.119153999999999982e+00
2.278316608756074391e-02 -1.152765000000000040e+00
2.280316886726887690e-02 -1.157372000000000067e+00
2.282317164697700643e-02 -1.140306999999999960e+00
2.284317442668513595e-02 -1.077625999999999973e+00
2.286317720639326895e-02 -9.982680000000000442e-01
2.288317998610139847e-02 -9.600490000000000412e-01
2.290318276580952800e-02 -9.889240000000000252e-01
2.292318554551766099e-02 -1.086580000000000101e+00
2.294318832522579052e-02 -1.189297000000000049e+00
2.296319110493392004e-02 -1.273196999999999912e+00
2.298319388464204957e-02 -1.268329999999999957e+00
2.300319666435018257e-02 -1.190595000000000070e+00
2.302319944405831209e-02 -1.069190000000000085e+00
2.304320222376644162e-02 -1.003459000000000101e+00
2.306320500347457461e-02 -9.749729999999999785e-01
2.308320778318270414e-02 -1.012477999999999989e+00
2.310321056289083366e-02 -1.095015000000000072e+00
2.312321334259896666e-02 -1.183197999999999972e+00
2.314321612230709618e-02 -1.254574000000000078e+00
2.316321890201522571e-02 -1.258985999999999938e+00
2.318322168172335870e-02 -1.217783000000000060e+00
2.320322446143148823e-02 -1.124344999999999928e+00
2.322322724113961775e-02 -1.021562999999999999e+00
2.324323002084774728e-02 -1.004367000000000010e+00
2.326323280055588028e-02 -1.025325999999999960e+00
2.328323558026400980e-02 -1.089110999999999940e+00
2.330323835997213933e-02 -1.115779000000000076e+00
2.332324113968027232e-02 -1.119089000000000000e+00
2.334324391938840185e-02 -1.102737000000000078e+00
2.336324669909653137e-02 -1.051606000000000041e+00
2.338324947880466437e-02 -1.017085000000000017e+00
2.340325225851279389e-02 -1.025714999999999932e+00
2.342325503822092342e-02 -1.075873999999999997e+00
2.344325781792905641e-02 -1.131482000000000099e+00
2.346326059763718594e-02 -1.187675000000000036e+00
2.348326337734531546e-02 -1.223946999999999896e+00
2.350326615705344499e-02 -1.203443000000000040e+00
2.352326893676157799e-02 -1.137256999999999962e+00
2.354327171646970751e-02 -1.086384999999999934e+00
2.356327449617783704e-02 -1.036356999999999973e+00
2.358327727588597003e-02 -1.018318000000000056e+00
2.360328005559409956e-02 -1.046024999999999983e+00
2.362328283530222908e-02 -1.081453999999999915e+00
2.364328561501036208e-02 -1.136023999999999923e+00
2.366328839471849160e-02 -1.132649999999999935e+00
2.368329117442662113e-02 -1.108576999999999924e+00
2.370329395413475412e-02 -1.066918999999999951e+00
2.372329673384288365e-02 -1.028375999999999957e+00
2.374329951355101317e-02 -1.027662000000000075e+00
2.376330229325914270e-02 -1.043884000000000034e+00
2.378330507296727570e-02 -1.073083000000000009e+00
2.380330785267540522e-02 -1.096638000000000002e+00
2.382331063238353475e-02 -1.102802000000000060e+00
2.384331341209166774e-02 -1.112600000000000033e+00
2.386331619179979727e-02 -1.105787000000000075e+00
2.388331897150792679e-02 -1.103126000000000051e+00
2.390332175121605979e-02 -1.100595999999999908e+00
2.392332453092418931e-02 -1.083984999999999976e+00
2.394332731063231884e-02 -1.105332999999999899e+00
2.396333009034045183e-02 -1.119866999999999946e+00
2.398333287004858136e-02 -1.138749999999999929e+00
2.400333564975671088e-02 -1.153089999999999948e+00
2.402333842946484041e-02 -1.115324999999999900e+00
2.404334120917297341e-02 -1.090019000000000071e+00
2.406334398888110293e-02 -1.040769000000000055e+00
2.408334676858923246e-02 -1.023120000000000029e+00
2.410334954829736545e-02 -1.030321999999999960e+00
2.412335232800549498e-02 -1.032723000000000058e+00
2.414335510771362450e-02 -1.035253999999999897e+00
2.416335788742175750e-02 -1.025651000000000090e+00
2.418336066712988702e-02 -1.064583000000000057e+00
2.420336344683801655e-02 -1.088332000000000077e+00
2.422336622654614954e-02 -1.124929000000000068e+00
2.424336900625427907e-02 -1.109096000000000082e+00
2.426337178596240859e-02 -1.065231999999999957e+00
2.428337456567053812e-02 -1.053098000000000090e+00
2.430337734537867111e-02 -9.910649999999999737e-01
2.432338012508680064e-02 -9.626449999999999729e-01
2.434338290479493017e-02 -1.122333000000000025e+00
2.436338568450306316e-02 -1.079312999999999967e+00
2.438338846421119269e-02 -1.157826999999999940e+00
2.440339124391932221e-02 -1.158150999999999931e+00
2.442339402362745521e-02 -1.185858000000000079e+00
2.444339680333558473e-02 -1.054980000000000029e+00
2.446339958304371426e-02 -1.113963000000000036e+00
2.448340236275184725e-02 -1.055757999999999974e+00
2.450340514245997678e-02 -9.528469999999999995e-01
2.452340792216810630e-02 -1.036032999999999982e+00
2.454341070187623583e-02 -8.998340000000000227e-01
2.456341348158436882e-02 -1.004950999999999928e+00
2.458341626129249835e-02 -1.217263999999999902e+00
2.460341904100062788e-02 -1.197019000000000055e+00
2.462342182070876087e-02 -1.151987000000000094e+00
2.464342460041689040e-02 -1.118699000000000110e+00
2.466342738012501992e-02 -1.029868000000000006e+00
2.468343015983315292e-02 -9.985279999999999712e-01
2.470343293954128244e-02 -1.027531999999999890e+00
2.472343571924941197e-02 -1.037265000000000104e+00
2.474343849895754496e-02 -1.138166000000000011e+00
2.476344127866567449e-02 -1.197797000000000001e+00
2.478344405837380401e-02 -1.147315000000000085e+00
2.480344683808193354e-02 -1.106435999999999975e+00
2.482344961779006653e-02 -1.040640000000000009e+00
2.484345239749819606e-02 -1.030062999999999951e+00
2.486345517720632559e-02 -1.075353999999999921e+00
2.488345795691445858e-02 -1.116883000000000070e+00
2.490346073662258811e-02 -1.121229999999999949e+00
2.492346351633071763e-02 -1.136608000000000063e+00
2.494346629603885063e-02 -1.139008999999999938e+00
2.496346907574698015e-02 -1.124992999999999910e+00
2.498347185545510968e-02 -1.071396000000000015e+00
2.500347463516324267e-02 -1.003978000000000037e+00
2.502347741487137220e-02 -9.562209999999999877e-01
2.504348019457950172e-02 -1.004950999999999928e+00
2.506348297428763125e-02 -1.075484000000000107e+00
2.508348575399576424e-02 -1.142317999999999945e+00
2.510348853370389377e-02 -1.158020999999999967e+00
2.512349131341202330e-02 -1.161524999999999919e+00
2.514349409312015629e-02 -1.136349000000000053e+00
2.516349687282828582e-02 -1.128951999999999956e+00
2.518349965253641534e-02 -1.085995999999999961e+00
2.520350243224454834e-02 -1.068411999999999917e+00
2.522350521195267786e-02 -1.054200999999999944e+00
2.524350799166080739e-02 -1.103904999999999914e+00
2.526351077136894038e-02 -1.148676999999999948e+00
2.528351355107706991e-02 -1.161265999999999909e+00
2.530351633078519943e-02 -1.097026999999999974e+00
2.532351911049332896e-02 -1.026494000000000018e+00
2.534352189020146195e-02 -1.007611999999999952e+00
2.536352466990959148e-02 -1.015203999999999995e+00
2.538352744961772101e-02 -1.044402999999999970e+00
2.540353022932585400e-02 -1.087488000000000010e+00
2.542353300903398353e-02 -1.105852000000000057e+00
2.544353578874211305e-02 -1.150624000000000091e+00
2.546353856845024605e-02 -1.149715999999999960e+00
2.548354134815837557e-02 -1.141669999999999963e+00
2.550354412786650510e-02 -1.074770000000000003e+00
2.552354690757463809e-02 -1.031360999999999972e+00
2.554354968728276762e-02 -1.002356000000000025e+00
2.556355246699089714e-02 -1.024092999999999920e+00
2.558355524669902667e-02 -1.071979999999999933e+00
2.560355802640715966e-02 -1.115194999999999936e+00
2.562356080611528919e-02 -1.142382999999999926e+00
2.564356358582341872e-02 -1.127070000000000016e+00
2.566356636553155171e-02 -1.128627000000000047e+00
2.568356914523968124e-02 -1.148028999999999966e+00
2.570357192494781076e-02 -1.136219000000000090e+00
2.572357470465594376e-02 -1.127134999999999998e+00
2.574357748436407328e-02 -1.093458000000000041e+00
2.576358026407220281e-02 -1.066011000000000042e+00
2.578358304378033580e-02 -1.078273999999999955e+00
2.580358582348846533e-02 -1.084632999999999958e+00
2.582358860319659485e-02 -1.093458000000000041e+00
2.584359138290472438e-02 -1.072499000000000091e+00
2.586359416261285737e-02 -1.074510999999999994e+00
2.588359694232098690e-02 -1.103709999999999969e+00
2.590359972202911643e-02 -1.131936000000000053e+00
2.592360250173724942e-02 -1.145497999999999905e+00
2.594360528144537895e-02 -1.129340999999999928e+00
2.596360806115350847e-02 -1.119153999999999982e+00
2.598361084086164147e-02 -1.141863999999999990e+00
2.600361362056977099e-02 -1.142838000000000021e+00
2.602361640027790052e-02 -1.140695999999999932e+00
2.604361917998603351e-02 -1.093717999999999968e+00
2.606362195969416304e-02 -1.068022000000000027e+00
2.608362473940229256e-02 -1.042586000000000013e+00
2.610362751911042209e-02 -1.040640000000000009e+00
2.612363029881855508e-02 -1.043039999999999967e+00
2.614363307852668461e-02 -1.045376000000000083e+00
2.616363585823481414e-02 -1.093393000000000059e+00
2.618363863794294713e-02 -1.153283999999999976e+00
2.620364141765107666e-02 -1.201300999999999952e+00
2.622364419735920618e-02 -1.210255999999999998e+00
2.624364697706733918e-02 -1.182873000000000063e+00
2.626364975677546870e-02 -1.124929000000000068e+00
2.628365253648359823e-02 -1.073927000000000076e+00
2.630365531619173122e-02 -1.050502999999999965e+00
2.632365809589986075e-02 -1.046739000000000086e+00
2.634366087560799027e-02 -1.082880999999999982e+00
2.636366365531611980e-02 -1.092939000000000105e+00
2.638366643502425279e-02 -1.116557999999999939e+00
2.640366921473238232e-02 -1.136414000000000035e+00
2.642367199444051185e-02 -1.125966999999999940e+00
2.644367477414864484e-02 -1.108187999999999951e+00
2.646367755385677437e-02 -1.095145000000000035e+00
2.648368033356490389e-02 -1.085736000000000034e+00
2.650368311327303689e-02 -1.084503999999999913e+00
2.652368589298116641e-02 -1.142188999999999899e+00
2.654368867268929594e-02 -1.150493999999999906e+00
2.656369145239742893e-02 -1.137126999999999999e+00
2.658369423210555846e-02 -1.102217999999999920e+00
2.660369701181368798e-02 -1.050243000000000038e+00
2.662369979152181751e-02 -1.040056000000000092e+00
2.664370257122995050e-02 -1.043949000000000016e+00
2.666370535093808003e-02 -1.055239000000000038e+00
2.668370813064620956e-02 -1.104359000000000091e+00
2.670371091035434255e-02 -1.134466999999999892e+00
2.672371369006247208e-02 -1.173723999999999990e+00
2.674371646977060160e-02 -1.169635999999999898e+00
2.676371924947873460e-02 -1.128821999999999992e+00
2.678372202918686412e-02 -1.063285000000000036e+00
2.680372480889499365e-02 -1.027273000000000103e+00
2.682372758860312664e-02 -1.020914000000000099e+00
2.684373036831125617e-02 -1.066983999999999932e+00
2.686373314801938569e-02 -1.084827999999999903e+00
2.688373592772751522e-02 -1.107409000000000088e+00
2.690373870743564821e-02 -1.102087999999999957e+00
2.692374148714377774e-02 -1.108900999999999915e+00
2.694374426685190727e-02 -1.088136999999999910e+00
2.696374704656004026e-02 -1.050632000000000010e+00
2.698374982626816979e-02 -1.024483000000000033e+00
2.700375260597629931e-02 -1.041287999999999991e+00
2.702375538568443231e-02 -1.075290000000000079e+00
2.704375816539256183e-02 -1.138360000000000039e+00
2.706376094510069136e-02 -1.176320000000000032e+00
2.708376372480882435e-02 -1.166976000000000013e+00
2.710376650451695388e-02 -1.126810000000000089e+00
2.712376928422508340e-02 -1.097221999999999920e+00
2.714377206393321293e-02 -1.073862000000000094e+00
2.716377484364134592e-02 -1.070553000000000088e+00
2.718377762334947545e-02 -1.055239000000000038e+00
2.720378040305760498e-02 -1.061663000000000023e+00
2.722378318276573797e-02 -1.068605999999999945e+00
2.724378596247386750e-02 -1.077625999999999973e+00
2.726378874218199702e-02 -1.091121999999999925e+00
2.728379152189013002e-02 -1.084697999999999940e+00
2.730379430159825954e-02 -1.074122000000000021e+00
2.732379708130638907e-02 -1.043104999999999949e+00
2.734379986101452206e-02 -1.048621000000000025e+00
2.736380264072265159e-02 -1.095404999999999962e+00
2.738380542043078111e-02 -1.119931999999999928e+00
2.740380820013891064e-02 -1.112015999999999893e+00
2.742381097984704363e-02 -1.102476999999999929e+00
2.744381375955517316e-02 -1.094495999999999913e+00
2.746381653926330269e-02 -1.080610000000000070e+00
2.748381931897143568e-02 -1.111626999999999921e+00
2.750382209867956521e-02 -1.098065000000000069e+00
2.752382487838769473e-02 -1.090667999999999971e+00
2.754382765809582773e-02 -1.087293999999999983e+00
2.756383043780395725e-02 -1.092225000000000001e+00
2.758383321751208678e-02 -1.101439000000000057e+00
2.760383599722021977e-02 -1.097285999999999984e+00
2.762383877692834930e-02 -1.106046000000000085e+00
2.764384155663647882e-02 -1.097415999999999947e+00
2.766384433634460835e-02 -1.087099000000000038e+00
2.768384711605274134e-02 -1.065816000000000097e+00
2.770384989576087087e-02 -1.071072000000000024e+00
2.772385267546900040e-02 -1.059911000000000048e+00
2.774385545517713339e-02 -1.053617000000000026e+00
2.776385823488526292e-02 -1.040056000000000092e+00
2.778386101459339244e-02 -1.039925999999999906e+00
2.780386379430152544e-02 -1.060885000000000078e+00
2.782386657400965496e-02 -1.073796999999999890e+00
2.784386935371778449e-02 -1.112405000000000088e+00
2.786387213342591748e-02 -1.123370999999999897e+00
2.788387491313404701e-02 -1.117011999999999894e+00
2.790387769284217653e-02 -1.119672999999999918e+00
2.792388047255030606e-02 -1.101634000000000002e+00
2.794388325225843905e-02 -1.098195000000000032e+00
2.796388603196656858e-02 -1.095923999999999898e+00
2.798388881167469810e-02 -1.101504000000000039e+00
2.800389159138283110e-02 -1.093523000000000023e+00
2.802389437109096063e-02 -1.088071999999999928e+00
2.804389715079909015e-02 -1.052708999999999895e+00
2.806389993050722315e-02 -1.038238999999999912e+00
2.808390271021535267e-02 -1.025131000000000014e+00
2.810390548992348220e-02 -1.049463999999999952e+00
2.812390826963161519e-02 -1.052902999999999922e+00
2.814391104933974472e-02 -1.084568999999999894e+00
2.816391382904787424e-02 -1.099817000000000045e+00
2.818391660875600377e-02 -1.121099999999999985e+00
2.820391938846413676e-02 -1.124344999999999928e+00
2.822392216817226629e-02 -1.080286000000000080e+00
2.824392494788039581e-02 -1.049204999999999943e+00
2.826392772758852881e-02 -1.029025000000000079e+00
2.828393050729665834e-02 -1.064063999999999899e+00
2.830393328700478786e-02 -1.106565000000000021e+00
2.832393606671292086e-02 -1.133169000000000093e+00
2.834393884642105038e-02 -1.120646000000000031e+00
2.836394162612917991e-02 -1.104228999999999905e+00
2.838394440583731290e-02 -1.086969000000000074e+00
2.840394718554544243e-02 -1.061079000000000105e+00
2.842394996525357195e-02 -1.056537000000000059e+00
2.844395274496170148e-02 -1.045830999999999955e+00
2.846395552466983447e-02 -1.034540000000000015e+00
2.848395830437796400e-02 -1.049139999999999961e+00
2.850396108408609352e-02 -1.076068000000000024e+00
2.852396386379422652e-02 -1.085930999999999980e+00
2.854396664350235605e-02 -1.061598000000000042e+00
2.856396942321048557e-02 -1.026947999999999972e+00
2.858397220291861857e-02 -9.754920000000000258e-01
2.860397498262674809e-02 -9.797099999999999698e-01
2.862397776233487762e-02 -1.006183999999999967e+00
2.864398054204301061e-02 -1.056083000000000105e+00
2.866398332175114014e-02 -1.084893000000000107e+00
2.868398610145926966e-02 -1.105981000000000103e+00
2.870398888116739919e-02 -1.124473999999999974e+00
2.872399166087553218e-02 -1.121035000000000004e+00
2.874399444058366171e-02 -1.110524000000000067e+00
2.876399722029179123e-02 -1.066400000000000015e+00
