# time(s), 	 	 acceleration(g)
0.000000000000000000e+00 6.252661999999999942e+00
2.000277970813059281e-05 6.471657000000000437e+00
4.000555941626118562e-05 6.711547000000000374e+00
6.000833912439177504e-05 6.986735000000000362e+00
8.001111883252237124e-05 7.235514000000000223e+00
1.000138985406529674e-04 7.546714999999999840e+00
1.200166782487835501e-04 7.870957999999999899e+00
1.400194579569141598e-04 8.193384999999999252e+00
1.600222376650447425e-04 8.547606000000000037e+00
1.800250173731753251e-04 8.910004000000000701e+00
2.000277970813059349e-04 9.311268999999999352e+00
2.200305767894365175e-04 9.723888999999999783e+00
2.400333564975671002e-04 1.020853400000000022e+01
2.600361362056977099e-04 1.072121100000000027e+01
2.800389159138283197e-04 1.129053500000000021e+01
3.000416956219588752e-04 1.191825799999999980e+01
3.200444753300894850e-04 1.261073799999999956e+01
3.400472550382200947e-04 1.342222199999999965e+01
3.600500347463506503e-04 1.431098800000000004e+01
3.800528144544812600e-04 1.526957200000000014e+01
4.000555941626118698e-04 1.650062000000000140e+01
4.200583738707424253e-04 1.756205100000000030e+01
4.400611535788730351e-04 1.905543899999999979e+01
4.600639332870036448e-04 2.072428400000000082e+01
4.800667129951342003e-04 2.266260600000000025e+01
5.000694927032648101e-04 2.509407399999999910e+01
5.200722724113954198e-04 2.807825499999999863e+01
5.400750521195260296e-04 3.208785400000000010e+01
5.600778318276566393e-04 3.777953500000000275e+01
5.800806115357871407e-04 4.642801399999999745e+01
6.000833912439177504e-04 6.095881299999999925e+01
6.200861709520483602e-04 8.437259500000000401e+01
6.400889506601789699e-04 1.202914509999999950e+02
6.600917303683095797e-04 1.711108999999999867e+02
6.800945100764401894e-04 2.355006170000000054e+02
7.000972897845707992e-04 3.110773459999999773e+02
7.201000694927013005e-04 3.880844579999999837e+02
7.401028492008319103e-04 4.540817010000000096e+02
7.601056289089625200e-04 4.951859840000000190e+02
7.801084086170931298e-04 5.045090989999999920e+02
8.001111883252237395e-04 4.825223250000000235e+02
8.201139680333543493e-04 4.415141399999999976e+02
8.401167477414848506e-04 3.924089569999999867e+02
8.601195274496154604e-04 3.434572319999999763e+02
8.801223071577460701e-04 2.959169430000000034e+02
9.001250868658766799e-04 2.542621530000000121e+02
9.201278665740072896e-04 2.083679970000000026e+02
9.401306462821378994e-04 1.573614770000000078e+02
9.601334259902684007e-04 1.039813690000000008e+02
9.801362056983990104e-04 5.878215900000000005e+01
1.000138985406529620e-03 2.166242899999999949e+01
1.020141765114660230e-03 -4.286849999999999827e-01
1.040144544822790840e-03 -8.957250999999999408e+00
1.060147324530921449e-03 -5.980921999999999628e+00
1.080150104239052059e-03 9.530977999999999284e+00
1.100152883947182669e-03 3.296143599999999907e+01
1.120155663655313279e-03 5.311344799999999822e+01
1.140158443363443888e-03 7.061064899999999511e+01
1.160161223071574281e-03 6.811799200000000098e+01
1.180164002779704891e-03 5.686401599999999945e+01
1.200166782487835501e-03 3.014979200000000148e+01
1.220169562195966111e-03 -2.325803000000000065e+00
1.240172341904096720e-03 -2.221145200000000131e+01
1.260175121612227330e-03 -4.265643200000000235e+01
1.280177901320357940e-03 -4.411160100000000028e+01
1.300180681028488550e-03 -2.858172700000000077e+01
1.320183460736619159e-03 -1.331451799999999963e+01
1.340186240444749769e-03 5.318410000000000082e+00
1.360189020152880379e-03 2.281814200000000170e+01
1.380191799861010989e-03 2.820556399999999897e+01
1.400194579569141598e-03 2.763234699999999933e+01
1.420197359277271991e-03 8.198575999999999198e+00
1.440200138985402601e-03 4.159582000000000335e+00
1.460202918693533211e-03 2.768391999999999964e+00
1.480205698401663821e-03 -2.002079000000000164e+00
1.500208478109794430e-03 8.333607000000000653e+00
1.520211257817925040e-03 1.370785799999999988e+01
1.540214037526055650e-03 1.480997400000000042e+01
1.560216817234186260e-03 2.244951500000000166e+01
1.580219596942316869e-03 1.573650400000000005e+01
1.600222376650447479e-03 8.355085000000000761e+00
1.620225156358578089e-03 -3.845536000000000065e+00
1.640227936066708699e-03 2.266875999999999891e+00
1.660230715774839308e-03 5.403997000000000384e+00
1.680233495482969701e-03 2.949038999999999966e+00
1.700236275191100311e-03 7.224288999999999739e+00
1.720239054899230921e-03 4.440610999999999642e+00
1.740241834607361530e-03 -3.772536999999999807e+00
1.760244614315492140e-03 -1.263144699999999965e+01
1.780247394023622750e-03 -2.299639700000000175e+01
1.800250173731753360e-03 -3.417296199999999828e+01
1.820252953439883969e-03 -3.336387799999999970e+01
1.840255733148014579e-03 -2.006140100000000004e+01
1.860258512856145189e-03 -9.238668999999999798e+00
1.880261292564275799e-03 1.546008199999999988e+01
1.900264072272406408e-03 3.221555299999999988e+01
1.920266851980536801e-03 3.781528800000000246e+01
1.940269631688667411e-03 4.804618099999999714e+01
1.960272411396798021e-03 3.033134700000000095e+01
1.980275191104928847e-03 2.161888899999999936e+01
2.000277970813059240e-03 3.823853999999999864e+00
2.020280750521190067e-03 -1.200203699999999962e+01
2.040283530229320460e-03 -1.706294499999999914e+01
2.060286309937450853e-03 -2.401617099999999994e+01
2.080289089645581679e-03 -1.932577099999999959e+01
2.100291869353712072e-03 -1.289203499999999991e+01
2.120294649061842899e-03 -8.863359000000000876e+00
2.140297428769973292e-03 -3.981151000000000106e+00
2.160300208478104118e-03 -4.567281000000000368e+00
2.180302988186234511e-03 -2.082021000000000122e+00
2.200305767894365338e-03 -8.328554999999999708e+00
2.220308547602495731e-03 -1.074003800000000020e+01
2.240311327310626557e-03 -9.656933999999999685e+00
2.260314107018756950e-03 -6.541225999999999985e+00
2.280316886726887777e-03 -2.181240000000000123e-01
2.300319666435018170e-03 2.024120000000000086e-01
2.320322446143148563e-03 8.936152999999999125e+00
2.340325225851279389e-03 7.688234999999999708e+00
2.360328005559409782e-03 8.636502000000000123e+00
2.380330785267540609e-03 1.246260000000000012e+01
2.400333564975671002e-03 3.588182000000000205e+00
2.420336344683801828e-03 8.706191999999999709e+00
2.440339124391932221e-03 8.061533000000000726e+00
2.460341904100063048e-03 4.859655000000000058e+00
2.480344683808193441e-03 -2.172213999999999867e+00
2.500347463516324267e-03 -7.567098999999999798e+00
2.520350243224454660e-03 -1.459955300000000022e+01
2.540353022932585487e-03 -1.503267699999999962e+01
2.560355802640715880e-03 -1.940435000000000088e+01
2.580358582348846273e-03 -1.415104900000000043e+01
2.600361362056977099e-03 -1.426460299999999926e+01
2.620364141765107492e-03 -7.619398999999999589e+00
2.640366921473238319e-03 -4.556379999999999875e+00
2.660369701181368712e-03 -3.462114999999999831e+00
2.680372480889499538e-03 5.772680000000000033e-01
2.700375260597629931e-03 -5.973784000000000205e+00
2.720378040305760758e-03 -2.972870000000000235e-01
2.740380820013891151e-03 -1.434390000000000109e-01
2.760383599722021977e-03 5.560959999999999681e+00
2.780386379430152370e-03 1.095234100000000055e+01
2.800389159138283197e-03 1.591799400000000020e+01
2.820391938846413590e-03 1.001899799999999985e+01
2.840394718554543983e-03 2.993292999999999981e+00
2.860397498262674809e-03 -1.556626000000000065e+00
2.880400277970805202e-03 -7.421569999999999556e-01
2.900403057678936029e-03 -6.046069000000000138e+00
2.920405837387066422e-03 -8.959262999999999977e+00
2.940408617095197248e-03 -1.239337399999999967e+01
2.960411396803327641e-03 -8.815860999999999947e+00
2.980414176511458468e-03 -7.652880999999999823e+00
3.000416956219588861e-03 -5.883915000000000006e+00
3.020419735927719687e-03 -1.265422200000000075e+01
3.040422515635850080e-03 -1.998009700000000066e+01
3.060425295343980907e-03 -1.542031599999999969e+01
3.080428075052111300e-03 -1.237449200000000005e+01
3.100430854760241692e-03 -7.177190000000000403e+00
3.120433634468372519e-03 1.252229000000000037e+00
3.140436414176502912e-03 8.480382999999999782e+00
3.160439193884633739e-03 1.511157099999999964e+01
3.180441973592764131e-03 1.258380999999999972e+01
3.200444753300894958e-03 1.193895700000000026e+01
3.220447533009025351e-03 4.619441000000000130e+00
3.240450312717156178e-03 -1.310507000000000088e+00
3.260453092425286570e-03 -2.776317999999999842e+00
3.280455872133417397e-03 -5.397323000000000093e+00
3.300458651841547790e-03 -5.757773000000000252e+00
3.320461431549678617e-03 4.566419999999999924e-01
3.340464211257809009e-03 3.983541999999999916e+00
3.360466990965939402e-03 -1.840897999999999923e+00
3.380469770674070229e-03 -6.552582000000000129e+00
3.400472550382200622e-03 -1.126134500000000038e+01
3.420475330090331448e-03 -1.912864199999999926e+01
3.440478109798461841e-03 -1.863127899999999926e+01
3.460480889506592668e-03 -1.588627400000000023e+01
3.480483669214723061e-03 -1.303511199999999981e+01
3.500486448922853887e-03 -6.977920000000000122e+00
3.520489228630984280e-03 5.047049999999999592e+00
3.540492008339115107e-03 1.019815200000000033e+01
3.560494788047245500e-03 8.998056000000000054e+00
3.580497567755376326e-03 1.082100800000000085e+01
3.600500347463506719e-03 3.697906999999999833e+00
3.620503127171637112e-03 -1.761606000000000005e+00
3.640505906879767939e-03 -2.584834999999999994e+00
3.660508686587898332e-03 -4.334528999999999854e+00
3.680511466296029158e-03 -1.581801999999999930e+00
3.700514246004159551e-03 1.061199999999999921e+00
3.720517025712290378e-03 3.765700000000000158e-01
3.740519805420420771e-03 4.798720000000000208e-01
3.760522585128551597e-03 -6.544400000000000217e-02
3.780525364836681990e-03 -1.051215999999999928e+00
3.800528144544812817e-03 -1.744669999999999943e+00
3.820530924252943210e-03 -4.317073999999999856e+00
3.840533703961073603e-03 -9.297715999999999426e+00
3.860536483669204429e-03 -1.174968900000000005e+01
3.880539263377334822e-03 -1.088467299999999938e+01
3.900542043085465649e-03 -1.414676700000000054e+01
3.920544822793596042e-03 -1.124200899999999947e+01
3.940547602501726435e-03 -7.057860999999999940e+00
3.960550382209857695e-03 1.314391000000000087e+00
3.980553161917988088e-03 5.126018000000000185e+00
4.000555941626118481e-03 1.328518000000000043e+01
4.020558721334248874e-03 1.510320100000000032e+01
4.040561501042380134e-03 7.179711000000000176e+00
4.060564280750510527e-03 7.129357999999999862e+00
4.080567060458640920e-03 2.316644999999999843e+00
4.100569840166771313e-03 -3.139104999999999812e+00
4.120572619874901706e-03 -1.145432999999999923e+00
4.140575399583032966e-03 -5.504647000000000290e+00
4.160578179291163359e-03 -6.252216999999999913e+00
4.180580958999293752e-03 -5.906495999999999746e+00
4.200583738707424145e-03 -5.420162999999999620e+00
4.220586518415555405e-03 -4.740530999999999828e+00
4.240589298123685798e-03 -7.106981000000000215e+00
4.260592077831816191e-03 -5.703787000000000162e+00
4.280594857539946584e-03 -6.179801999999999573e+00
4.300597637248077844e-03 -3.802645000000000053e+00
4.320600416956208237e-03 -8.494159999999999489e-01
4.340603196664338630e-03 -1.238936000000000037e+00
4.360605976372469023e-03 9.185769999999999769e-01
4.380608756080599415e-03 3.541981999999999964e+00
4.400611535788730676e-03 2.826011999999999968e+00
4.420614315496861069e-03 4.564222000000000001e+00
4.440617095204991462e-03 4.529246999999999801e+00
4.460619874913121854e-03 3.045072999999999919e+00
4.480622654621253115e-03 -1.108965999999999896e+00
4.500625434329383508e-03 -2.485101999999999922e+00
4.520628214037513901e-03 -4.695369000000000348e+00
4.540630993745644294e-03 -3.561198000000000086e+00
4.560633773453775554e-03 1.761986000000000052e+00
4.580636553161905947e-03 2.345324999999999882e+00
4.600639332870036340e-03 2.300812000000000079e+00
4.620642112578166733e-03 1.008186000000000027e+00
4.640644892286297125e-03 -3.801022999999999818e+00
4.660647671994428386e-03 -5.608596999999999611e+00
4.680650451702558779e-03 -9.785930999999999713e+00
4.700653231410689172e-03 -1.343118600000000029e+01
4.720656011118819564e-03 -1.209469600000000078e+01
4.740658790826950825e-03 -4.503365999999999758e+00
4.760661570535081218e-03 5.400558000000000192e+00
4.780664350243211611e-03 9.332810999999999524e+00
4.800667129951342003e-03 9.960274000000000072e+00
4.820669909659473264e-03 8.987284999999999968e+00
4.840672689367603657e-03 3.606935000000000002e+00
4.860675469075734050e-03 -1.116557999999999939e+00
4.880678248783864442e-03 -6.707339000000000162e+00
4.900681028491994835e-03 -9.203564999999999330e+00
4.920683808200126096e-03 -8.305585000000000662e+00
4.940686587908256489e-03 -3.710245000000000015e+00
4.960689367616386881e-03 1.275328999999999935e+00
4.980692147324517274e-03 3.340765999999999902e+00
5.000694927032648535e-03 1.045820999999999890e+00
5.020697706740778928e-03 -1.366570000000000062e+00
5.040700486448909320e-03 -1.533655999999999908e+00
5.060703266157039713e-03 -1.624692999999999943e+00
5.080706045865170974e-03 1.218032999999999921e+00
5.100708825573301367e-03 -1.098778999999999950e+00
5.120711605281431759e-03 -2.914722999999999953e+00
5.140714384989562152e-03 -5.327179000000000109e+00
5.160717164697692545e-03 -6.474326999999999721e+00
5.180719944405823806e-03 -3.906594999999999818e+00
5.200722724113954198e-03 -1.299476000000000075e+00
5.220725503822084591e-03 -1.125512999999999986e+00
5.240728283530214984e-03 -4.245320000000000205e-01
5.260731063238346245e-03 -5.822089999999999765e-01
5.280733842946476637e-03 4.319594999999999629e+00
5.300736622654607030e-03 3.579682000000000031e+00
5.320739402362737423e-03 2.675473000000000212e+00
5.340742182070868684e-03 -1.412509999999999932e+00
5.360744961778999076e-03 -4.073809999999999931e+00
5.380747741487129469e-03 -2.908624000000000098e+00
5.400750521195259862e-03 -2.948529999999999873e+00
5.420753300903390255e-03 -2.906483000000000150e+00
5.440756080611521515e-03 -2.281744999999999912e+00
5.460758860319651908e-03 -3.269010000000000193e+00
5.480761640027782301e-03 -1.521327000000000096e+00
5.500764419735912694e-03 4.575500000000000123e-01
5.520767199444043954e-03 -6.223090000000000011e-01
5.540769979152174347e-03 -4.085555000000000270e+00
5.560772758860304740e-03 -4.500900999999999819e+00
5.580775538568435133e-03 -4.610300999999999760e+00
5.600778318276566393e-03 -2.988694999999999879e+00
5.620781097984696786e-03 4.460649999999999893e-01
5.640783877692827179e-03 1.370519000000000043e+00
5.660786657400957572e-03 7.748509999999999565e-01
5.680789437109087965e-03 -5.484019999999999451e-01
5.700792216817219225e-03 -2.737979999999999858e-01
5.720794996525349618e-03 -1.808790000000000120e-01
5.740797776233480011e-03 -1.801099999999999923e-02
5.760800555941610404e-03 -8.367700000000000138e-02
5.780803335649741664e-03 -1.438919999999999977e+00
5.800806115357872057e-03 -2.163260000000000183e+00
5.820808895066002450e-03 -5.624179999999999735e-01
5.840811674774132843e-03 -1.250291000000000041e+00
5.860814454482264103e-03 -7.072469999999999590e-01
5.880817234190394496e-03 -3.034375999999999962e+00
5.900820013898524889e-03 -5.015265000000000306e+00
5.920822793606655282e-03 -6.136002999999999652e+00
5.940825573314785675e-03 -5.032329999999999970e+00
5.960828353022916935e-03 -3.497738000000000014e+00
5.980831132731047328e-03 -1.335488999999999926e+00
6.000833912439177721e-03 -1.386879999999999891e+00
6.020836692147308114e-03 -1.161589999999999900e+00
6.040839471855439374e-03 9.201989999999999892e-01
6.060842251563569767e-03 3.196845000000000159e+00
6.080845031271700160e-03 3.372819999999999929e+00
6.100847810979830553e-03 8.685479999999999867e-01
6.120850590687961813e-03 -2.679765000000000175e+00
6.140853370396092206e-03 -2.894543000000000088e+00
6.160856150104222599e-03 -1.734677000000000024e+00
6.180858929812352992e-03 -3.902059999999999973e-01
6.200861709520483385e-03 -1.187675000000000036e+00
6.220864489228614645e-03 -3.153379999999999850e+00
6.240867268936745038e-03 -3.701484999999999914e+00
6.260870048644875431e-03 -3.055400000000000116e+00
6.280872828353005824e-03 -1.016242000000000090e+00
6.300875608061137084e-03 -7.850470000000000503e-01
6.320878387769267477e-03 -2.072287999999999908e+00
6.340881167477397870e-03 -3.352844000000000158e+00
6.360883947185528263e-03 -3.320270999999999972e+00
6.380886726893659523e-03 -8.780310000000000059e-01
6.400889506601789916e-03 1.470315999999999956e+00
6.420892286309920309e-03 1.957427000000000028e+00
6.440895066018050702e-03 1.310821999999999932e+00
6.460897845726181095e-03 -1.012024000000000035e+00
6.480900625434312355e-03 -2.271882000000000179e+00
6.500903405142442748e-03 -2.033678999999999792e+00
6.520906184850573141e-03 -1.120386000000000104e+00
6.540908964558703534e-03 -1.226736999999999966e+00
6.560911744266834794e-03 -1.783018999999999910e+00
6.580914523974965187e-03 -2.545910000000000117e-01
6.600917303683095580e-03 1.372336000000000000e+00
6.620920083391225973e-03 1.282400999999999902e+00
6.640922863099357233e-03 -9.874319999999999764e-01
6.660925642807487626e-03 -4.079520999999999731e+00
6.680928422515618019e-03 -5.415555999999999592e+00
6.700931202223748412e-03 -4.002110000000000056e+00
6.720933981931878805e-03 -1.354306000000000010e+00
6.740936761640010065e-03 3.020149999999999779e-01
6.760939541348140458e-03 1.029404999999999903e+00
6.780942321056270851e-03 -4.052600000000000091e-01
6.800945100764401244e-03 -2.486010999999999971e+00
6.820947880472532504e-03 -2.859763000000000055e+00
6.840950660180662897e-03 -2.950410999999999895e+00
6.860953439888793290e-03 -2.198818000000000161e+00
6.880956219596923683e-03 -2.937830000000000163e-01
6.900958999305054943e-03 5.578659999999999730e-01
6.920961779013185336e-03 1.567258000000000040e+00
6.940964558721315729e-03 1.898962999999999957e+00
6.960967338429446122e-03 6.481249999999999512e-01
6.980970118137576515e-03 -2.220425999999999789e+00
7.000972897845707775e-03 -4.155763999999999569e+00
7.020975677553838168e-03 -4.091524999999999856e+00
7.040978457261968561e-03 -2.720579999999999998e+00
7.060981236970098954e-03 -1.270219999999999960e-01
7.080984016678230214e-03 1.509832000000000063e+00
7.100986796386360607e-03 1.784040000000000070e-01
7.120989576094491000e-03 -1.197213000000000083e+00
7.140992355802621393e-03 -2.010254999999999903e+00
7.160995135510752653e-03 -2.873260000000000147e+00
7.180997915218883046e-03 -4.062520000000000131e+00
7.201000694927013439e-03 -4.018006999999999884e+00
7.221003474635143832e-03 -3.109255999999999798e+00
7.241006254343274225e-03 -1.729292000000000051e+00
7.261009034051405485e-03 5.814859999999999474e-01
7.281011813759535878e-03 1.807342000000000004e+00
7.301014593467666271e-03 1.525145999999999891e+00
7.321017373175796664e-03 -1.498629999999999962e-01
7.341020152883927924e-03 -2.154110999999999887e+00
7.361022932592058317e-03 -1.958345000000000002e+00
7.381025712300188710e-03 -8.841310000000000002e-01
7.401028492008319103e-03 -2.267540000000000111e-01
7.421031271716450363e-03 -7.344349999999999490e-01
7.441034051424580756e-03 -2.002469000000000054e+00
7.461036831132711149e-03 -2.019922999999999913e+00
7.481039610840841542e-03 -1.790739999999999998e+00
7.501042390548971935e-03 -1.515940999999999983e+00
7.521045170257103195e-03 -1.508024999999999949e+00
7.541047949965233588e-03 -1.800928000000000084e+00
7.561050729673363981e-03 -1.657137000000000082e+00
7.581053509381494374e-03 -1.526257999999999893e+00
7.601056289089625634e-03 -1.544945999999999930e+00
7.621059068797756027e-03 -2.048474000000000128e+00
7.641061848505886420e-03 -2.419176999999999911e+00
7.661064628214016813e-03 -2.017847000000000168e+00
7.681067407922147205e-03 -3.937100000000000044e-01
7.701070187630278466e-03 3.051289999999999836e-01
7.721072967338408859e-03 6.296899999999999720e-02
7.741075747046539252e-03 1.274669999999999970e-01
7.761078526754669644e-03 -4.484099999999999753e-01
7.781081306462800905e-03 -1.441904999999999992e+00
7.801084086170931298e-03 -1.557598999999999956e+00
7.821086865879062558e-03 -1.479214999999999947e+00
7.841089645587192083e-03 -9.265020000000000477e-01
7.861092425295323344e-03 -1.258467000000000002e+00
7.881095205003452869e-03 -1.626768999999999910e+00
7.901097984711584130e-03 -1.857380000000000031e+00
7.921100764419715390e-03 -1.776334999999999997e+00
7.941103544127844915e-03 -1.839406000000000097e+00
7.961106323835976176e-03 -2.019792999999999950e+00
7.981109103544105701e-03 -1.965222999999999942e+00
8.001111883252236961e-03 -1.097935000000000105e+00
8.021114662960368222e-03 -3.286279999999999757e-01
8.041117442668497747e-03 -4.755340000000000122e-01
8.061120222376629008e-03 -1.742788000000000004e+00
8.081123002084760268e-03 -2.892206999999999972e+00
8.101125781792889793e-03 -2.658287000000000067e+00
8.121128561501021054e-03 -1.379027999999999921e+00
8.141131341209150579e-03 -2.467399999999999871e-01
8.161134120917281840e-03 5.840809999999999613e-01
8.181136900625413100e-03 1.054321000000000064e+00
8.201139680333542625e-03 7.183329999999999993e-01
8.221142460041673886e-03 8.230500000000000316e-02
8.241145239749803411e-03 -1.030971000000000082e+00
8.261148019457934671e-03 -2.422486000000000139e+00
8.281150799166065932e-03 -3.464386000000000188e+00
8.301153578874195457e-03 -3.965447999999999862e+00
8.321156358582326718e-03 -3.411697000000000202e+00
8.341159138290457978e-03 -1.910522999999999971e+00
8.361161917998587503e-03 -1.353399999999999916e-02
8.381164697706718764e-03 1.022785999999999973e+00
8.401167477414848289e-03 4.411340000000000261e-01
8.421170257122979549e-03 -1.143226999999999993e+00
8.441173036831110810e-03 -2.579318999999999917e+00
8.461175816539240335e-03 -2.596385000000000165e+00
8.481178596247371596e-03 -1.854006000000000043e+00
8.501181375955501121e-03 -1.458774999999999933e+00
8.521184155663632381e-03 -1.483951999999999938e+00
8.541186935371763642e-03 -8.741379999999999706e-01
8.561189715079893167e-03 4.933029999999999915e-01
8.581192494788024427e-03 7.032800000000000162e-01
8.601195274496155688e-03 -3.177269999999999817e-01
8.621198054204285213e-03 -1.795023000000000035e+00
8.641200833912416474e-03 -2.911674000000000095e+00
8.661203613620545999e-03 -2.820052000000000003e+00
8.681206393328677259e-03 -1.557145000000000001e+00
8.701209173036808520e-03 -2.177499999999999922e-02
8.721211952744938045e-03 5.921920000000000517e-01
8.741214732453069305e-03 -5.843600000000000183e-02
8.761217512161198831e-03 -1.251978999999999953e+00
8.781220291869330091e-03 -2.052627000000000201e+00
8.801223071577461352e-03 -2.397568999999999839e+00
8.821225851285590877e-03 -2.823167000000000204e+00
8.841228630993722137e-03 -2.655496999999999996e+00
8.861231410701853398e-03 -1.994097999999999926e+00
8.881234190409982923e-03 -1.126031999999999922e+00
8.901236970118114183e-03 3.686539999999999817e-01
8.921239749826243709e-03 1.209403000000000006e+00
8.941242529534374969e-03 6.145779999999999577e-01
8.961245309242506230e-03 -9.105400000000000160e-01
8.981248088950635755e-03 -2.043607000000000173e+00
9.001250868658767015e-03 -1.799241000000000090e+00
9.021253648366896541e-03 -1.329518999999999895e+00
9.041256428075027801e-03 -1.198771000000000031e+00
9.061259207783159061e-03 -1.361574000000000062e+00
9.081261987491288587e-03 -1.619501999999999997e+00
9.101264767199419847e-03 -1.745384000000000047e+00
9.121267546907551108e-03 -1.963859999999999939e+00
9.141270326615680633e-03 -1.932520000000000016e+00
9.161273106323811893e-03 -1.373836999999999975e+00
9.181275886031941419e-03 -9.630339999999999456e-01
9.201278665740072679e-03 -6.350919999999999899e-01
9.221281445448203939e-03 -1.905469999999999942e-01
9.241284225156333465e-03 1.177199999999999948e-02
9.261287004864464725e-03 -4.041569999999999885e-01
9.281289784572594251e-03 -1.615998000000000046e+00
9.301292564280725511e-03 -2.719670999999999950e+00
9.321295343988856771e-03 -2.713312000000000168e+00
9.341298123696986297e-03 -1.630468000000000028e+00
9.361300903405117557e-03 -4.910419999999999785e-01
9.381303683113248817e-03 -5.661900000000000266e-02
9.401306462821378343e-03 -5.903199999999999559e-01
9.421309242529509603e-03 -1.169051999999999980e+00
9.441312022237639129e-03 -1.236599999999999921e+00
9.461314801945770389e-03 -1.417181999999999942e+00
9.481317581653901649e-03 -1.855302999999999924e+00
9.501320361362031175e-03 -2.272400999999999893e+00
9.521323141070162435e-03 -1.881388000000000060e+00
9.541325920778291961e-03 -1.073538000000000103e+00
9.561328700486423221e-03 -5.722810000000000397e-01
9.581331480194554481e-03 -6.432679999999999509e-01
9.601334259902684007e-03 -1.020783999999999914e+00
9.621337039610815267e-03 -1.007546999999999970e+00
9.641339819318946527e-03 -9.435679999999999623e-01
9.661342599027076053e-03 -9.300059999999999993e-01
9.681345378735207313e-03 -8.995090000000000030e-01
9.701348158443336839e-03 -9.273460000000000036e-01
9.721350938151468099e-03 -1.232512000000000052e+00
9.741353717859599359e-03 -1.821757000000000071e+00
9.761356497567728885e-03 -1.968402999999999903e+00
9.781359277275860145e-03 -1.562920000000000087e+00
9.801362056983989671e-03 -7.089990000000000459e-01
9.821364836692120931e-03 -2.640000000000000124e-01
9.841367616400252191e-03 -9.555719999999999770e-01
9.861370396108381717e-03 -1.975800000000000001e+00
9.881373175816512977e-03 -2.339039999999999786e+00
9.901375955524644237e-03 -2.308542999999999790e+00
9.921378735232773763e-03 -2.148336000000000023e+00
9.941381514940905023e-03 -1.516720000000000068e+00
9.961384294649034549e-03 -3.691829999999999834e-01
9.981387074357165809e-03 7.695300000000000473e-01
1.000138985406529707e-02 1.454158999999999979e+00
1.002139263377342659e-02 8.481090000000000018e-01
1.004139541348155786e-02 -1.010337000000000041e+00
1.006139819318968738e-02 -2.458108999999999877e+00
1.008140097289781864e-02 -3.037555999999999923e+00
1.010140375260594990e-02 -3.112436000000000202e+00
1.012140653231407943e-02 -2.408535000000000093e+00
1.014140931202221069e-02 -1.036291999999999991e+00
1.016141209173034195e-02 1.728879999999999861e-01
1.018141487143847147e-02 5.609809999999999519e-01
1.020141765114660273e-02 1.887209999999999999e-01
1.022142043085473226e-02 -8.827030000000000154e-01
1.024142321056286352e-02 -1.911237000000000075e+00
1.026142599027099478e-02 -2.332616999999999940e+00
1.028142876997912430e-02 -2.519104000000000010e+00
1.030143154968725556e-02 -2.530848000000000209e+00
1.032143432939538509e-02 -1.653697999999999890e+00
1.034143710910351635e-02 -3.342080000000000051e-01
1.036143988881164761e-02 7.283199999999999397e-02
1.038144266851977714e-02 -3.922829999999999928e-01
1.040144544822790840e-02 -1.026040000000000063e+00
1.042144822793603966e-02 -1.167948999999999904e+00
1.044145100764416918e-02 -8.164529999999999843e-01
1.046145378735230044e-02 -4.566509999999999736e-01
1.048145656706042997e-02 -6.302259999999999529e-01
1.050145934676856123e-02 -1.149456000000000033e+00
1.052146212647669249e-02 -1.329584000000000099e+00
1.054146490618482201e-02 -1.450598999999999972e+00
1.056146768589295327e-02 -1.916102999999999890e+00
1.058147046560108280e-02 -2.138212999999999919e+00
1.060147324530921406e-02 -1.945756999999999959e+00
1.062147602501734532e-02 -1.544621999999999939e+00
1.064147880472547485e-02 -7.307360000000000522e-01
1.066148158443360611e-02 -9.003600000000000492e-02
1.068148436414173737e-02 -2.334380000000000066e-01
1.070148714384986689e-02 -7.823870000000000546e-01
1.072148992355799815e-02 -1.484730000000000105e+00
1.074149270326612768e-02 -2.043867000000000100e+00
1.076149548297425894e-02 -1.997926000000000091e+00
1.078149826268239020e-02 -1.354047000000000001e+00
1.080150104239051972e-02 -8.562939999999999996e-01
1.082150382209865098e-02 -8.706340000000000190e-01
1.084150660180678051e-02 -8.367630000000000345e-01
1.086150938151491177e-02 -5.108319999999999528e-01
1.088151216122304303e-02 -3.473800000000000221e-01
1.090151494093117256e-02 -7.328130000000000477e-01
1.092151772063930382e-02 -1.450469999999999926e+00
1.094152050034743508e-02 -2.048020000000000174e+00
1.096152328005556460e-02 -1.788923000000000041e+00
1.098152605976369586e-02 -9.769200000000000106e-01
1.100152883947182539e-02 -6.641620000000000301e-01
1.102153161917995665e-02 -8.473389999999999533e-01
1.104153439888808791e-02 -1.047906999999999922e+00
1.106153717859621743e-02 -1.319007000000000041e+00
1.108153995830434869e-02 -1.733184999999999976e+00
1.110154273801247822e-02 -1.868929999999999980e+00
1.112154551772060948e-02 -1.822016000000000080e+00
1.114154829742874074e-02 -1.810400999999999927e+00
1.116155107713687027e-02 -1.389669999999999961e+00
1.118155385684500153e-02 -5.998580000000000023e-01
1.120155663655313279e-02 -1.812680000000000125e-01
1.122155941626126231e-02 -3.734799999999999925e-02
1.124156219596939357e-02 -2.871650000000000036e-01
1.126156497567752310e-02 -1.203832000000000013e+00
1.128156775538565436e-02 -1.847062999999999899e+00
1.130157053509378562e-02 -1.686336000000000057e+00
1.132157331480191514e-02 -1.280723999999999974e+00
1.134157609451004640e-02 -1.271379999999999955e+00
1.136157887421817593e-02 -1.384284000000000070e+00
1.138158165392630719e-02 -1.439893000000000089e+00
1.140158443363443845e-02 -1.143615999999999966e+00
1.142158721334256798e-02 -7.808950000000000058e-01
1.144158999305069924e-02 -9.216360000000000108e-01
1.146159277275883050e-02 -1.458646000000000109e+00
1.148159555246696002e-02 -1.700026999999999955e+00
1.150159833217509128e-02 -1.470650000000000013e+00
1.152160111188322081e-02 -1.412574999999999914e+00
1.154160389159135207e-02 -1.508285000000000098e+00
1.156160667129948333e-02 -1.484664999999999901e+00
1.158160945100761285e-02 -1.263333999999999957e+00
1.160161223071574411e-02 -9.601140000000000230e-01
1.162161501042387364e-02 -7.115949999999999775e-01
1.164161779013200490e-02 -5.351000000000000201e-01
1.166162056984013616e-02 -6.020640000000000436e-01
1.168162334954826569e-02 -9.254639999999999533e-01
1.170162612925639695e-02 -1.545334999999999903e+00
1.172162890896452821e-02 -2.040881999999999863e+00
1.174163168867265773e-02 -1.897934999999999928e+00
1.176163446838078899e-02 -1.153804000000000052e+00
1.178163724808891852e-02 -5.778609999999999580e-01
1.180164002779704978e-02 -6.450200000000000378e-01
1.182164280750518104e-02 -1.018642999999999965e+00
1.184164558721331056e-02 -1.195136999999999894e+00
1.186164836692144182e-02 -1.383634999999999948e+00
1.188165114662957135e-02 -1.806248000000000076e+00
1.190165392633770261e-02 -2.141458000000000084e+00
1.192165670604583387e-02 -2.047565000000000079e+00
1.194165948575396340e-02 -1.304408000000000012e+00
1.196166226546209466e-02 -4.563920000000000199e-01
1.198166504517022592e-02 -2.345409999999999995e-01
1.200166782487835544e-02 -6.001830000000000220e-01
1.202167060458648670e-02 -1.040445000000000064e+00
1.204167338429461623e-02 -1.425618000000000052e+00
1.206167616400274749e-02 -1.733055000000000012e+00
1.208167894371087875e-02 -1.630079000000000056e+00
1.210168172341900827e-02 -1.282410999999999968e+00
1.212168450312713953e-02 -9.277999999999999581e-01
1.214168728283526906e-02 -7.576650000000000329e-01
1.216169006254340032e-02 -1.012542999999999971e+00
1.218169284225153158e-02 -1.463966000000000101e+00
1.220169562195966111e-02 -1.682053999999999938e+00
1.222169840166779237e-02 -1.548904000000000059e+00
1.224170118137592363e-02 -1.359757000000000104e+00
1.226170396108405315e-02 -1.039406999999999970e+00
1.228170674079218441e-02 -4.969459999999999988e-01
1.230170952050031394e-02 -1.660850000000000104e-01
1.232171230020844520e-02 -5.054469999999999796e-01
1.234171507991657646e-02 -1.487260999999999944e+00
1.236171785962470598e-02 -2.452787999999999968e+00
1.238172063933283724e-02 -2.668280000000000207e+00
1.240172341904096677e-02 -2.041335999999999817e+00
1.242172619874909803e-02 -1.150559000000000109e+00
1.244172897845722929e-02 -4.532769999999999855e-01
1.246173175816535882e-02 -1.347440000000000027e-01
1.248173453787349008e-02 -1.150179999999999952e-01
1.250173731758162134e-02 -5.435360000000000191e-01
1.252174009728975086e-02 -1.278062999999999949e+00
1.254174287699788212e-02 -1.975344999999999906e+00
1.256174565670601165e-02 -2.245473000000000052e+00
1.258174843641414291e-02 -2.072287999999999908e+00
1.260175121612227417e-02 -1.436778000000000111e+00
1.262175399583040369e-02 -8.001660000000000439e-01
1.264175677553853495e-02 -4.364060000000000161e-01
1.266175955524666448e-02 -4.437389999999999946e-01
1.268176233495479574e-02 -8.467550000000000354e-01
1.270176511466292700e-02 -1.493749999999999911e+00
1.272176789437105653e-02 -1.804950999999999972e+00
1.274177067407918779e-02 -1.658369999999999900e+00
1.276177345378731905e-02 -1.404528999999999916e+00
1.278177623349544857e-02 -1.272418000000000049e+00
1.280177901320357983e-02 -1.247111999999999998e+00
1.282178179291170936e-02 -1.224207000000000045e+00
1.284178457261984062e-02 -1.156852999999999909e+00
1.286178735232797188e-02 -9.951529999999999543e-01
1.288179013203610140e-02 -1.022211999999999898e+00
1.290179291174423266e-02 -1.152895000000000003e+00
1.292179569145236219e-02 -1.178266000000000036e+00
1.294179847116049345e-02 -1.089564999999999895e+00
1.296180125086862471e-02 -1.051671000000000022e+00
1.298180403057675424e-02 -1.113442999999999961e+00
1.300180681028488550e-02 -1.329453999999999914e+00
1.302180958999301676e-02 -1.507635999999999976e+00
1.304181236970114628e-02 -1.528529000000000027e+00
1.306181514940927754e-02 -1.302330999999999905e+00
1.308181792911740707e-02 -1.091317000000000093e+00
1.310182070882553833e-02 -9.802939999999999987e-01
1.312182348853366959e-02 -1.053617000000000026e+00
1.314182626824179911e-02 -1.253600999999999965e+00
1.316182904794993037e-02 -1.324718000000000062e+00
1.318183182765805990e-02 -1.216096000000000066e+00
1.320183460736619116e-02 -1.036616999999999900e+00
1.322183738707432242e-02 -1.075159999999999894e+00
1.324184016678245195e-02 -1.141086000000000045e+00
1.326184294649058321e-02 -1.131677000000000044e+00
1.328184572619871447e-02 -1.120581000000000049e+00
1.330184850590684399e-02 -1.227970000000000006e+00
1.332185128561497525e-02 -1.458839999999999915e+00
1.334185406532310478e-02 -1.611326000000000036e+00
1.336185684503123604e-02 -1.589782999999999946e+00
1.338185962473936730e-02 -1.369294999999999929e+00
1.340186240444749682e-02 -1.170350000000000001e+00
1.342186518415562808e-02 -1.118309999999999915e+00
1.344186796386375761e-02 -1.100206000000000017e+00
1.346187074357188887e-02 -1.099102999999999941e+00
1.348187352328002013e-02 -1.078599000000000085e+00
1.350187630298814966e-02 -1.145367999999999942e+00
1.352187908269628092e-02 -1.160941000000000001e+00
1.354188186240441218e-02 -1.179434000000000093e+00
1.356188464211254170e-02 -1.203117999999999910e+00
1.358188742182067296e-02 -1.133040000000000047e+00
1.360189020152880249e-02 -1.180018000000000011e+00
1.362189298123693375e-02 -1.366829999999999989e+00
1.364189576094506501e-02 -1.412446000000000090e+00
1.366189854065319453e-02 -1.375005000000000033e+00
1.368190132036132579e-02 -1.360146000000000077e+00
1.370190410006945532e-02 -1.212202000000000002e+00
1.372190687977758658e-02 -1.008974000000000038e+00
1.374190965948571784e-02 -9.639419999999999655e-01
1.376191243919384737e-02 -1.126420999999999895e+00
1.378191521890197863e-02 -1.349504999999999955e+00
1.380191799861010989e-02 -1.473894000000000037e+00
1.382192077831823941e-02 -1.468703000000000092e+00
1.384192355802637067e-02 -1.399728000000000083e+00
1.386192633773450020e-02 -1.348595999999999906e+00
1.388192911744263146e-02 -1.112211000000000061e+00
1.390193189715076272e-02 -7.834900000000000198e-01
1.392193467685889224e-02 -5.975219999999999976e-01
1.394193745656702350e-02 -7.554589999999999916e-01
1.396194023627515303e-02 -1.213435000000000041e+00
1.398194301598328429e-02 -1.713718999999999992e+00
1.400194579569141555e-02 -1.919477000000000100e+00
1.402194857539954508e-02 -1.743112999999999913e+00
1.404195135510767634e-02 -1.322381999999999946e+00
1.406195413481580760e-02 -9.542739999999999556e-01
1.408195691452393712e-02 -6.637720000000000287e-01
1.410195969423206838e-02 -5.239399999999999613e-01
1.412196247394019791e-02 -6.567650000000000432e-01
1.414196525364832917e-02 -1.147574000000000094e+00
1.416196803335646043e-02 -1.661872999999999934e+00
1.418197081306458995e-02 -1.925642000000000076e+00
1.420197359277272121e-02 -1.876003000000000087e+00
1.422197637248085074e-02 -1.569083999999999923e+00
1.424197915218898200e-02 -1.034151000000000042e+00
1.426198193189711326e-02 -5.474290000000000544e-01
1.428198471160524279e-02 -3.900770000000000071e-01
1.430198749131337405e-02 -7.009530000000000483e-01
1.432199027102150531e-02 -1.236925000000000052e+00
1.434199305072963483e-02 -1.612689000000000039e+00
1.436199583043776609e-02 -1.658304999999999918e+00
1.438199861014589562e-02 -1.485443999999999987e+00
1.440200138985402688e-02 -1.205972999999999962e+00
1.442200416956215814e-02 -1.011374999999999913e+00
1.444200694927028766e-02 -9.244909999999999517e-01
1.446200972897841892e-02 -8.629769999999999941e-01
1.448201250868654845e-02 -9.379229999999999512e-01
1.450201528839467971e-02 -1.177357999999999905e+00
1.452201806810281097e-02 -1.458450999999999942e+00
1.454202084781094050e-02 -1.473959000000000019e+00
1.456202362751907176e-02 -1.191502999999999979e+00
1.458202640722720302e-02 -9.598550000000000137e-01
1.460202918693533254e-02 -8.740729999999999889e-01
1.462203196664346380e-02 -9.653699999999999504e-01
1.464203474635159333e-02 -1.232706999999999997e+00
1.466203752605972459e-02 -1.425812000000000079e+00
1.468204030576785585e-02 -1.390254000000000101e+00
1.470204308547598537e-02 -1.196889000000000092e+00
1.472204586518411663e-02 -1.015398000000000023e+00
1.474204864489224616e-02 -8.914630000000000054e-01
1.476205142460037742e-02 -9.308499999999999552e-01
1.478205420430850868e-02 -1.100400999999999962e+00
1.480205698401663821e-02 -1.247435999999999989e+00
1.482205976372476947e-02 -1.282086000000000059e+00
1.484206254343290073e-02 -1.267357000000000067e+00
1.486206532314103025e-02 -1.215576999999999908e+00
1.488206810284916151e-02 -1.052254000000000023e+00
1.490207088255729104e-02 -7.885510000000000019e-01
1.492207366226542230e-02 -6.518979999999999775e-01
1.494207644197355356e-02 -8.135980000000000434e-01
1.496207922168168308e-02 -1.137841000000000102e+00
1.498208200138981434e-02 -1.435869999999999980e+00
1.500208478109794387e-02 -1.522170000000000023e+00
1.502208756080607513e-02 -1.412120999999999960e+00
1.504209034051420639e-02 -1.193319999999999936e+00
1.506209312022233592e-02 -1.007481999999999989e+00
1.508209589993046718e-02 -9.513540000000000330e-01
1.510209867963859844e-02 -1.014620000000000077e+00
1.512210145934672796e-02 -1.124020000000000019e+00
1.514210423905485922e-02 -1.196499999999999897e+00
1.516210701876298875e-02 -1.200004000000000071e+00
1.518210979847112001e-02 -1.221611000000000002e+00
1.520211257817925127e-02 -1.207659999999999956e+00
1.522211535788738079e-02 -1.193708999999999909e+00
1.524211813759551205e-02 -1.194423000000000012e+00
1.526212091730364158e-02 -1.151921999999999890e+00
1.528212369701177284e-02 -1.098454000000000041e+00
1.530212647671990410e-02 -1.041093999999999964e+00
1.532212925642803363e-02 -9.004180000000000517e-01
1.534213203613616489e-02 -7.492940000000000156e-01
1.536213481584429441e-02 -6.934909999999999686e-01
1.538213759555242567e-02 -8.453929999999999501e-01
1.540214037526055693e-02 -1.171192999999999929e+00
1.542214315496868646e-02 -1.497123999999999899e+00
1.544214593467681772e-02 -1.654865999999999948e+00
1.546214871438494898e-02 -1.619631999999999961e+00
1.548215149409307850e-02 -1.434636999999999940e+00
1.550215427380120976e-02 -1.083790000000000031e+00
1.552215705350933929e-02 -7.155529999999999946e-01
1.554215983321747055e-02 -5.889569999999999528e-01
1.556216261292560181e-02 -7.382630000000000026e-01
1.558216539263373134e-02 -1.020848999999999895e+00
1.560216817234186260e-02 -1.347298000000000107e+00
1.562217095204999212e-02 -1.494463000000000097e+00
1.564217373175812512e-02 -1.486158000000000090e+00
1.566217651146625464e-02 -1.306418999999999997e+00
1.568217929117438417e-02 -1.020848999999999895e+00
1.570218207088251369e-02 -7.145150000000000112e-01
1.572218485059064669e-02 -6.620200000000000529e-01
1.574218763029877621e-02 -8.418240000000000167e-01
1.576219041000690574e-02 -1.107604000000000033e+00
1.578219318971503873e-02 -1.317385000000000028e+00
1.580219596942316826e-02 -1.401934000000000013e+00
1.582219874913129778e-02 -1.304017999999999899e+00
1.584220152883943078e-02 -1.159383999999999970e+00
1.586220430854756031e-02 -1.012024000000000035e+00
1.588220708825568983e-02 -8.002310000000000256e-01
1.590220986796382283e-02 -8.106780000000000097e-01
1.592221264767195235e-02 -1.066594999999999960e+00
1.594221542738008188e-02 -1.369424999999999892e+00
1.596221820708821140e-02 -1.543323999999999918e+00
1.598222098679634440e-02 -1.458061999999999969e+00
1.600222376650447392e-02 -1.263268999999999975e+00
1.602222654621260345e-02 -1.050696999999999992e+00
1.604222932592073644e-02 -8.597979999999999512e-01
1.606223210562886597e-02 -7.158120000000000038e-01
1.608223488533699549e-02 -6.689629999999999743e-01
1.610223766504512849e-02 -8.204110000000000014e-01
1.612224044475325802e-02 -1.058029000000000108e+00
1.614224322446138754e-02 -1.269757999999999942e+00
1.616224600416952054e-02 -1.344961999999999991e+00
1.618224878387765006e-02 -1.285136000000000056e+00
1.620225156358577959e-02 -1.182158999999999960e+00
1.622225434329390911e-02 -1.080155999999999894e+00
1.624225712300204211e-02 -1.060559999999999947e+00
1.626225990271017163e-02 -1.098648999999999987e+00
1.628226268241830116e-02 -1.181316000000000033e+00
1.630226546212643415e-02 -1.209346999999999950e+00
1.632226824183456368e-02 -1.137582000000000093e+00
1.634227102154269320e-02 -1.008974000000000038e+00
1.636227380125082620e-02 -9.281890000000000418e-01
1.638227658095895573e-02 -1.000669000000000031e+00
1.640227936066708525e-02 -1.115131000000000094e+00
1.642228214037521825e-02 -1.221546000000000021e+00
1.644228492008334777e-02 -1.346001000000000003e+00
1.646228769979147730e-02 -1.445667999999999953e+00
1.648229047949960682e-02 -1.462344000000000088e+00
1.650229325920773982e-02 -1.297658999999999896e+00
1.652229603891586934e-02 -9.982680000000000442e-01
1.654229881862399887e-02 -6.826550000000000118e-01
1.656230159833213186e-02 -5.901899999999999924e-01
1.658230437804026139e-02 -7.185380000000000100e-01
1.660230715774839091e-02 -9.774389999999999468e-01
1.662230993745652391e-02 -1.205648999999999971e+00
1.664231271716465344e-02 -1.364494000000000096e+00
1.666231549687278296e-02 -1.397715999999999958e+00
1.668231827658091596e-02 -1.335943000000000103e+00
1.670232105628904548e-02 -1.190530000000000088e+00
1.672232383599717501e-02 -1.045506000000000046e+00
1.674232661570530453e-02 -9.449950000000000294e-01
1.676232939541343753e-02 -9.112540000000000084e-01
1.678233217512156705e-02 -1.011309999999999931e+00
1.680233495482969658e-02 -1.135245999999999977e+00
1.682233773453782957e-02 -1.253535999999999984e+00
1.684234051424595910e-02 -1.254054999999999920e+00
1.686234329395408862e-02 -1.177227999999999941e+00
1.688234607366222162e-02 -1.067372999999999905e+00
1.690234885337035114e-02 -1.046154999999999946e+00
1.692235163307848067e-02 -1.068346999999999936e+00
1.694235441278661367e-02 -1.115585000000000049e+00
1.696235719249474319e-02 -1.102282999999999902e+00
1.698235997220287272e-02 -1.096313000000000093e+00
1.700236275191100224e-02 -1.058678000000000008e+00
1.702236553161913524e-02 -1.093717999999999968e+00
1.704236831132726476e-02 -1.190725000000000033e+00
1.706237109103539429e-02 -1.231408999999999976e+00
1.708237387074352728e-02 -1.224855999999999945e+00
1.710237665045165681e-02 -1.141928999999999972e+00
1.712237943015978633e-02 -1.041482999999999937e+00
1.714238220986791933e-02 -9.762709999999999999e-01
1.716238498957604885e-02 -9.702370000000000161e-01
1.718238776928417838e-02 -1.015592999999999968e+00
1.720239054899231138e-02 -1.128692000000000029e+00
1.722239332870044090e-02 -1.293765999999999972e+00
1.724239610840857043e-02 -1.443721000000000032e+00
1.726239888811669995e-02 -1.515876000000000001e+00
1.728240166782483295e-02 -1.372084999999999999e+00
1.730240444753296247e-02 -1.069385000000000030e+00
1.732240722724109200e-02 -7.485810000000000519e-01
1.734241000694922499e-02 -6.504060000000000397e-01
1.736241278665735452e-02 -7.836849999999999650e-01
1.738241556636548404e-02 -1.027207999999999899e+00
1.740241834607361704e-02 -1.274688999999999961e+00
1.742242112578174656e-02 -1.445278999999999980e+00
1.744242390548987609e-02 -1.479344999999999910e+00
1.746242668519800909e-02 -1.345871000000000040e+00
1.748242946490613861e-02 -1.153609000000000107e+00
1.750243224461426814e-02 -9.435029999999999806e-01
1.752243502432239766e-02 -8.282620000000000537e-01
1.754243780403053066e-02 -8.988599999999999923e-01
1.756244058373866018e-02 -1.072953999999999963e+00
1.758244336344678971e-02 -1.273390999999999940e+00
1.760244614315492270e-02 -1.368452000000000002e+00
1.762244892286305223e-02 -1.319785999999999904e+00
1.764245170257118175e-02 -1.148482999999999921e+00
1.766245448227931475e-02 -9.880160000000000053e-01
1.768245726198744427e-02 -9.231930000000000414e-01
1.770246004169557380e-02 -1.066205000000000069e+00
1.772246282140370680e-02 -1.246267999999999931e+00
1.774246560111183632e-02 -1.327636999999999956e+00
1.776246838081996585e-02 -1.283384000000000080e+00
1.778247116052809537e-02 -1.163602000000000025e+00
1.780247394023622837e-02 -1.067179000000000100e+00
1.782247671994435789e-02 -1.004367000000000010e+00
1.784247949965248742e-02 -9.649159999999999959e-01
1.786248227936062041e-02 -1.011894000000000071e+00
1.788248505906874994e-02 -1.154711999999999961e+00
1.790248783877687946e-02 -1.371112000000000108e+00
1.792249061848501246e-02 -1.445278999999999980e+00
1.794249339819314198e-02 -1.363650000000000029e+00
1.796249617790127151e-02 -1.159707999999999961e+00
1.798249895760940451e-02 -9.175480000000000302e-01
1.800250173731753403e-02 -7.914710000000000356e-01
1.802250451702566356e-02 -8.511030000000000539e-01
1.804250729673379308e-02 -1.011959000000000053e+00
1.806251007644192608e-02 -1.202793999999999919e+00
1.808251285615005560e-02 -1.343793999999999933e+00
1.810251563585818513e-02 -1.347039000000000097e+00
1.812251841556631812e-02 -1.255028000000000032e+00
1.814252119527444765e-02 -1.151013000000000064e+00
1.816252397498257717e-02 -1.076003000000000043e+00
1.818252675469071017e-02 -1.039600999999999997e+00
1.820252953439883969e-02 -1.059587000000000057e+00
1.822253231410696922e-02 -1.147574000000000094e+00
1.824253509381510222e-02 -1.299995000000000012e+00
1.826253787352323174e-02 -1.392784999999999940e+00
1.828254065323136127e-02 -1.360341000000000022e+00
1.830254343293949079e-02 -1.202533999999999992e+00
1.832254621264762379e-02 -1.032138999999999918e+00
1.834254899235575331e-02 -9.672520000000000007e-01
1.836255177206388284e-02 -9.897679999999999811e-01
1.838255455177201583e-02 -1.055628999999999929e+00
1.840255733148014536e-02 -1.145043999999999951e+00
1.842256011118827488e-02 -1.206037999999999943e+00
1.844256289089640788e-02 -1.263009000000000048e+00
1.846256567060453740e-02 -1.288704999999999989e+00
1.848256845031266693e-02 -1.218625999999999987e+00
1.850257123002079993e-02 -1.102672000000000097e+00
1.852257400972892945e-02 -1.009557999999999955e+00
1.854257678943705898e-02 -9.568050000000000166e-01
1.856257956914518850e-02 -9.662779999999999703e-01
1.858258234885332150e-02 -9.926230000000000331e-01
1.860258512856145102e-02 -1.072759000000000018e+00
1.862258790826958055e-02 -1.177292999999999923e+00
1.864259068797771354e-02 -1.289223999999999926e+00
1.866259346768584307e-02 -1.377081999999999917e+00
1.868259624739397259e-02 -1.367672999999999917e+00
1.870259902710210559e-02 -1.314141000000000004e+00
1.872260180681023511e-02 -1.219016000000000099e+00
1.874260458651836464e-02 -1.111885999999999930e+00
1.876260736622649763e-02 -1.034216000000000024e+00
1.878261014593462716e-02 -9.605029999999999957e-01
1.880261292564275669e-02 -9.282540000000000235e-01
1.882261570535088621e-02 -9.970999999999999863e-01
1.884261848505901921e-02 -1.093717999999999968e+00
1.886262126476714873e-02 -1.187805000000000000e+00
1.888262404447527826e-02 -1.228814000000000073e+00
1.890262682418341125e-02 -1.215316999999999981e+00
1.892262960389154078e-02 -1.159059000000000061e+00
1.894263238359967030e-02 -1.088915999999999995e+00
1.896263516330780330e-02 -1.074186000000000085e+00
1.898263794301593282e-02 -1.121099999999999985e+00
1.900264072272406235e-02 -1.165807999999999955e+00
1.902264350243219534e-02 -1.178914999999999935e+00
1.904264628214032487e-02 -1.192541000000000073e+00
1.906264906184845440e-02 -1.198771000000000031e+00
1.908265184155658392e-02 -1.159448999999999952e+00
1.910265462126471692e-02 -1.147250000000000103e+00
1.912265740097284644e-02 -1.101634000000000002e+00
1.914266018068097597e-02 -1.079377999999999949e+00
1.916266296038910896e-02 -1.115974000000000022e+00
1.918266574009723849e-02 -1.200782000000000016e+00
1.920266851980536801e-02 -1.277349999999999985e+00
1.922267129951350101e-02 -1.282864999999999922e+00
1.924267407922163053e-02 -1.179044999999999899e+00
1.926267685892976006e-02 -1.014620000000000077e+00
1.928267963863789305e-02 -8.662220000000000475e-01
1.930268241834602258e-02 -8.682980000000000143e-01
1.932268519805415211e-02 -9.854199999999999626e-01
1.934268797776228163e-02 -1.081518999999999897e+00
1.936269075747041463e-02 -1.185988000000000042e+00
1.938269353717854415e-02 -1.262100999999999917e+00
1.940269631688667368e-02 -1.318942999999999977e+00
1.942269909659480667e-02 -1.308041000000000009e+00
1.944270187630293620e-02 -1.256520999999999999e+00
1.946270465601106572e-02 -1.187805000000000000e+00
1.948270743571919872e-02 -1.135375999999999941e+00
1.950271021542732824e-02 -1.174503000000000075e+00
1.952271299513545777e-02 -1.268199999999999994e+00
1.954271577484359076e-02 -1.306613999999999942e+00
1.956271855455172029e-02 -1.253406000000000020e+00
1.958272133425984982e-02 -1.129729999999999901e+00
1.960272411396797934e-02 -9.471370000000000067e-01
1.962272689367611234e-02 -8.398120000000000029e-01
1.964272967338424186e-02 -8.901649999999999840e-01
1.966273245309237139e-02 -1.032138999999999918e+00
1.968273523280050438e-02 -1.228684000000000109e+00
1.970273801250863391e-02 -1.344573000000000018e+00
1.972274079221676343e-02 -1.360600000000000032e+00
1.974274357192489643e-02 -1.255676999999999932e+00
1.976274635163302595e-02 -1.115131000000000094e+00
1.978274913134115548e-02 -9.453200000000000491e-01
1.980275191104928847e-02 -8.326750000000000540e-01
1.982275469075741800e-02 -8.353350000000000497e-01
1.984275747046554753e-02 -9.905460000000000376e-01
1.986276025017367705e-02 -1.221999999999999975e+00
1.988276302988181005e-02 -1.455920000000000103e+00
1.990276580958993957e-02 -1.513735000000000053e+00
1.992276858929806910e-02 -1.405567000000000011e+00
1.994277136900620209e-02 -1.210515000000000008e+00
1.996277414871433162e-02 -1.041223999999999927e+00
1.998277692842246114e-02 -9.359760000000000302e-01
2.000277970813059414e-02 -9.470070000000000432e-01
2.002278248783872366e-02 -9.964509999999999756e-01
2.004278526754685319e-02 -1.066529999999999978e+00
2.006278804725498618e-02 -1.082816999999999918e+00
2.008279082696311571e-02 -1.115390000000000104e+00
2.010279360667124524e-02 -1.126681000000000044e+00
2.012279638637937476e-02 -1.102802000000000060e+00
2.014279916608750776e-02 -1.113833000000000073e+00
2.016280194579563728e-02 -1.122527999999999970e+00
2.018280472550376681e-02 -1.166781000000000068e+00
2.020280750521189980e-02 -1.227840000000000042e+00
2.022281028492002933e-02 -1.257169999999999899e+00
2.024281306462815885e-02 -1.213629999999999987e+00
2.026281584433629185e-02 -1.132066000000000017e+00
2.028281862404442137e-02 -1.052124999999999977e+00
2.030282140375255090e-02 -1.033241999999999994e+00
2.032282418346068389e-02 -1.056926000000000032e+00
2.034282696316881342e-02 -1.126875000000000071e+00
2.036282974287694295e-02 -1.149845000000000006e+00
2.038283252258507247e-02 -1.160811000000000037e+00
2.040283530229320547e-02 -1.129405999999999910e+00
2.042283808200133499e-02 -1.138684999999999947e+00
2.044284086170946452e-02 -1.159124000000000043e+00
2.046284364141759751e-02 -1.156139999999999946e+00
2.048284642112572704e-02 -1.147184999999999899e+00
2.050284920083385656e-02 -1.122916999999999943e+00
2.052285198054198956e-02 -1.081777999999999906e+00
2.054285476025011908e-02 -1.063026000000000026e+00
2.056285753995824861e-02 -1.011700000000000044e+00
2.058286031966638160e-02 -1.000863999999999976e+00
2.060286309937451113e-02 -1.025910000000000100e+00
2.062286587908264066e-02 -1.114546999999999954e+00
2.064286865879077018e-02 -1.221611000000000002e+00
2.066287143849890318e-02 -1.309339000000000031e+00
2.068287421820703270e-02 -1.314335999999999949e+00
2.070287699791516223e-02 -1.272418000000000049e+00
2.072287977762329522e-02 -1.198771000000000031e+00
2.074288255733142475e-02 -1.114092000000000082e+00
2.076288533703955427e-02 -1.068346999999999936e+00
2.078288811674768727e-02 -1.057055999999999996e+00
2.080289089645581679e-02 -1.108772000000000091e+00
2.082289367616394632e-02 -1.128627000000000047e+00
2.084289645587207931e-02 -1.163796000000000053e+00
2.086289923558020884e-02 -1.155750000000000055e+00
2.088290201528833837e-02 -1.125577000000000050e+00
2.090290479499646789e-02 -1.122009000000000034e+00
2.092290757470460089e-02 -1.120905999999999958e+00
2.094291035441273041e-02 -1.164509999999999934e+00
2.096291313412085994e-02 -1.200067999999999913e+00
2.098291591382899293e-02 -1.201365999999999934e+00
2.100291869353712246e-02 -1.168209000000000053e+00
2.102292147324525198e-02 -1.085865999999999998e+00
2.104292425295338498e-02 -9.889890000000000070e-01
2.106292703266151450e-02 -9.349380000000000468e-01
2.108292981236964403e-02 -9.556369999999999587e-01
2.110293259207777702e-02 -1.067763000000000018e+00
2.112293537178590655e-02 -1.183003000000000027e+00
2.114293815149403608e-02 -1.301487999999999978e+00
2.116294093120216560e-02 -1.345545999999999909e+00
2.118294371091029860e-02 -1.310767000000000015e+00
2.120294649061842812e-02 -1.206557000000000102e+00
2.122294927032655765e-02 -1.031231000000000009e+00
2.124295205003469064e-02 -9.289030000000000342e-01
2.126295482974282017e-02 -8.915929999999999689e-01
2.128295760945094969e-02 -9.573239999999999528e-01
2.130296038915908269e-02 -1.088332000000000077e+00
2.132296316886721221e-02 -1.203702000000000050e+00
2.134296594857534174e-02 -1.259570000000000078e+00
2.136296872828347473e-02 -1.264566999999999997e+00
2.138297150799160426e-02 -1.200587999999999989e+00
2.140297428769973379e-02 -1.109550000000000036e+00
2.142297706740786331e-02 -1.045052000000000092e+00
2.144297984711599631e-02 -1.022405999999999926e+00
2.146298262682412583e-02 -1.074122000000000021e+00
2.148298540653225536e-02 -1.143291999999999975e+00
2.150298818624038835e-02 -1.189491999999999994e+00
2.152299096594851788e-02 -1.197861999999999982e+00
2.154299374565664740e-02 -1.143745999999999929e+00
2.156299652536478040e-02 -1.047128000000000059e+00
2.158299930507290992e-02 -9.552479999999999860e-01
2.160300208478103945e-02 -9.497970000000000024e-01
2.162300486448917244e-02 -9.811379999999999546e-01
2.164300764419730197e-02 -1.083595000000000086e+00
2.166301042390543150e-02 -1.194423000000000012e+00
2.168301320361356102e-02 -1.254119999999999902e+00
2.170301598332169402e-02 -1.259115999999999902e+00
2.172301876302982354e-02 -1.195915999999999979e+00
2.174302154273795307e-02 -1.103580999999999923e+00
2.176302432244608606e-02 -1.021562999999999999e+00
2.178302710215421559e-02 -9.649159999999999959e-01
2.180302988186234511e-02 -9.797099999999999698e-01
2.182303266157047811e-02 -1.048167000000000071e+00
2.184303544127860763e-02 -1.116039000000000003e+00
2.186303822098673716e-02 -1.181899999999999951e+00
2.188304100069487015e-02 -1.186118000000000006e+00
2.190304378040299968e-02 -1.178914999999999935e+00
2.192304656011112921e-02 -1.146860999999999908e+00
2.194304933981925873e-02 -1.130703999999999931e+00
2.196305211952739173e-02 -1.127653999999999934e+00
2.198305489923552125e-02 -1.127070000000000016e+00
2.200305767894365078e-02 -1.115779000000000076e+00
2.202306045865178377e-02 -1.097091999999999956e+00
2.204306323835991330e-02 -1.089239999999999986e+00
2.206306601806804282e-02 -1.059067999999999898e+00
2.208306879777617582e-02 -1.035578000000000110e+00
2.210307157748430534e-02 -1.035968000000000000e+00
2.212307435719243487e-02 -1.093134000000000050e+00
2.214307713690056786e-02 -1.162627999999999995e+00
2.216307991660869739e-02 -1.228879000000000055e+00
2.218308269631682692e-02 -1.244971000000000050e+00
2.220308547602495644e-02 -1.212722000000000078e+00
2.222308825573308944e-02 -1.155750000000000055e+00
2.224309103544121896e-02 -1.111172000000000049e+00
2.226309381514934849e-02 -1.061922999999999950e+00
2.228309659485748148e-02 -1.036551999999999918e+00
2.230309937456561101e-02 -1.032594000000000012e+00
2.232310215427374053e-02 -1.049854000000000065e+00
2.234310493398187353e-02 -1.084243999999999986e+00
2.236310771369000305e-02 -1.105332999999999899e+00
2.238311049339813258e-02 -1.138036000000000048e+00
2.240311327310626557e-02 -1.162757999999999958e+00
2.242311605281439510e-02 -1.140501999999999905e+00
2.244311883252252462e-02 -1.146989999999999954e+00
2.246312161223065415e-02 -1.131936000000000053e+00
2.248312439193878715e-02 -1.124799000000000104e+00
2.250312717164691667e-02 -1.091382000000000074e+00
2.252312995135504620e-02 -1.044078999999999979e+00
2.254313273106317919e-02 -1.021498000000000017e+00
2.256313551077130872e-02 -1.030257999999999896e+00
2.258313829047943824e-02 -1.099167999999999923e+00
2.260314107018757124e-02 -1.150365000000000082e+00
2.262314384989570076e-02 -1.200523000000000007e+00
2.264314662960383029e-02 -1.181121000000000087e+00
2.266314940931196328e-02 -1.127264999999999961e+00
2.268315218902009281e-02 -1.089564999999999895e+00
2.270315496872822233e-02 -1.074251000000000067e+00
2.272315774843635186e-02 -1.091121999999999925e+00
2.274316052814448486e-02 -1.116753000000000107e+00
2.276316330785261438e-02 -1.133494000000000002e+00
2.278316608756074391e-02 -1.151791999999999927e+00
2.280316886726887690e-02 -1.148613000000000106e+00
2.282317164697700643e-02 -1.133947999999999956e+00
2.284317442668513595e-02 -1.050243000000000038e+00
2.286317720639326895e-02 -9.770499999999999741e-01
2.288317998610139847e-02 -9.515489999999999782e-01
2.290318276580952800e-02 -1.014555000000000096e+00
2.292318554551766099e-02 -1.140891000000000099e+00
2.294318832522579052e-02 -1.244451999999999892e+00
2.296319110493392004e-02 -1.292728000000000099e+00
2.298319388464204957e-02 -1.250226999999999977e+00
2.300319666435018257e-02 -1.125836999999999977e+00
2.302319944405831209e-02 -1.030712000000000073e+00
2.304320222376644162e-02 -9.764009999999999634e-01
2.306320500347457461e-02 -1.003719000000000028e+00
2.308320778318270414e-02 -1.046349999999999891e+00
2.310321056289083366e-02 -1.131027999999999922e+00
2.312321334259896666e-02 -1.196824000000000110e+00
2.314321612230709618e-02 -1.256261000000000072e+00
2.316321890201522571e-02 -1.245230000000000059e+00
2.318322168172335870e-02 -1.180601999999999929e+00
2.320322446143148823e-02 -1.046284999999999910e+00
2.322322724113961775e-02 -9.887939999999999507e-01
2.324323002084774728e-02 -9.799700000000000077e-01
2.326323280055588028e-02 -1.054850000000000065e+00
2.328323558026400980e-02 -1.116168999999999967e+00
2.330323835997213933e-02 -1.136023999999999923e+00
2.332324113968027232e-02 -1.115000999999999909e+00
2.334324391938840185e-02 -1.072888999999999982e+00
2.336324669909653137e-02 -1.028310999999999975e+00
2.338324947880466437e-02 -1.030971000000000082e+00
2.340325225851279389e-02 -1.061339000000000032e+00
2.342325503822092342e-02 -1.090084000000000053e+00
2.344325781792905641e-02 -1.146860999999999908e+00
2.346326059763718594e-02 -1.184690000000000021e+00
2.348326337734531546e-02 -1.183068000000000008e+00
2.350326615705344499e-02 -1.159578999999999915e+00
2.352326893676157799e-02 -1.113118999999999970e+00
2.354327171646970751e-02 -1.053552000000000044e+00
2.356327449617783704e-02 -1.022990000000000066e+00
2.358327727588597003e-02 -1.024418000000000051e+00
2.360328005559409956e-02 -1.071720999999999924e+00
2.362328283530222908e-02 -1.131158000000000108e+00
2.364328561501036208e-02 -1.134077999999999919e+00
2.366328839471849160e-02 -1.109291000000000027e+00
2.368329117442662113e-02 -1.075353999999999921e+00
2.370329395413475412e-02 -1.034929999999999906e+00
2.372329673384288365e-02 -1.034734999999999960e+00
2.374329951355101317e-02 -1.040899000000000019e+00
2.376330229325914270e-02 -1.066400000000000015e+00
2.378330507296727570e-02 -1.078273999999999955e+00
2.380330785267540522e-02 -1.086969000000000074e+00
2.382331063238353475e-02 -1.100660999999999889e+00
2.384331341209166774e-02 -1.089175999999999922e+00
2.386331619179979727e-02 -1.106759999999999966e+00
2.388331897150792679e-02 -1.080155999999999894e+00
2.390332175121605979e-02 -1.105591999999999908e+00
2.392332453092418931e-02 -1.119542999999999955e+00
2.394332731063231884e-02 -1.136414000000000035e+00
2.396333009034045183e-02 -1.145432999999999923e+00
2.398333287004858136e-02 -1.146924999999999972e+00
2.400333564975671088e-02 -1.115131000000000094e+00
2.402333842946484041e-02 -1.078729000000000049e+00
2.404334120917297341e-02 -1.033890999999999893e+00
2.406334398888110293e-02 -9.990470000000000184e-01
2.408334676858923246e-02 -9.952180000000000470e-01
2.410334954829736545e-02 -9.935310000000000530e-01
2.412335232800549498e-02 -1.009298999999999946e+00
2.414335510771362450e-02 -1.024483000000000033e+00
2.416335788742175750e-02 -1.039017000000000079e+00
2.418336066712988702e-02 -1.076847000000000110e+00
2.420336344683801655e-02 -1.113833000000000073e+00
2.422336622654614954e-02 -1.115520000000000067e+00
2.424336900625427907e-02 -1.096702000000000066e+00
2.426337178596240859e-02 -1.046089999999999964e+00
2.428337456567053812e-02 -1.018642999999999965e+00
2.430337734537867111e-02 -1.014944000000000068e+00
2.432338012508680064e-02 -1.022731000000000057e+00
2.434338290479493017e-02 -1.067568000000000072e+00
2.436338568450306316e-02 -1.102997000000000005e+00
2.438338846421119269e-02 -1.135051000000000032e+00
2.440339124391932221e-02 -1.158539999999999903e+00
2.442339402362745521e-02 -1.171388000000000096e+00
2.444339680333558473e-02 -1.116039000000000003e+00
2.446339958304371426e-02 -1.054330999999999907e+00
2.448340236275184725e-02 -1.011374999999999913e+00
2.450340514245997678e-02 -8.656380000000000186e-01
2.452340792216810630e-02 -1.022796000000000038e+00
2.454341070187623583e-02 -1.005665000000000031e+00
2.456341348158436882e-02 -1.109550000000000036e+00
2.458341626129249835e-02 -1.158474999999999921e+00
2.460341904100062788e-02 -1.145693000000000072e+00
2.462342182070876087e-02 -1.033501999999999921e+00
2.464342460041689040e-02 -9.976840000000000153e-01
2.466342738012501992e-02 -1.136414000000000035e+00
2.468343015983315292e-02 -1.000150000000000095e+00
2.470343293954128244e-02 -1.149650999999999978e+00
2.472343571924941197e-02 -1.061987999999999932e+00
2.474343849895754496e-02 -1.012607999999999953e+00
2.476344127866567449e-02 -1.205130000000000035e+00
2.478344405837380401e-02 -1.220637999999999890e+00
2.480344683808193354e-02 -1.097741000000000078e+00
2.482344961779006653e-02 -1.080545000000000089e+00
2.484345239749819606e-02 -9.872370000000000312e-01
2.486345517720632559e-02 -9.760119999999999907e-01
2.488345795691445858e-02 -1.058613000000000026e+00
2.490346073662258811e-02 -1.101893999999999929e+00
2.492346351633071763e-02 -1.155685000000000073e+00
2.494346629603885063e-02 -1.180342999999999920e+00
2.496346907574698015e-02 -1.074251000000000067e+00
2.498347185545510968e-02 -9.937909999999999799e-01
2.500347463516324267e-02 -9.393500000000000183e-01
2.502347741487137220e-02 -9.734810000000000407e-01
2.504348019457950172e-02 -1.052837999999999941e+00
2.506348297428763125e-02 -1.130703999999999931e+00
2.508348575399576424e-02 -1.140371999999999941e+00
2.510348853370389377e-02 -1.131351999999999913e+00
2.512349131341202330e-02 -1.126225999999999949e+00
2.514349409312015629e-02 -1.145173999999999914e+00
2.516349687282828582e-02 -1.106176000000000048e+00
2.518349965253641534e-02 -1.068800999999999890e+00
2.520350243224454834e-02 -1.047841999999999940e+00
2.522350521195267786e-02 -1.103126000000000051e+00
2.524350799166080739e-02 -1.161655000000000104e+00
2.526351077136894038e-02 -1.174892000000000047e+00
2.528351355107706991e-02 -1.109874999999999945e+00
2.530351633078519943e-02 -1.024027999999999938e+00
2.532351911049332896e-02 -9.856800000000000006e-01
2.534352189020146195e-02 -9.943750000000000089e-01
2.536352466990959148e-02 -1.027922000000000002e+00
2.538352744961772101e-02 -1.060820000000000096e+00
2.540353022932585400e-02 -1.093588000000000005e+00
2.542353300903398353e-02 -1.127718999999999916e+00
2.544353578874211305e-02 -1.177162999999999959e+00
2.546353856845024605e-02 -1.167624999999999913e+00
2.548354134815837557e-02 -1.126225999999999949e+00
2.550354412786650510e-02 -1.028375999999999957e+00
2.552354690757463809e-02 -9.943100000000000271e-01
2.554354968728276762e-02 -9.992410000000000458e-01
2.556355246699089714e-02 -1.067244000000000081e+00
2.558355524669902667e-02 -1.123242000000000074e+00
2.560355802640715966e-02 -1.130184000000000077e+00
2.562356080611528919e-02 -1.131742000000000026e+00
2.564356358582341872e-02 -1.140825999999999896e+00
2.566356636553155171e-02 -1.147445000000000048e+00
2.568356914523968124e-02 -1.169051999999999980e+00
2.570357192494781076e-02 -1.124085000000000001e+00
2.572357470465594376e-02 -1.086580000000000101e+00
2.574357748436407328e-02 -1.041158999999999946e+00
2.576358026407220281e-02 -1.049269999999999925e+00
2.578358304378033580e-02 -1.079766999999999921e+00
2.580358582348846533e-02 -1.059002999999999917e+00
2.582358860319659485e-02 -1.058807999999999971e+00
2.584359138290472438e-02 -1.078209999999999891e+00
2.586359416261285737e-02 -1.100985000000000102e+00
2.588359694232098690e-02 -1.153609000000000107e+00
2.590359972202911643e-02 -1.181575000000000042e+00
2.592360250173724942e-02 -1.134012999999999938e+00
2.594360528144537895e-02 -1.120127000000000095e+00
2.596360806115350847e-02 -1.106630000000000003e+00
2.598361084086164147e-02 -1.136349000000000053e+00
2.600361362056977099e-02 -1.113833000000000073e+00
2.602361640027790052e-02 -1.084568999999999894e+00
2.604361917998603351e-02 -1.046349999999999891e+00
2.606362195969416304e-02 -1.025651000000000090e+00
2.608362473940229256e-02 -1.024288000000000087e+00
2.610362751911042209e-02 -1.054461000000000093e+00
2.612363029881855508e-02 -1.057380999999999904e+00
2.614363307852668461e-02 -1.082751999999999937e+00
2.616363585823481414e-02 -1.128821999999999992e+00
2.618363863794294713e-02 -1.191632999999999942e+00
2.620364141765107666e-02 -1.225894000000000039e+00
2.622364419735920618e-02 -1.218820999999999932e+00
2.624364697706733918e-02 -1.140306999999999960e+00
2.626364975677546870e-02 -1.068087000000000009e+00
2.628365253648359823e-02 -1.031684999999999963e+00
2.630365531619173122e-02 -1.016631000000000062e+00
2.632365809589986075e-02 -1.030971000000000082e+00
2.634366087560799027e-02 -1.049269999999999925e+00
2.636366365531611980e-02 -1.093717999999999968e+00
2.638366643502425279e-02 -1.114805999999999964e+00
2.640366921473238232e-02 -1.143356999999999957e+00
2.642367199444051185e-02 -1.130703999999999931e+00
2.644367477414864484e-02 -1.117337000000000025e+00
2.646367755385677437e-02 -1.079183000000000003e+00
2.648368033356490389e-02 -1.084308999999999967e+00
2.650368311327303689e-02 -1.075159999999999894e+00
2.652368589298116641e-02 -1.118309999999999915e+00
2.654368867268929594e-02 -1.106824999999999948e+00
2.656369145239742893e-02 -1.074899999999999967e+00
2.658369423210555846e-02 -1.051150999999999947e+00
2.660369701181368798e-02 -1.028181000000000012e+00
2.662369979152181751e-02 -1.043495000000000061e+00
2.664370257122995050e-02 -1.071655999999999942e+00
2.666370535093808003e-02 -1.115065999999999891e+00
2.668370813064620956e-02 -1.130767999999999995e+00
2.670371091035434255e-02 -1.169961000000000029e+00
2.672371369006247208e-02 -1.171064000000000105e+00
2.674371646977060160e-02 -1.125253000000000059e+00
2.676371924947873460e-02 -1.046154999999999946e+00
2.678372202918686412e-02 -1.018189000000000011e+00
2.680372480889499365e-02 -9.995659999999999545e-01
2.682372758860312664e-02 -1.015787999999999913e+00
2.684373036831125617e-02 -1.056926000000000032e+00
2.686373314801938569e-02 -1.082492000000000010e+00
2.688373592772751522e-02 -1.111950999999999912e+00
2.690373870743564821e-02 -1.127588999999999952e+00
2.692374148714377774e-02 -1.126290999999999931e+00
2.694374426685190727e-02 -1.078534000000000104e+00
2.696374704656004026e-02 -1.041482999999999937e+00
2.698374982626816979e-02 -1.026040000000000063e+00
2.700375260597629931e-02 -1.053552000000000044e+00
2.702375538568443231e-02 -1.107148999999999939e+00
2.704375816539256183e-02 -1.145367999999999942e+00
2.706376094510069136e-02 -1.124733999999999901e+00
2.708376372480882435e-02 -1.108122999999999969e+00
2.710376650451695388e-02 -1.093976999999999977e+00
2.712376928422508340e-02 -1.069838999999999984e+00
2.714377206393321293e-02 -1.065231999999999957e+00
2.716377484364134592e-02 -1.058159000000000072e+00
2.718377762334947545e-02 -1.064713000000000021e+00
2.720378040305760498e-02 -1.074705999999999939e+00
2.722378318276573797e-02 -1.107213999999999920e+00
2.724378596247386750e-02 -1.072824000000000000e+00
2.726378874218199702e-02 -1.070812000000000097e+00
2.728379152189013002e-02 -1.056667000000000023e+00
2.730379430159825954e-02 -1.026882999999999990e+00
2.732379708130638907e-02 -1.027077999999999935e+00
2.734379986101452206e-02 -1.052448999999999968e+00
2.736380264072265159e-02 -1.088462000000000041e+00
2.738380542043078111e-02 -1.117855999999999961e+00
2.740380820013891064e-02 -1.116298999999999930e+00
2.742381097984704363e-02 -1.110068999999999972e+00
2.744381375955517316e-02 -1.112665000000000015e+00
2.746381653926330269e-02 -1.115715000000000012e+00
2.748381931897143568e-02 -1.119931999999999928e+00
2.750382209867956521e-02 -1.102022999999999975e+00
2.752382487838769473e-02 -1.086514999999999898e+00
2.754382765809582773e-02 -1.068540999999999963e+00
2.756383043780395725e-02 -1.078144999999999909e+00
2.758383321751208678e-02 -1.078144999999999909e+00
2.760383599722021977e-02 -1.080481000000000025e+00
2.762383877692834930e-02 -1.059002999999999917e+00
2.764384155663647882e-02 -1.072888999999999982e+00
2.766384433634460835e-02 -1.074381000000000030e+00
2.768384711605274134e-02 -1.072564000000000073e+00
2.770384989576087087e-02 -1.069450000000000012e+00
2.772385267546900040e-02 -1.056472000000000078e+00
2.774385545517713339e-02 -1.065166999999999975e+00
2.776385823488526292e-02 -1.056667000000000023e+00
2.778386101459339244e-02 -1.058483999999999980e+00
2.780386379430152544e-02 -1.063933999999999935e+00
2.782386657400965496e-02 -1.081129000000000007e+00
2.784386935371778449e-02 -1.087812999999999919e+00
2.786387213342591748e-02 -1.107148999999999939e+00
2.788387491313404701e-02 -1.093652999999999986e+00
2.790387769284217653e-02 -1.093004000000000087e+00
2.792388047255030606e-02 -1.090602999999999989e+00
2.794388325225843905e-02 -1.094626000000000099e+00
2.796388603196656858e-02 -1.114870999999999945e+00
2.798388881167469810e-02 -1.088136999999999910e+00
2.800389159138283110e-02 -1.066659999999999942e+00
2.802389437109096063e-02 -1.048686000000000007e+00
2.804389715079909015e-02 -1.023638999999999966e+00
2.806389993050722315e-02 -1.031619999999999981e+00
2.808390271021535267e-02 -1.025325999999999960e+00
2.810390548992348220e-02 -1.029544000000000015e+00
2.812390826963161519e-02 -1.044402999999999970e+00
2.814391104933974472e-02 -1.072759000000000018e+00
2.816391382904787424e-02 -1.115715000000000012e+00
2.818391660875600377e-02 -1.127977999999999925e+00
2.820391938846413676e-02 -1.110328999999999899e+00
2.822392216817226629e-02 -1.061533000000000060e+00
2.824392494788039581e-02 -1.041417999999999955e+00
2.826392772758852881e-02 -1.038173999999999930e+00
2.828393050729665834e-02 -1.079377999999999949e+00
2.830393328700478786e-02 -1.088786000000000032e+00
2.832393606671292086e-02 -1.105202999999999935e+00
2.834393884642105038e-02 -1.093263000000000096e+00
2.836394162612917991e-02 -1.083075999999999928e+00
2.838394440583731290e-02 -1.061468999999999996e+00
2.840394718554544243e-02 -1.047452999999999967e+00
2.842394996525357195e-02 -1.025195999999999996e+00
2.844395274496170148e-02 -1.021044000000000063e+00
2.846395552466983447e-02 -1.037590000000000012e+00
2.848395830437796400e-02 -1.071785999999999905e+00
2.850396108408609352e-02 -1.076392999999999933e+00
2.852396386379422652e-02 -1.072499000000000091e+00
2.854396664350235605e-02 -1.036032999999999982e+00
2.856396942321048557e-02 -9.972950000000000426e-01
2.858397220291861857e-02 -9.778930000000000122e-01
2.860397498262674809e-02 -9.810079999999999911e-01
2.862397776233487762e-02 -1.025390999999999941e+00
2.864398054204301061e-02 -1.051280999999999910e+00
2.866398332175114014e-02 -1.075679000000000052e+00
2.868398610145926966e-02 -1.113183999999999951e+00
2.870398888116739919e-02 -1.128238000000000074e+00
2.872399166087553218e-02 -1.120711000000000013e+00
2.874399444058366171e-02 -1.075418999999999903e+00
2.876399722029179123e-02 -1.056472000000000078e+00
