# time(s), 	 	 acceleration(g)
0.000000000000000000e+00 6.121847999999999956e+00
2.000277970813059281e-05 6.353627000000000358e+00
4.000555941626118562e-05 6.582745000000000068e+00
6.000833912439177504e-05 6.839115999999999751e+00
8.001111883252237124e-05 7.121571999999999569e+00
1.000138985406529674e-04 7.411229999999999762e+00
1.200166782487835501e-04 7.733331999999999873e+00
1.400194579569141598e-04 8.051410999999999873e+00
1.600222376650447425e-04 8.372994000000000270e+00
1.800250173731753251e-04 8.737467000000000539e+00
2.000277970813059349e-04 9.099216000000000193e+00
2.200305767894365175e-04 9.498858999999999497e+00
2.400333564975671002e-04 9.951904000000000750e+00
2.600361362056977099e-04 1.044271400000000050e+01
2.800389159138283197e-04 1.098043700000000022e+01
3.000416956219588752e-04 1.161004199999999997e+01
3.200444753300894850e-04 1.224036000000000080e+01
3.400472550382200947e-04 1.306287500000000001e+01
3.600500347463506503e-04 1.385677500000000073e+01
3.800528144544812600e-04 1.481529399999999974e+01
4.000555941626118698e-04 1.585570200000000085e+01
4.200583738707424253e-04 1.694840900000000161e+01
4.400611535788730351e-04 1.834764499999999998e+01
4.600639332870036448e-04 1.993310900000000174e+01
4.800667129951342003e-04 2.167183700000000002e+01
5.000694927032648101e-04 2.388275199999999998e+01
5.200722724113954198e-04 2.659901199999999832e+01
5.400750521195260296e-04 3.012643200000000121e+01
5.600778318276566393e-04 3.474604000000000070e+01
5.800806115357871407e-04 4.194187999999999761e+01
6.000833912439177504e-04 5.333782999999999674e+01
6.200861709520483602e-04 7.216366899999999873e+01
6.400889506601789699e-04 1.020599820000000051e+02
6.600917303683095797e-04 1.456595820000000003e+02
6.800945100764401894e-04 2.030777109999999936e+02
7.000972897845707992e-04 2.731977820000000179e+02
7.201000694927013005e-04 3.475528729999999769e+02
7.401028492008319103e-04 4.174543370000000095e+02
7.601056289089625200e-04 4.681637370000000260e+02
7.801084086170931298e-04 4.926375229999999874e+02
8.001111883252237395e-04 4.862167650000000094e+02
8.201139680333543493e-04 4.560852350000000115e+02
8.401167477414848506e-04 4.129444550000000049e+02
8.601195274496154604e-04 3.656658570000000168e+02
8.801223071577460701e-04 3.175755800000000022e+02
9.001250868658766799e-04 2.731844800000000077e+02
9.201278665740072896e-04 2.298845959999999877e+02
9.401306462821378994e-04 1.815693540000000041e+02
9.601334259902684007e-04 1.290711970000000122e+02
9.801362056983990104e-04 7.893949200000000133e+01
1.000138985406529620e-03 3.955836399999999742e+01
1.020141765114660230e-03 1.017673899999999954e+01
1.040144544822790840e-03 -4.488052999999999848e+00
1.060147324530921449e-03 -6.239239000000000424e+00
1.080150104239052059e-03 7.219020000000000437e-01
1.100152883947182669e-03 2.074018099999999976e+01
1.120155663655313279e-03 4.255526199999999903e+01
1.140158443363443888e-03 5.982302099999999712e+01
1.160161223071574281e-03 7.312763900000000206e+01
1.180164002779704891e-03 6.089269300000000129e+01
1.200166782487835501e-03 4.733053600000000216e+01
1.220169562195966111e-03 1.860232900000000100e+01
1.240172341904096720e-03 -1.099186699999999917e+01
1.260175121612227330e-03 -2.972926400000000058e+01
1.280177901320357940e-03 -4.631044700000000347e+01
1.300180681028488550e-03 -4.540760099999999966e+01
1.320183460736619159e-03 -2.949210000000000065e+01
1.340186240444749769e-03 -8.474747000000000696e+00
1.360189020152880379e-03 1.307500899999999966e+01
1.380191799861010989e-03 2.032373199999999969e+01
1.400194579569141598e-03 3.395596799999999860e+01
1.420197359277271991e-03 3.047111500000000106e+01
1.440200138985402601e-03 1.202986399999999989e+01
1.460202918693533211e-03 1.162230500000000077e+01
1.480205698401663821e-03 6.300418999999999770e+00
1.500208478109794430e-03 1.335415000000000019e+00
1.520211257817925040e-03 5.451948999999999934e+00
1.540214037526055650e-03 1.228435299999999941e+01
1.560216817234186260e-03 1.407168199999999914e+01
1.580219596942316869e-03 9.805452999999999975e+00
1.600222376650447479e-03 1.053738500000000045e+01
1.620225156358578089e-03 2.383218999999999976e+00
1.640227936066708699e-03 -5.446312999999999960e+00
1.660230715774839308e-03 7.365937999999999874e+00
1.680233495482969701e-03 1.262585699999999989e+01
1.700236275191100311e-03 3.997558000000000167e+00
1.720239054899230921e-03 4.824939999999999785e+00
1.740241834607361530e-03 3.288726000000000038e+00
1.760244614315492140e-03 -1.514967000000000041e+01
1.780247394023622750e-03 -1.369670600000000071e+01
1.800250173731753360e-03 -2.707730799999999860e+01
1.820252953439883969e-03 -4.122001499999999652e+01
1.840255733148014579e-03 -2.262569399999999931e+01
1.860258512856145189e-03 -1.552316300000000027e+01
1.880261292564275799e-03 6.714856000000000158e+00
1.900264072272406408e-03 2.794400200000000112e+01
1.920266851980536801e-03 3.214294399999999996e+01
1.940269631688667411e-03 5.134889499999999884e+01
1.960272411396798021e-03 3.752348899999999787e+01
1.980275191104928847e-03 2.869715300000000013e+01
2.000277970813059240e-03 1.560938900000000018e+01
2.020280750521190067e-03 -1.405637800000000048e+01
2.040283530229320460e-03 -1.582034799999999919e+01
2.060286309937450853e-03 -2.219821500000000114e+01
2.080289089645581679e-03 -2.696693399999999841e+01
2.100291869353712072e-03 -1.635119299999999853e+01
2.120294649061842899e-03 -1.683201000000000036e+01
2.140297428769973292e-03 -2.482960999999999974e+00
2.160300208478104118e-03 -6.664123000000000019e+00
2.180302988186234511e-03 -2.277137999999999884e+00
2.200305767894365338e-03 3.375739999999999963e+00
2.220308547602495731e-03 -1.071031999999999940e+01
2.240311327310626557e-03 -2.660559000000000118e+00
2.260314107018756950e-03 -1.027907699999999913e+01
2.280316886726887777e-03 8.902860000000000218e-01
2.300319666435018170e-03 6.361860000000000293e-01
2.320322446143148563e-03 6.449531000000000347e+00
2.340325225851279389e-03 6.479184000000000054e+00
2.360328005559409782e-03 -1.734819999999999973e-01
2.380330785267540609e-03 9.558685000000000542e+00
2.400333564975671002e-03 2.075846999999999998e+00
2.420336344683801828e-03 4.474741999999999997e+00
2.440339124391932221e-03 1.601318399999999897e+01
2.460341904100063048e-03 2.373162000000000216e+00
2.480344683808193441e-03 9.774760999999999811e+00
2.500347463516324267e-03 -3.224496999999999947e+00
2.520350243224454660e-03 -9.611836999999999520e+00
2.540353022932585487e-03 -1.573761599999999916e+01
2.560355802640715880e-03 -2.117487300000000161e+01
2.580358582348846273e-03 -2.159644700000000128e+01
2.600361362056977099e-03 -2.072870500000000149e+01
2.620364141765107492e-03 -1.110561500000000024e+01
2.640366921473238319e-03 -3.680981000000000058e+00
2.660369701181368712e-03 -5.112219999999999542e-01
2.680372480889499538e-03 1.892279999999999962e+00
2.700375260597629931e-03 -4.975299999999999723e-01
2.720378040305760758e-03 -1.791323999999999916e+00
2.740380820013891151e-03 4.265024999999999622e+00
2.760383599722021977e-03 5.875924000000000369e+00
2.780386379430152370e-03 7.994309999999999583e+00
2.800389159138283197e-03 7.392088000000000214e+00
2.820391938846413590e-03 1.031196500000000071e+01
2.840394718554543983e-03 6.832562000000000246e+00
2.860397498262674809e-03 2.785133000000000081e+00
2.880400277970805202e-03 -6.799868000000000023e+00
2.900403057678936029e-03 -4.274117999999999640e+00
2.920405837387066422e-03 -1.019686399999999971e+01
2.940408617095197248e-03 -1.192280900000000088e+01
2.960411396803327641e-03 -6.491977000000000331e+00
2.980414176511458468e-03 -6.368624999999999758e+00
3.000416956219588861e-03 -7.918270999999999837e+00
3.020419735927719687e-03 -9.083133000000000123e+00
3.040422515635850080e-03 -1.017558099999999932e+01
3.060425295343980907e-03 -2.032588300000000103e+01
3.080428075052111300e-03 -1.396521100000000004e+01
3.100430854760241692e-03 -4.986195000000000377e+00
3.120433634468372519e-03 -1.037218999999999980e+01
3.140436414176502912e-03 3.341089999999999893e+00
3.160439193884633739e-03 1.484118400000000015e+01
3.180441973592764131e-03 1.250899399999999950e+01
3.200444753300894958e-03 1.376554299999999920e+01
3.220447533009025351e-03 1.244274399999999936e+01
3.240450312717156178e-03 1.816880999999999968e+00
3.260453092425286570e-03 -3.540629000000000026e+00
3.280455872133417397e-03 6.089329999999999465e-01
3.300458651841547790e-03 -4.719052999999999720e+00
3.320461431549678617e-03 -1.129982299999999995e+01
3.340464211257809009e-03 9.773650000000000393e-01
3.360466990965939402e-03 -4.307665000000000077e+00
3.380469770674070229e-03 -8.400904999999999845e+00
3.400472550382200622e-03 -4.370606000000000435e+00
3.420475330090331448e-03 -1.353085399999999971e+01
3.440478109798461841e-03 -1.965650300000000072e+01
3.460480889506592668e-03 -1.550460499999999975e+01
3.480483669214723061e-03 -9.312640999999999281e+00
3.500486448922853887e-03 -9.010393999999999792e+00
3.520489228630984280e-03 2.873899999999999899e+00
3.540492008339115107e-03 9.353251000000000204e+00
3.560494788047245500e-03 6.859426000000000023e+00
3.580497567755376326e-03 9.208940999999999377e+00
3.600500347463506719e-03 4.653442000000000078e+00
3.620503127171637112e-03 -2.710846000000000089e+00
3.640505906879767939e-03 -3.324748000000000037e+00
3.660508686587898332e-03 -5.955032000000000103e+00
3.680511466296029158e-03 -2.889482000000000106e+00
3.700514246004159551e-03 2.988945000000000185e+00
3.720517025712290378e-03 5.816811999999999649e+00
3.740519805420420771e-03 2.590145999999999837e+00
3.760522585128551597e-03 -1.476490000000000080e+00
3.780525364836681990e-03 -8.329990000000000450e-01
3.800528144544812817e-03 -6.537851999999999997e+00
3.820530924252943210e-03 -5.193769999999999776e+00
3.840533703961073603e-03 -1.064627499999999927e+01
3.860536483669204429e-03 -1.358853900000000081e+01
3.880539263377334822e-03 -1.085716000000000037e+01
3.900542043085465649e-03 -1.178803800000000024e+01
3.920544822793596042e-03 -7.765330999999999761e+00
3.940547602501726435e-03 -1.277285000000000004e+00
3.960550382209857695e-03 -3.658089999999999953e-01
3.980553161917988088e-03 4.286308000000000007e+00
4.000555941626118481e-03 1.004196800000000067e+01
4.020558721334248874e-03 1.103507300000000058e+01
4.040561501042380134e-03 7.939739000000000324e+00
4.060564280750510527e-03 8.438724999999999810e+00
4.080567060458640920e-03 2.130093000000000014e+00
4.100569840166771313e-03 -3.590268000000000015e+00
4.120572619874901706e-03 -8.407860000000000333e-01
4.140575399583032966e-03 -4.812230999999999703e+00
4.160578179291163359e-03 -6.990961999999999676e+00
4.180580958999293752e-03 -4.762203000000000408e+00
4.200583738707424145e-03 -8.237453000000000358e+00
4.220586518415555405e-03 -8.925781000000000631e+00
4.240589298123685798e-03 -3.286398999999999848e+00
4.260592077831816191e-03 -2.305234000000000005e+00
4.280594857539946584e-03 -5.947051000000000087e+00
4.300597637248077844e-03 -1.539236000000000049e+00
4.320600416956208237e-03 3.720930000000000071e-01
4.340603196664338630e-03 -4.687323000000000128e+00
4.360605976372469023e-03 3.558139000000000163e+00
4.380608756080599415e-03 1.975659999999999972e+00
4.400611535788730676e-03 -6.876510000000000122e-01
4.420614315496861069e-03 3.457692999999999905e+00
4.440617095204991462e-03 3.306115999999999833e+00
4.460619874913121854e-03 2.658342999999999900e+00
4.480622654621253115e-03 2.503521000000000107e+00
4.500625434329383508e-03 5.454729999999999857e-01
4.520628214037513901e-03 -6.307436000000000043e+00
4.540630993745644294e-03 -6.267789999999999750e+00
4.560633773453775554e-03 -6.646159999999999846e-01
4.580636553161905947e-03 -1.048037000000000107e+00
4.600639332870036340e-03 4.445022999999999946e+00
4.620642112578166733e-03 4.022540000000000227e+00
4.640644892286297125e-03 -3.262910000000000199e+00
4.660647671994428386e-03 -6.048540000000000028e-01
4.680650451702558779e-03 -5.437553000000000303e+00
4.700653231410689172e-03 -1.014320200000000050e+01
4.720656011118819564e-03 -1.393192400000000042e+01
4.740658790826950825e-03 -1.141882700000000028e+01
4.760661570535081218e-03 -3.425129000000000090e+00
4.780664350243211611e-03 5.989478000000000080e+00
4.800667129951342003e-03 1.357568200000000047e+01
4.820669909659473264e-03 9.310943999999999221e+00
4.840672689367603657e-03 6.646658999999999651e+00
4.860675469075734050e-03 1.915575000000000028e+00
4.880678248783864442e-03 -6.741858999999999824e+00
4.900681028491994835e-03 -5.909156000000000297e+00
4.920683808200126096e-03 -5.958859999999999602e+00
4.940686587908256489e-03 -5.173849999999999838e+00
4.960689367616386881e-03 -1.099752000000000063e+00
4.980692147324517274e-03 1.285255999999999954e+00
5.000694927032648535e-03 4.026549999999999851e-01
5.020697706740778928e-03 -6.792160000000000419e-01
5.040700486448909320e-03 -1.272169999999999968e-01
5.060703266157039713e-03 -4.154725000000000001e+00
5.080706045865170974e-03 -3.265635000000000066e+00
5.100708825573301367e-03 -9.130059999999999842e-01
5.120711605281431759e-03 -1.953802999999999956e+00
5.140714384989562152e-03 -1.019292000000000087e+00
5.160717164697692545e-03 -2.887859999999999872e+00
5.180719944405823806e-03 -3.665147999999999850e+00
5.200722724113954198e-03 -1.649675000000000002e+00
5.220725503822084591e-03 4.777299999999999880e-01
5.240728283530214984e-03 -1.446706000000000047e+00
5.260731063238346245e-03 -2.232559999999999878e+00
5.280733842946476637e-03 1.514099999999999890e-01
5.300736622654607030e-03 4.407440000000000246e-01
5.320739402362737423e-03 2.696302000000000199e+00
5.340742182070868684e-03 3.100422000000000011e+00
5.360744961778999076e-03 -2.791190000000000060e-01
5.380747741487129469e-03 -1.141086000000000045e+00
5.400750521195259862e-03 -2.977988999999999997e+00
5.420753300903390255e-03 -4.512386000000000230e+00
5.440756080611521515e-03 -5.070354000000000028e+00
5.460758860319651908e-03 -3.768578999999999901e+00
5.480761640027782301e-03 -2.557646999999999782e+00
5.500764419735912694e-03 -1.228879000000000055e+00
5.520767199444043954e-03 -2.451830000000000120e-01
5.540769979152174347e-03 -3.437847000000000097e+00
5.560772758860304740e-03 -2.117709000000000064e+00
5.580775538568435133e-03 -2.562384000000000217e+00
5.600778318276566393e-03 -3.156559000000000115e+00
5.620781097984696786e-03 -4.961030000000000162e-01
5.640783877692827179e-03 4.280260000000000176e-01
5.660786657400957572e-03 8.852889999999999926e-01
5.680789437109087965e-03 8.629029999999999756e-01
5.700792216817219225e-03 8.220889999999999587e-01
5.720794996525349618e-03 -6.894799999999999540e-02
5.740797776233480011e-03 -1.047646999999999995e+00
5.760800555941610404e-03 -1.584280000000000133e-01
5.780803335649741664e-03 -3.588905000000000012e+00
5.800806115357872057e-03 -2.389003999999999905e+00
5.820808895066002450e-03 -1.571809999999999929e+00
5.840811674774132843e-03 -3.532843000000000178e+00
5.860814454482264103e-03 -6.773989999999999734e-01
5.880817234190394496e-03 -7.339160000000000128e-01
5.900820013898524889e-03 -2.644855999999999874e+00
5.920822793606655282e-03 -3.032624000000000208e+00
5.940825573314785675e-03 -4.256274000000000335e+00
5.960828353022916935e-03 -5.807217999999999769e+00
5.980831132731047328e-03 -4.567085999999999757e+00
6.000833912439177721e-03 -9.416860000000000230e-01
6.020836692147308114e-03 -4.850720000000000032e-01
6.040839471855439374e-03 9.533559999999999812e-01
6.060842251563569767e-03 3.665658000000000083e+00
6.080845031271700160e-03 1.988313999999999915e+00
6.100847810979830553e-03 2.128859999999999975e+00
6.120850590687961813e-03 -2.848289999999999988e-01
6.140853370396092206e-03 -3.490016999999999925e+00
6.160856150104222599e-03 -3.718161999999999967e+00
6.180858929812352992e-03 -1.710539000000000032e+00
6.200861709520483385e-03 -1.849658000000000024e+00
6.220864489228614645e-03 -2.543826000000000143e+00
6.240867268936745038e-03 -1.579401000000000055e+00
6.260870048644875431e-03 -2.696375999999999884e+00
6.280872828353005824e-03 -2.773139000000000021e+00
6.300875608061137084e-03 -6.803190000000000071e-01
6.320878387769267477e-03 -1.770755000000000079e+00
6.340881167477397870e-03 -2.865927999999999809e+00
6.360883947185528263e-03 -3.264142999999999795e+00
6.380886726893659523e-03 -2.335211999999999843e+00
6.400889506601789916e-03 1.499179999999999957e-01
6.420892286309920309e-03 2.650297000000000125e+00
6.440895066018050702e-03 3.513561000000000156e+00
6.460897845726181095e-03 1.223354000000000052e+00
6.480900625434312355e-03 -1.375525000000000109e+00
6.500903405142442748e-03 -3.190300999999999831e+00
6.520906184850573141e-03 -3.430449999999999999e+00
6.540908964558703534e-03 -1.943680000000000074e+00
6.560911744266834794e-03 -1.498680999999999930e+00
6.580914523974965187e-03 -7.824520000000000364e-01
6.600917303683095580e-03 1.201421999999999990e+00
6.620920083391225973e-03 1.192855999999999916e+00
6.640922863099357233e-03 9.567199999999999316e-02
6.660925642807487626e-03 -2.525202999999999864e+00
6.680928422515618019e-03 -5.865357000000000376e+00
6.700931202223748412e-03 -5.850172999999999845e+00
6.720933981931878805e-03 -2.833419000000000132e+00
6.740936761640010065e-03 -7.202250000000000041e-01
6.760939541348140458e-03 2.410017999999999994e+00
6.780942321056270851e-03 2.616620000000000168e+00
6.800945100764401244e-03 -7.755090000000000039e-01
6.820947880472532504e-03 -2.087340999999999891e+00
6.840950660180662897e-03 -3.123855999999999966e+00
6.860953439888793290e-03 -3.838592999999999922e+00
6.880956219596923683e-03 -1.719883000000000051e+00
6.900958999305054943e-03 1.334370000000000001e-01
6.920961779013185336e-03 1.117640000000000022e-01
6.940964558721315729e-03 4.314649999999999874e-01
6.960967338429446122e-03 1.676010000000000000e+00
6.980970118137576515e-03 6.282050000000000134e-01
7.000972897845707775e-03 -2.231068000000000051e+00
7.020975677553838168e-03 -3.482619999999999827e+00
7.040978457261968561e-03 -4.687192999999999721e+00
7.060981236970098954e-03 -3.173560000000000159e+00
7.080984016678230214e-03 2.405660000000000021e-01
7.100986796386360607e-03 1.110967999999999956e+00
7.120989576094491000e-03 3.912349999999999994e-01
7.140992355802621393e-03 -9.562859999999999694e-01
7.160995135510752653e-03 -1.926679999999999948e+00
7.180997915218883046e-03 -2.831148000000000220e+00
7.201000694927013439e-03 -2.998234000000000066e+00
7.221003474635143832e-03 -3.553281999999999829e+00
7.241006254343274225e-03 -3.872463999999999906e+00
7.261009034051405485e-03 -1.581801999999999930e+00
7.281011813759535878e-03 4.401599999999999957e-01
7.301014593467666271e-03 1.852633999999999892e+00
7.321017373175796664e-03 1.400431999999999899e+00
7.341020152883927924e-03 -5.373710000000000431e-01
7.361022932592058317e-03 -9.608929999999999971e-01
7.381025712300188710e-03 -1.348400999999999961e+00
7.401028492008319103e-03 -7.971810000000000285e-01
7.421031271716450363e-03 -7.978399999999999381e-02
7.441034051424580756e-03 -1.414522000000000057e+00
7.461036831132711149e-03 -3.086481000000000030e+00
7.481039610840841542e-03 -3.176155000000000062e+00
7.501042390548971935e-03 -2.259942999999999813e+00
7.521045170257103195e-03 -1.717416999999999971e+00
7.541047949965233588e-03 -8.671299999999999564e-01
7.561050729673363981e-03 -8.355949999999999767e-01
7.581053509381494374e-03 -2.253518999999999828e+00
7.601056289089625634e-03 -2.046008000000000049e+00
7.621059068797756027e-03 -9.567400000000000349e-01
7.641061848505886420e-03 -1.183521999999999963e+00
7.661064628214016813e-03 -9.120970000000000466e-01
7.681067407922147205e-03 -2.737979999999999858e-01
7.701070187630278466e-03 -1.030127999999999933e+00
7.721072967338408859e-03 -5.454820000000000224e-01
7.741075747046539252e-03 6.635680000000000467e-01
7.761078526754669644e-03 -1.173205000000000053e+00
7.781081306462800905e-03 -2.274283000000000055e+00
7.801084086170931298e-03 -1.891380999999999979e+00
7.821086865879062558e-03 -2.016484000000000165e+00
7.841089645587192083e-03 -8.390339999999999465e-01
7.861092425295323344e-03 5.587750000000000217e-01
7.881095205003452869e-03 -3.855339999999999878e-01
7.901097984711584130e-03 -2.302703000000000166e+00
7.921100764419715390e-03 -2.588988000000000067e+00
7.941103544127844915e-03 -2.625779000000000085e+00
7.961106323835976176e-03 -2.801235000000000142e+00
7.981109103544105701e-03 -1.272223000000000104e+00
8.001111883252236961e-03 -5.076530000000000209e-01
8.021114662960368222e-03 -8.268349999999999866e-01
8.041117442668497747e-03 -1.982039999999999913e-01
8.061120222376629008e-03 -4.145389999999999908e-01
8.081123002084760268e-03 -1.893976000000000104e+00
8.101125781792889793e-03 -2.399385999999999797e+00
8.121128561501021054e-03 -2.551353000000000204e+00
8.141131341209150579e-03 -2.248133000000000159e+00
8.161134120917281840e-03 -3.960460000000000091e-01
8.181136900625413100e-03 1.180463000000000040e+00
8.201139680333542625e-03 1.543120000000000047e+00
8.221142460041673886e-03 6.525370000000000337e-01
8.241145239749803411e-03 -7.914710000000000356e-01
8.261148019457934671e-03 -2.232235000000000191e+00
8.281150799166065932e-03 -3.524213000000000040e+00
8.301153578874195457e-03 -4.111055999999999599e+00
8.321156358582326718e-03 -3.703692000000000206e+00
8.341159138290457978e-03 -2.544344999999999857e+00
8.361161917998587503e-03 -8.984060000000000379e-01
8.381164697706718764e-03 1.083844999999999947e+00
8.401167477414848289e-03 1.817593999999999932e+00
8.421170257122979549e-03 6.345640000000000169e-01
8.441173036831110810e-03 -1.202145000000000019e+00
8.461175816539240335e-03 -3.007512999999999881e+00
8.481178596247371596e-03 -3.799401000000000028e+00
8.501181375955501121e-03 -2.832510999999999779e+00
8.521184155663632381e-03 -1.417572000000000054e+00
8.541186935371763642e-03 -7.921850000000000280e-01
8.561189715079893167e-03 3.718989999999999796e-01
8.581192494788024427e-03 1.185459000000000040e+00
8.601195274496155688e-03 3.912999999999999812e-01
8.621198054204285213e-03 -7.660350000000000215e-01
8.641200833912416474e-03 -2.229769999999999808e+00
8.661203613620545999e-03 -3.714722000000000079e+00
8.681206393328677259e-03 -3.556071999999999900e+00
8.701209173036808520e-03 -1.415300999999999920e+00
8.721211952744938045e-03 2.323250000000000037e-01
8.741214732453069305e-03 6.715489999999999515e-01
8.761217512161198831e-03 3.097360000000000113e-01
8.781220291869330091e-03 -7.899789999999999868e-01
8.801223071577461352e-03 -2.048214000000000201e+00
8.821225851285590877e-03 -2.644725999999999910e+00
8.841228630993722137e-03 -2.694688999999999890e+00
8.861231410701853398e-03 -2.312501000000000140e+00
8.881234190409982923e-03 -1.412315999999999905e+00
8.901236970118114183e-03 -3.069560000000000066e-01
8.921239749826243709e-03 5.893369999999999997e-01
8.941242529534374969e-03 9.469319999999999959e-01
8.961245309242506230e-03 7.594599999999999962e-02
8.981248088950635755e-03 -1.607237999999999944e+00
9.001250868658767015e-03 -2.585354000000000152e+00
9.021253648366896541e-03 -2.679246000000000016e+00
9.041256428075027801e-03 -1.925381999999999927e+00
9.061259207783159061e-03 -1.001511999999999958e+00
9.081261987491288587e-03 -8.798479999999999634e-01
9.101264767199419847e-03 -1.242699999999999916e+00
9.121267546907551108e-03 -1.616581999999999963e+00
9.141270326615680633e-03 -1.485249000000000041e+00
9.161273106323811893e-03 -1.300384999999999902e+00
9.181275886031941419e-03 -1.253082000000000029e+00
9.201278665740072679e-03 -1.171648000000000023e+00
9.221281445448203939e-03 -6.105000000000000426e-01
9.241284225156333465e-03 8.035899999999999987e-02
9.261287004864464725e-03 -7.108899999999999941e-02
9.281289784572594251e-03 -7.849819999999999576e-01
9.301292564280725511e-03 -1.743956000000000062e+00
9.321295343988856771e-03 -2.660753000000000146e+00
9.341298123696986297e-03 -2.620846999999999927e+00
9.361300903405117557e-03 -1.532942000000000027e+00
9.381303683113248817e-03 -6.712989999999999791e-01
9.401306462821378343e-03 -4.385479999999999934e-01
9.421309242529509603e-03 -5.717619999999999925e-01
9.441312022237639129e-03 -1.192477000000000009e+00
9.461314801945770389e-03 -1.589653999999999900e+00
9.481317581653901649e-03 -1.359107999999999983e+00
9.501320361362031175e-03 -1.498486999999999902e+00
9.521323141070162435e-03 -1.862570999999999977e+00
9.541325920778291961e-03 -1.724425000000000097e+00
9.561328700486423221e-03 -1.423801000000000094e+00
9.581331480194554481e-03 -7.904330000000000522e-01
9.601334259902684007e-03 -1.337710000000000010e-01
9.621337039610815267e-03 -3.467319999999999847e-01
9.641339819318946527e-03 -8.854279999999999928e-01
9.661342599027076053e-03 -8.452629999999999866e-01
9.681345378735207313e-03 -7.692149999999999821e-01
9.701348158443336839e-03 -1.305250999999999939e+00
9.721350938151468099e-03 -1.724490000000000078e+00
9.741353717859599359e-03 -2.422940000000000094e+00
9.761356497567728885e-03 -2.706498999999999988e+00
9.781359277275860145e-03 -1.709630999999999901e+00
9.801362056983989671e-03 -3.578270000000000062e-01
9.821364836692120931e-03 4.175789999999999780e-01
9.841367616400252191e-03 2.934490000000000154e-01
9.861370396108381717e-03 -8.761499999999999844e-01
9.881373175816512977e-03 -2.283237000000000183e+00
9.901375955524644237e-03 -2.894607999999999848e+00
9.921378735232773763e-03 -2.930295999999999790e+00
9.941381514940905023e-03 -2.364736000000000171e+00
9.961384294649034549e-03 -1.144069999999999920e+00
9.981387074357165809e-03 6.913300000000000001e-02
1.000138985406529707e-02 1.051142000000000021e+00
1.002139263377342659e-02 1.528196000000000110e+00
1.004139541348155786e-02 6.015359999999999596e-01
1.006139819318968738e-02 -1.356967000000000034e+00
1.008140097289781864e-02 -2.958717000000000041e+00
1.010140375260594990e-02 -3.574695000000000178e+00
1.012140653231407943e-02 -2.981752000000000180e+00
1.014140931202221069e-02 -1.661744000000000110e+00
1.016141209173034195e-02 -2.933290000000000064e-01
1.018141487143847147e-02 5.501449999999999951e-01
1.020141765114660273e-02 3.883150000000000213e-01
1.022142043085473226e-02 -4.189519999999999911e-01
1.024142321056286352e-02 -1.410368999999999984e+00
1.026142599027099478e-02 -2.280187000000000186e+00
1.028142876997912430e-02 -2.793578000000000117e+00
1.030143154968725556e-02 -2.697414999999999896e+00
1.032143432939538509e-02 -2.033290000000000042e+00
1.034143710910351635e-02 -8.524659999999999460e-01
1.036143988881164761e-02 2.246039999999999981e-01
1.038144266851977714e-02 2.132479999999999931e-01
1.040144544822790840e-02 -6.266570000000000196e-01
1.042144822793603966e-02 -1.459813999999999945e+00
1.044145100764416918e-02 -1.586343999999999976e+00
1.046145378735230044e-02 -1.074640999999999957e+00
1.048145656706042997e-02 -5.711129999999999818e-01
1.050145934676856123e-02 -6.585170000000000190e-01
1.052146212647669249e-02 -1.081584000000000101e+00
1.054146490618482201e-02 -1.229008000000000100e+00
1.056146768589295327e-02 -1.262100999999999917e+00
1.058147046560108280e-02 -1.443267000000000078e+00
1.060147324530921406e-02 -1.828959000000000001e+00
1.062147602501734532e-02 -1.956722999999999990e+00
1.064147880472547485e-02 -1.727214999999999945e+00
1.066148158443360611e-02 -1.119283000000000028e+00
1.068148436414173737e-02 -4.795570000000000110e-01
1.070148714384986689e-02 -3.942289999999999961e-01
1.072148992355799815e-02 -9.852260000000000462e-01
1.074149270326612768e-02 -1.494139000000000106e+00
1.076149548297425894e-02 -1.821757000000000071e+00
1.078149826268239020e-02 -1.824935999999999892e+00
1.080150104239051972e-02 -1.167364999999999986e+00
1.082150382209865098e-02 -6.705210000000000337e-01
1.084150660180678051e-02 -6.432029999999999692e-01
1.086150938151491177e-02 -4.826710000000000167e-01
1.088151216122304303e-02 -2.381749999999999978e-01
1.090151494093117256e-02 -4.277110000000000078e-01
1.092151772063930382e-02 -9.793859999999999788e-01
1.094152050034743508e-02 -1.850502000000000091e+00
1.096152328005556460e-02 -2.628439000000000192e+00
1.098152605976369586e-02 -2.302963000000000093e+00
1.100152883947182539e-02 -1.281373000000000095e+00
1.102153161917995665e-02 -5.212139999999999551e-01
1.104153439888808791e-02 -1.716650000000000120e-01
1.106153717859621743e-02 -4.122029999999999861e-01
1.108153995830434869e-02 -1.124344999999999928e+00
1.110154273801247822e-02 -1.595558000000000032e+00
1.112154551772060948e-02 -1.834149999999999947e+00
1.114154829742874074e-02 -2.171825000000000117e+00
1.116155107713687027e-02 -2.203361000000000125e+00
1.118155385684500153e-02 -1.665896999999999961e+00
1.120155663655313279e-02 -8.135329999999999506e-01
1.122155941626126231e-02 -3.046899999999999956e-02
1.124156219596939357e-02 2.998080000000000189e-01
1.126156497567752310e-02 1.371900000000000029e-02
1.128156775538565436e-02 -8.068499999999999561e-01
1.130157053509378562e-02 -1.519574999999999898e+00
1.132157331480191514e-02 -1.773609999999999909e+00
1.134157609451004640e-02 -1.730199999999999960e+00
1.136157887421817593e-02 -1.782499999999999973e+00
1.138158165392630719e-02 -1.722283999999999926e+00
1.140158443363443845e-02 -1.468768000000000074e+00
1.142158721334256798e-02 -1.085217000000000098e+00
1.144158999305069924e-02 -7.672029999999999683e-01
1.146159277275883050e-02 -6.603329999999999478e-01
1.148159555246696002e-02 -1.014100999999999919e+00
1.150159833217509128e-02 -1.531838999999999951e+00
1.152160111188322081e-02 -1.724490000000000078e+00
1.154160389159135207e-02 -1.801835999999999993e+00
1.156160667129948333e-02 -1.666740000000000110e+00
1.158160945100761285e-02 -1.301552999999999960e+00
1.160161223071574411e-02 -1.016696000000000044e+00
1.162161501042387364e-02 -7.719399999999999595e-01
1.164161779013200490e-02 -4.995419999999999860e-01
1.166162056984013616e-02 -3.982519999999999949e-01
1.168162334954826569e-02 -7.521489999999999565e-01
1.170162612925639695e-02 -1.408681999999999990e+00
1.172162890896452821e-02 -2.116995000000000182e+00
1.174163168867265773e-02 -2.215040000000000120e+00
1.176163446838078899e-02 -1.587188000000000043e+00
1.178163724808891852e-02 -6.398939999999999628e-01
1.180164002779704978e-02 -2.412239999999999940e-01
1.182164280750518104e-02 -4.767660000000000231e-01
1.184164558721331056e-02 -9.360410000000000119e-01
1.186164836692144182e-02 -1.484275999999999929e+00
1.188165114662957135e-02 -1.930442999999999909e+00
1.190165392633770261e-02 -2.150930999999999926e+00
1.192165670604583387e-02 -2.068783999999999956e+00
1.194165948575396340e-02 -1.757648000000000099e+00
1.196166226546209466e-02 -9.364949999999999664e-01
1.198166504517022592e-02 -1.632290000000000130e-01
1.200166782487835544e-02 -1.015210000000000001e-01
1.202167060458648670e-02 -6.339240000000000430e-01
1.204167338429461623e-02 -1.385971000000000064e+00
1.206167616400274749e-02 -1.933882000000000101e+00
1.208167894371087875e-02 -1.912794000000000105e+00
1.210168172341900827e-02 -1.393497999999999903e+00
1.212168450312713953e-02 -8.581760000000000499e-01
1.214168728283526906e-02 -6.106939999999999591e-01
1.216169006254340032e-02 -8.915929999999999689e-01
1.218169284225153158e-02 -1.319590999999999958e+00
1.220169562195966111e-02 -1.583488999999999924e+00
1.222169840166779237e-02 -1.689516000000000018e+00
1.224170118137592363e-02 -1.577520000000000033e+00
1.226170396108405315e-02 -1.264177000000000106e+00
1.228170674079218441e-02 -6.691580000000000306e-01
1.230170952050031394e-02 -1.229340000000000016e-01
1.232171230020844520e-02 -9.834199999999999886e-02
1.234171507991657646e-02 -8.823790000000000244e-01
1.236171785962470598e-02 -1.995460999999999929e+00
1.238172063933283724e-02 -2.790334000000000092e+00
1.240172341904096677e-02 -2.863396999999999970e+00
1.242172619874909803e-02 -2.041596000000000188e+00
1.244172897845722929e-02 -8.998979999999999757e-01
1.246173175816535882e-02 -9.678499999999999603e-02
1.248173453787349008e-02 2.382299999999999973e-01
1.250173731758162134e-02 1.816480000000000039e-01
1.252174009728975086e-02 -3.916990000000000194e-01
1.254174287699788212e-02 -1.187480000000000091e+00
1.256174565670601165e-02 -1.941862999999999895e+00
1.258174843641414291e-02 -2.495874000000000148e+00
1.260175121612227417e-02 -2.393740999999999897e+00
1.262175399583040369e-02 -1.729421000000000097e+00
1.264175677553853495e-02 -9.632290000000000019e-01
1.266175955524666448e-02 -4.957139999999999880e-01
1.268176233495479574e-02 -4.853959999999999941e-01
1.270176511466292700e-02 -9.709499999999999797e-01
1.272176789437105653e-02 -1.370462999999999987e+00
1.274177067407918779e-02 -1.455854999999999899e+00
1.276177345378731905e-02 -1.396678000000000086e+00
1.278177623349544857e-02 -1.391032999999999964e+00
1.280177901320357983e-02 -1.384867999999999988e+00
1.282178179291170936e-02 -1.299541000000000057e+00
1.284178457261984062e-02 -1.091576000000000102e+00
1.286178735232797188e-02 -8.588890000000000136e-01
1.288179013203610140e-02 -7.709669999999999579e-01
1.290179291174423266e-02 -9.281890000000000418e-01
1.292179569145236219e-02 -1.286823000000000050e+00
1.294179847116049345e-02 -1.591860000000000053e+00
1.296180125086862471e-02 -1.554030000000000022e+00
1.298180403057675424e-02 -1.440800999999999998e+00
1.300180681028488550e-02 -1.281177999999999928e+00
1.302180958999301676e-02 -1.273001999999999967e+00
1.304181236970114628e-02 -1.240882999999999958e+00
1.306181514940927754e-02 -9.828249999999999487e-01
1.308181792911740707e-02 -6.686389999999999834e-01
1.310182070882553833e-02 -7.300879999999999592e-01
1.312182348853366959e-02 -1.079831999999999903e+00
1.314182626824179911e-02 -1.460461999999999927e+00
1.316182904794993037e-02 -1.625536000000000092e+00
1.318183182765805990e-02 -1.475062000000000095e+00
1.320183460736619116e-02 -1.207465999999999928e+00
1.322183738707432242e-02 -1.075679000000000052e+00
1.324184016678245195e-02 -1.133429000000000020e+00
1.326184294649058321e-02 -1.100530999999999926e+00
1.328184572619871447e-02 -1.052383999999999986e+00
1.330184850590684399e-02 -1.147184999999999899e+00
1.332185128561497525e-02 -1.318163999999999891e+00
1.334185406532310478e-02 -1.526257999999999893e+00
1.336185684503123604e-02 -1.600878999999999941e+00
1.338185962473936730e-02 -1.495760999999999896e+00
1.340186240444749682e-02 -1.266448000000000018e+00
1.342186518415562808e-02 -1.024483000000000033e+00
1.344186796386375761e-02 -9.437619999999999898e-01
1.346187074357188887e-02 -9.941149999999999709e-01
1.348187352328002013e-02 -1.170673999999999992e+00
1.350187630298814966e-02 -1.305250999999999939e+00
1.352187908269628092e-02 -1.192347000000000046e+00
1.354188186240441218e-02 -1.148222999999999994e+00
1.356188464211254170e-02 -1.231668999999999903e+00
1.358188742182067296e-02 -1.243089000000000111e+00
1.360189020152880249e-02 -1.247891000000000084e+00
1.362189298123693375e-02 -1.195397000000000043e+00
1.364189576094506501e-02 -1.171518000000000059e+00
1.366189854065319453e-02 -1.306678999999999924e+00
1.368190132036132579e-02 -1.466107999999999967e+00
1.370190410006945532e-02 -1.315957999999999961e+00
1.372190687977758658e-02 -9.876909999999999856e-01
1.374190965948571784e-02 -8.281979999999999897e-01
1.376191243919384737e-02 -8.630419999999999758e-01
1.378191521890197863e-02 -1.151856999999999909e+00
1.380191799861010989e-02 -1.480836999999999959e+00
1.382192077831823941e-02 -1.670633000000000035e+00
1.384192355802637067e-02 -1.681340000000000057e+00
1.386192633773450020e-02 -1.594065999999999983e+00
1.388192911744263146e-02 -1.294610000000000039e+00
1.390193189715076272e-02 -9.063219999999999610e-01
1.392193467685889224e-02 -5.199820000000000553e-01
1.394193745656702350e-02 -3.688580000000000192e-01
1.396194023627515303e-02 -6.655240000000000045e-01
1.398194301598328429e-02 -1.252237999999999962e+00
1.400194579569141555e-02 -1.860365000000000046e+00
1.402194857539954508e-02 -2.228406999999999805e+00
1.404195135510767634e-02 -2.033224999999999838e+00
1.406195413481580760e-02 -1.365725999999999996e+00
1.408195691452393712e-02 -7.013420000000000210e-01
1.410195969423206838e-02 -2.970929999999999960e-01
1.412196247394019791e-02 -3.148719999999999852e-01
1.414196525364832917e-02 -7.286599999999999744e-01
1.416196803335646043e-02 -1.222325000000000106e+00
1.418197081306458995e-02 -1.738375999999999921e+00
1.420197359277272121e-02 -2.125300999999999885e+00
1.422197637248085074e-02 -2.078775999999999957e+00
1.424197915218898200e-02 -1.561426999999999898e+00
1.426198193189711326e-02 -8.596030000000000060e-01
1.428198471160524279e-02 -3.417999999999999927e-01
1.430198749131337405e-02 -2.664009999999999989e-01
1.432199027102150531e-02 -6.909600000000000186e-01
1.434199305072963483e-02 -1.283903000000000016e+00
1.436199583043776609e-02 -1.640071000000000057e+00
1.438199861014589562e-02 -1.673294000000000059e+00
1.440200138985402688e-02 -1.506596999999999964e+00
1.442200416956215814e-02 -1.182873000000000063e+00
1.444200694927028766e-02 -9.592709999999999848e-01
1.446200972897841892e-02 -8.300790000000000113e-01
1.448201250868654845e-02 -8.289760000000000462e-01
1.450201528839467971e-02 -9.135900000000000132e-01
1.452201806810281097e-02 -1.140501999999999905e+00
1.454202084781094050e-02 -1.404724000000000084e+00
1.456202362751907176e-02 -1.468183999999999934e+00
1.458202640722720302e-02 -1.320564999999999989e+00
1.460202918693533254e-02 -1.076003000000000043e+00
1.462203196664346380e-02 -9.029479999999999729e-01
1.464203474635159333e-02 -1.004561999999999955e+00
1.466203752605972459e-02 -1.221935999999999911e+00
1.468204030576785585e-02 -1.294739000000000084e+00
1.470204308547598537e-02 -1.165677999999999992e+00
1.472204586518411663e-02 -1.023249999999999993e+00
1.474204864489224616e-02 -9.756869999999999710e-01
1.476205142460037742e-02 -1.082945999999999964e+00
1.478205420430850868e-02 -1.214279000000000108e+00
1.480205698401663821e-02 -1.248085000000000111e+00
1.482205976372476947e-02 -1.178395999999999999e+00
1.484206254343290073e-02 -1.127783999999999898e+00
1.486206532314103025e-02 -1.067179000000000100e+00
1.488206810284916151e-02 -1.001382999999999912e+00
1.490207088255729104e-02 -9.577780000000000182e-01
1.492207366226542230e-02 -8.899059999999999748e-01
1.494207644197355356e-02 -8.587599999999999678e-01
1.496207922168168308e-02 -1.045312000000000019e+00
1.498208200138981434e-02 -1.314724999999999921e+00
1.500208478109794387e-02 -1.474347999999999992e+00
1.502208756080607513e-02 -1.375525000000000109e+00
1.504209034051420639e-02 -1.209217999999999904e+00
1.506209312022233592e-02 -1.042845999999999940e+00
1.508209589993046718e-02 -1.045765999999999973e+00
1.510209867963859844e-02 -1.173205000000000053e+00
1.512210145934672796e-02 -1.262880000000000003e+00
1.514210423905485922e-02 -1.088071999999999928e+00
1.516210701876298875e-02 -9.693279999999999674e-01
1.518210979847112001e-02 -1.014620000000000077e+00
1.520211257817925127e-02 -1.106889999999999930e+00
1.522211535788738079e-02 -1.198706000000000049e+00
1.524211813759551205e-02 -1.268914000000000097e+00
1.526212091730364158e-02 -1.240558000000000050e+00
1.528212369701177284e-02 -1.285979999999999901e+00
1.530212647671990410e-02 -1.268005999999999966e+00
1.532212925642803363e-02 -1.059846000000000066e+00
1.534213203613616489e-02 -7.706420000000000492e-01
1.536213481584429441e-02 -5.530739999999999545e-01
1.538213759555242567e-02 -5.356840000000000490e-01
1.540214037526055693e-02 -8.136630000000000251e-01
1.542214315496868646e-02 -1.320046000000000053e+00
1.544214593467681772e-02 -1.687308999999999948e+00
1.546214871438494898e-02 -1.789053000000000004e+00
1.548215149409307850e-02 -1.631831000000000031e+00
1.550215427380120976e-02 -1.243932000000000038e+00
1.552215705350933929e-02 -8.744619999999999616e-01
1.554215983321747055e-02 -7.004340000000000011e-01
1.556216261292560181e-02 -6.185460000000000402e-01
1.558216539263373134e-02 -7.126329999999999609e-01
1.560216817234186260e-02 -9.923629999999999951e-01
1.562217095204999212e-02 -1.402711999999999959e+00
1.564217373175812512e-02 -1.653697999999999890e+00
1.566217651146625464e-02 -1.590562000000000031e+00
1.568217929117438417e-02 -1.238027999999999906e+00
1.570218207088251369e-02 -8.509079999999999977e-01
1.572218485059064669e-02 -5.633259999999999934e-01
1.574218763029877621e-02 -6.086179999999999923e-01
1.576219041000690574e-02 -8.762140000000000484e-01
1.578219318971503873e-02 -1.163472000000000062e+00
1.580219596942316826e-02 -1.348076999999999970e+00
1.582219874913129778e-02 -1.446317000000000075e+00
1.584220152883943078e-02 -1.366570000000000062e+00
1.586220430854756031e-02 -1.174762000000000084e+00
1.588220708825568983e-02 -9.799700000000000077e-01
1.590220986796382283e-02 -7.819329999999999892e-01
1.592221264767195235e-02 -8.261209999999999942e-01
1.594221542738008188e-02 -1.046415000000000095e+00
1.596221820708821140e-02 -1.339771000000000045e+00
1.598222098679634440e-02 -1.611650000000000027e+00
1.600222376650447392e-02 -1.592508999999999952e+00
1.602222654621260345e-02 -1.302850000000000064e+00
1.604222932592073644e-02 -9.343540000000000179e-01
1.606223210562886597e-02 -6.979030000000000511e-01
1.608223488533699549e-02 -6.223090000000000011e-01
1.610223766504512849e-02 -6.572839999999999794e-01
1.612224044475325802e-02 -7.793369999999999465e-01
1.614224322446138754e-02 -1.062116999999999978e+00
1.616224600416952054e-02 -1.379418000000000033e+00
1.618224878387765006e-02 -1.384090000000000042e+00
1.620225156358577959e-02 -1.347169000000000061e+00
1.622225434329390911e-02 -1.210644999999999971e+00
1.624225712300204211e-02 -1.017798999999999898e+00
1.626225990271017163e-02 -9.496670000000000389e-01
1.628226268241830116e-02 -1.122592999999999952e+00
1.630226546212643415e-02 -1.190595000000000070e+00
1.632226824183456368e-02 -1.216679999999999984e+00
1.634227102154269320e-02 -1.221416000000000057e+00
1.636227380125082620e-02 -1.063350000000000017e+00
1.638227658095895573e-02 -9.196889999999999787e-01
1.640227936066708525e-02 -9.314989999999999659e-01
1.642228214037521825e-02 -1.046934000000000031e+00
1.644228492008334777e-02 -1.223688000000000109e+00
1.646228769979147730e-02 -1.379288000000000070e+00
1.648229047949960682e-02 -1.419972999999999930e+00
1.650229325920773982e-02 -1.431912000000000074e+00
1.652229603891586934e-02 -1.284941000000000111e+00
1.654229881862399887e-02 -9.953480000000000105e-01
1.656230159833213186e-02 -7.130870000000000264e-01
1.658230437804026139e-02 -5.516469999999999985e-01
1.660230715774839091e-02 -6.836280000000000134e-01
1.662230993745652391e-02 -9.254639999999999533e-01
1.664231271716465344e-02 -1.196110000000000007e+00
1.666231549687278296e-02 -1.363650000000000029e+00
1.668231827658091596e-02 -1.421335000000000015e+00
1.670232105628904548e-02 -1.385386999999999924e+00
1.672232383599717501e-02 -1.302656000000000036e+00
1.674232661570530453e-02 -1.133947999999999956e+00
1.676232939541343753e-02 -9.751680000000000348e-01
1.678233217512156705e-02 -9.492779999999999552e-01
1.680233495482969658e-02 -9.820459999999999745e-01
1.682233773453782957e-02 -1.064063999999999899e+00
1.684234051424595910e-02 -1.151791999999999927e+00
1.686234329395408862e-02 -1.186182000000000070e+00
1.688234607366222162e-02 -1.156333999999999973e+00
1.690234885337035114e-02 -1.129275999999999947e+00
1.692235163307848067e-02 -1.150624000000000091e+00
1.694235441278661367e-02 -1.118959000000000037e+00
1.696235719249474319e-02 -1.109485000000000054e+00
1.698235997220287272e-02 -1.026818999999999926e+00
1.700236275191100224e-02 -9.908059999999999645e-01
1.702236553161913524e-02 -1.012089000000000016e+00
1.704236831132726476e-02 -1.148093000000000030e+00
1.706237109103539429e-02 -1.343469999999999942e+00
1.708237387074352728e-02 -1.410822999999999938e+00
1.710237665045165681e-02 -1.312778000000000000e+00
1.712237943015978633e-02 -1.101310000000000011e+00
1.714238220986791933e-02 -9.860689999999999733e-01
1.716238498957604885e-02 -8.906840000000000312e-01
1.718238776928417838e-02 -8.852989999999999471e-01
1.720239054899231138e-02 -1.002030999999999894e+00
1.722239332870044090e-02 -1.188258999999999954e+00
1.724239610840857043e-02 -1.411861999999999950e+00
1.726239888811669995e-02 -1.574405000000000054e+00
1.728240166782483295e-02 -1.513281000000000098e+00
1.730240444753296247e-02 -1.212526999999999910e+00
1.732240722724109200e-02 -8.472750000000000004e-01
1.734241000694922499e-02 -5.709830000000000183e-01
1.736241278665735452e-02 -5.861669999999999936e-01
1.738241556636548404e-02 -8.341669999999999918e-01
1.740241834607361704e-02 -1.181899999999999951e+00
1.742242112578174656e-02 -1.453454999999999941e+00
1.744242390548987609e-02 -1.515552000000000010e+00
1.746242668519800909e-02 -1.451248000000000093e+00
1.748242946490613861e-02 -1.268394999999999939e+00
1.750243224461426814e-02 -1.100076999999999972e+00
1.752243502432239766e-02 -9.056089999999999973e-01
1.754243780403053066e-02 -8.463659999999999517e-01
1.756244058373866018e-02 -9.522629999999999706e-01
1.758244336344678971e-02 -1.165677999999999992e+00
1.760244614315492270e-02 -1.376238000000000072e+00
1.762244892286305223e-02 -1.401739000000000068e+00
1.764245170257118175e-02 -1.236860000000000070e+00
1.766245448227931475e-02 -1.001317999999999930e+00
1.768245726198744427e-02 -8.603819999999999801e-01
1.770246004169557380e-02 -8.869209999999999594e-01
1.772246282140370680e-02 -1.105202999999999935e+00
1.774246560111183632e-02 -1.269627999999999979e+00
1.776246838081996585e-02 -1.331725000000000048e+00
1.778247116052809537e-02 -1.270536000000000110e+00
1.780247394023622837e-02 -1.161200999999999928e+00
1.782247671994435789e-02 -1.078209999999999891e+00
1.784247949965248742e-02 -1.003719000000000028e+00
1.786248227936062041e-02 -9.855500000000000371e-01
1.788248505906874994e-02 -1.005600000000000049e+00
1.790248783877687946e-02 -1.167364999999999986e+00
1.792249061848501246e-02 -1.352554000000000034e+00
1.794249339819314198e-02 -1.458126000000000033e+00
1.796249617790127151e-02 -1.376562999999999981e+00
1.798249895760940451e-02 -1.144849000000000006e+00
1.800250173731753403e-02 -8.703100000000000280e-01
1.802250451702566356e-02 -7.729129999999999612e-01
1.804250729673379308e-02 -8.607709999999999528e-01
1.806251007644192608e-02 -1.012348999999999943e+00
1.808251285615005560e-02 -1.184431000000000012e+00
1.810251563585818513e-02 -1.277673999999999976e+00
1.812251841556631812e-02 -1.331725000000000048e+00
1.814252119527444765e-02 -1.269044000000000061e+00
1.816252397498257717e-02 -1.203052999999999928e+00
1.818252675469071017e-02 -1.136088999999999904e+00
1.820252953439883969e-02 -1.033306999999999976e+00
1.822253231410696922e-02 -1.039860999999999924e+00
1.824253509381510222e-02 -1.163276999999999894e+00
1.826253787352323174e-02 -1.310831999999999997e+00
1.828254065323136127e-02 -1.391745999999999928e+00
1.830254343293949079e-02 -1.345221999999999918e+00
1.832254621264762379e-02 -1.172816000000000081e+00
1.834254899235575331e-02 -1.000669000000000031e+00
1.836255177206388284e-02 -9.694580000000000419e-01
1.838255455177201583e-02 -9.862640000000000295e-01
1.840255733148014536e-02 -1.034799999999999942e+00
1.842256011118827488e-02 -1.109291000000000027e+00
1.844256289089640788e-02 -1.198056999999999928e+00
1.846256567060453740e-02 -1.278062999999999949e+00
1.848256845031266693e-02 -1.335747999999999935e+00
1.850257123002079993e-02 -1.251265000000000072e+00
1.852257400972892945e-02 -1.104294000000000109e+00
1.854257678943705898e-02 -9.582319999999999727e-01
1.856257956914518850e-02 -8.912029999999999674e-01
1.858258234885332150e-02 -8.940590000000000481e-01
1.860258512856145102e-02 -9.884699999999999598e-01
1.862258790826958055e-02 -1.110263999999999918e+00
1.864259068797771354e-02 -1.220507999999999926e+00
1.866259346768584307e-02 -1.345871000000000040e+00
1.868259624739397259e-02 -1.426395999999999997e+00
1.870259902710210559e-02 -1.451832000000000011e+00
1.872260180681023511e-02 -1.336721999999999966e+00
1.874260458651836464e-02 -1.187415000000000109e+00
1.876260736622649763e-02 -1.024027999999999938e+00
1.878261014593462716e-02 -9.133299999999999752e-01
1.880261292564275669e-02 -9.087880000000000402e-01
1.882261570535088621e-02 -9.359110000000000484e-01
1.884261848505901921e-02 -1.017020999999999953e+00
1.886262126476714873e-02 -1.094560999999999895e+00
1.888262404447527826e-02 -1.199030000000000040e+00
1.890262682418341125e-02 -1.266059000000000045e+00
1.892262960389154078e-02 -1.261905999999999972e+00
1.894263238359967030e-02 -1.174177999999999944e+00
1.896263516330780330e-02 -1.077949999999999964e+00
1.898263794301593282e-02 -1.061274000000000051e+00
1.900264072272406235e-02 -1.112470000000000070e+00
1.902264350243219534e-02 -1.196758999999999906e+00
1.904264628214032487e-02 -1.258791999999999911e+00
1.906264906184845440e-02 -1.259505000000000097e+00
1.908265184155658392e-02 -1.152959999999999985e+00
1.910265462126471692e-02 -1.084308999999999967e+00
1.912265740097284644e-02 -1.057900000000000063e+00
1.914266018068097597e-02 -1.042910999999999921e+00
1.916266296038910896e-02 -1.080090999999999912e+00
1.918266574009723849e-02 -1.141993999999999954e+00
1.920266851980536801e-02 -1.242439999999999989e+00
1.922267129951350101e-02 -1.294934000000000029e+00
1.924267407922163053e-02 -1.270536000000000110e+00
1.926267685892976006e-02 -1.150624000000000091e+00
1.928267963863789305e-02 -9.465529999999999777e-01
1.930268241834602258e-02 -8.147659999999999902e-01
1.932268519805415211e-02 -8.290410000000000279e-01
1.934268797776228163e-02 -1.007352000000000025e+00
1.936269075747041463e-02 -1.180212999999999957e+00
1.938269353717854415e-02 -1.321342999999999934e+00
1.940269631688667368e-02 -1.373318000000000039e+00
1.942269909659480667e-02 -1.341134000000000048e+00
1.944270187630293620e-02 -1.229592000000000018e+00
1.946270465601106572e-02 -1.133623999999999965e+00
1.948270743571919872e-02 -1.074705999999999939e+00
1.950271021542732824e-02 -1.085736000000000034e+00
1.952271299513545777e-02 -1.191114000000000006e+00
1.954271577484359076e-02 -1.310767000000000015e+00
1.956271855455172029e-02 -1.346584999999999921e+00
1.958272133425984982e-02 -1.270081999999999933e+00
1.960272411396797934e-02 -1.086384999999999934e+00
1.962272689367611234e-02 -9.086579999999999657e-01
1.964272967338424186e-02 -8.239149999999999530e-01
1.966273245309237139e-02 -8.541530000000000511e-01
1.968273523280050438e-02 -1.036486999999999936e+00
1.970273801250863391e-02 -1.249902000000000069e+00
1.972274079221676343e-02 -1.341977999999999893e+00
1.974274357192489643e-02 -1.358004999999999907e+00
1.976274635163302595e-02 -1.249317999999999929e+00
1.978274913134115548e-02 -1.088592000000000004e+00
1.980275191104928847e-02 -9.141740000000000421e-01
1.982275469075741800e-02 -8.309229999999999672e-01
1.984275747046554753e-02 -8.840010000000000367e-01
1.986276025017367705e-02 -1.084438999999999931e+00
1.988276302988181005e-02 -1.323420000000000041e+00
1.990276580958993957e-02 -1.464550000000000018e+00
1.992276858929806910e-02 -1.496798999999999991e+00
1.994277136900620209e-02 -1.333995999999999960e+00
1.996277414871433162e-02 -1.149650999999999978e+00
1.998277692842246114e-02 -9.729619999999999935e-01
2.000277970813059414e-02 -8.798479999999999634e-01
2.002278248783872366e-02 -8.819249999999999590e-01
2.004278526754685319e-02 -9.364299999999999846e-01
2.006278804725498618e-02 -1.011115999999999904e+00
2.008279082696311571e-02 -1.106824999999999948e+00
2.010279360667124524e-02 -1.172296999999999922e+00
2.012279638637937476e-02 -1.197149000000000019e+00
2.014279916608750776e-02 -1.191632999999999942e+00
2.016280194579563728e-02 -1.146795999999999927e+00
2.018280472550376681e-02 -1.138295000000000057e+00
2.020280750521189980e-02 -1.172425999999999968e+00
2.022281028492002933e-02 -1.207400999999999947e+00
2.024281306462815885e-02 -1.191697999999999924e+00
2.026281584433629185e-02 -1.130638999999999950e+00
2.028281862404442137e-02 -1.082880999999999982e+00
2.030282140375255090e-02 -1.060948999999999920e+00
2.032282418346068389e-02 -1.083530000000000104e+00
2.034282696316881342e-02 -1.104489000000000054e+00
2.036282974287694295e-02 -1.107539000000000051e+00
2.038283252258507247e-02 -1.100660999999999889e+00
2.040283530229320547e-02 -1.105591999999999908e+00
2.042283808200133499e-02 -1.148547999999999902e+00
2.044284086170946452e-02 -1.172231999999999941e+00
2.046284364141759751e-02 -1.183716999999999908e+00
2.048284642112572704e-02 -1.143291999999999975e+00
2.050284920083385656e-02 -1.102152999999999938e+00
2.052285198054198956e-02 -1.043819000000000052e+00
2.054285476025011908e-02 -1.054135999999999962e+00
2.056285753995824861e-02 -1.048230999999999913e+00
2.058286031966638160e-02 -1.034864999999999924e+00
2.060286309937451113e-02 -1.023703999999999947e+00
2.062286587908264066e-02 -1.092095000000000038e+00
2.064286865879077018e-02 -1.220377999999999963e+00
2.066287143849890318e-02 -1.321798000000000028e+00
2.068287421820703270e-02 -1.350348000000000104e+00
2.070287699791516223e-02 -1.286173999999999928e+00
2.072287977762329522e-02 -1.175799999999999956e+00
2.074288255733142475e-02 -1.090084000000000053e+00
2.076288533703955427e-02 -1.067244000000000081e+00
2.078288811674768727e-02 -1.068022000000000027e+00
2.080289089645581679e-02 -1.075159999999999894e+00
2.082289367616394632e-02 -1.088462000000000041e+00
2.084289645587207931e-02 -1.122009000000000034e+00
2.086289923558020884e-02 -1.144525000000000015e+00
2.088290201528833837e-02 -1.153543999999999903e+00
2.090290479499646789e-02 -1.131027999999999922e+00
2.092290757470460089e-02 -1.106500999999999957e+00
2.094291035441273041e-02 -1.103644999999999987e+00
2.096291313412085994e-02 -1.139853000000000005e+00
2.098291591382899293e-02 -1.207465999999999928e+00
2.100291869353712246e-02 -1.241336999999999913e+00
2.102292147324525198e-02 -1.177747000000000099e+00
2.104292425295338498e-02 -1.064972000000000030e+00
2.106292703266151450e-02 -9.549879999999999480e-01
2.108292981236964403e-02 -9.226090000000000124e-01
2.110293259207777702e-02 -1.000474000000000085e+00
2.112293537178590655e-02 -1.113442999999999961e+00
2.114293815149403608e-02 -1.240038999999999891e+00
2.116294093120216560e-02 -1.318098999999999910e+00
2.118294371091029860e-02 -1.347752999999999979e+00
2.120294649061842812e-02 -1.291495000000000060e+00
2.122294927032655765e-02 -1.157113000000000058e+00
2.124295205003469064e-02 -9.734810000000000407e-01
2.126295482974282017e-02 -8.486369999999999747e-01
2.128295760945094969e-02 -8.448740000000000139e-01
2.130296038915908269e-02 -9.313690000000000024e-01
2.132296316886721221e-02 -1.101310000000000011e+00
2.134296594857534174e-02 -1.263592999999999966e+00
2.136296872828347473e-02 -1.328740999999999950e+00
2.138297150799160426e-02 -1.291884000000000032e+00
2.140297428769973379e-02 -1.179694000000000020e+00
2.142297706740786331e-02 -1.084503999999999913e+00
2.144297984711599631e-02 -1.001187999999999967e+00
2.146298262682412583e-02 -1.032010000000000094e+00
2.148298540653225536e-02 -1.094495999999999913e+00
2.150298818624038835e-02 -1.158085999999999949e+00
2.152299096594851788e-02 -1.215900999999999899e+00
2.154299374565664740e-02 -1.208244000000000096e+00
2.156299652536478040e-02 -1.137906000000000084e+00
2.158299930507290992e-02 -1.043560000000000043e+00
2.160300208478103945e-02 -9.459689999999999488e-01
2.162300486448917244e-02 -9.144330000000000513e-01
2.164300764419730197e-02 -9.852260000000000462e-01
2.166301042390543150e-02 -1.110198999999999936e+00
2.168301320361356102e-02 -1.201691000000000065e+00
2.170301598332169402e-02 -1.266383999999999954e+00
2.172301876302982354e-02 -1.242051000000000016e+00
2.174302154273795307e-02 -1.157178000000000040e+00
2.176302432244608606e-02 -1.044791999999999943e+00
2.178302710215421559e-02 -9.826300000000000034e-01
2.180302988186234511e-02 -9.815920000000000201e-01
2.182303266157047811e-02 -1.025779999999999914e+00
2.184303544127860763e-02 -1.112729999999999997e+00
2.186303822098673716e-02 -1.187805000000000000e+00
2.188304100069487015e-02 -1.205000000000000071e+00
2.190304378040299968e-02 -1.198252000000000095e+00
2.192304656011112921e-02 -1.166457000000000077e+00
2.194304933981925873e-02 -1.143941000000000097e+00
2.196305211952739173e-02 -1.099817000000000045e+00
2.198305489923552125e-02 -1.080351000000000061e+00
2.200305767894365078e-02 -1.079118000000000022e+00
2.202306045865178377e-02 -1.094951000000000008e+00
2.204306323835991330e-02 -1.089760000000000062e+00
2.206306601806804282e-02 -1.093199000000000032e+00
2.208306879777617582e-02 -1.083464999999999900e+00
2.210307157748430534e-02 -1.060429999999999984e+00
2.212307435719243487e-02 -1.104035000000000100e+00
2.214307713690056786e-02 -1.137516999999999889e+00
2.216307991660869739e-02 -1.197861999999999982e+00
2.218308269631682692e-02 -1.212266999999999983e+00
2.220308547602495644e-02 -1.209541999999999895e+00
2.222308825573308944e-02 -1.153413999999999939e+00
2.224309103544121896e-02 -1.105461999999999945e+00
2.226309381514934849e-02 -1.070227999999999957e+00
2.228309659485748148e-02 -1.058742999999999990e+00
2.230309937456561101e-02 -1.046478999999999937e+00
2.232310215427374053e-02 -1.030647000000000091e+00
2.234310493398187353e-02 -1.052059999999999995e+00
2.236310771369000305e-02 -1.091965999999999992e+00
2.238311049339813258e-02 -1.119218000000000046e+00
2.240311327310626557e-02 -1.186571999999999960e+00
2.242311605281439510e-02 -1.191049000000000024e+00
2.244311883252252462e-02 -1.171192999999999929e+00
2.246312161223065415e-02 -1.144330000000000069e+00
2.248312439193878715e-02 -1.108641999999999905e+00
2.250312717164691667e-02 -1.073407999999999918e+00
2.252312995135504620e-02 -1.022925000000000084e+00
2.254313273106317919e-02 -9.968399999999999483e-01
2.256313551077130872e-02 -1.009363999999999928e+00
2.258313829047943824e-02 -1.065946000000000060e+00
2.260314107018757124e-02 -1.166716000000000086e+00
2.262314384989570076e-02 -1.230371000000000103e+00
2.264314662960383029e-02 -1.229268000000000027e+00
2.266314940931196328e-02 -1.175929999999999920e+00
2.268315218902009281e-02 -1.091056999999999944e+00
2.270315496872822233e-02 -1.047906999999999922e+00
2.272315774843635186e-02 -1.033890999999999893e+00
2.274316052814448486e-02 -1.078338999999999936e+00
2.276316330785261438e-02 -1.120581000000000049e+00
2.278316608756074391e-02 -1.167040999999999995e+00
2.280316886726887690e-02 -1.167364999999999986e+00
2.282317164697700643e-02 -1.154646999999999979e+00
2.284317442668513595e-02 -1.100335999999999981e+00
2.286317720639326895e-02 -1.025325999999999960e+00
2.288317998610139847e-02 -9.651100000000000234e-01
2.290318276580952800e-02 -9.562209999999999877e-01
2.292318554551766099e-02 -1.047646999999999995e+00
2.294318832522579052e-02 -1.162044000000000077e+00
2.296319110493392004e-02 -1.234523999999999955e+00
2.298319388464204957e-02 -1.248928999999999956e+00
2.300319666435018257e-02 -1.166716000000000086e+00
2.302319944405831209e-02 -1.081777999999999906e+00
2.304320222376644162e-02 -1.009948000000000068e+00
2.306320500347457461e-02 -9.775040000000000395e-01
2.308320778318270414e-02 -1.030906000000000100e+00
2.310321056289083366e-02 -1.069125000000000103e+00
2.312321334259896666e-02 -1.165613000000000010e+00
2.314321612230709618e-02 -1.232447000000000070e+00
2.316321890201522571e-02 -1.263787999999999911e+00
2.318322168172335870e-02 -1.199354999999999949e+00
2.320322446143148823e-02 -1.085801000000000016e+00
2.322322724113961775e-02 -1.007611999999999952e+00
2.324323002084774728e-02 -9.545339999999999936e-01
2.326323280055588028e-02 -1.004950999999999928e+00
2.328323558026400980e-02 -1.059652000000000038e+00
2.330323835997213933e-02 -1.112665000000000015e+00
2.332324113968027232e-02 -1.149974999999999969e+00
2.334324391938840185e-02 -1.129275999999999947e+00
2.336324669909653137e-02 -1.095793999999999935e+00
2.338324947880466437e-02 -1.035512999999999906e+00
2.340325225851279389e-02 -1.017539999999999889e+00
2.342325503822092342e-02 -1.051541000000000059e+00
2.344325781792905641e-02 -1.084503999999999913e+00
2.346326059763718594e-02 -1.145497999999999905e+00
2.348326337734531546e-02 -1.178266000000000036e+00
2.350326615705344499e-02 -1.184040999999999899e+00
2.352326893676157799e-02 -1.149521000000000015e+00
2.354327171646970751e-02 -1.077560999999999991e+00
2.356327449617783704e-02 -1.006833000000000089e+00
2.358327727588597003e-02 -1.003069999999999906e+00
2.360328005559409956e-02 -1.029284000000000088e+00
2.362328283530222908e-02 -1.099687000000000081e+00
2.364328561501036208e-02 -1.130767999999999995e+00
2.366328839471849160e-02 -1.117142000000000079e+00
2.368329117442662113e-02 -1.094041999999999959e+00
2.370329395413475412e-02 -1.049334999999999907e+00
2.372329673384288365e-02 -1.032203999999999899e+00
2.374329951355101317e-02 -1.021757000000000026e+00
2.376330229325914270e-02 -1.003263999999999934e+00
2.378330507296727570e-02 -1.032982999999999985e+00
2.380330785267540522e-02 -1.077820000000000000e+00
2.382331063238353475e-02 -1.126420999999999895e+00
2.384331341209166774e-02 -1.150365000000000082e+00
2.386331619179979727e-02 -1.143226999999999993e+00
2.388331897150792679e-02 -1.125318000000000040e+00
2.390332175121605979e-02 -1.092225000000000001e+00
2.392332453092418931e-02 -1.086384999999999934e+00
2.394332731063231884e-02 -1.089369999999999949e+00
2.396333009034045183e-02 -1.108900999999999915e+00
2.398333287004858136e-02 -1.105787000000000075e+00
2.400333564975671088e-02 -1.091510999999999898e+00
2.402333842946484041e-02 -1.075679000000000052e+00
2.404334120917297341e-02 -1.063091000000000008e+00
2.406334398888110293e-02 -1.023898999999999893e+00
2.408334676858923246e-02 -1.013711000000000029e+00
2.410334954829736545e-02 -9.940499999999999892e-01
2.412335232800549498e-02 -9.789959999999999773e-01
2.414335510771362450e-02 -1.012996999999999925e+00
2.416335788742175750e-02 -1.038303999999999894e+00
2.418336066712988702e-02 -1.071460999999999997e+00
2.420336344683801655e-02 -1.096378000000000075e+00
2.422336622654614954e-02 -1.097480999999999929e+00
2.424336900625427907e-02 -1.103061000000000069e+00
2.426337178596240859e-02 -1.094302000000000108e+00
2.428337456567053812e-02 -1.069968999999999948e+00
2.430337734537867111e-02 -1.027012999999999954e+00
2.432338012508680064e-02 -1.014229999999999965e+00
2.434338290479493017e-02 -1.012802999999999898e+00
2.436338568450306316e-02 -1.055693999999999910e+00
2.438338846421119269e-02 -1.128497000000000083e+00
2.440339124391932221e-02 -1.171322999999999892e+00
2.442339402362745521e-02 -1.181056000000000106e+00
2.444339680333558473e-02 -1.145563000000000109e+00
2.446339958304371426e-02 -1.073277999999999954e+00
2.448340236275184725e-02 -1.009752999999999901e+00
2.450340514245997678e-02 -9.508999999999999675e-01
2.452340792216810630e-02 -9.338999999999999524e-01
2.454341070187623583e-02 -9.786719999999999864e-01
2.456341348158436882e-02 -1.037330000000000085e+00
2.458341626129249835e-02 -1.103774999999999951e+00
2.460341904100062788e-02 -1.151402999999999954e+00
2.462342182070876087e-02 -1.155361000000000082e+00
2.464342460041689040e-02 -1.110198999999999936e+00
2.466342738012501992e-02 -1.052059999999999995e+00
2.468343015983315292e-02 -1.040964000000000000e+00
2.470343293954128244e-02 -1.077755000000000019e+00
2.472343571924941197e-02 -1.024483000000000033e+00
2.474343849895754496e-02 -1.184366000000000030e+00
2.476344127866567449e-02 -1.187286000000000064e+00
2.478344405837380401e-02 -1.159124000000000043e+00
2.480344683808193354e-02 -1.128951999999999956e+00
2.482344961779006653e-02 -1.033241999999999994e+00
2.484345239749819606e-02 -9.573239999999999528e-01
2.486345517720632559e-02 -9.027530000000000276e-01
2.488345795691445858e-02 -1.111431999999999976e+00
2.490346073662258811e-02 -1.055045000000000011e+00
2.492346351633071763e-02 -1.229333000000000009e+00
2.494346629603885063e-02 -1.136023999999999923e+00
2.496346907574698015e-02 -9.934659999999999602e-01
2.498347185545510968e-02 -1.093588000000000005e+00
2.500347463516324267e-02 -1.085282000000000080e+00
2.502347741487137220e-02 -9.679649999999999643e-01
2.504348019457950172e-02 -1.064518000000000075e+00
2.506348297428763125e-02 -1.072694000000000036e+00
2.508348575399576424e-02 -1.080155999999999894e+00
2.510348853370389377e-02 -1.153478999999999921e+00
2.512349131341202330e-02 -1.171907000000000032e+00
2.514349409312015629e-02 -1.159189000000000025e+00
2.516349687282828582e-02 -1.147380000000000067e+00
2.518349965253641534e-02 -1.067307999999999923e+00
2.520350243224454834e-02 -1.006833000000000089e+00
2.522350521195267786e-02 -1.029803000000000024e+00
2.524350799166080739e-02 -1.103515999999999941e+00
2.526351077136894038e-02 -1.146860999999999908e+00
2.528351355107706991e-02 -1.152895000000000003e+00
2.530351633078519943e-02 -1.090538000000000007e+00
2.532351911049332896e-02 -1.023833999999999911e+00
2.534352189020146195e-02 -9.868479999999999475e-01
2.536352466990959148e-02 -1.011246000000000089e+00
2.538352744961772101e-02 -1.040380000000000082e+00
2.540353022932585400e-02 -1.068866000000000094e+00
2.542353300903398353e-02 -1.101828999999999947e+00
2.544353578874211305e-02 -1.157502000000000031e+00
2.546353856845024605e-02 -1.190010999999999930e+00
2.548354134815837557e-02 -1.181834999999999969e+00
2.550354412786650510e-02 -1.107474000000000069e+00
2.552354690757463809e-02 -1.030321999999999960e+00
2.554354968728276762e-02 -1.017605000000000093e+00
2.556355246699089714e-02 -1.052967999999999904e+00
2.558355524669902667e-02 -1.125836999999999977e+00
2.560355802640715966e-02 -1.115779000000000076e+00
2.562356080611528919e-02 -1.126420999999999895e+00
2.564356358582341872e-02 -1.108316999999999997e+00
2.566356636553155171e-02 -1.138425000000000020e+00
2.568356914523968124e-02 -1.142382999999999926e+00
2.570357192494781076e-02 -1.134597000000000078e+00
2.572357470465594376e-02 -1.069579000000000057e+00
2.574357748436407328e-02 -1.036810999999999927e+00
2.576358026407220281e-02 -1.047323000000000004e+00
2.578358304378033580e-02 -1.090473000000000026e+00
2.580358582348846533e-02 -1.125383000000000022e+00
2.582358860319659485e-02 -1.099102999999999941e+00
2.584359138290472438e-02 -1.091510999999999898e+00
2.586359416261285737e-02 -1.102606999999999893e+00
2.588359694232098690e-02 -1.142643000000000075e+00
2.590359972202911643e-02 -1.166001999999999983e+00
2.592360250173724942e-02 -1.144719000000000042e+00
2.594360528144537895e-02 -1.078079999999999927e+00
2.596360806115350847e-02 -1.077625999999999973e+00
2.598361084086164147e-02 -1.087552999999999992e+00
2.600361362056977099e-02 -1.115779000000000076e+00
2.602361640027790052e-02 -1.114740999999999982e+00
2.604361917998603351e-02 -1.073018999999999945e+00
2.606362195969416304e-02 -1.047971999999999904e+00
2.608362473940229256e-02 -1.059652000000000038e+00
2.610362751911042209e-02 -1.066270000000000051e+00
2.612363029881855508e-02 -1.084632999999999958e+00
2.614363307852668461e-02 -1.082297000000000065e+00
2.616363585823481414e-02 -1.103126000000000051e+00
2.618363863794294713e-02 -1.133623999999999965e+00
2.620364141765107666e-02 -1.163342000000000098e+00
2.622364419735920618e-02 -1.184366000000000030e+00
2.624364697706733918e-02 -1.148482999999999921e+00
2.626364975677546870e-02 -1.067957000000000045e+00
2.628365253648359823e-02 -1.036291999999999991e+00
2.630365531619173122e-02 -1.009557999999999955e+00
2.632365809589986075e-02 -1.028245999999999993e+00
2.634366087560799027e-02 -1.086190999999999907e+00
2.636366365531611980e-02 -1.097415999999999947e+00
2.638366643502425279e-02 -1.126616000000000062e+00
2.640366921473238232e-02 -1.157048000000000076e+00
2.642367199444051185e-02 -1.128173000000000092e+00
2.644367477414864484e-02 -1.097221999999999920e+00
2.646367755385677437e-02 -1.085542000000000007e+00
2.648368033356490389e-02 -1.062246999999999941e+00
2.650368311327303689e-02 -1.046999000000000013e+00
2.652368589298116641e-02 -1.059261999999999926e+00
2.654368867268929594e-02 -1.093976999999999977e+00
2.656369145239742893e-02 -1.078273999999999955e+00
2.658369423210555846e-02 -1.092354999999999965e+00
2.660369701181368798e-02 -1.070488000000000106e+00
2.662369979152181751e-02 -1.046219999999999928e+00
2.664370257122995050e-02 -1.045506000000000046e+00
2.666370535093808003e-02 -1.075159999999999894e+00
2.668370813064620956e-02 -1.118505000000000082e+00
2.670371091035434255e-02 -1.162304000000000004e+00
2.672371369006247208e-02 -1.187675000000000036e+00
2.674371646977060160e-02 -1.125123000000000095e+00
2.676371924947873460e-02 -1.079312999999999967e+00
2.678372202918686412e-02 -1.021627999999999981e+00
2.680372480889499365e-02 -9.726369999999999738e-01
2.682372758860312664e-02 -9.834739999999999593e-01
2.684373036831125617e-02 -1.009168999999999983e+00
2.686373314801938569e-02 -1.041093999999999964e+00
2.688373592772751522e-02 -1.089695000000000080e+00
2.690373870743564821e-02 -1.145302999999999960e+00
2.692374148714377774e-02 -1.144978999999999969e+00
2.694374426685190727e-02 -1.100335999999999981e+00
2.696374704656004026e-02 -1.066594999999999960e+00
2.698374982626816979e-02 -1.033241999999999994e+00
2.700375260597629931e-02 -1.033956000000000097e+00
2.702375538568443231e-02 -1.065946000000000060e+00
2.704375816539256183e-02 -1.119089000000000000e+00
2.706376094510069136e-02 -1.139723000000000042e+00
2.708376372480882435e-02 -1.122462999999999989e+00
2.710376650451695388e-02 -1.094302000000000108e+00
2.712376928422508340e-02 -1.084438999999999931e+00
2.714377206393321293e-02 -1.053487000000000062e+00
2.716377484364134592e-02 -1.042780999999999958e+00
2.718377762334947545e-02 -1.031555000000000000e+00
2.720378040305760498e-02 -1.046478999999999937e+00
2.722378318276573797e-02 -1.085542000000000007e+00
2.724378596247386750e-02 -1.088397000000000059e+00
2.726378874218199702e-02 -1.092808999999999919e+00
2.728379152189013002e-02 -1.075029999999999930e+00
2.730379430159825954e-02 -1.036291999999999991e+00
2.732379708130638907e-02 -1.031944999999999890e+00
2.734379986101452206e-02 -1.049204999999999943e+00
2.736380264072265159e-02 -1.082751999999999937e+00
2.738380542043078111e-02 -1.109031000000000100e+00
2.740380820013891064e-02 -1.109291000000000027e+00
2.742381097984704363e-02 -1.095923999999999898e+00
2.744381375955517316e-02 -1.102541999999999911e+00
2.746381653926330269e-02 -1.118505000000000082e+00
2.748381931897143568e-02 -1.108057999999999987e+00
2.750382209867956521e-02 -1.077496000000000009e+00
2.752382487838769473e-02 -1.055304000000000020e+00
2.754382765809582773e-02 -1.063739999999999908e+00
2.756383043780395725e-02 -1.072109999999999896e+00
2.758383321751208678e-02 -1.061533000000000060e+00
2.760383599722021977e-02 -1.059846000000000066e+00
2.762383877692834930e-02 -1.048945000000000016e+00
2.764384155663647882e-02 -1.051150999999999947e+00
2.766384433634460835e-02 -1.068540999999999963e+00
2.768384711605274134e-02 -1.063868999999999954e+00
2.770384989576087087e-02 -1.072759000000000018e+00
2.772385267546900040e-02 -1.067827999999999999e+00
2.774385545517713339e-02 -1.049789000000000083e+00
2.776385823488526292e-02 -1.056926000000000032e+00
2.778386101459339244e-02 -1.068281999999999954e+00
2.780386379430152544e-02 -1.068475999999999981e+00
2.782386657400965496e-02 -1.073018999999999945e+00
2.784386935371778449e-02 -1.078729000000000049e+00
2.786387213342591748e-02 -1.073212999999999973e+00
2.788387491313404701e-02 -1.086514999999999898e+00
2.790387769284217653e-02 -1.052059999999999995e+00
2.792388047255030606e-02 -1.069903999999999966e+00
2.794388325225843905e-02 -1.066594999999999960e+00
2.796388603196656858e-02 -1.088332000000000077e+00
2.798388881167469810e-02 -1.096897000000000011e+00
2.800389159138283110e-02 -1.102737000000000078e+00
2.802389437109096063e-02 -1.071851000000000109e+00
2.804389715079909015e-02 -1.044856999999999925e+00
2.806389993050722315e-02 -1.004496999999999973e+00
2.808390271021535267e-02 -1.001187999999999967e+00
2.810390548992348220e-02 -1.008974000000000038e+00
2.812390826963161519e-02 -1.033306999999999976e+00
2.814391104933974472e-02 -1.065101999999999993e+00
2.816391382904787424e-02 -1.088915999999999995e+00
2.818391660875600377e-02 -1.106954999999999911e+00
2.820391938846413676e-02 -1.111820999999999948e+00
2.822392216817226629e-02 -1.103385999999999978e+00
2.824392494788039581e-02 -1.070488000000000106e+00
2.826392772758852881e-02 -1.037914000000000003e+00
2.828393050729665834e-02 -1.056732000000000005e+00
2.830393328700478786e-02 -1.086125999999999925e+00
2.832393606671292086e-02 -1.085282000000000080e+00
2.834393884642105038e-02 -1.097610999999999892e+00
2.836394162612917991e-02 -1.084697999999999940e+00
2.838394440583731290e-02 -1.049528999999999934e+00
2.840394718554544243e-02 -1.014229999999999965e+00
2.842394996525357195e-02 -1.006509000000000098e+00
2.844395274496170148e-02 -1.018577999999999983e+00
2.846395552466983447e-02 -1.001382999999999912e+00
2.848395830437796400e-02 -1.029155000000000042e+00
2.850396108408609352e-02 -1.071331000000000033e+00
2.852396386379422652e-02 -1.065946000000000060e+00
2.854396664350235605e-02 -1.065881000000000078e+00
2.856396942321048557e-02 -1.022796000000000038e+00
2.858397220291861857e-02 -1.003913000000000055e+00
2.860397498262674809e-02 -9.985279999999999712e-01
2.862397776233487762e-02 -1.011700000000000044e+00
2.864398054204301061e-02 -1.035123999999999933e+00
2.866398332175114014e-02 -1.038369000000000097e+00
2.868398610145926966e-02 -1.076716999999999924e+00
2.870398888116739919e-02 -1.096182999999999907e+00
2.872399166087553218e-02 -1.087552999999999992e+00
2.874399444058366171e-02 -1.087164000000000019e+00
2.876399722029179123e-02 -1.054330999999999907e+00
