# time(s), 	 	 acceleration(g)
0.000000000000000000e+00 6.241825999999999652e+00
2.001668984700968185e-05 6.460106999999999822e+00
4.003337969401936369e-05 6.696233000000000324e+00
6.005006954102904554e-05 6.965906000000000375e+00
8.006675938803872739e-05 7.244208999999999676e+00
1.000834492350484092e-04 7.553009000000000306e+00
1.201001390820580911e-04 7.899898000000000309e+00
1.401168289290677729e-04 8.232511999999999830e+00
1.601335187760774548e-04 8.603149999999999409e+00
1.801502086230871366e-04 8.946535000000000792e+00
2.001668984700968185e-04 9.357988000000000639e+00
2.201835883171065003e-04 9.732972999999999431e+00
2.402002781641161822e-04 1.021216800000000013e+01
2.602169680111258640e-04 1.072808900000000065e+01
2.802336578581355458e-04 1.130033300000000018e+01
3.002503477051452277e-04 1.194505599999999923e+01
3.202670375521549095e-04 1.266946100000000008e+01
3.402837273991645914e-04 1.350281299999999973e+01
3.603004172461742732e-04 1.440617800000000059e+01
3.803171070931839551e-04 1.539376700000000042e+01
4.003337969401936369e-04 1.645902699999999896e+01
4.203504867872033188e-04 1.775301599999999880e+01
4.403671766342130006e-04 1.925178899999999871e+01
4.603838664812226825e-04 2.087592599999999976e+01
4.804005563282323643e-04 2.287569699999999884e+01
5.004172461752420462e-04 2.536536900000000117e+01
5.204339360222517280e-04 2.852786100000000147e+01
5.404506258692614099e-04 3.263849100000000192e+01
5.604673157162710917e-04 3.844852600000000109e+01
5.804840055632807735e-04 4.786008300000000304e+01
6.005006954102904554e-04 6.293230499999999950e+01
6.205173852573001372e-04 8.730772100000000080e+01
6.405340751043098191e-04 1.248469500000000068e+02
6.605507649513195009e-04 1.755121609999999919e+02
6.805674547983291828e-04 2.396768480000000068e+02
7.005841446453388646e-04 3.119389889999999923e+02
7.206008344923485465e-04 3.834643310000000156e+02
7.406175243393582283e-04 4.434416909999999916e+02
7.606342141863679102e-04 4.802789660000000254e+02
7.806509040333775920e-04 4.902652969999999755e+02
8.006675938803872739e-04 4.726675859999999716e+02
8.206842837273969557e-04 4.374768339999999966e+02
8.407009735744066375e-04 3.933751980000000117e+02
8.607176634214163194e-04 3.460717480000000137e+02
8.807343532684260012e-04 2.982467320000000086e+02
9.007510431154356831e-04 2.548574319999999886e+02
9.207677329624453649e-04 2.076555960000000027e+02
9.407844228094550468e-04 1.564985369999999989e+02
9.608011126564647286e-04 1.029359000000000037e+02
9.808178025034744105e-04 5.825799700000000314e+01
1.000834492350484092e-03 2.395257099999999895e+01
1.020851182197493774e-03 2.542193999999999843e+00
1.040867872044503456e-03 -5.407186000000000270e+00
1.060884561891513138e-03 -1.342627000000000015e+00
1.080901251738522820e-03 1.255272899999999936e+01
1.100917941585532502e-03 3.389588200000000029e+01
1.120934631432542183e-03 5.388515600000000205e+01
1.140951321279551865e-03 6.890319700000000580e+01
1.160968011126561547e-03 6.444710600000000511e+01
1.180984700973571229e-03 5.283696199999999976e+01
1.201001390820580911e-03 2.867768699999999882e+01
1.221018080667590593e-03 -3.340644999999999865e+00
1.241034770514600274e-03 -2.164005200000000073e+01
1.261051460361609956e-03 -4.088895800000000236e+01
1.281068150208619638e-03 -4.241096199999999783e+01
1.301084840055629320e-03 -2.754962499999999892e+01
1.321101529902639002e-03 -8.767454999999999998e+00
1.341118219749648684e-03 8.085801000000000016e+00
1.361134909596658366e-03 2.304219799999999907e+01
1.381151599443668047e-03 2.842151000000000138e+01
1.401168289290677729e-03 2.778249699999999933e+01
1.421184979137687411e-03 9.672107999999999706e+00
1.441201668984697093e-03 1.640646000000000049e+00
1.461218358831706775e-03 1.037385999999999919e+00
1.481235048678716457e-03 -5.108183999999999614e+00
1.501251738525726138e-03 2.888824000000000058e+00
1.521268428372735820e-03 1.146099500000000049e+01
1.541285118219745502e-03 1.567985700000000016e+01
1.561301808066755184e-03 2.313946500000000128e+01
1.581318497913764866e-03 1.796435400000000016e+01
1.601335187760774548e-03 1.254766700000000057e+01
1.621351877607784230e-03 7.482469999999999954e-01
1.641368567454793911e-03 4.473832999999999949e+00
1.661385257301803593e-03 1.198911499999999997e+01
1.681401947148813275e-03 -1.257754000000000039e+00
1.701418636995822957e-03 4.954450000000000243e-01
1.721435326842832639e-03 1.276691000000000020e+00
1.741452016689842321e-03 -1.007480999999999938e+01
1.761468706536852002e-03 -1.562951299999999932e+01
1.781485396383861684e-03 -2.310313700000000026e+01
1.801502086230871366e-03 -3.254272600000000182e+01
1.821518776077881048e-03 -2.647223100000000073e+01
1.841535465924890730e-03 -1.378956100000000085e+01
1.861552155771900412e-03 -3.430329999999999768e-01
1.881568845618910094e-03 1.288826199999999922e+01
1.901585535465919775e-03 3.315162200000000325e+01
1.921602225312929457e-03 3.780996700000000033e+01
1.941618915159939139e-03 4.006013999999999697e+01
1.961635605006948821e-03 2.885612700000000075e+01
1.981652294853958503e-03 1.613439400000000035e+01
2.001668984700968185e-03 -1.786912000000000056e+00
2.021685674547977866e-03 -1.186071199999999948e+01
2.041702364394987548e-03 -1.696301800000000171e+01
2.061719054241997230e-03 -1.873964099999999888e+01
2.081735744089006912e-03 -1.559427900000000022e+01
2.101752433936016594e-03 -9.289605999999999142e+00
2.121769123783026276e-03 -5.581019999999999648e+00
2.141785813630035958e-03 -6.212894999999999612e+00
2.161802503477045639e-03 -2.658481999999999790e+00
2.181819193324055321e-03 -4.996512000000000064e+00
2.201835883171065003e-03 -9.715073999999999543e+00
2.221852573018074685e-03 -1.368878999999999913e+01
2.241869262865084367e-03 -1.063647699999999929e+01
2.261885952712094049e-03 -5.497963999999999629e+00
2.281902642559103730e-03 -4.038979999999999793e-01
2.301919332406113412e-03 3.204566999999999943e+00
2.321936022253123094e-03 9.233209000000000444e+00
2.341952712100132776e-03 8.031231000000000009e+00
2.361969401947142458e-03 1.158350300000000033e+01
2.381986091794152140e-03 1.040786899999999982e+01
2.402002781641161822e-03 4.013715000000000366e+00
2.422019471488171503e-03 4.955752999999999631e+00
2.442036161335181185e-03 9.223345999999999378e+00
2.462052851182190867e-03 3.668124000000000162e+00
2.482069541029200549e-03 -2.585938000000000070e+00
2.502086230876210231e-03 -7.442775000000000141e+00
2.522102920723219913e-03 -1.667355500000000035e+01
2.542119610570229594e-03 -1.435349899999999934e+01
2.562136300417239276e-03 -1.948980600000000152e+01
2.582152990264248958e-03 -1.196920399999999951e+01
2.602169680111258640e-03 -1.275473299999999988e+01
2.622186369958268322e-03 -6.505602999999999803e+00
2.642203059805278004e-03 -3.209636999999999851e+00
2.662219749652287686e-03 -5.007024000000000363e+00
2.682236439499297367e-03 -4.569759999999999933e-01
2.702253129346307049e-03 -6.528313999999999950e+00
2.722269819193316731e-03 -1.475192000000000059e+00
2.742286509040326413e-03 2.745941000000000187e+00
2.762303198887336095e-03 5.358640000000000292e+00
2.782319888734345777e-03 1.026550600000000024e+01
2.802336578581355458e-03 1.396442300000000003e+01
2.822353268428365140e-03 1.089199499999999965e+01
2.842369958275374822e-03 3.882122999999999990e+00
2.862386648122384504e-03 -1.039795999999999943e+00
2.882403337969394186e-03 2.909700000000000134e-02
2.902420027816403868e-03 -6.961698000000000164e+00
2.922436717663413550e-03 -9.105130000000000834e+00
2.942453407510423231e-03 -1.400531199999999998e+01
2.962470097357432913e-03 -1.005216500000000046e+01
2.982486787204442595e-03 -9.701641999999999655e+00
3.002503477051452277e-03 -8.456124000000000862e+00
3.022520166898461959e-03 -9.659465000000000856e+00
3.042536856745471641e-03 -1.843778400000000062e+01
3.062553546592481322e-03 -1.361468900000000026e+01
3.082570236439491004e-03 -9.326266999999999641e+00
3.102586926286500686e-03 -6.354415000000000369e+00
3.122603616133510368e-03 9.713300000000000267e-01
3.142620305980520050e-03 9.366034000000000859e+00
3.162636995827529732e-03 1.419639600000000002e+01
3.182653685674539414e-03 1.108847500000000075e+01
3.202670375521549095e-03 1.028815099999999916e+01
3.222687065368558777e-03 4.728062999999999683e+00
3.242703755215568459e-03 -3.473730000000000206e+00
3.262720445062578141e-03 -3.334286000000000083e+00
3.282737134909587823e-03 -3.659438000000000191e+00
3.302753824756597505e-03 -6.993492999999999959e+00
3.322770514603607186e-03 -2.475829999999999975e-01
3.342787204450616868e-03 4.905465000000000408e+00
3.362803894297626550e-03 -1.934855999999999909e+00
3.382820584144636232e-03 -7.110355000000000203e+00
3.402837273991645914e-03 -9.379085999999999146e+00
3.422853963838655596e-03 -1.754291900000000126e+01
3.442870653685665278e-03 -1.946677100000000138e+01
3.462887343532674959e-03 -1.453453499999999998e+01
3.482904033379684641e-03 -1.397507399999999933e+01
3.502920723226694323e-03 -9.290708999999999662e+00
3.522937413073704005e-03 4.980864999999999654e+00
3.542954102920713687e-03 1.018134599999999956e+01
3.562970792767723369e-03 9.384527000000000285e+00
3.582987482614733050e-03 1.275063600000000008e+01
3.603004172461742732e-03 4.269696999999999854e+00
3.623020862308752414e-03 -1.743697000000000052e+00
3.643037552155762096e-03 -2.777032000000000167e+00
3.663054242002771778e-03 -3.983098000000000027e+00
3.683070931849781460e-03 -2.199336999999999875e+00
3.703087621696791142e-03 -8.062660000000000382e-01
3.723104311543800823e-03 -5.307530000000000303e-01
3.743121001390810505e-03 -9.658889999999999976e-01
3.763137691237820187e-03 9.216799999999999993e-02
3.783154381084829869e-03 1.447269999999999945e-01
3.803171070931839551e-03 -2.882019999999999804e+00
3.823187760778849233e-03 -5.405757999999999619e+00
3.843204450625858914e-03 -8.842724999999999724e+00
3.863221140472868596e-03 -1.157760700000000043e+01
3.883237830319878278e-03 -1.074775999999999954e+01
3.903254520166887960e-03 -1.189490799999999915e+01
3.923271210013897642e-03 -1.114363900000000029e+01
3.943287899860907324e-03 -6.311524000000000356e+00
3.963304589707917006e-03 1.715006999999999948e+00
3.983321279554926687e-03 5.872745000000000104e+00
4.003337969401936369e-03 1.406590699999999927e+01
4.023354659248946051e-03 1.220804599999999951e+01
4.043371349095955733e-03 6.109194999999999709e+00
4.063388038942965415e-03 7.436600999999999573e+00
4.083404728789975097e-03 2.051318999999999892e+00
4.103421418636984778e-03 -3.790459999999999940e-01
4.123438108483994460e-03 -8.823140000000000427e-01
4.143454798331004142e-03 -7.992827000000000126e+00
4.163471488178013824e-03 -9.063017999999999574e+00
4.183488178025023506e-03 -8.092169999999999419e+00
4.203504867872033188e-03 -8.281836000000000197e+00
4.223521557719042870e-03 -5.408483999999999625e+00
4.243538247566052551e-03 -3.165188999999999808e+00
4.263554937413062233e-03 -3.911071999999999882e+00
4.283571627260071915e-03 -2.553428999999999949e+00
4.303588317107081597e-03 4.072620000000000129e-01
4.323605006954091279e-03 -4.193410000000000193e-01
4.343621696801100961e-03 -3.633223999999999787e+00
4.363638386648110642e-03 -5.572920000000000096e-01
4.383655076495120324e-03 1.666590000000000016e-01
4.403671766342130006e-03 1.765869999999999940e-01
4.423688456189139688e-03 5.896169000000000437e+00
4.443705146036149370e-03 5.901424999999999699e+00
4.463721835883159052e-03 1.401664999999999939e+00
4.483738525730168734e-03 3.676159999999999983e-01
4.503755215577178415e-03 -3.252463000000000104e+00
4.523771905424188097e-03 -5.027008999999999617e+00
4.543788595271197779e-03 -1.703596000000000110e+00
4.563805285118207461e-03 1.620206000000000035e+00
4.583821974965217143e-03 5.705839999999999801e-01
4.603838664812226825e-03 2.513968000000000202e+00
4.623855354659236506e-03 9.743150000000000421e-01
4.643872044506246188e-03 -3.089725000000000055e+00
4.663888734353255870e-03 -2.891493999999999787e+00
4.683905424200265552e-03 -8.917994000000000199e+00
4.703922114047275234e-03 -1.457236499999999957e+01
4.723938803894284916e-03 -1.167669099999999993e+01
4.743955493741294598e-03 -5.750441000000000358e+00
4.763972183588304279e-03 4.184174999999999756e+00
4.783988873435313961e-03 8.214667999999999637e+00
4.804005563282323643e-03 9.121601999999999322e+00
4.824022253129333325e-03 8.392784999999999940e+00
4.844038942976343007e-03 3.945387999999999895e+00
4.864055632823352689e-03 1.107853999999999894e+00
4.884072322670362371e-03 -6.936391999999999669e+00
4.904089012517372052e-03 -8.177301999999999182e+00
4.924105702364381734e-03 -6.537851999999999997e+00
4.944122392211391416e-03 -4.426929000000000336e+00
4.964139082058401098e-03 1.977411999999999948e+00
4.984155771905410780e-03 3.045202999999999882e+00
5.004172461752420462e-03 -1.549293999999999949e+00
5.024189151599430143e-03 -3.131200000000000094e-01
5.044205841446439825e-03 -2.511121999999999854e+00
5.064222531293449507e-03 -1.519898999999999889e+00
5.084239221140459189e-03 -1.891899999999999832e-02
5.104255910987468871e-03 -1.919607000000000063e+00
5.124272600834478553e-03 -3.413904000000000050e+00
5.144289290681488235e-03 -5.210640999999999856e+00
5.164305980528497916e-03 -4.136038000000000103e+00
5.184322670375507598e-03 -1.128821999999999992e+00
5.204339360222517280e-03 1.468952999999999953e+00
5.224356050069526962e-03 1.289474000000000009e+00
5.244372739916536644e-03 -2.826151999999999997e+00
5.264389429763546326e-03 -2.541294999999999860e+00
5.284406119610556007e-03 1.288300000000000001e-01
5.304422809457565689e-03 1.189742000000000077e+00
5.324439499304575371e-03 1.246129000000000042e+00
5.344456189151585053e-03 -6.987470000000000070e-01
5.364472878998594735e-03 -2.163260000000000183e+00
5.384489568845604417e-03 -1.112989000000000006e+00
5.404506258692614099e-03 -2.684770000000000212e-01
5.424522948539623780e-03 -1.677186999999999983e+00
5.444539638386633462e-03 -2.520141999999999882e+00
5.464556328233643144e-03 -3.005889999999999951e+00
5.484573018080652826e-03 -2.329502000000000184e+00
5.504589707927662508e-03 6.000429999999999930e-01
5.524606397774672190e-03 -1.549617999999999940e+00
5.544623087621681871e-03 -5.431778000000000439e+00
5.564639777468691553e-03 -6.651860000000000106e+00
5.584656467315701235e-03 -6.650627000000000066e+00
5.604673157162710917e-03 -3.138260999999999967e+00
5.624689847009720599e-03 1.288240999999999969e+00
5.644706536856730281e-03 3.899124000000000034e+00
5.664723226703739963e-03 3.230326999999999948e+00
5.684739916550749644e-03 1.217578999999999967e+00
5.704756606397759326e-03 1.161515999999999993e+00
5.724773296244769008e-03 3.231029999999999736e-01
5.744789986091778690e-03 -6.749330000000000052e-01
5.764806675938788372e-03 -1.356122999999999967e+00
5.784823365785798054e-03 -4.874588000000000143e+00
5.804840055632807735e-03 -5.261254000000000097e+00
5.824856745479817417e-03 -2.639081000000000010e+00
5.844873435326827099e-03 -1.256974999999999953e+00
5.864890125173836781e-03 1.487705999999999973e+00
5.884906815020846463e-03 -4.384179999999999744e-01
5.904923504867856145e-03 -4.009312000000000431e+00
5.924940194714865827e-03 -4.345365000000000144e+00
5.944956884561875508e-03 -5.205904000000000309e+00
5.964973574408885190e-03 -3.948707000000000189e+00
5.984990264255894872e-03 -2.045034999999999936e+00
6.005006954102904554e-03 -3.130603999999999942e+00
6.025023643949914236e-03 -2.180390000000000050e+00
6.045040333796923918e-03 9.736660000000000315e-01
6.065057023643933599e-03 4.163216000000000250e+00
6.085073713490943281e-03 4.428931000000000395e+00
6.105090403337952963e-03 1.641359999999999930e+00
6.125107093184962645e-03 -2.333720000000000017e+00
6.145123783031972327e-03 -3.475093000000000210e+00
6.165140472878982009e-03 -2.023622000000000032e+00
6.185157162725991691e-03 -1.497319000000000067e+00
6.205173852573001372e-03 -2.534156999999999993e+00
6.225190542420011054e-03 -3.212492000000000125e+00
6.245207232267020736e-03 -4.032737000000000016e+00
6.265223922114030418e-03 -2.299977999999999856e+00
6.285240611961040100e-03 -2.886569999999999969e-01
6.305257301808049782e-03 -5.752800000000000274e-02
6.325273991655059463e-03 -1.829347999999999974e+00
6.345290681502069145e-03 -3.624464000000000130e+00
6.365307371349078827e-03 -3.449138000000000037e+00
6.385324061196088509e-03 -1.145108999999999932e+00
6.405340751043098191e-03 2.061441999999999997e+00
6.425357440890107873e-03 3.144610999999999823e+00
6.445374130737117555e-03 1.242105999999999932e+00
6.465390820584127236e-03 -1.869448999999999916e+00
6.485407510431136918e-03 -3.575279000000000096e+00
6.505424200278146600e-03 -2.984607000000000010e+00
6.525440890125156282e-03 -1.684129999999999905e+00
6.545457579972165964e-03 -1.370333999999999941e+00
6.565474269819175646e-03 -1.354111999999999982e+00
6.585490959666185327e-03 7.024359999999999493e-01
6.605507649513195009e-03 2.729589999999999961e+00
6.625524339360204691e-03 2.045739000000000196e+00
6.645541029207214373e-03 -4.893549999999999844e-01
6.665557719054224055e-03 -4.351140000000000008e+00
6.685574408901233737e-03 -6.449735000000000440e+00
6.705591098748243419e-03 -4.437504999999999811e+00
6.725607788595253100e-03 -2.020248000000000044e+00
6.745624478442262782e-03 -3.540639999999999898e-01
6.765641168289272464e-03 8.702349999999999808e-01
6.785657858136282146e-03 -7.615579999999999572e-01
6.805674547983291828e-03 -2.561539999999999928e+00
6.825691237830301510e-03 -2.321002000000000010e+00
6.845707927677311191e-03 -2.268832000000000182e+00
6.865724617524320873e-03 -1.464226000000000028e+00
6.885741307371330555e-03 6.053640000000000132e-01
6.905757997218340237e-03 5.433959999999999901e-01
6.925774687065349919e-03 5.704550000000000454e-01
6.945791376912359601e-03 2.101541999999999799e+00
6.965808066759369283e-03 1.129850999999999939e+00
6.985824756606378964e-03 -2.097723999999999922e+00
7.005841446453388646e-03 -4.025534000000000390e+00
7.025858136300398328e-03 -4.283852000000000437e+00
7.045874826147408010e-03 -3.628422000000000036e+00
7.065891515994417692e-03 -6.817459999999999631e-01
7.085908205841427374e-03 1.145747999999999989e+00
7.105924895688437055e-03 -4.641129999999999978e-01
7.125941585535446737e-03 -1.319655999999999940e+00
7.145958275382456419e-03 -8.308579999999999854e-01
7.165974965229466101e-03 -1.741101000000000010e+00
7.185991655076475783e-03 -2.889028000000000151e+00
7.206008344923485465e-03 -3.543808999999999987e+00
7.226025034770495147e-03 -3.834505000000000052e+00
7.246041724617504828e-03 -2.530717999999999801e+00
7.266058414464514510e-03 7.257199999999999762e-02
7.286075104311524192e-03 1.198307000000000011e+00
7.306091794158533874e-03 1.159180000000000099e+00
7.326108484005543556e-03 2.924760000000000137e-01
7.346125173852553238e-03 -1.134466999999999892e+00
7.366141863699562919e-03 -1.437103000000000019e+00
7.386158553546572601e-03 -6.208820000000000450e-01
7.406175243393582283e-03 -3.186350000000000016e-01
7.426191933240591965e-03 -1.511009999999999964e+00
7.446208623087601647e-03 -2.362204999999999888e+00
7.466225312934611329e-03 -1.921618999999999966e+00
7.486242002781621011e-03 -1.396678000000000086e+00
7.506258692628630692e-03 -9.664080000000000448e-01
7.526275382475640374e-03 -1.309209000000000067e+00
7.546292072322650056e-03 -1.965092999999999979e+00
7.566308762169659738e-03 -2.781444000000000027e+00
7.586325452016669420e-03 -2.973510999999999793e+00
7.606342141863679102e-03 -1.944588999999999901e+00
7.626358831710688783e-03 -1.604382999999999893e+00
7.646375521557698465e-03 -1.155100999999999933e+00
7.666392211404708147e-03 6.394199999999999884e-02
7.686408901251717829e-03 6.791409999999999947e-01
7.706425591098727511e-03 4.896699999999999942e-01
7.726442280945737193e-03 5.310600000000000043e-02
7.746458970792746875e-03 -9.849660000000000082e-01
7.766475660639756556e-03 -2.338910999999999962e+00
7.786492350486766238e-03 -2.463299999999999823e+00
7.806509040333775920e-03 -1.934531000000000001e+00
7.826525730180784735e-03 -1.053682000000000007e+00
7.846542420027795284e-03 1.139050000000000062e-01
7.866559109874805833e-03 -2.919019999999999948e-01
7.886575799721814647e-03 -1.570770999999999917e+00
7.906592489568823462e-03 -1.721894999999999953e+00
7.926609179415834011e-03 -1.625925999999999982e+00
7.946625869262844560e-03 -2.154888999999999832e+00
7.966642559109853375e-03 -2.588792999999999900e+00
7.986659248956862189e-03 -2.247288999999999870e+00
8.006675938803872739e-03 -1.611326000000000036e+00
8.026692628650883288e-03 -6.624100000000000543e-01
8.046709318497892102e-03 1.035230000000000039e-01
8.066726008344900917e-03 -1.068216999999999972e+00
8.086742698191911466e-03 -2.360453000000000134e+00
8.106759388038922015e-03 -2.048214000000000201e+00
8.126776077885930830e-03 -1.308561000000000085e+00
8.146792767732939644e-03 -4.878620000000000179e-01
8.166809457579950193e-03 4.724090000000000233e-01
8.186826147426960743e-03 7.493499999999999606e-01
8.206842837273969557e-03 3.233630000000000115e-01
8.226859527120978371e-03 -5.089510000000000423e-01
8.246876216967988921e-03 -1.464809999999999945e+00
8.266892906814999470e-03 -2.703448999999999991e+00
8.286909596662008284e-03 -3.595848000000000155e+00
8.306926286509017099e-03 -4.053500999999999799e+00
8.326942976356027648e-03 -3.306059999999999999e+00
8.346959666203038197e-03 -1.513929999999999998e+00
8.366976356050047012e-03 6.245060000000000056e-01
8.386993045897055826e-03 1.865026999999999990e+00
8.407009735744066375e-03 9.098169999999999868e-01
8.427026425591076925e-03 -1.171192999999999929e+00
8.447043115438085739e-03 -2.773592999999999975e+00
8.467059805285094554e-03 -3.205224999999999991e+00
8.487076495132105103e-03 -2.605923000000000211e+00
8.507093184979115652e-03 -2.042244999999999866e+00
8.527109874826124467e-03 -1.768937999999999899e+00
8.547126564673133281e-03 -6.979680000000000328e-01
8.567143254520143830e-03 1.059512000000000009e+00
8.587159944367154379e-03 1.549738000000000060e+00
8.607176634214163194e-03 1.728879999999999861e-01
8.627193324061172008e-03 -1.692954999999999988e+00
8.647210013908182558e-03 -3.127295000000000158e+00
8.667226703755193107e-03 -3.517269999999999897e+00
8.687243393602201921e-03 -2.129194000000000031e+00
8.707260083449210736e-03 -2.466099999999999959e-01
8.727276773296221285e-03 3.049990000000000201e-01
8.747293463143231834e-03 -1.295530000000000015e-01
8.767310152990240649e-03 -1.078403999999999918e+00
8.787326842837249463e-03 -1.948676999999999992e+00
8.807343532684260012e-03 -2.402824999999999989e+00
8.827360222531270562e-03 -2.452268999999999810e+00
8.847376912378279376e-03 -2.356559999999999988e+00
8.867393602225288191e-03 -1.657915000000000028e+00
8.887410292072298740e-03 -3.878050000000000108e-01
8.907426981919309289e-03 8.661470000000000002e-01
8.927443671766318103e-03 1.361954000000000109e+00
8.947460361613326918e-03 4.953150000000000053e-01
8.967477051460337467e-03 -1.639421999999999935e+00
8.987493741307348016e-03 -3.024382999999999821e+00
9.007510431154356831e-03 -2.668604999999999894e+00
9.027527121001365645e-03 -1.934401000000000037e+00
9.047543810848376195e-03 -1.416663000000000006e+00
9.067560500695386744e-03 -1.244191999999999965e+00
9.087577190542395558e-03 -1.185988000000000042e+00
9.107593880389404373e-03 -1.079118000000000022e+00
9.127610570236414922e-03 -1.013322000000000056e+00
9.147627260083425471e-03 -9.660189999999999610e-01
9.167643949930434286e-03 -1.257559000000000093e+00
9.187660639777443100e-03 -1.662198000000000064e+00
9.207677329624453649e-03 -1.379092999999999902e+00
9.227694019471464199e-03 -6.857689999999999619e-01
9.247710709318473013e-03 -1.876269999999999882e-01
9.267727399165481827e-03 -3.103299999999999947e-01
9.287744089012492377e-03 -1.229981999999999909e+00
9.307760778859502926e-03 -2.169230000000000214e+00
9.327777468706511740e-03 -2.101617000000000068e+00
9.347794158553520555e-03 -1.403491000000000044e+00
9.367810848400531104e-03 -7.744710000000000205e-01
9.387827538247541653e-03 -7.293089999999999851e-01
9.407844228094550468e-03 -1.296426999999999996e+00
9.427860917941559282e-03 -1.470974000000000004e+00
9.447877607788569831e-03 -1.183651999999999926e+00
9.467894297635580381e-03 -7.899789999999999868e-01
9.487910987482589195e-03 -1.042715999999999976e+00
9.507927677329598010e-03 -1.785614000000000035e+00
9.527944367176608559e-03 -2.069173000000000151e+00
9.547961057023619108e-03 -1.704893999999999910e+00
9.567977746870627923e-03 -1.224596000000000018e+00
9.587994436717636737e-03 -8.614849999999999453e-01
9.608011126564647286e-03 -8.746570000000000178e-01
9.628027816411657835e-03 -7.925090000000000190e-01
9.648044506258666650e-03 -6.266570000000000196e-01
9.668061196105675464e-03 -5.178399999999999670e-01
9.688077885952686014e-03 -6.097209999999999575e-01
9.708094575799696563e-03 -1.075353999999999921e+00
9.728111265646705377e-03 -1.849723000000000006e+00
9.748127955493714192e-03 -2.431311000000000000e+00
9.768144645340724741e-03 -2.167672000000000043e+00
9.788161335187735290e-03 -1.012868000000000102e+00
9.808178025034744105e-03 2.118099999999999844e-02
9.828194714881752919e-03 1.355780000000000041e-01
9.848211404728763468e-03 -8.006199999999999983e-01
9.868228094575774018e-03 -2.112064000000000163e+00
9.888244784422782832e-03 -2.612995999999999874e+00
9.908261474269791647e-03 -2.506320999999999799e+00
9.928278164116802196e-03 -2.380179000000000045e+00
9.948294853963812745e-03 -1.703856000000000037e+00
9.968311543810821559e-03 -5.133630000000000138e-01
9.988328233657830374e-03 6.441670000000000451e-01
1.000834492350484092e-02 1.431124000000000063e+00
1.002836161335185147e-02 8.662769999999999637e-01
1.004837830319886029e-02 -8.558400000000000452e-01
1.006839499304586910e-02 -2.326516999999999946e+00
1.008841168289287965e-02 -2.965399999999999814e+00
1.010842837273989020e-02 -2.838610000000000078e+00
1.012844506258689901e-02 -1.900595000000000034e+00
1.014846175243390783e-02 -5.728649999999999576e-01
1.016847844228091838e-02 2.672999999999999821e-01
1.018849513212792893e-02 2.565930000000000155e-01
1.020851182197493774e-02 -2.325939999999999952e-01
1.022852851182194656e-02 -1.050308000000000019e+00
1.024854520166895711e-02 -1.961783999999999972e+00
1.026856189151596765e-02 -2.509954000000000018e+00
1.028857858136297647e-02 -2.803570999999999813e+00
1.030859527120998528e-02 -2.648553999999999853e+00
1.032861196105699583e-02 -1.444499999999999895e+00
1.034862865090400638e-02 4.642199999999999799e-02
1.036864534075101520e-02 4.013579999999999925e-01
1.038866203059802401e-02 -3.524419999999999775e-01
1.040867872044503456e-02 -1.167559999999999931e+00
1.042869541029204511e-02 -1.333606999999999987e+00
1.044871210013905392e-02 -9.744540000000000424e-01
1.046872878998606274e-02 -7.092589999999999728e-01
1.048874547983307329e-02 -1.027792000000000039e+00
1.050876216968008384e-02 -1.252952000000000066e+00
1.052877885952709265e-02 -9.214409999999999545e-01
1.054879554937410147e-02 -6.541040000000000187e-01
1.056881223922111201e-02 -1.112211000000000061e+00
1.058882892906812256e-02 -1.698080999999999952e+00
1.060884561891513138e-02 -1.947249000000000008e+00
1.062886230876214019e-02 -1.905591000000000035e+00
1.064887899860915074e-02 -1.305965000000000042e+00
1.066889568845616129e-02 -6.881049999999999667e-01
1.068891237830317011e-02 -6.468369999999999953e-01
1.070892906815017892e-02 -1.001187999999999967e+00
1.072894575799718947e-02 -1.458515999999999924e+00
1.074896244784420002e-02 -1.748108999999999913e+00
1.076897913769120883e-02 -1.728577999999999948e+00
1.078899582753821765e-02 -1.389410000000000034e+00
1.080901251738522820e-02 -1.030257999999999896e+00
1.082902920723223875e-02 -9.749729999999999785e-01
1.084904589707924756e-02 -6.814219999999999722e-01
1.086906258692625638e-02 -4.385000000000000009e-03
1.088907927677326692e-02 2.648340000000000138e-01
1.090909596662027747e-02 -3.687929999999999819e-01
1.092911265646728629e-02 -1.519705000000000084e+00
1.094912934631429510e-02 -2.478743000000000141e+00
1.096914603616130565e-02 -2.335665999999999798e+00
1.098916272600831620e-02 -1.499589999999999979e+00
1.100917941585532502e-02 -1.046804000000000068e+00
1.102919610570233383e-02 -1.052578999999999931e+00
1.104921279554934438e-02 -9.550530000000000408e-01
1.106922948539635493e-02 -8.582410000000000316e-01
1.108924617524336374e-02 -1.072305000000000064e+00
1.110926286509037256e-02 -1.301811999999999969e+00
1.112927955493738311e-02 -1.654735999999999985e+00
1.114929624478439366e-02 -2.118422999999999945e+00
1.116931293463140247e-02 -1.901178999999999952e+00
1.118932962447841128e-02 -1.095404999999999962e+00
1.120934631432542183e-02 -5.295849999999999724e-01
1.122936300417243238e-02 -2.050819999999999865e-01
1.124937969401944120e-02 -2.848939999999999806e-01
1.126939638386645001e-02 -9.068410000000000082e-01
1.128941307371346056e-02 -1.329453999999999914e+00
1.130942976356047111e-02 -1.154258000000000006e+00
1.132944645340747993e-02 -1.041612999999999900e+00
1.134946314325448874e-02 -1.396093999999999946e+00
1.136947983310149929e-02 -1.812478000000000034e+00
1.138949652294850984e-02 -1.801187000000000094e+00
1.140951321279551865e-02 -1.350478000000000067e+00
1.142952990264252747e-02 -8.149610000000000465e-01
1.144954659248953802e-02 -8.405909999999999771e-01
1.146956328233654857e-02 -1.373901999999999957e+00
1.148957997218355738e-02 -1.686854999999999993e+00
1.150959666203056619e-02 -1.553446000000000105e+00
1.152961335187757674e-02 -1.434897000000000089e+00
1.154963004172458729e-02 -1.468833000000000055e+00
1.156964673157159611e-02 -1.436649000000000065e+00
1.158966342141860492e-02 -1.260413999999999923e+00
1.160968011126561547e-02 -9.732210000000000027e-01
1.162969680111262602e-02 -5.779260000000000508e-01
1.164971349095963483e-02 -3.989010000000000056e-01
1.166973018080664365e-02 -6.827199999999999935e-01
1.168974687065365420e-02 -1.345221999999999918e+00
1.170976356050066475e-02 -1.966779999999999973e+00
1.172978025034767356e-02 -2.120239000000000207e+00
1.174979694019468238e-02 -1.524505999999999917e+00
1.176981363004169293e-02 -6.144579999999999487e-01
1.178983031988870347e-02 -2.283769999999999967e-01
1.180984700973571229e-02 -5.545020000000000504e-01
1.182986369958272110e-02 -1.088136999999999910e+00
1.184988038942973165e-02 -1.414911000000000030e+00
1.186989707927674220e-02 -1.695160999999999918e+00
1.188991376912375102e-02 -2.124782000000000171e+00
1.190993045897075983e-02 -2.343907000000000185e+00
1.192994714881777038e-02 -1.986375999999999920e+00
1.194996383866478093e-02 -1.019420999999999911e+00
1.196998052851178974e-02 -1.982799999999999840e-02
1.198999721835879856e-02 1.157870000000000010e-01
1.201001390820580911e-02 -5.214739999999999931e-01
1.203003059805281966e-02 -1.274235000000000007e+00
1.205004728789982847e-02 -1.836745999999999990e+00
1.207006397774683729e-02 -1.987219999999999986e+00
1.209008066759384784e-02 -1.594195999999999946e+00
1.211009735744085838e-02 -1.105461999999999945e+00
1.213011404728786720e-02 -8.601870000000000349e-01
1.215013073713487601e-02 -8.130789999999999962e-01
1.217014742698188656e-02 -1.023898999999999893e+00
1.219016411682889711e-02 -1.350543000000000049e+00
1.221018080667590593e-02 -1.496993999999999936e+00
1.223019749652291474e-02 -1.526777999999999968e+00
1.225021418636992529e-02 -1.537873000000000046e+00
1.227023087621693584e-02 -1.194487999999999994e+00
1.229024756606394465e-02 -4.872130000000000072e-01
1.231026425591095347e-02 -2.138500000000000123e-02
1.233028094575796402e-02 -3.653540000000000121e-01
1.235029763560497457e-02 -1.359496999999999955e+00
1.237031432545198338e-02 -2.374014999999999986e+00
1.239033101529899220e-02 -2.695467999999999975e+00
1.241034770514600274e-02 -2.168711000000000055e+00
1.243036439499301329e-02 -1.406022000000000105e+00
1.245038108484002211e-02 -7.533819999999999961e-01
1.247039777468703092e-02 -3.647050000000000014e-01
1.249041446453404147e-02 -1.516149999999999998e-01
1.251043115438105202e-02 -2.315560000000000118e-01
1.253044784422806084e-02 -6.966059999999999475e-01
1.255046453407506965e-02 -1.350089000000000095e+00
1.257048122392208020e-02 -1.939982000000000095e+00
1.259049791376909075e-02 -2.193367999999999984e+00
1.261051460361609956e-02 -1.831749000000000072e+00
1.263053129346310838e-02 -1.238547000000000065e+00
1.265054798331011893e-02 -7.727840000000000265e-01
1.267056467315712948e-02 -5.994040000000000479e-01
1.269058136300413829e-02 -8.403960000000000319e-01
1.271059805285114711e-02 -1.299282000000000048e+00
1.273061474269815765e-02 -1.508024999999999949e+00
1.275063143254516820e-02 -1.367348999999999926e+00
1.277064812239217702e-02 -1.342562000000000033e+00
1.279066481223918583e-02 -1.442034000000000038e+00
1.281068150208619638e-02 -1.423086999999999991e+00
1.283069819193320693e-02 -1.269368000000000052e+00
1.285071488178021575e-02 -1.003263999999999934e+00
1.287073157162722456e-02 -7.260649999999999604e-01
1.289074826147423511e-02 -8.232009999999999605e-01
1.291076495132124566e-02 -1.159318999999999988e+00
1.293078164116825447e-02 -1.446965999999999974e+00
1.295079833101526329e-02 -1.466626999999999903e+00
1.297081502086227384e-02 -1.363455000000000084e+00
1.299083171070928439e-02 -1.329584000000000099e+00
1.301084840055629320e-02 -1.368387000000000020e+00
1.303086509040330201e-02 -1.341458999999999957e+00
1.305088178025031256e-02 -1.140241999999999978e+00
1.307089847009732311e-02 -8.953560000000000407e-01
1.309091515994433193e-02 -8.387090000000000378e-01
1.311093184979134074e-02 -9.421399999999999775e-01
1.313094853963835129e-02 -1.163276999999999894e+00
1.315096522948536184e-02 -1.321668000000000065e+00
1.317098191933237065e-02 -1.356448000000000098e+00
1.319099860917937947e-02 -1.260348999999999942e+00
1.321101529902639002e-02 -1.213305999999999996e+00
1.323103198887340057e-02 -1.304667000000000021e+00
1.325104867872040938e-02 -1.316476999999999897e+00
1.327106536856741820e-02 -1.234070000000000000e+00
1.329108205841442875e-02 -1.254704000000000041e+00
1.331109874826143930e-02 -1.334256000000000109e+00
1.333111543810844811e-02 -1.435221000000000080e+00
1.335113212795545692e-02 -1.413807999999999954e+00
1.337114881780246747e-02 -1.327053000000000038e+00
1.339116550764947802e-02 -1.148158000000000012e+00
1.341118219749648684e-02 -9.864579999999999460e-01
1.343119888734349565e-02 -1.068022000000000027e+00
1.345121557719050620e-02 -1.226801999999999948e+00
1.347123226703751675e-02 -1.304148000000000085e+00
1.349124895688452556e-02 -1.341004000000000085e+00
1.351126564673153438e-02 -1.338602999999999987e+00
1.353128233657854493e-02 -1.280853999999999937e+00
1.355129902642555548e-02 -1.224984999999999991e+00
1.357131571627256429e-02 -1.074381000000000030e+00
1.359133240611957311e-02 -8.697259999999999991e-01
1.361134909596658366e-02 -8.982759999999999634e-01
1.363136578581359420e-02 -1.191114000000000006e+00
1.365138247566060302e-02 -1.470455000000000068e+00
1.367139916550761183e-02 -1.671607000000000065e+00
1.369141585535462238e-02 -1.665442000000000089e+00
1.371143254520163293e-02 -1.284812000000000065e+00
1.373144923504864175e-02 -9.302009999999999446e-01
1.375146592489565056e-02 -8.387740000000000196e-01
1.377148261474266111e-02 -9.337050000000000072e-01
1.379149930458967166e-02 -1.135245999999999977e+00
1.381151599443668047e-02 -1.334060999999999941e+00
1.383153268428368929e-02 -1.506532999999999900e+00
1.385154937413069984e-02 -1.602956000000000047e+00
1.387156606397771039e-02 -1.632025000000000059e+00
1.389158275382471920e-02 -1.380131999999999914e+00
1.391159944367172802e-02 -8.355949999999999767e-01
1.393161613351873857e-02 -4.290740000000000109e-01
1.395163282336574911e-02 -4.619719999999999938e-01
1.397164951321275793e-02 -9.509649999999999492e-01
1.399166620305976674e-02 -1.614765000000000006e+00
1.401168289290677729e-02 -2.021285999999999916e+00
1.403169958275378784e-02 -1.935958999999999985e+00
1.405171627260079666e-02 -1.520612999999999992e+00
1.407173296244780547e-02 -1.062700999999999896e+00
1.409174965229481602e-02 -7.371600000000000374e-01
1.411176634214182657e-02 -5.751359999999999806e-01
1.413178303198883538e-02 -6.509249999999999758e-01
1.415179972183584420e-02 -1.005989999999999940e+00
1.417181641168285475e-02 -1.455985000000000085e+00
1.419183310152986530e-02 -1.872109000000000023e+00
1.421184979137687411e-02 -1.954906000000000033e+00
1.423186648122388293e-02 -1.659796999999999967e+00
1.425188317107089347e-02 -1.070618000000000070e+00
1.427189986091790402e-02 -5.100540000000000074e-01
1.429191655076491284e-02 -3.685339999999999727e-01
1.431193324061192165e-02 -6.949180000000000357e-01
1.433194993045893220e-02 -1.224855999999999945e+00
1.435196662030594275e-02 -1.532097999999999960e+00
1.437198331015295157e-02 -1.559026999999999941e+00
1.439199999999996038e-02 -1.476944000000000035e+00
1.441201668984697093e-02 -1.306809000000000109e+00
1.443203337969398148e-02 -1.166261999999999910e+00
1.445205006954099029e-02 -1.044273000000000007e+00
1.447206675938799911e-02 -8.909439999999999582e-01
1.449208344923500966e-02 -8.730350000000000055e-01
1.451210013908202021e-02 -1.075873999999999997e+00
1.453211682892902902e-02 -1.377146999999999899e+00
1.455213351877603783e-02 -1.417572000000000054e+00
1.457215020862304838e-02 -1.253341000000000038e+00
1.459216689847005893e-02 -1.035968000000000000e+00
1.461218358831706775e-02 -9.418159999999999865e-01
1.463220027816407656e-02 -1.024223000000000106e+00
1.465221696801108711e-02 -1.178395999999999999e+00
1.467223365785809766e-02 -1.256261000000000072e+00
1.469225034770510648e-02 -1.212657000000000096e+00
1.471226703755211529e-02 -1.098065000000000069e+00
1.473228372739912584e-02 -1.055045000000000011e+00
1.475230041724613639e-02 -1.139269000000000087e+00
1.477231710709314520e-02 -1.242180000000000062e+00
1.479233379694015402e-02 -1.261905999999999972e+00
1.481235048678716457e-02 -1.176903999999999950e+00
1.483236717663417512e-02 -1.103515999999999941e+00
1.485238386648118393e-02 -1.070553000000000088e+00
1.487240055632819274e-02 -1.060041000000000011e+00
1.489241724617520329e-02 -9.788670000000000426e-01
1.491243393602221384e-02 -8.875699999999999701e-01
1.493245062586922266e-02 -8.322859999999999703e-01
1.495246731571623147e-02 -9.901569999999999538e-01
1.497248400556324202e-02 -1.259376000000000051e+00
1.499250069541025257e-02 -1.351776000000000089e+00
1.501251738525726138e-02 -1.227646000000000015e+00
1.503253407510427020e-02 -1.130638999999999950e+00
1.505255076495128075e-02 -1.089564999999999895e+00
1.507256745479829130e-02 -1.145497999999999905e+00
1.509258414464530011e-02 -1.289678000000000102e+00
1.511260083449230893e-02 -1.358328999999999898e+00
1.513261752433931948e-02 -1.252691999999999917e+00
1.515263421418633003e-02 -1.101698999999999984e+00
1.517265090403333884e-02 -1.056148000000000087e+00
1.519266759388034765e-02 -1.089175999999999922e+00
1.521268428372735820e-02 -1.075094999999999912e+00
1.523270097357436875e-02 -1.097026999999999974e+00
1.525271766342137757e-02 -1.169831000000000065e+00
1.527273435326838638e-02 -1.244906000000000068e+00
1.529275104311539693e-02 -1.321277999999999953e+00
1.531276773296240748e-02 -1.238936000000000037e+00
1.533278442280941629e-02 -9.750379999999999603e-01
1.535280111265642511e-02 -6.639019999999999921e-01
1.537281780250343566e-02 -5.400319999999999565e-01
1.539283449235044621e-02 -7.191220000000000390e-01
1.541285118219745502e-02 -1.150039999999999951e+00
1.543286787204446384e-02 -1.539690000000000003e+00
1.545288456189147439e-02 -1.687114999999999920e+00
1.547290125173848493e-02 -1.627288000000000068e+00
1.549291794158549375e-02 -1.450728999999999935e+00
1.551293463143250256e-02 -1.127134999999999998e+00
1.553295132127951311e-02 -8.072390000000000398e-01
1.555296801112652366e-02 -6.305500000000000549e-01
1.557298470097353248e-02 -6.363250000000000295e-01
1.559300139082054129e-02 -8.550609999999999600e-01
1.561301808066755184e-02 -1.247500999999999971e+00
1.563303477051456239e-02 -1.565320999999999962e+00
1.565305146036156947e-02 -1.651426999999999978e+00
1.567306815020858002e-02 -1.448328000000000060e+00
1.569308484005559057e-02 -1.079442000000000013e+00
1.571310152990260112e-02 -7.749899999999999567e-01
1.573311821974961167e-02 -6.893380000000000063e-01
1.575313490959661875e-02 -7.869939999999999714e-01
1.577315159944362929e-02 -9.661490000000000355e-01
1.579316828929063984e-02 -1.135375999999999941e+00
1.581318497913764692e-02 -1.262750000000000039e+00
1.583320166898465747e-02 -1.326405000000000056e+00
1.585321835883166802e-02 -1.261257000000000073e+00
1.587323504867867857e-02 -1.130184000000000077e+00
1.589325173852568912e-02 -8.846500000000000474e-01
1.591326842837269620e-02 -8.202810000000000379e-01
1.593328511821970675e-02 -1.033762000000000070e+00
1.595330180806671730e-02 -1.335488999999999926e+00
1.597331849791372438e-02 -1.511463999999999919e+00
1.599333518776073493e-02 -1.483821999999999974e+00
1.601335187760774548e-02 -1.309209000000000067e+00
1.603336856745475603e-02 -9.896380000000000177e-01
1.605338525730176658e-02 -7.910169999999999702e-01
1.607340194714877366e-02 -7.472180000000000488e-01
1.609341863699578420e-02 -6.102400000000000047e-01
1.611343532684279475e-02 -7.644779999999999909e-01
1.613345201668980183e-02 -1.082880999999999982e+00
1.615346870653681238e-02 -1.261128000000000027e+00
1.617348539638382293e-02 -1.428212999999999955e+00
1.619350208623083348e-02 -1.456957999999999975e+00
1.621351877607784403e-02 -1.214409000000000072e+00
1.623353546592485111e-02 -9.756869999999999710e-01
1.625355215577186166e-02 -8.867260000000000142e-01
1.627356884561887221e-02 -9.343540000000000179e-01
1.629358553546587929e-02 -1.078079999999999927e+00
1.631360222531288984e-02 -1.245425000000000004e+00
1.633361891515990039e-02 -1.220377999999999963e+00
1.635363560500691094e-02 -1.142773000000000039e+00
1.637365229485392149e-02 -1.092160000000000020e+00
1.639366898470092856e-02 -1.059002999999999917e+00
1.641368567454793911e-02 -1.089564999999999895e+00
1.643370236439494966e-02 -1.154128000000000043e+00
1.645371905424195674e-02 -1.238221999999999934e+00
1.647373574408896729e-02 -1.358783999999999992e+00
1.649375243393597784e-02 -1.405826999999999938e+00
1.651376912378298839e-02 -1.319072000000000022e+00
1.653378581362999894e-02 -1.074316000000000049e+00
1.655380250347700602e-02 -8.040589999999999682e-01
1.657381919332401657e-02 -6.852500000000000258e-01
1.659383588317102712e-02 -7.540959999999999885e-01
1.661385257301803420e-02 -9.003529999999999589e-01
1.663386926286504475e-02 -1.046219999999999928e+00
1.665388595271205530e-02 -1.172296999999999922e+00
1.667390264255906585e-02 -1.288769999999999971e+00
1.669391933240607639e-02 -1.341847999999999930e+00
1.671393602225308347e-02 -1.348271999999999915e+00
1.673395271210009402e-02 -1.261128000000000027e+00
1.675396940194710457e-02 -1.088136999999999910e+00
1.677398609179411165e-02 -9.775040000000000395e-01
1.679400278164112220e-02 -9.625150000000000095e-01
1.681401947148813275e-02 -1.020914000000000099e+00
1.683403616133514330e-02 -1.105202999999999935e+00
1.685405285118215385e-02 -1.148613000000000106e+00
1.687406954102916093e-02 -1.127718999999999916e+00
1.689408623087617148e-02 -1.111885999999999930e+00
1.691410292072318203e-02 -1.174762000000000084e+00
1.693411961057018911e-02 -1.201691000000000065e+00
1.695413630041719966e-02 -1.133429000000000020e+00
1.697415299026421021e-02 -1.010726000000000013e+00
1.699416968011122075e-02 -9.113189999999999902e-01
1.701418636995823130e-02 -9.077499999999999458e-01
1.703420305980523838e-02 -1.088136999999999910e+00
1.705421974965224893e-02 -1.337175999999999920e+00
1.707423643949925948e-02 -1.384543999999999997e+00
1.709425312934626656e-02 -1.318033999999999928e+00
1.711426981919327711e-02 -1.331596000000000002e+00
1.713428650904028766e-02 -1.102152999999999938e+00
1.715430319888729821e-02 -9.283839999999999870e-01
1.717431988873430876e-02 -9.061280000000000445e-01
1.719433657858131584e-02 -9.515489999999999782e-01
1.721435326842832639e-02 -1.059261999999999926e+00
1.723436995827533694e-02 -1.310637000000000052e+00
1.725438664812234402e-02 -1.516200999999999910e+00
1.727440333796935457e-02 -1.550721000000000016e+00
1.729442002781636512e-02 -1.368387000000000020e+00
1.731443671766337566e-02 -1.032658000000000076e+00
1.733445340751038621e-02 -6.980979999999999963e-01
1.735447009735739329e-02 -6.485889999999999711e-01
1.737448678720440384e-02 -8.578510000000000302e-01
1.739450347705141439e-02 -1.105332999999999899e+00
1.741452016689842147e-02 -1.257624000000000075e+00
1.743453685674543202e-02 -1.410174000000000039e+00
1.745455354659244257e-02 -1.409526000000000057e+00
1.747457023643945312e-02 -1.315439000000000025e+00
1.749458692628646367e-02 -1.179110000000000102e+00
1.751460361613347075e-02 -9.870419999999999749e-01
1.753462030598048130e-02 -8.530499999999999750e-01
1.755463699582749185e-02 -8.947720000000000118e-01
1.757465368567449893e-02 -1.109809999999999963e+00
1.759467037552150948e-02 -1.313296999999999937e+00
1.761468706536852002e-02 -1.411731999999999987e+00
1.763470375521553057e-02 -1.334645000000000081e+00
1.765472044506254112e-02 -1.114027000000000100e+00
1.767473713490954820e-02 -9.411669999999999758e-01
1.769475382475655875e-02 -9.157960000000000544e-01
1.771477051460356930e-02 -1.038497999999999921e+00
1.773478720445057638e-02 -1.229073000000000082e+00
1.775480389429758693e-02 -1.307067999999999897e+00
1.777482058414459748e-02 -1.298437999999999981e+00
1.779483727399160803e-02 -1.231279000000000012e+00
1.781485396383861858e-02 -1.146341999999999972e+00
1.783487065368562566e-02 -1.078858000000000095e+00
1.785488734353263621e-02 -9.967110000000000136e-01
1.787490403337964676e-02 -9.761410000000000364e-01
1.789492072322665384e-02 -1.074575999999999976e+00
1.791493741307366439e-02 -1.258337999999999957e+00
1.793495410292067493e-02 -1.391291999999999973e+00
1.795497079276768548e-02 -1.369750000000000023e+00
1.797498748261469603e-02 -1.228553999999999924e+00
1.799500417246170311e-02 -1.017344999999999944e+00
1.801502086230871366e-02 -8.513619999999999521e-01
1.803503755215572421e-02 -8.566179999999999906e-01
1.805505424200273129e-02 -9.564799999999999969e-01
1.807507093184974184e-02 -1.098648999999999987e+00
1.809508762169675239e-02 -1.267422000000000049e+00
1.811510431154376294e-02 -1.346778999999999948e+00
1.813512100139077349e-02 -1.338602999999999987e+00
1.815513769123778057e-02 -1.284162999999999943e+00
1.817515438108479112e-02 -1.208178999999999892e+00
1.819517107093180167e-02 -1.094171999999999922e+00
1.821518776077880875e-02 -1.036486999999999936e+00
1.823520445062581929e-02 -1.052383999999999986e+00
1.825522114047282984e-02 -1.155556000000000028e+00
1.827523783031984039e-02 -1.258596999999999966e+00
1.829525452016685094e-02 -1.296167000000000069e+00
1.831527121001385802e-02 -1.259894999999999987e+00
1.833528789986086857e-02 -1.165548000000000028e+00
1.835530458970787912e-02 -1.080351000000000061e+00
1.837532127955488620e-02 -1.056472000000000078e+00
1.839533796940189675e-02 -1.066853999999999969e+00
1.841535465924890730e-02 -1.103256000000000014e+00
1.843537134909591785e-02 -1.176190000000000069e+00
1.845538803894292840e-02 -1.225503999999999927e+00
1.847540472878993548e-02 -1.280723999999999974e+00
1.849542141863694603e-02 -1.231734000000000107e+00
1.851543810848395658e-02 -1.128692000000000029e+00
1.853545479833096365e-02 -1.057315999999999923e+00
1.855547148817797420e-02 -1.003589000000000064e+00
1.857548817802498475e-02 -9.694580000000000419e-01
1.859550486787199530e-02 -9.527170000000000361e-01
1.861552155771900585e-02 -1.026623999999999981e+00
1.863553824756601293e-02 -1.168144000000000071e+00
1.865555493741302348e-02 -1.317385000000000028e+00
1.867557162726003403e-02 -1.423411999999999900e+00
1.869558831710704111e-02 -1.423735999999999891e+00
1.871560500695405166e-02 -1.339317000000000091e+00
1.873562169680106221e-02 -1.202469000000000010e+00
1.875563838664807276e-02 -1.069125000000000103e+00
1.877565507649508331e-02 -9.956080000000000485e-01
1.879567176634209039e-02 -9.381819999999999604e-01
1.881568845618910094e-02 -9.340289999999999981e-01
1.883570514603611148e-02 -1.004626999999999937e+00
1.885572183588311856e-02 -1.107213999999999920e+00
1.887573852573012911e-02 -1.218042000000000069e+00
1.889575521557713966e-02 -1.287925999999999904e+00
1.891577190542415021e-02 -1.267681000000000058e+00
1.893578859527116076e-02 -1.161655000000000104e+00
1.895580528511816784e-02 -1.050373000000000001e+00
1.897582197496517839e-02 -1.004431999999999992e+00
1.899583866481218894e-02 -1.084373999999999949e+00
1.901585535465919602e-02 -1.194034000000000040e+00
1.903587204450620657e-02 -1.287406999999999968e+00
1.905588873435321712e-02 -1.287471999999999950e+00
1.907590542420022767e-02 -1.261063000000000045e+00
1.909592211404723822e-02 -1.194293000000000049e+00
1.911593880389424530e-02 -1.128042999999999907e+00
1.913595549374125585e-02 -1.062766000000000099e+00
1.915597218358826639e-02 -1.020070000000000032e+00
1.917598887343527347e-02 -1.062442000000000109e+00
1.919600556328228402e-02 -1.174372999999999889e+00
1.921602225312929457e-02 -1.257104999999999917e+00
1.923603894297630512e-02 -1.304148000000000085e+00
1.925605563282331567e-02 -1.221546000000000021e+00
1.927607232267032275e-02 -1.043819000000000052e+00
1.929608901251733330e-02 -9.195590000000000153e-01
1.931610570236434385e-02 -8.882839999999999625e-01
1.933612239221135093e-02 -9.782180000000000319e-01
1.935613908205836148e-02 -1.114092000000000082e+00
1.937615577190537203e-02 -1.242828999999999962e+00
1.939617246175238258e-02 -1.316022999999999943e+00
1.941618915159939313e-02 -1.325172000000000017e+00
1.943620584144640021e-02 -1.262489999999999890e+00
1.945622253129341075e-02 -1.170998999999999901e+00
1.947623922114042130e-02 -1.088851000000000013e+00
1.949625591098742838e-02 -1.051087000000000105e+00
1.951627260083443893e-02 -1.153478999999999921e+00
1.953628929068144948e-02 -1.272936999999999985e+00
1.955630598052846003e-02 -1.372474999999999890e+00
1.957632267037547058e-02 -1.341588000000000003e+00
1.959633936022247766e-02 -1.227386000000000088e+00
1.961635605006948821e-02 -1.044143999999999961e+00
1.963637273991649876e-02 -9.145630000000000148e-01
1.965638942976350584e-02 -9.006119999999999681e-01
1.967640611961051639e-02 -9.789320000000000244e-01
1.969642280945752694e-02 -1.132260999999999962e+00
1.971643949930453749e-02 -1.280075000000000074e+00
1.973645618915154804e-02 -1.332568999999999892e+00
1.975647287899855511e-02 -1.298891999999999936e+00
1.977648956884556566e-02 -1.167753999999999959e+00
1.979650625869257621e-02 -1.011050999999999922e+00
1.981652294853958329e-02 -8.927610000000000268e-01
1.983653963838659384e-02 -9.045699999999999852e-01
1.985655632823360439e-02 -1.016631000000000062e+00
1.987657301808061494e-02 -1.236080999999999985e+00
1.989658970792762549e-02 -1.401089999999999947e+00
1.991660639777463257e-02 -1.464809999999999945e+00
1.993662308762164312e-02 -1.376821999999999990e+00
1.995663977746865367e-02 -1.218301999999999996e+00
1.997665646731566075e-02 -1.064259000000000066e+00
1.999667315716267130e-02 -9.597900000000000320e-01
2.001668984700968185e-02 -9.167039999999999633e-01
2.003670653685669240e-02 -9.375329999999999497e-01
2.005672322670370294e-02 -1.018253000000000075e+00
2.007673991655071002e-02 -1.110068999999999972e+00
2.009675660639772057e-02 -1.202404000000000028e+00
2.011677329624473112e-02 -1.247630999999999935e+00
2.013678998609173820e-02 -1.214603000000000099e+00
2.015680667593874875e-02 -1.161070999999999964e+00
2.017682336578575930e-02 -1.140695999999999932e+00
2.019684005563276985e-02 -1.160487000000000046e+00
2.021685674547978040e-02 -1.154972000000000110e+00
2.023687343532678748e-02 -1.148028999999999966e+00
2.025689012517379803e-02 -1.136738000000000026e+00
2.027690681502080858e-02 -1.114740999999999982e+00
2.029692350486781566e-02 -1.128627000000000047e+00
2.031694019471482621e-02 -1.175216000000000038e+00
2.033695688456183676e-02 -1.180277999999999938e+00
2.035697357440884731e-02 -1.164379999999999971e+00
2.037699026425585785e-02 -1.128562000000000065e+00
2.039700695410286493e-02 -1.104748999999999981e+00
2.041702364394987548e-02 -1.109874999999999945e+00
2.043704033379688603e-02 -1.139593000000000078e+00
2.045705702364389311e-02 -1.153933000000000098e+00
2.047707371349090366e-02 -1.134986000000000050e+00
2.049709040333791421e-02 -1.105072999999999972e+00
2.051710709318492476e-02 -1.082297000000000065e+00
2.053712378303193531e-02 -1.089239999999999986e+00
2.055714047287894239e-02 -1.067048999999999914e+00
2.057715716272595294e-02 -1.034734999999999960e+00
2.059717385257296349e-02 -1.020199999999999996e+00
2.061719054241997057e-02 -1.067503000000000091e+00
2.063720723226698112e-02 -1.179953000000000030e+00
2.065722392211399167e-02 -1.287860999999999922e+00
2.067724061196100221e-02 -1.326664000000000065e+00
2.069725730180801276e-02 -1.301746999999999987e+00
2.071727399165501984e-02 -1.228423999999999960e+00
2.073729068150203039e-02 -1.146600999999999981e+00
2.075730737134904094e-02 -1.106500999999999957e+00
2.077732406119604802e-02 -1.122981999999999925e+00
2.079734075104305857e-02 -1.141863999999999990e+00
2.081735744089006912e-02 -1.177032999999999996e+00
2.083737413073707967e-02 -1.204611000000000098e+00
2.085739082058409022e-02 -1.198445999999999900e+00
2.087740751043109730e-02 -1.160552000000000028e+00
2.089742420027810785e-02 -1.098260000000000014e+00
2.091744089012511840e-02 -1.050373000000000001e+00
2.093745757997212548e-02 -1.017994000000000065e+00
2.095747426981913603e-02 -1.055304000000000020e+00
2.097749095966614657e-02 -1.151143000000000027e+00
2.099750764951315712e-02 -1.232188000000000061e+00
2.101752433936016767e-02 -1.223688000000000109e+00
2.103754102920717475e-02 -1.153348999999999958e+00
2.105755771905418530e-02 -1.052448999999999968e+00
2.107757440890119585e-02 -1.011050999999999922e+00
2.109759109874820293e-02 -1.013517000000000001e+00
2.111760778859521348e-02 -1.094756000000000062e+00
2.113762447844222403e-02 -1.204285999999999968e+00
2.115764116828923458e-02 -1.281566999999999901e+00
2.117765785813624513e-02 -1.344832999999999945e+00
2.119767454798325221e-02 -1.327701999999999938e+00
2.121769123783026276e-02 -1.205907999999999980e+00
2.123770792767727331e-02 -1.059261999999999926e+00
2.125772461752428039e-02 -9.265020000000000477e-01
2.127774130737129094e-02 -8.753710000000000102e-01
2.129775799721830148e-02 -9.205980000000000274e-01
2.131777468706531203e-02 -1.050502999999999965e+00
2.133779137691232258e-02 -1.186895999999999951e+00
2.135780806675932966e-02 -1.268394999999999939e+00
2.137782475660634021e-02 -1.288834999999999953e+00
2.139784144645335076e-02 -1.208439000000000041e+00
2.141785813630035784e-02 -1.089110999999999940e+00
2.143787482614736839e-02 -1.018513000000000002e+00
2.145789151599437894e-02 -1.007805999999999980e+00
2.147790820584138949e-02 -1.071655999999999942e+00
2.149792489568840004e-02 -1.158411000000000080e+00
2.151794158553540712e-02 -1.230175999999999936e+00
2.153795827538241767e-02 -1.250097000000000014e+00
2.155797496522942822e-02 -1.219988999999999990e+00
2.157799165507643530e-02 -1.146989999999999954e+00
2.159800834492344584e-02 -1.052124999999999977e+00
2.161802503477045639e-02 -9.959970000000000212e-01
2.163804172461746694e-02 -9.631640000000000201e-01
2.165805841446447749e-02 -9.962560000000000304e-01
2.167807510431148457e-02 -1.086904000000000092e+00
2.169809179415849512e-02 -1.170285000000000020e+00
2.171810848400550567e-02 -1.207530999999999910e+00
2.173812517385251275e-02 -1.191114000000000006e+00
2.175814186369952330e-02 -1.117466999999999988e+00
2.177815855354653385e-02 -1.029997999999999969e+00
2.179817524339354440e-02 -1.013970999999999956e+00
2.181819193324055495e-02 -1.020459999999999923e+00
2.183820862308756203e-02 -1.092808999999999919e+00
2.185822531293457258e-02 -1.155620000000000092e+00
2.187824200278158313e-02 -1.159513999999999934e+00
2.189825869262859021e-02 -1.166261999999999910e+00
2.191827538247560075e-02 -1.171453000000000078e+00
2.193829207232261130e-02 -1.161200999999999928e+00
2.195830876216962185e-02 -1.145043999999999951e+00
2.197832545201663240e-02 -1.101698999999999984e+00
2.199834214186363948e-02 -1.078858000000000095e+00
2.201835883171065003e-02 -1.074640999999999957e+00
2.203837552155766058e-02 -1.123370999999999897e+00
2.205839221140466766e-02 -1.125836999999999977e+00
2.207840890125167821e-02 -1.104228999999999905e+00
2.209842559109868876e-02 -1.067307999999999923e+00
2.211844228094569931e-02 -1.043299999999999894e+00
2.213845897079270986e-02 -1.107733000000000079e+00
2.215847566063971694e-02 -1.167883999999999922e+00
2.217849235048672749e-02 -1.210061000000000053e+00
2.219850904033373803e-02 -1.198056999999999928e+00
2.221852573018074511e-02 -1.172101999999999977e+00
2.223854242002775566e-02 -1.151143000000000027e+00
2.225855910987476621e-02 -1.133817999999999993e+00
2.227857579972177676e-02 -1.139917999999999987e+00
2.229859248956878731e-02 -1.118374999999999897e+00
2.231860917941579439e-02 -1.060624999999999929e+00
2.233862586926280494e-02 -1.055757999999999974e+00
2.235864255910981549e-02 -1.056926000000000032e+00
2.237865924895682257e-02 -1.100076999999999972e+00
2.239867593880383312e-02 -1.119153999999999982e+00
2.241869262865084367e-02 -1.135440000000000005e+00
2.243870931849785422e-02 -1.110652999999999890e+00
2.245872600834486477e-02 -1.102282999999999902e+00
2.247874269819187185e-02 -1.113572999999999924e+00
2.249875938803888240e-02 -1.103191000000000033e+00
2.251877607788589294e-02 -1.051345999999999892e+00
2.253879276773290002e-02 -1.029219000000000106e+00
2.255880945757991057e-02 -1.002939999999999943e+00
2.257882614742692112e-02 -1.059002999999999917e+00
2.259884283727393167e-02 -1.161720000000000086e+00
2.261885952712094222e-02 -1.244710999999999901e+00
2.263887621696794930e-02 -1.259830000000000005e+00
2.265889290681495985e-02 -1.206817000000000029e+00
2.267890959666197040e-02 -1.098130000000000051e+00
2.269892628650897748e-02 -1.042456000000000049e+00
2.271894297635598803e-02 -1.021173000000000108e+00
2.273895966620299858e-02 -1.060754999999999892e+00
2.275897635605000913e-02 -1.101504000000000039e+00
2.277899304589701968e-02 -1.143745999999999929e+00
2.279900973574402676e-02 -1.173918999999999935e+00
2.281902642559103730e-02 -1.189232000000000067e+00
2.283904311543804785e-02 -1.158800000000000052e+00
2.285905980528505493e-02 -1.079701999999999940e+00
2.287907649513206548e-02 -9.988519999999999621e-01
2.289909318497907603e-02 -9.502509999999999568e-01
2.291910987482608658e-02 -1.015916999999999959e+00
2.293912656467309713e-02 -1.096638000000000002e+00
2.295914325452010421e-02 -1.210385999999999962e+00
2.297915994436711476e-02 -1.261128000000000027e+00
2.299917663421412531e-02 -1.217263999999999902e+00
2.301919332406113239e-02 -1.125771999999999995e+00
2.303921001390814294e-02 -1.032594000000000012e+00
2.305922670375515349e-02 -9.973600000000000243e-01
2.307924339360216404e-02 -1.008585000000000065e+00
2.309926008344917459e-02 -1.038432999999999939e+00
2.311927677329618167e-02 -1.121035000000000004e+00
2.313929346314319221e-02 -1.185143999999999975e+00
2.315931015299020276e-02 -1.229527000000000037e+00
2.317932684283720984e-02 -1.230760000000000076e+00
2.319934353268422039e-02 -1.141734000000000027e+00
2.321936022253123094e-02 -1.052774000000000099e+00
2.323937691237824149e-02 -9.779579999999999940e-01
2.325939360222525204e-02 -9.858740000000000281e-01
2.327941029207225912e-02 -1.041612999999999900e+00
2.329942698191926967e-02 -1.116039000000000003e+00
2.331944367176628022e-02 -1.151856999999999909e+00
2.333946036161328730e-02 -1.153543999999999903e+00
2.335947705146029785e-02 -1.116168999999999967e+00
2.337949374130730840e-02 -1.079831999999999903e+00
2.339951043115431895e-02 -1.047128000000000059e+00
2.341952712100132949e-02 -1.045765999999999973e+00
2.343954381084833657e-02 -1.074834999999999985e+00
2.345956050069534712e-02 -1.113053999999999988e+00
2.347957719054235767e-02 -1.159837999999999925e+00
2.349959388038936475e-02 -1.169635999999999898e+00
2.351961057023637530e-02 -1.158085999999999949e+00
2.353962726008338585e-02 -1.115194999999999936e+00
2.355964394993039640e-02 -1.073731999999999909e+00
2.357966063977740695e-02 -1.044987000000000110e+00
2.359967732962441403e-02 -1.054461000000000093e+00
2.361969401947142458e-02 -1.089630000000000098e+00
2.363971070931843513e-02 -1.133753000000000011e+00
2.365972739916544221e-02 -1.120516000000000068e+00
2.367974408901245276e-02 -1.146276999999999990e+00
2.369976077885946331e-02 -1.117985999999999924e+00
2.371977746870647386e-02 -1.091121999999999925e+00
2.373979415855348440e-02 -1.052319000000000004e+00
2.375981084840049148e-02 -1.041158999999999946e+00
2.377982753824750203e-02 -1.047776999999999958e+00
2.379984422809451258e-02 -1.068735999999999908e+00
2.381986091794151966e-02 -1.114611000000000018e+00
2.383987760778853021e-02 -1.134142999999999901e+00
2.385989429763554076e-02 -1.138619999999999965e+00
2.387991098748255131e-02 -1.126031999999999922e+00
2.389992767732956186e-02 -1.111172000000000049e+00
2.391994436717656894e-02 -1.100854999999999917e+00
2.393996105702357949e-02 -1.088786000000000032e+00
2.395997774687059004e-02 -1.093263000000000096e+00
2.397999443671759712e-02 -1.107019999999999893e+00
2.400001112656460767e-02 -1.106241000000000030e+00
2.402002781641161822e-02 -1.122203000000000062e+00
2.404004450625862876e-02 -1.109550000000000036e+00
2.406006119610563931e-02 -1.098000000000000087e+00
2.408007788595264639e-02 -1.056926000000000032e+00
2.410009457579965694e-02 -1.027857000000000021e+00
2.412011126564666749e-02 -1.022405999999999926e+00
2.414012795549367457e-02 -1.000019999999999909e+00
2.416014464534068512e-02 -1.020005000000000051e+00
2.418016133518769567e-02 -1.068994999999999918e+00
2.420017802503470622e-02 -1.033112999999999948e+00
2.422019471488171677e-02 -1.131871999999999989e+00
2.424021140472872385e-02 -1.174242999999999926e+00
2.426022809457573440e-02 -1.071525999999999978e+00
2.428024478442274495e-02 -1.144978999999999969e+00
2.430026147426975203e-02 -1.056926000000000032e+00
2.432027816411676258e-02 -1.016761000000000026e+00
2.434029485396377313e-02 -9.168990000000000196e-01
2.436031154381078367e-02 -1.064129000000000103e+00
2.438032823365779422e-02 -1.108707000000000109e+00
2.440034492350480130e-02 -1.145108999999999932e+00
2.442036161335181185e-02 -1.229916999999999927e+00
2.444037830319882240e-02 -1.026882999999999990e+00
2.446039499304582948e-02 -1.067244000000000081e+00
2.448041168289284003e-02 -1.175022000000000011e+00
2.450042837273985058e-02 -1.043234999999999912e+00
2.452044506258686113e-02 -9.739999999999999769e-01
2.454046175243387168e-02 -1.019746000000000041e+00
2.456047844228087876e-02 -1.011181000000000108e+00
2.458049513212788931e-02 -1.072499000000000091e+00
2.460051182197489986e-02 -1.163667000000000007e+00
2.462052851182190694e-02 -1.132195999999999980e+00
2.464054520166891749e-02 -1.135375999999999941e+00
2.466056189151592803e-02 -1.114935999999999927e+00
2.468057858136293858e-02 -1.010985999999999940e+00
2.470059527120994913e-02 -9.655000000000000249e-01
2.472061196105695621e-02 -1.000343999999999900e+00
2.474062865090396676e-02 -1.082103000000000037e+00
2.476064534075097731e-02 -1.188388999999999918e+00
2.478066203059798439e-02 -1.223492999999999942e+00
2.480067872044499494e-02 -1.167753999999999959e+00
2.482069541029200549e-02 -1.077949999999999964e+00
2.484071210013901604e-02 -1.053487000000000062e+00
2.486072878998602659e-02 -1.054265999999999925e+00
2.488074547983303367e-02 -1.076133000000000006e+00
2.490076216968004422e-02 -1.076521999999999979e+00
2.492077885952705477e-02 -1.079831999999999903e+00
2.494079554937406185e-02 -1.120127000000000095e+00
2.496081223922107239e-02 -1.126355999999999913e+00
2.498082892906808294e-02 -1.089695000000000080e+00
2.500084561891509349e-02 -1.010531999999999986e+00
2.502086230876210404e-02 -9.488240000000000007e-01
2.504087899860911112e-02 -9.813319999999999821e-01
2.506089568845612167e-02 -1.069320000000000048e+00
2.508091237830313222e-02 -1.148871999999999893e+00
2.510092906815013930e-02 -1.164444999999999952e+00
2.512094575799714985e-02 -1.169766000000000084e+00
2.514096244784416040e-02 -1.155100999999999933e+00
2.516097913769117095e-02 -1.135180999999999996e+00
2.518099582753818150e-02 -1.103644999999999987e+00
2.520101251738518858e-02 -1.051021999999999901e+00
2.522102920723219913e-02 -1.027792000000000039e+00
2.524104589707920968e-02 -1.074705999999999939e+00
2.526106258692621676e-02 -1.116492999999999958e+00
2.528107927677322730e-02 -1.163667000000000007e+00
2.530109596662023785e-02 -1.139528000000000096e+00
2.532111265646724840e-02 -1.081649000000000083e+00
2.534112934631425895e-02 -1.030971000000000082e+00
2.536114603616126603e-02 -1.007417000000000007e+00
2.538116272600827658e-02 -1.008974000000000038e+00
2.540117941585528713e-02 -1.017214999999999980e+00
2.542119610570229421e-02 -1.060948999999999920e+00
2.544121279554930476e-02 -1.095663999999999971e+00
2.546122948539631531e-02 -1.106630000000000003e+00
2.548124617524332586e-02 -1.129405999999999910e+00
2.550126286509033641e-02 -1.095923999999999898e+00
2.552127955493734349e-02 -1.041158999999999946e+00
2.554129624478435404e-02 -1.026818999999999926e+00
2.556131293463136459e-02 -1.029932999999999987e+00
2.558132962447837166e-02 -1.065361999999999920e+00
2.560134631432538221e-02 -1.108576999999999924e+00
2.562136300417239276e-02 -1.116233999999999948e+00
2.564137969401940331e-02 -1.135116000000000014e+00
2.566139638386641386e-02 -1.133103999999999889e+00
2.568141307371342094e-02 -1.147639000000000076e+00
2.570142976356043149e-02 -1.139138999999999902e+00
2.572144645340744204e-02 -1.093782999999999950e+00
2.574146314325444912e-02 -1.033890999999999893e+00
2.576147983310145967e-02 -1.012348999999999943e+00
2.578149652294847022e-02 -9.978139999999999787e-01
2.580151321279548077e-02 -1.064063999999999899e+00
2.582152990264249132e-02 -1.101180000000000048e+00
2.584154659248949840e-02 -1.090278999999999998e+00
2.586156328233650895e-02 -1.086125999999999925e+00
2.588157997218351949e-02 -1.092614999999999892e+00
2.590159666203052657e-02 -1.134271999999999947e+00
2.592161335187753712e-02 -1.151467999999999936e+00
2.594163004172454767e-02 -1.120257000000000058e+00
2.596164673157155822e-02 -1.098908999999999914e+00
2.598166342141856877e-02 -1.085736000000000034e+00
2.600168011126557585e-02 -1.107148999999999939e+00
2.602169680111258640e-02 -1.112989000000000006e+00
2.604171349095959695e-02 -1.102217999999999920e+00
2.606173018080660403e-02 -1.054330999999999907e+00
2.608174687065361458e-02 -1.020264999999999977e+00
2.610176356050062513e-02 -1.011765000000000025e+00
2.612178025034763568e-02 -1.032853000000000021e+00
2.614179694019464623e-02 -1.073147999999999991e+00
2.616181363004165331e-02 -1.112146000000000079e+00
2.618183031988866385e-02 -1.147119999999999918e+00
2.620184700973567440e-02 -1.166846000000000050e+00
2.622186369958268148e-02 -1.196304999999999952e+00
2.624188038942969203e-02 -1.143421999999999938e+00
2.626189707927670258e-02 -1.100465999999999944e+00
2.628191376912371313e-02 -1.038758000000000070e+00
2.630193045897072368e-02 -9.907409999999999828e-01
2.632194714881773076e-02 -9.897679999999999811e-01
2.634196383866474131e-02 -1.034086000000000061e+00
2.636198052851175186e-02 -1.080999999999999961e+00
2.638199721835875894e-02 -1.137451999999999908e+00
2.640201390820576949e-02 -1.169635999999999898e+00
2.642203059805278004e-02 -1.168922000000000017e+00
2.644204728789979059e-02 -1.145563000000000109e+00
2.646206397774680114e-02 -1.108641999999999905e+00
2.648208066759380822e-02 -1.075484000000000107e+00
2.650209735744081876e-02 -1.061404000000000014e+00
2.652211404728782931e-02 -1.064778000000000002e+00
2.654213073713483639e-02 -1.070746999999999893e+00
2.656214742698184694e-02 -1.076457999999999915e+00
2.658216411682885749e-02 -1.056796999999999986e+00
2.660218080667586804e-02 -1.054654999999999898e+00
2.662219749652287859e-02 -1.049528999999999934e+00
2.664221418636988567e-02 -1.052319000000000004e+00
2.666223087621689622e-02 -1.068346999999999936e+00
2.668224756606390677e-02 -1.104294000000000109e+00
2.670226425591091385e-02 -1.155100999999999933e+00
2.672228094575792440e-02 -1.184431000000000012e+00
2.674229763560493495e-02 -1.182223999999999942e+00
2.676231432545194550e-02 -1.123631000000000046e+00
2.678233101529895605e-02 -1.043430000000000080e+00
2.680234770514596312e-02 -9.908059999999999645e-01
2.682236439499297367e-02 -9.860039999999999916e-01
2.684238108483998422e-02 -9.948289999999999633e-01
2.686239777468699130e-02 -1.031619999999999981e+00
2.688241446453400185e-02 -1.052774000000000099e+00
2.690243115438101240e-02 -1.103644999999999987e+00
2.692244784422802295e-02 -1.148871999999999893e+00
2.694246453407503350e-02 -1.133558999999999983e+00
2.696248122392204058e-02 -1.108381999999999978e+00
2.698249791376905113e-02 -1.055369000000000002e+00
2.700251460361606168e-02 -1.027207999999999899e+00
2.702253129346306876e-02 -1.031360999999999972e+00
2.704254798331007931e-02 -1.090797999999999934e+00
2.706256467315708986e-02 -1.099167999999999923e+00
2.708258136300410041e-02 -1.121294999999999931e+00
2.710259805285111095e-02 -1.112340000000000106e+00
2.712261474269811803e-02 -1.094951000000000008e+00
2.714263143254512858e-02 -1.081258999999999970e+00
2.716264812239213913e-02 -1.089045999999999959e+00
2.718266481223914621e-02 -1.082816999999999918e+00
2.720268150208615676e-02 -1.056083000000000105e+00
2.722269819193316731e-02 -1.055952999999999919e+00
2.724271488178017786e-02 -1.089823999999999904e+00
2.726273157162718841e-02 -1.086775000000000047e+00
2.728274826147419549e-02 -1.105787000000000075e+00
2.730276495132120604e-02 -1.086775000000000047e+00
2.732278164116821659e-02 -1.043299999999999894e+00
2.734279833101522367e-02 -1.044921999999999906e+00
2.736281502086223422e-02 -1.077496000000000009e+00
2.738283171070924477e-02 -1.094821000000000044e+00
2.740284840055625531e-02 -1.101763999999999966e+00
2.742286509040326586e-02 -1.107213999999999920e+00
2.744288178025027294e-02 -1.128692000000000029e+00
2.746289847009728349e-02 -1.141604999999999981e+00
2.748291515994429404e-02 -1.131807000000000007e+00
2.750293184979130112e-02 -1.090862999999999916e+00
2.752294853963831167e-02 -1.057704999999999895e+00
2.754296522948532222e-02 -1.069903999999999966e+00
2.756298191933233277e-02 -1.076781999999999906e+00
2.758299860917934332e-02 -1.081843000000000110e+00
2.760301529902635040e-02 -1.083205999999999891e+00
2.762303198887336095e-02 -1.080545000000000089e+00
2.764304867872037150e-02 -1.087099000000000038e+00
2.766306536856737858e-02 -1.090343999999999980e+00
2.768308205841438913e-02 -1.081584000000000101e+00
2.770309874826139968e-02 -1.074381000000000030e+00
2.772311543810841022e-02 -1.060754999999999892e+00
2.774313212795542077e-02 -1.045506000000000046e+00
2.776314881780242785e-02 -1.047711999999999977e+00
2.778316550764943840e-02 -1.051476000000000077e+00
2.780318219749644895e-02 -1.069320000000000048e+00
2.782319888734345603e-02 -1.081323999999999952e+00
2.784321557719046658e-02 -1.090214000000000016e+00
2.786323226703747713e-02 -1.104228999999999905e+00
2.788324895688448768e-02 -1.121035000000000004e+00
2.790326564673149823e-02 -1.106954999999999911e+00
2.792328233657850531e-02 -1.090797999999999934e+00
2.794329902642551586e-02 -1.077820000000000000e+00
2.796331571627252641e-02 -1.110783000000000076e+00
2.798333240611953349e-02 -1.113378999999999897e+00
2.800334909596654404e-02 -1.102348000000000106e+00
2.802336578581355458e-02 -1.072759000000000018e+00
2.804338247566056513e-02 -1.057965000000000044e+00
2.806339916550757568e-02 -1.011765000000000025e+00
2.808341585535458276e-02 -1.001967000000000052e+00
2.810343254520159331e-02 -1.013517000000000001e+00
2.812344923504860386e-02 -1.021757000000000026e+00
2.814346592489561094e-02 -1.050761999999999974e+00
2.816348261474262149e-02 -1.108446999999999960e+00
2.818349930458963204e-02 -1.154387999999999970e+00
2.820351599443664259e-02 -1.141345000000000054e+00
2.822353268428365314e-02 -1.105656999999999890e+00
2.824354937413066022e-02 -1.070812000000000097e+00
2.826356606397767077e-02 -1.035968000000000000e+00
2.828358275382468132e-02 -1.048295999999999895e+00
2.830359944367168840e-02 -1.078729000000000049e+00
2.832361613351869895e-02 -1.089630000000000098e+00
2.834363282336570949e-02 -1.129860000000000086e+00
2.836364951321272004e-02 -1.127523999999999971e+00
2.838366620305973059e-02 -1.131612000000000062e+00
2.840368289290673767e-02 -1.079766999999999921e+00
2.842369958275374822e-02 -1.035838000000000036e+00
2.844371627260075877e-02 -1.032010000000000094e+00
2.846373296244776585e-02 -1.024353000000000069e+00
2.848374965229477640e-02 -1.015398000000000023e+00
2.850376634214178695e-02 -1.059652000000000038e+00
2.852378303198879750e-02 -1.070746999999999893e+00
2.854379972183580805e-02 -1.078729000000000049e+00
2.856381641168281513e-02 -1.036486999999999936e+00
2.858383310152982568e-02 -1.021692000000000045e+00
2.860384979137683623e-02 -9.841870000000000340e-01
2.862386648122384331e-02 -9.970999999999999863e-01
2.864388317107085385e-02 -1.043624000000000107e+00
2.866389986091786440e-02 -1.092939000000000105e+00
2.868391655076487495e-02 -1.123177000000000092e+00
2.870393324061188550e-02 -1.155361000000000082e+00
2.872394993045889258e-02 -1.149909999999999988e+00
2.874396662030590313e-02 -1.122657999999999934e+00
2.876398331015291368e-02 -1.055628999999999929e+00
