# time(s), 	 	 acceleration(g)
0.000000000000000000e+00 6.113866999999999940e+00
2.000277970813059281e-05 6.337081000000000408e+00
4.000555941626118562e-05 6.570675999999999739e+00
6.000833912439177504e-05 6.832431999999999839e+00
8.001111883252237124e-05 7.090815000000000090e+00
1.000138985406529674e-04 7.368793000000000148e+00
1.200166782487835501e-04 7.692257999999999818e+00
1.400194579569141598e-04 8.025714999999999932e+00
1.600222376650447425e-04 8.367867999999999640e+00
1.800250173731753251e-04 8.714107999999999521e+00
2.000277970813059349e-04 9.101487000000000549e+00
2.200305767894365175e-04 9.509176000000000073e+00
2.400333564975671002e-04 9.934903000000000262e+00
2.600361362056977099e-04 1.045614499999999936e+01
2.800389159138283197e-04 1.098744499999999924e+01
3.000416956219588752e-04 1.159317099999999989e+01
3.200444753300894850e-04 1.226865100000000020e+01
3.400472550382200947e-04 1.302744599999999942e+01
3.600500347463506503e-04 1.389071099999999959e+01
3.800528144544812600e-04 1.479290800000000061e+01
4.000555941626118698e-04 1.601766200000000140e+01
4.200583738707424253e-04 1.703795399999999916e+01
4.400611535788730351e-04 1.831215200000000110e+01
4.600639332870036448e-04 2.001006599999999835e+01
4.800667129951342003e-04 2.184346499999999835e+01
5.000694927032648101e-04 2.406340000000000146e+01
5.200722724113954198e-04 2.681476400000000027e+01
5.400750521195260296e-04 3.037735199999999836e+01
5.600778318276566393e-04 3.526981200000000172e+01
5.800806115357871407e-04 4.261891700000000327e+01
6.000833912439177504e-04 5.432833899999999971e+01
6.200861709520483602e-04 7.397779599999999789e+01
6.400889506601789699e-04 1.047905169999999941e+02
6.600917303683095797e-04 1.501351400000000069e+02
6.800945100764401894e-04 2.102270919999999990e+02
7.000972897845707992e-04 2.834146589999999719e+02
7.201000694927013005e-04 3.620485679999999888e+02
7.401028492008319103e-04 4.354075030000000197e+02
7.601056289089625200e-04 4.875372929999999769e+02
7.801084086170931298e-04 5.101110400000000027e+02
8.001111883252237395e-04 4.989564720000000193e+02
8.201139680333543493e-04 4.635588589999999840e+02
8.401167477414848506e-04 4.167869680000000017e+02
8.601195274496154604e-04 3.669030040000000099e+02
8.801223071577460701e-04 3.180240830000000187e+02
9.001250868658766799e-04 2.742930200000000127e+02
9.201278665740072896e-04 2.302649020000000064e+02
9.401306462821378994e-04 1.804054649999999924e+02
9.601334259902684007e-04 1.254614349999999945e+02
9.801362056983990104e-04 7.542887799999999743e+01
1.000138985406529620e-03 3.442101799999999656e+01
1.020141765114660230e-03 5.539157999999999582e+00
1.040144544822790840e-03 -8.327322000000000557e+00
1.060147324530921449e-03 -8.199298999999999893e+00
1.080150104239052059e-03 2.860726999999999798e+00
1.100152883947182669e-03 2.481934000000000040e+01
1.120155663655313279e-03 4.949810599999999994e+01
1.140158443363443888e-03 6.632521199999999340e+01
1.160161223071574281e-03 7.219254399999999805e+01
1.180164002779704891e-03 6.215890900000000130e+01
1.200166782487835501e-03 3.636050800000000294e+01
1.220169562195966111e-03 4.897095000000000198e+00
1.240172341904096720e-03 -2.156465199999999882e+01
1.260175121612227330e-03 -4.074841200000000185e+01
1.280177901320357940e-03 -4.275849999999999795e+01
1.300180681028488550e-03 -2.606110400000000027e+01
1.320183460736619159e-03 -1.024890399999999957e+01
1.340186240444749769e-03 8.115066000000000557e+00
1.360189020152880379e-03 2.628599399999999875e+01
1.380191799861010989e-03 3.255751099999999809e+01
1.400194579569141598e-03 2.437155100000000019e+01
1.420197359277271991e-03 3.973160000000000025e+00
1.440200138985402601e-03 -3.508185000000000109e+00
1.460202918693533211e-03 -1.386515499999999967e+01
1.480205698401663821e-03 -9.151135000000000019e+00
1.500208478109794430e-03 -1.248345000000000038e+00
1.520211257817925040e-03 1.081698500000000074e+01
1.540214037526055650e-03 2.358316599999999852e+01
1.560216817234186260e-03 2.790422600000000131e+01
1.580219596942316869e-03 2.947093699999999927e+01
1.600222376650447479e-03 1.935749099999999956e+01
1.620225156358578089e-03 4.364562000000000275e+00
1.640227936066708699e-03 1.013923400000000008e+01
1.660230715774839308e-03 4.367860000000000076e-01
1.680233495482969701e-03 -4.239988000000000312e+00
1.700236275191100311e-03 2.084737000000000062e+00
1.720239054899230921e-03 -1.197278000000000064e+00
1.740241834607361530e-03 -3.138456000000000135e+00
1.760244614315492140e-03 -1.301233700000000049e+01
1.780247394023622750e-03 -2.195144700000000171e+01
1.800250173731753360e-03 -2.800059399999999954e+01
1.820252953439883969e-03 -2.993392000000000053e+01
1.840255733148014579e-03 -1.846477700000000155e+01
1.860258512856145189e-03 -1.190788500000000028e+01
1.880261292564275799e-03 6.192899999999999849e+00
1.900264072272406408e-03 2.599224800000000002e+01
1.920266851980536801e-03 3.213872599999999835e+01
1.940269631688667411e-03 3.942210000000000036e+01
1.960272411396798021e-03 3.437507699999999744e+01
1.980275191104928847e-03 2.163537000000000177e+01
2.000277970813059240e-03 6.581512000000000029e+00
2.020280750521190067e-03 -3.140273000000000092e+00
2.040283530229320460e-03 -1.303342499999999937e+01
2.060286309937450853e-03 -1.688800799999999924e+01
2.080289089645581679e-03 -1.527697900000000075e+01
2.100291869353712072e-03 -1.119840400000000002e+01
2.120294649061842899e-03 -6.860863000000000156e+00
2.140297428769973292e-03 -5.225045999999999857e+00
2.160300208478104118e-03 -1.132260999999999962e+00
2.180302988186234511e-03 -4.552227000000000245e+00
2.200305767894365338e-03 -1.051137400000000000e+01
2.220308547602495731e-03 -1.770299699999999987e+01
2.240311327310626557e-03 -1.537891699999999950e+01
2.260314107018756950e-03 -9.477520000000000167e+00
2.280316886726887777e-03 -5.895464999999999733e+00
2.300319666435018170e-03 -2.086628000000000149e+00
2.320322446143148563e-03 6.536674999999999791e+00
2.340325225851279389e-03 1.171068200000000026e+01
2.360328005559409782e-03 1.442194600000000015e+01
2.380330785267540609e-03 1.561464499999999944e+01
2.400333564975671002e-03 1.226054000000000066e+01
2.420336344683801828e-03 5.857885999999999704e+00
2.440339124391932221e-03 7.875630000000000130e+00
2.460341904100063048e-03 3.335768999999999984e+00
2.480344683808193441e-03 -4.339459999999999873e+00
2.500347463516324267e-03 -9.440015000000000711e+00
2.520350243224454660e-03 -1.484080499999999958e+01
2.540353022932585487e-03 -1.530306399999999911e+01
2.560355802640715880e-03 -1.834804400000000157e+01
2.580358582348846273e-03 -8.043438999999999339e+00
2.600361362056977099e-03 -6.226586000000000176e+00
2.620364141765107492e-03 -5.855299999999999727e+00
2.640366921473238319e-03 -4.826635999999999704e+00
2.660369701181368712e-03 -6.166694999999999816e+00
2.680372480889499538e-03 -7.781876999999999711e+00
2.700375260597629931e-03 -8.626519000000000048e+00
2.720378040305760758e-03 -8.183856000000000464e+00
2.740380820013891151e-03 -4.658447999999999922e+00
2.760383599722021977e-03 1.020309999999999967e-01
2.780386379430152370e-03 1.025856300000000054e+01
2.800389159138283197e-03 2.013348200000000077e+01
2.820391938846413590e-03 1.569990699999999961e+01
2.840394718554543983e-03 9.319639000000000451e+00
2.860397498262674809e-03 4.741430000000000256e+00
2.880400277970805202e-03 2.682351000000000152e+00
2.900403057678936029e-03 -4.695369000000000348e+00
2.920405837387066422e-03 -8.373587000000000558e+00
2.940408617095197248e-03 -1.503196299999999930e+01
2.960411396803327641e-03 -1.287860399999999927e+01
2.980414176511458468e-03 -1.040787800000000018e+01
3.000416956219588861e-03 -7.662160000000000082e+00
3.020419735927719687e-03 -1.124518800000000063e+01
3.040422515635850080e-03 -1.783815799999999996e+01
3.060425295343980907e-03 -1.309870199999999940e+01
3.080428075052111300e-03 -1.243665400000000076e+01
3.100430854760241692e-03 -9.548118000000000549e+00
3.120433634468372519e-03 -8.296399999999999608e-02
3.140436414176502912e-03 6.042880000000000251e+00
3.160439193884633739e-03 1.039365899999999954e+01
3.180441973592764131e-03 1.203635300000000008e+01
3.200444753300894958e-03 1.104662300000000030e+01
3.220447533009025351e-03 4.557538000000000089e+00
3.240450312717156178e-03 8.599830000000000529e-01
3.260453092425286570e-03 -1.079506999999999994e+00
3.280455872133417397e-03 -6.088960000000000150e+00
3.300458651841547790e-03 -4.677849000000000146e+00
3.320461431549678617e-03 2.205881999999999898e+00
3.340464211257809009e-03 4.803721999999999603e+00
3.360466990965939402e-03 1.677372000000000085e+00
3.380469770674070229e-03 -2.246380999999999961e+00
3.400472550382200622e-03 -8.651436000000000348e+00
3.420475330090331448e-03 -1.731418999999999997e+01
3.440478109798461841e-03 -1.815617200000000153e+01
3.460480889506592668e-03 -1.938968500000000006e+01
3.480483669214723061e-03 -1.679379199999999983e+01
3.500486448922853887e-03 -1.328544899999999984e+01
3.520489228630984280e-03 -1.541441999999999979e+00
3.540492008339115107e-03 5.129002999999999979e+00
3.560494788047245500e-03 1.033798499999999976e+01
3.580497567755376326e-03 1.280144300000000079e+01
3.600500347463506719e-03 8.398104999999999265e+00
3.620503127171637112e-03 3.738916000000000128e+00
3.640505906879767939e-03 -1.269433000000000034e+00
3.660508686587898332e-03 -1.366309999999999913e+00
3.680511466296029158e-03 1.146397000000000110e+00
3.700514246004159551e-03 -2.635123000000000104e+00
3.720517025712290378e-03 -4.091979000000000255e+00
3.740519805420420771e-03 -1.684714000000000045e+00
3.760522585128551597e-03 -2.145090999999999859e+00
3.780525364836681990e-03 -1.162239000000000022e+00
3.800528144544812817e-03 -1.868670000000000053e+00
3.820530924252943210e-03 1.661400000000000099e-01
3.840533703961073603e-03 -5.445210000000000328e+00
3.860536483669204429e-03 -5.814354999999999940e+00
3.880539263377334822e-03 -8.702826999999999202e+00
3.900542043085465649e-03 -1.326818899999999957e+01
3.920544822793596042e-03 -1.576688000000000045e+01
3.940547602501726435e-03 -1.151434199999999919e+01
3.960550382209857695e-03 -6.146774999999999878e+00
3.980553161917988088e-03 1.135235999999999912e+00
4.000555941626118481e-03 1.036088999999999949e+01
4.020558721334248874e-03 1.384963699999999953e+01
4.040561501042380134e-03 1.119346299999999950e+01
4.060564280750510527e-03 9.874817000000000178e+00
4.080567060458640920e-03 6.196598999999999968e+00
4.100569840166771313e-03 2.926652999999999949e+00
4.120572619874901706e-03 -6.262029999999999541e-01
4.140575399583032966e-03 -3.601558999999999955e+00
4.160578179291163359e-03 -7.081025999999999598e+00
4.180580958999293752e-03 -9.305502999999999858e+00
4.200583738707424145e-03 -6.275577000000000183e+00
4.220586518415555405e-03 -5.871326999999999963e+00
4.240589298123685798e-03 -7.997758000000000145e+00
4.260592077831816191e-03 -6.376606999999999914e+00
4.280594857539946584e-03 -3.954028000000000098e+00
4.300597637248077844e-03 -2.636614999999999931e+00
4.320600416956208237e-03 -1.941408999999999940e+00
4.340603196664338630e-03 -4.639840000000000075e-01
4.360605976372469023e-03 -1.921035000000000048e+00
4.380608756080599415e-03 8.586200000000000498e-01
4.400611535788730676e-03 3.908402999999999849e+00
4.420614315496861069e-03 4.723001000000000005e+00
4.440617095204991462e-03 5.155672000000000033e+00
4.460619874913121854e-03 4.740846000000000338e+00
4.480622654621253115e-03 -2.849590000000000178e-01
4.500625434329383508e-03 -4.834228000000000414e+00
4.520628214037513901e-03 -4.048504000000000325e+00
4.540630993745644294e-03 -3.385806999999999789e+00
4.560633773453775554e-03 -6.611120000000000330e-01
4.580636553161905947e-03 3.975756000000000068e+00
4.600639332870036340e-03 2.743539999999999868e+00
4.620642112578166733e-03 1.371361999999999970e+00
4.640644892286297125e-03 1.788589999999999902e+00
4.660647671994428386e-03 -4.319670000000000343e+00
4.680650451702558779e-03 -8.534572999999999965e+00
4.700653231410689172e-03 -1.344487799999999922e+01
4.720656011118819564e-03 -1.528132699999999922e+01
4.740658790826950825e-03 -8.025271000000000043e+00
4.760661570535081218e-03 4.055750000000000188e-01
4.780664350243211611e-03 6.186866000000000199e+00
4.800667129951342003e-03 7.847987999999999964e+00
4.820669909659473264e-03 9.014732000000000411e+00
4.840672689367603657e-03 7.972896999999999679e+00
4.860675469075734050e-03 1.984744999999999981e+00
4.880678248783864442e-03 -1.485443999999999987e+00
4.900681028491994835e-03 -6.095577999999999719e+00
4.920683808200126096e-03 -9.837322000000000344e+00
4.940686587908256489e-03 -4.757531000000000176e+00
4.960689367616386881e-03 -3.613310000000000133e-01
4.980692147324517274e-03 1.353647999999999962e+00
5.000694927032648535e-03 8.209210000000000118e-01
5.020697706740778928e-03 -2.372586999999999779e+00
5.040700486448909320e-03 -2.516833000000000098e+00
5.060703266157039713e-03 -1.112276000000000042e+00
5.080706045865170974e-03 1.256445999999999952e+00
5.100708825573301367e-03 4.944709999999999939e-01
5.120711605281431759e-03 -2.258774999999999977e+00
5.140714384989562152e-03 -5.712546999999999819e+00
5.160717164697692545e-03 -6.262209999999999610e+00
5.180719944405823806e-03 -4.010349999999999859e+00
5.200722724113954198e-03 -2.020506999999999831e+00
5.220725503822084591e-03 -9.627740000000000187e-01
5.240728283530214984e-03 -3.610720000000000041e-01
5.260731063238346245e-03 -9.235820000000000141e-01
5.280733842946476637e-03 2.633621000000000212e+00
5.300736622654607030e-03 3.869924000000000142e+00
5.320739402362737423e-03 3.068042999999999854e+00
5.340742182070868684e-03 -4.085099999999999842e-02
5.360744961778999076e-03 -2.906677000000000177e+00
5.380747741487129469e-03 -2.898696000000000161e+00
5.400750521195259862e-03 -3.085118000000000027e+00
5.420753300903390255e-03 -3.074216999999999977e+00
5.440756080611521515e-03 -3.417278000000000038e+00
5.460758860319651908e-03 -4.484937999999999647e+00
5.480761640027782301e-03 -3.114837000000000078e+00
5.500764419735912694e-03 1.104738999999999916e+00
5.520767199444043954e-03 1.940816000000000097e+00
5.540769979152174347e-03 -5.515820000000000167e-01
5.560772758860304740e-03 -3.843069999999999986e+00
5.580775538568435133e-03 -5.050239000000000367e+00
5.600778318276566393e-03 -3.629655000000000076e+00
5.620781097984696786e-03 -1.839275999999999911e+00
5.640783877692827179e-03 4.388630000000000031e-01
5.660786657400957572e-03 2.422529999999999961e-01
5.680789437109087965e-03 -1.943095999999999934e+00
5.700792216817219225e-03 -1.280723999999999974e+00
5.720794996525349618e-03 -1.205972999999999962e+00
5.740797776233480011e-03 -4.615179999999999838e-01
5.760800555941610404e-03 5.559849999999999515e-01
5.780803335649741664e-03 1.246120000000000005e-01
5.800806115357872057e-03 -1.083725000000000049e+00
5.820808895066002450e-03 -5.795479999999999521e-01
5.840811674774132843e-03 1.180528000000000022e+00
5.860814454482264103e-03 1.111617000000000077e+00
5.880817234190394496e-03 -1.231214000000000031e+00
5.900820013898524889e-03 -4.048893999999999771e+00
5.920822793606655282e-03 -7.137024000000000257e+00
5.940825573314785675e-03 -8.024297000000000679e+00
5.960828353022916935e-03 -5.751350000000000406e+00
5.980831132731047328e-03 -3.852609000000000172e+00
6.000833912439177721e-03 -2.895452000000000137e+00
6.020836692147308114e-03 -1.452806000000000042e+00
6.040839471855439374e-03 1.181176999999999921e+00
6.060842251563569767e-03 3.615889000000000131e+00
6.080845031271700160e-03 5.384140999999999622e+00
6.100847810979830553e-03 2.445447000000000148e+00
6.120850590687961813e-03 -1.954452000000000078e+00
6.140853370396092206e-03 -2.297448000000000157e+00
6.160856150104222599e-03 -1.999093999999999927e+00
6.180858929812352992e-03 -1.489727000000000023e+00
6.200861709520483385e-03 -1.509646999999999961e+00
6.220864489228614645e-03 -2.566666000000000114e+00
6.240867268936745038e-03 -3.656452999999999953e+00
6.260870048644875431e-03 -2.718113999999999919e+00
6.280872828353005824e-03 -5.803270000000000373e-01
6.300875608061137084e-03 -9.123569999999999736e-01
6.320878387769267477e-03 -2.396854999999999958e+00
6.340881167477397870e-03 -3.804462000000000010e+00
6.360883947185528263e-03 -4.304032000000000302e+00
6.380886726893659523e-03 -1.803263999999999978e+00
6.400889506601789916e-03 9.110500000000000265e-01
6.420892286309920309e-03 2.115234000000000059e+00
6.440895066018050702e-03 1.959632999999999958e+00
6.460897845726181095e-03 3.116829999999999878e-01
6.480900625434312355e-03 -1.595623000000000014e+00
6.500903405142442748e-03 -2.018365999999999882e+00
6.520906184850573141e-03 -2.009346999999999994e+00
6.540908964558703534e-03 -1.853032000000000012e+00
6.560911744266834794e-03 -1.907213999999999965e+00
6.580914523974965187e-03 -5.787050000000000249e-01
6.600917303683095580e-03 1.601064000000000043e+00
6.620920083391225973e-03 1.895394999999999941e+00
6.640922863099357233e-03 -6.633829999999999449e-01
6.660925642807487626e-03 -3.447191000000000116e+00
6.680928422515618019e-03 -4.940774000000000221e+00
6.700931202223748412e-03 -4.680250000000000021e+00
6.720933981931878805e-03 -1.982612999999999959e+00
6.740936761640010065e-03 2.981210000000000249e-01
6.760939541348140458e-03 4.781199999999999894e-01
6.780942321056270851e-03 -2.619239999999999902e-01
6.800945100764401244e-03 -1.461046000000000067e+00
6.820947880472532504e-03 -2.895256999999999969e+00
6.840950660180662897e-03 -3.272772999999999932e+00
6.860953439888793290e-03 -2.660363999999999951e+00
6.880956219596923683e-03 -1.937904999999999989e+00
6.900958999305054943e-03 -5.178399999999999670e-01
6.920961779013185336e-03 1.704884999999999984e+00
6.940964558721315729e-03 2.566008000000000067e+00
6.960967338429446122e-03 1.457921999999999940e+00
6.980970118137576515e-03 -9.246210000000000262e-01
7.000972897845707775e-03 -3.212816999999999812e+00
7.020975677553838168e-03 -4.201704000000000327e+00
7.040978457261968561e-03 -3.002969999999999917e+00
7.060981236970098954e-03 -1.078209999999999891e+00
7.080984016678230214e-03 4.355530000000000235e-01
7.100986796386360607e-03 4.013579999999999925e-01
7.120989576094491000e-03 -9.602439999999999864e-01
7.140992355802621393e-03 -1.468053999999999970e+00
7.160995135510752653e-03 -2.017068000000000083e+00
7.180997915218883046e-03 -3.858448999999999796e+00
7.201000694927013439e-03 -4.971401000000000181e+00
7.221003474635143832e-03 -3.832234000000000140e+00
7.241006254343274225e-03 -2.168191000000000201e+00
7.261009034051405485e-03 3.078399999999999886e-02
7.281011813759535878e-03 1.727335999999999983e+00
7.301014593467666271e-03 1.581533000000000078e+00
7.321017373175796664e-03 3.512640000000000207e-01
7.341020152883927924e-03 -1.020070000000000032e+00
7.361022932592058317e-03 -1.309598999999999958e+00
7.381025712300188710e-03 -6.226990000000000025e-01
7.401028492008319103e-03 -8.568130000000000468e-01
7.421031271716450363e-03 -1.897869999999999946e+00
7.441034051424580756e-03 -2.627400999999999875e+00
7.461036831132711149e-03 -2.188630999999999993e+00
7.481039610840841542e-03 -1.288963999999999999e+00
7.501042390548971935e-03 -8.311180000000000234e-01
7.521045170257103195e-03 -1.154972000000000110e+00
7.541047949965233588e-03 -1.710150000000000059e+00
7.561050729673363981e-03 -1.742464000000000013e+00
7.581053509381494374e-03 -1.494658000000000042e+00
7.601056289089625634e-03 -1.797813000000000105e+00
7.621059068797756027e-03 -1.910393000000000008e+00
7.641061848505886420e-03 -2.474849999999999994e+00
7.661064628214016813e-03 -2.439292000000000016e+00
7.681067407922147205e-03 -9.003529999999999589e-01
7.701070187630278466e-03 6.436479999999999979e-01
7.721072967338408859e-03 7.646500000000000519e-02
7.741075747046539252e-03 -9.517440000000000344e-01
7.761078526754669644e-03 -1.037006000000000094e+00
7.781081306462800905e-03 -1.475451000000000068e+00
7.801084086170931298e-03 -1.211942999999999993e+00
7.821086865879062558e-03 2.828729999999999856e-01
7.841089645587192083e-03 4.086250000000000160e-01
7.861092425295323344e-03 -1.069838999999999984e+00
7.881095205003452869e-03 -1.703141999999999934e+00
7.901097984711584130e-03 -2.080398999999999887e+00
7.921100764419715390e-03 -2.612281999999999993e+00
7.941103544127844915e-03 -2.431960000000000122e+00
7.961106323835976176e-03 -2.579902999999999835e+00
7.981109103544105701e-03 -2.955147999999999886e+00
8.001111883252236961e-03 -1.648182000000000036e+00
8.021114662960368222e-03 2.515970000000000151e-01
8.041117442668497747e-03 4.788979999999999904e-01
8.061120222376629008e-03 -6.141980000000000217e-01
8.081123002084760268e-03 -2.082345000000000113e+00
8.101125781792889793e-03 -2.955797000000000008e+00
8.121128561501021054e-03 -2.103434000000000026e+00
8.141131341209150579e-03 -9.442819999999999547e-01
8.161134120917281840e-03 5.725899999999999740e-02
8.181136900625413100e-03 5.859630000000000116e-01
8.201139680333542625e-03 6.066620000000000346e-01
8.221142460041673886e-03 6.887300000000000366e-02
8.241145239749803411e-03 -5.471049999999999525e-01
8.261148019457934671e-03 -1.575833000000000039e+00
8.281150799166065932e-03 -2.934838000000000058e+00
8.301153578874195457e-03 -3.821333000000000091e+00
8.321156358582326718e-03 -3.625502000000000002e+00
8.341159138290457978e-03 -2.235349999999999948e+00
8.361161917998587503e-03 -1.164459999999999940e-01
8.381164697706718764e-03 1.127189999999999914e+00
8.401167477414848289e-03 6.738849999999999563e-01
8.421170257122979549e-03 -1.247954999999999925e+00
8.441173036831110810e-03 -2.803636000000000017e+00
8.461175816539240335e-03 -2.884939999999999838e+00
8.481178596247371596e-03 -2.251701999999999870e+00
8.501181375955501121e-03 -2.012655999999999779e+00
8.521184155663632381e-03 -1.901632999999999907e+00
8.541186935371763642e-03 -1.150039999999999951e+00
8.561189715079893167e-03 4.156329999999999747e-01
8.581192494788024427e-03 1.300245000000000095e+00
8.601195274496155688e-03 7.410440000000000360e-01
8.621198054204285213e-03 -1.160357000000000083e+00
8.641200833912416474e-03 -2.459667000000000048e+00
8.661203613620545999e-03 -2.769893999999999856e+00
8.681206393328677259e-03 -2.134708999999999968e+00
8.701209173036808520e-03 -6.977090000000000236e-01
8.721211952744938045e-03 2.016979999999999884e-01
8.741214732453069305e-03 -9.697899999999999576e-02
8.761217512161198831e-03 -9.111890000000000267e-01
8.781220291869330091e-03 -1.470909000000000022e+00
8.801223071577461352e-03 -2.062295000000000211e+00
8.821225851285590877e-03 -2.871053999999999995e+00
8.841228630993722137e-03 -3.086221000000000103e+00
8.861231410701853398e-03 -2.857752000000000070e+00
8.881234190409982923e-03 -1.888460999999999945e+00
8.901236970118114183e-03 -9.230700000000000016e-02
8.921239749826243709e-03 1.322306999999999899e+00
8.941242529534374969e-03 8.611509999999999998e-01
8.961245309242506230e-03 -5.221879999999999855e-01
8.981248088950635755e-03 -1.499978999999999951e+00
9.001250868658767015e-03 -1.639421999999999935e+00
9.021253648366896541e-03 -1.014489999999999892e+00
9.041256428075027801e-03 -8.681680000000000508e-01
9.061259207783159061e-03 -1.262231000000000103e+00
9.081261987491288587e-03 -1.617879999999999985e+00
9.101264767199419847e-03 -1.723581999999999947e+00
9.121267546907551108e-03 -1.890927000000000024e+00
9.141270326615680633e-03 -2.152943000000000051e+00
9.161273106323811893e-03 -1.992606000000000099e+00
9.181275886031941419e-03 -1.679457999999999895e+00
9.201278665740072679e-03 -1.350152999999999937e+00
9.221281445448203939e-03 -4.716400000000000037e-01
9.241284225156333465e-03 2.517920000000000158e-01
9.261287004864464725e-03 1.153980000000000006e-01
9.281289784572594251e-03 -7.047170000000000378e-01
9.301292564280725511e-03 -1.949845000000000050e+00
9.321295343988856771e-03 -2.428065999999999836e+00
9.341298123696986297e-03 -1.827531999999999934e+00
9.361300903405117557e-03 -1.074834999999999985e+00
9.381303683113248817e-03 -8.640799999999999592e-01
9.401306462821378343e-03 -1.044532999999999934e+00
9.421309242529509603e-03 -1.096247999999999889e+00
9.441312022237639129e-03 -7.134110000000000174e-01
9.461314801945770389e-03 -6.556610000000000493e-01
9.481317581653901649e-03 -1.267552000000000012e+00
9.501320361362031175e-03 -2.089157999999999848e+00
9.521323141070162435e-03 -2.296993000000000062e+00
9.541325920778291961e-03 -1.606524000000000063e+00
9.561328700486423221e-03 -9.714690000000000270e-01
9.581331480194554481e-03 -1.006639000000000062e+00
9.601334259902684007e-03 -1.129795000000000105e+00
9.621337039610815267e-03 -9.268920000000000492e-01
9.641339819318946527e-03 -6.526119999999999699e-01
9.661342599027076053e-03 -6.053089999999999860e-01
9.681345378735207313e-03 -6.454739999999999922e-01
9.701348158443336839e-03 -1.064259000000000066e+00
9.721350938151468099e-03 -1.700221999999999900e+00
9.741353717859599359e-03 -2.188501000000000030e+00
9.761356497567728885e-03 -2.134450000000000180e+00
9.781359277275860145e-03 -1.386879999999999891e+00
9.801362056983989671e-03 -3.015050000000000230e-01
9.821364836692120931e-03 1.444030000000000036e-01
9.841367616400252191e-03 -4.885760000000000103e-01
9.861370396108381717e-03 -1.321862000000000092e+00
9.881373175816512977e-03 -1.864063000000000025e+00
9.901375955524644237e-03 -2.403798000000000101e+00
9.921378735232773763e-03 -2.734075999999999951e+00
9.941381514940905023e-03 -2.487114000000000047e+00
9.961384294649034549e-03 -1.359561999999999937e+00
9.981387074357165809e-03 2.645739999999999759e-01
1.000138985406529707e-02 1.551101000000000063e+00
1.002139263377342659e-02 1.308616000000000001e+00
1.004139541348155786e-02 -3.503649999999999820e-01
1.006139819318968738e-02 -1.877170999999999923e+00
1.008140097289781864e-02 -2.627984999999999793e+00
1.010140375260594990e-02 -2.918746000000000063e+00
1.012140653231407943e-02 -2.626686999999999994e+00
1.014140931202221069e-02 -1.494073999999999902e+00
1.016141209173034195e-02 -3.865080000000000182e-01
1.018141487143847147e-02 1.867739999999999956e-01
1.020141765114660273e-02 2.233709999999999862e-01
1.022142043085473226e-02 -3.641209999999999725e-01
1.024142321056286352e-02 -1.308496000000000103e+00
1.026142599027099478e-02 -1.944847999999999910e+00
1.028142876997912430e-02 -2.383359000000000005e+00
1.030143154968725556e-02 -2.391144999999999854e+00
1.032143432939538509e-02 -1.608146999999999993e+00
1.034143710910351635e-02 -4.621020000000000127e-01
1.036143988881164761e-02 -1.013919999999999960e-01
1.038144266851977714e-02 -6.772040000000000282e-01
1.040144544822790840e-02 -1.337371000000000087e+00
1.042144822793603966e-02 -1.459878000000000009e+00
1.044145100764416918e-02 -1.062896000000000063e+00
1.046145378735230044e-02 -7.240529999999999466e-01
1.048145656706042997e-02 -8.132089999999999597e-01
1.050145934676856123e-02 -9.492129999999999734e-01
1.052146212647669249e-02 -8.189189999999999525e-01
1.054146490618482201e-02 -8.596030000000000060e-01
1.056146768589295327e-02 -1.367672999999999917e+00
1.058147046560108280e-02 -1.864063000000000025e+00
1.060147324530921406e-02 -2.015445999999999849e+00
1.062147602501734532e-02 -1.734612000000000043e+00
1.064147880472547485e-02 -9.823060000000000125e-01
1.066148158443360611e-02 -1.976849999999999996e-01
1.068148436414173737e-02 -1.248810000000000059e-01
1.070148714384986689e-02 -6.532609999999999806e-01
1.072148992355799815e-02 -1.322640999999999956e+00
1.074149270326612768e-02 -1.984040000000000026e+00
1.076149548297425894e-02 -2.109922000000000075e+00
1.078149826268239020e-02 -1.658824000000000076e+00
1.080150104239051972e-02 -1.507830000000000004e+00
1.082150382209865098e-02 -1.610546999999999951e+00
1.084150660180678051e-02 -1.154387999999999970e+00
1.086150938151491177e-02 -4.040270000000000250e-01
1.088151216122304303e-02 4.382699999999999790e-02
1.090151494093117256e-02 -1.684849999999999959e-01
1.092151772063930382e-02 -1.051476000000000077e+00
1.094152050034743508e-02 -1.709370999999999974e+00
1.096152328005556460e-02 -1.470325000000000104e+00
1.098152605976369586e-02 -8.735540000000000527e-01
1.100152883947182539e-02 -7.683710000000000262e-01
1.102153161917995665e-02 -1.040964000000000000e+00
1.104153439888808791e-02 -1.215316999999999981e+00
1.106153717859621743e-02 -1.382466999999999890e+00
1.108153995830434869e-02 -1.518537000000000026e+00
1.110154273801247822e-02 -1.756154999999999911e+00
1.112154551772060948e-02 -2.066837000000000035e+00
1.114154829742874074e-02 -2.252804999999999946e+00
1.116155107713687027e-02 -1.905267000000000044e+00
1.118155385684500153e-02 -1.042002000000000095e+00
1.120155663655313279e-02 -1.898330000000000017e-01
1.122155941626126231e-02 2.784599999999999853e-01
1.124156219596939357e-02 1.460249999999999881e-01
1.126156497567752310e-02 -7.728479999999999794e-01
1.128156775538565436e-02 -1.567201999999999984e+00
1.130157053509378562e-02 -1.639097999999999944e+00
1.132157331480191514e-02 -1.421464999999999979e+00
1.134157609451004640e-02 -1.574535000000000018e+00
1.136157887421817593e-02 -1.810726000000000058e+00
1.138158165392630719e-02 -1.608470999999999984e+00
1.140158443363443845e-02 -9.311739999999999462e-01
1.142158721334256798e-02 -3.199980000000000047e-01
1.144158999305069924e-02 -3.972140000000000115e-01
1.146159277275883050e-02 -1.078534000000000104e+00
1.148159555246696002e-02 -1.648311999999999999e+00
1.150159833217509128e-02 -1.789832000000000090e+00
1.152160111188322081e-02 -1.763033000000000072e+00
1.154160389159135207e-02 -1.815787000000000040e+00
1.156160667129948333e-02 -1.731368000000000018e+00
1.158160945100761285e-02 -1.474218999999999946e+00
1.160161223071574411e-02 -1.092354999999999965e+00
1.162161501042387364e-02 -6.431379999999999875e-01
1.164161779013200490e-02 -3.399179999999999979e-01
1.166162056984013616e-02 -4.153180000000000205e-01
1.168162334954826569e-02 -9.000930000000000319e-01
1.170162612925639695e-02 -1.507376000000000049e+00
1.172162890896452821e-02 -1.882362000000000091e+00
1.174163168867265773e-02 -1.625081999999999915e+00
1.176163446838078899e-02 -9.964509999999999756e-01
1.178163724808891852e-02 -5.803920000000000190e-01
1.180164002779704978e-02 -7.344349999999999490e-01
1.182164280750518104e-02 -1.085153000000000034e+00
1.184164558721331056e-02 -1.179368999999999890e+00
1.186164836692144182e-02 -1.269692999999999961e+00
1.188165114662957135e-02 -1.671281999999999934e+00
1.190165392633770261e-02 -2.217440999999999995e+00
1.192165670604583387e-02 -2.217830000000000190e+00
1.194165948575396340e-02 -1.461046000000000067e+00
1.196166226546209466e-02 -5.781209999999999960e-01
1.198166504517022592e-02 -2.741870000000000140e-01
1.200166782487835544e-02 -6.209470000000000267e-01
1.202167060458648670e-02 -1.147769000000000039e+00
1.204167338429461623e-02 -1.494723000000000024e+00
1.206167616400274749e-02 -1.629040000000000044e+00
1.208167894371087875e-02 -1.510100999999999916e+00
1.210168172341900827e-02 -1.091901000000000010e+00
1.212168450312713953e-02 -8.199570000000000469e-01
1.214168728283526906e-02 -7.593520000000000270e-01
1.216169006254340032e-02 -8.255369999999999653e-01
1.218169284225153158e-02 -1.115650000000000031e+00
1.220169562195966111e-02 -1.521781000000000050e+00
1.222169840166779237e-02 -1.797943000000000069e+00
1.224170118137592363e-02 -1.789117999999999986e+00
1.226170396108405315e-02 -1.450469999999999926e+00
1.228170674079218441e-02 -6.892730000000000246e-01
1.230170952050031394e-02 -7.978399999999999381e-02
1.232171230020844520e-02 -1.876269999999999882e-01
1.234171507991657646e-02 -9.825000000000000400e-01
1.236171785962470598e-02 -1.926744999999999930e+00
1.238172063933283724e-02 -2.409444000000000141e+00
1.240172341904096677e-02 -2.177925000000000111e+00
1.242172619874909803e-02 -1.561233000000000093e+00
1.244172897845722929e-02 -1.053941999999999934e+00
1.246173175816535882e-02 -5.755249999999999533e-01
1.248173453787349008e-02 -2.207199999999999995e-01
1.250173731758162134e-02 -2.878789999999999960e-01
1.252174009728975086e-02 -8.208649999999999558e-01
1.254174287699788212e-02 -1.561167999999999889e+00
1.256174565670601165e-02 -2.119915000000000216e+00
1.258174843641414291e-02 -2.188307000000000002e+00
1.260175121612227417e-02 -1.671931000000000056e+00
1.262175399583040369e-02 -9.985920000000000352e-01
1.264175677553853495e-02 -4.723539999999999961e-01
1.266175955524666448e-02 -4.091529999999999889e-01
1.268176233495479574e-02 -7.230149999999999633e-01
1.270176511466292700e-02 -1.198186999999999891e+00
1.272176789437105653e-02 -1.519705000000000084e+00
1.274177067407918779e-02 -1.581023999999999985e+00
1.276177345378731905e-02 -1.651621000000000006e+00
1.278177623349544857e-02 -1.597245000000000026e+00
1.280177901320357983e-02 -1.424838999999999967e+00
1.282178179291170936e-02 -1.181575000000000042e+00
1.284178457261984062e-02 -1.007481999999999989e+00
1.286178735232797188e-02 -9.013259999999999605e-01
1.288179013203610140e-02 -1.117466999999999988e+00
1.290179291174423266e-02 -1.304861999999999966e+00
1.292179569145236219e-02 -1.279425999999999952e+00
1.294179847116049345e-02 -1.054980000000000029e+00
1.296180125086862471e-02 -9.711450000000000360e-01
1.298180403057675424e-02 -9.945690000000000364e-01
1.300180681028488550e-02 -1.249058999999999919e+00
1.302180958999301676e-02 -1.343989000000000100e+00
1.304181236970114628e-02 -1.233810000000000073e+00
1.306181514940927754e-02 -1.159642999999999979e+00
1.308181792911740707e-02 -1.177488000000000090e+00
1.310182070882553833e-02 -1.321733000000000047e+00
1.312182348853366959e-02 -1.435999999999999943e+00
1.314182626824179911e-02 -1.421983999999999915e+00
1.316182904794993037e-02 -1.307133000000000100e+00
1.318183182765805990e-02 -1.072499000000000091e+00
1.320183460736619116e-02 -1.011830000000000007e+00
1.322183738707432242e-02 -1.056341999999999892e+00
1.324184016678245195e-02 -1.074640999999999957e+00
1.326184294649058321e-02 -1.016566000000000081e+00
1.328184572619871447e-02 -1.017409999999999926e+00
1.330184850590684399e-02 -1.304472999999999994e+00
1.332185128561497525e-02 -1.643639999999999990e+00
1.334185406532310478e-02 -1.758944999999999981e+00
1.336185684503123604e-02 -1.595039000000000096e+00
1.338185962473936730e-02 -1.204220999999999986e+00
1.340186240444749682e-02 -9.656299999999999883e-01
1.342186518415562808e-02 -1.015463000000000005e+00
1.344186796386375761e-02 -1.168274000000000035e+00
1.346187074357188887e-02 -1.233030999999999988e+00
1.348187352328002013e-02 -1.121164999999999967e+00
1.350187630298814966e-02 -9.884699999999999598e-01
1.352187908269628092e-02 -1.083855000000000013e+00
1.354188186240441218e-02 -1.194617999999999958e+00
1.356188464211254170e-02 -1.184106000000000103e+00
1.358188742182067296e-02 -1.072240000000000082e+00
1.360189020152880249e-02 -1.057380999999999904e+00
1.362189298123693375e-02 -1.295517999999999947e+00
1.364189576094506501e-02 -1.586214999999999931e+00
1.366189854065319453e-02 -1.666609999999999925e+00
1.368190132036132579e-02 -1.551759000000000110e+00
1.370190410006945532e-02 -1.218042000000000069e+00
1.372190687977758658e-02 -8.342969999999999553e-01
1.374190965948571784e-02 -6.895980000000000443e-01
1.376191243919384737e-02 -8.885429999999999717e-01
1.378191521890197863e-02 -1.323679000000000050e+00
1.380191799861010989e-02 -1.575572999999999890e+00
1.382192077831823941e-02 -1.601787999999999990e+00
1.384192355802637067e-02 -1.558117999999999892e+00
1.386192633773450020e-02 -1.509907000000000110e+00
1.388192911744263146e-02 -1.298567999999999945e+00
1.390193189715076272e-02 -8.322209999999999885e-01
1.392193467685889224e-02 -4.261539999999999773e-01
1.394193745656702350e-02 -4.264140000000000152e-01
1.396194023627515303e-02 -8.943830000000000391e-01
1.398194301598328429e-02 -1.604448000000000096e+00
1.400194579569141555e-02 -2.059180000000000010e+00
1.402194857539954508e-02 -1.940175999999999901e+00
1.404195135510767634e-02 -1.543258999999999936e+00
1.406195413481580760e-02 -1.132130999999999998e+00
1.408195691452393712e-02 -8.291060000000000096e-01
1.410195969423206838e-02 -6.726619999999999822e-01
1.412196247394019791e-02 -5.816900000000000404e-01
1.414196525364832917e-02 -8.487670000000000492e-01
1.416196803335646043e-02 -1.376627999999999963e+00
1.418197081306458995e-02 -1.805663999999999936e+00
1.420197359277272121e-02 -1.919411999999999896e+00
1.422197637248085074e-02 -1.741165999999999991e+00
1.424197915218898200e-02 -1.304343000000000030e+00
1.426198193189711326e-02 -7.388470000000000315e-01
1.428198471160524279e-02 -4.345249999999999946e-01
1.430198749131337405e-02 -5.912929999999999575e-01
1.432199027102150531e-02 -1.040056000000000092e+00
1.434199305072963483e-02 -1.394082000000000043e+00
1.436199583043776609e-02 -1.541636999999999924e+00
1.438199861014589562e-02 -1.485962999999999923e+00
1.440200138985402688e-02 -1.369035999999999920e+00
1.442200416956215814e-02 -1.287991000000000108e+00
1.444200694927028766e-02 -1.149456000000000033e+00
1.446200972897841892e-02 -9.587510000000000199e-01
1.448201250868654845e-02 -9.010660000000000336e-01
1.450201528839467971e-02 -1.112340000000000106e+00
1.452201806810281097e-02 -1.409265999999999908e+00
1.454202084781094050e-02 -1.530086999999999975e+00
1.456202362751907176e-02 -1.358263999999999916e+00
1.458202640722720302e-02 -1.087423999999999946e+00
1.460202918693533254e-02 -9.655000000000000249e-01
1.462203196664346380e-02 -1.055757999999999974e+00
1.464203474635159333e-02 -1.214083999999999941e+00
1.466203752605972459e-02 -1.327831999999999901e+00
1.468204030576785585e-02 -1.346001000000000003e+00
1.470204308547598537e-02 -1.207789999999999919e+00
1.472204586518411663e-02 -1.068931000000000076e+00
1.474204864489224616e-02 -9.692629999999999857e-01
1.476205142460037742e-02 -8.610959999999999726e-01
1.478205420430850868e-02 -8.783560000000000256e-01
1.480205698401663821e-02 -9.686789999999999567e-01
1.482205976372476947e-02 -1.105722000000000094e+00
1.484206254343290073e-02 -1.277738999999999958e+00
1.486206532314103025e-02 -1.505494000000000110e+00
1.488206810284916151e-02 -1.509841999999999906e+00
1.490207088255729104e-02 -1.278323000000000098e+00
1.492207366226542230e-02 -1.053422000000000081e+00
1.494207644197355356e-02 -1.030777000000000054e+00
1.496207922168168308e-02 -1.130897999999999959e+00
1.498208200138981434e-02 -1.067372999999999905e+00
1.500208478109794387e-02 -9.584270000000000289e-01
1.502208756080607513e-02 -9.396750000000000380e-01
1.504209034051420639e-02 -9.868479999999999475e-01
1.506209312022233592e-02 -1.048361000000000098e+00
1.508209589993046718e-02 -1.140501999999999905e+00
1.510209867963859844e-02 -1.143486000000000002e+00
1.512210145934672796e-02 -1.143875999999999893e+00
1.514210423905485922e-02 -1.214083999999999941e+00
1.516210701876298875e-02 -1.246332999999999913e+00
1.518210979847112001e-02 -1.289093999999999962e+00
1.520211257817925127e-02 -1.252756999999999898e+00
1.522211535788738079e-02 -1.219209999999999905e+00
1.524211813759551205e-02 -1.204220999999999986e+00
1.526212091730364158e-02 -1.272094000000000058e+00
1.528212369701177284e-02 -1.279555999999999916e+00
1.530212647671990410e-02 -1.177097999999999978e+00
1.532212925642803363e-02 -9.741300000000000514e-01
1.534213203613616489e-02 -7.078309999999999880e-01
1.536213481584429441e-02 -5.120000000000000107e-01
1.538213759555242567e-02 -6.926470000000000127e-01
1.540214037526055693e-02 -1.100206000000000017e+00
1.542214315496868646e-02 -1.418350000000000000e+00
1.544214593467681772e-02 -1.564152999999999905e+00
1.546214871438494898e-02 -1.573172000000000015e+00
1.548215149409307850e-02 -1.543908000000000058e+00
1.550215427380120976e-02 -1.347039000000000097e+00
1.552215705350933929e-02 -9.708210000000000450e-01
1.554215983321747055e-02 -6.317829999999999835e-01
1.556216261292560181e-02 -5.770830000000000126e-01
1.558216539263373134e-02 -8.477289999999999548e-01
1.560216817234186260e-02 -1.234588999999999936e+00
1.562217095204999212e-02 -1.526453000000000060e+00
1.564217373175812512e-02 -1.582775999999999961e+00
1.566217651146625464e-02 -1.460852000000000039e+00
1.568217929117438417e-02 -1.219535000000000036e+00
1.570218207088251369e-02 -9.126809999999999645e-01
1.572218485059064669e-02 -7.967919999999999447e-01
1.574218763029877621e-02 -8.490269999999999762e-01
1.576219041000690574e-02 -1.017798999999999898e+00
1.578219318971503873e-02 -1.159578999999999915e+00
1.580219596942316826e-02 -1.260737999999999914e+00
1.582219874913129778e-02 -1.313946000000000058e+00
1.584220152883943078e-02 -1.261257000000000073e+00
1.586220430854756031e-02 -1.022405999999999926e+00
1.588220708825568983e-02 -7.380039999999999933e-01
1.590220986796382283e-02 -6.350919999999999899e-01
1.592221264767195235e-02 -8.611609999999999543e-01
1.594221542738008188e-02 -1.338473999999999942e+00
1.596221820708821140e-02 -1.635723999999999956e+00
1.598222098679634440e-02 -1.594065999999999983e+00
1.600222376650447392e-02 -1.324068999999999940e+00
1.602222654621260345e-02 -1.134336999999999929e+00
1.604222932592073644e-02 -9.758820000000000272e-01
1.606223210562886597e-02 -7.737570000000000281e-01
1.608223488533699549e-02 -6.532609999999999806e-01
1.610223766504512849e-02 -7.246369999999999756e-01
1.612224044475325802e-02 -9.351969999999999450e-01
1.614224322446138754e-02 -1.195656000000000052e+00
1.616224600416952054e-02 -1.343923999999999896e+00
1.618224878387765006e-02 -1.318488000000000104e+00
1.620225156358577959e-02 -1.191697999999999924e+00
1.622225434329390911e-02 -1.044337999999999989e+00
1.624225712300204211e-02 -9.844469999999999610e-01
1.626225990271017163e-02 -1.049789000000000083e+00
1.628226268241830116e-02 -1.182419000000000109e+00
1.630226546212643415e-02 -1.255417999999999923e+00
1.632226824183456368e-02 -1.172360999999999986e+00
1.634227102154269320e-02 -1.049009999999999998e+00
1.636227380125082620e-02 -9.687440000000000495e-01
1.638227658095895573e-02 -9.985279999999999712e-01
1.640227936066708525e-02 -1.013581000000000065e+00
1.642228214037521825e-02 -1.066983999999999932e+00
1.644228492008334777e-02 -1.163018000000000107e+00
1.646228769979147730e-02 -1.352100000000000080e+00
1.648229047949960682e-02 -1.547930999999999946e+00
1.650229325920773982e-02 -1.508609000000000089e+00
1.652229603891586934e-02 -1.298826999999999954e+00
1.654229881862399887e-02 -9.422049999999999592e-01
1.656230159833213186e-02 -6.984219999999999873e-01
1.658230437804026139e-02 -6.920629999999999837e-01
1.660230715774839091e-02 -8.305339999999999945e-01
1.662230993745652391e-02 -9.706259999999999888e-01
1.664231271716465344e-02 -1.123177000000000092e+00
1.666231549687278296e-02 -1.235886000000000040e+00
1.668231827658091596e-02 -1.288445000000000062e+00
1.670232105628904548e-02 -1.264502000000000015e+00
1.672232383599717501e-02 -1.182094999999999896e+00
1.674232661570530453e-02 -1.021433000000000035e+00
1.676232939541343753e-02 -8.709590000000000387e-01
1.678233217512156705e-02 -8.411100000000000243e-01
1.680233495482969658e-02 -9.347429999999999906e-01
1.682233773453782957e-02 -1.142967000000000066e+00
1.684234051424595910e-02 -1.262035999999999936e+00
1.686234329395408862e-02 -1.291819999999999968e+00
1.688234607366222162e-02 -1.274299999999999988e+00
1.690234885337035114e-02 -1.284616999999999898e+00
1.692235163307848067e-02 -1.271638999999999964e+00
1.694235441278661367e-02 -1.164898999999999907e+00
1.696235719249474319e-02 -9.473310000000000342e-01
1.698235997220287272e-02 -8.289760000000000462e-01
1.700236275191100224e-02 -8.266400000000000414e-01
1.702236553161913524e-02 -9.215060000000000473e-01
1.704236831132726476e-02 -1.099037999999999959e+00
1.706237109103539429e-02 -1.252952000000000066e+00
1.708237387074352728e-02 -1.263657999999999948e+00
1.710237665045165681e-02 -1.239454999999999973e+00
1.712237943015978633e-02 -1.201950000000000074e+00
1.714238220986791933e-02 -1.109680000000000000e+00
1.716238498957604885e-02 -1.053487000000000062e+00
1.718238776928417838e-02 -1.025195999999999996e+00
1.720239054899231138e-02 -1.044856999999999925e+00
1.722239332870044090e-02 -1.154128000000000043e+00
1.724239610840857043e-02 -1.318877999999999995e+00
1.726239888811669995e-02 -1.424903999999999948e+00
1.728240166782483295e-02 -1.356576999999999922e+00
1.730240444753296247e-02 -1.106824999999999948e+00
1.732240722724109200e-02 -8.313770000000000326e-01
1.734241000694922499e-02 -7.261290000000000244e-01
1.736241278665735452e-02 -8.584349999999999481e-01
1.738241556636548404e-02 -1.048295999999999895e+00
1.740241834607361704e-02 -1.206557000000000102e+00
1.742242112578174656e-02 -1.346454999999999957e+00
1.744242390548987609e-02 -1.421464999999999979e+00
1.746242668519800909e-02 -1.393238999999999894e+00
1.748242946490613861e-02 -1.211033999999999944e+00
1.750243224461426814e-02 -9.734159999999999480e-01
1.752243502432239766e-02 -8.293660000000000476e-01
1.754243780403053066e-02 -8.791339999999999710e-01
1.756244058373866018e-02 -1.077949999999999964e+00
1.758244336344678971e-02 -1.271185000000000009e+00
1.760244614315492270e-02 -1.385971000000000064e+00
1.762244892286305223e-02 -1.343534999999999924e+00
1.764245170257118175e-02 -1.210450000000000026e+00
1.766245448227931475e-02 -1.043560000000000043e+00
1.768245726198744427e-02 -9.791260000000000518e-01
1.770246004169557380e-02 -9.891839999999999522e-01
1.772246282140370680e-02 -1.108900999999999915e+00
1.774246560111183632e-02 -1.216744999999999965e+00
1.776246838081996585e-02 -1.270407000000000064e+00
1.778247116052809537e-02 -1.239195999999999964e+00
1.780247394023622837e-02 -1.168014000000000108e+00
1.782247671994435789e-02 -1.048361000000000098e+00
1.784247949965248742e-02 -9.350030000000000285e-01
1.786248227936062041e-02 -9.437619999999999898e-01
1.788248505906874994e-02 -1.076262999999999970e+00
1.790248783877687946e-02 -1.325625999999999971e+00
1.792249061848501246e-02 -1.475710999999999995e+00
1.794249339819314198e-02 -1.440153000000000016e+00
1.796249617790127151e-02 -1.279814999999999925e+00
1.798249895760940451e-02 -1.044728000000000101e+00
1.800250173731753403e-02 -8.740729999999999889e-01
1.802250451702566356e-02 -8.195029999999999815e-01
1.804250729673379308e-02 -8.372169999999999890e-01
1.806251007644192608e-02 -9.869780000000000220e-01
1.808251285615005560e-02 -1.180212999999999957e+00
1.810251563585818513e-02 -1.341523000000000021e+00
1.812251841556631812e-02 -1.345936000000000021e+00
1.814252119527444765e-02 -1.286953000000000014e+00
1.816252397498257717e-02 -1.147380000000000067e+00
1.818252675469071017e-02 -1.016631000000000062e+00
1.820252953439883969e-02 -9.950890000000000013e-01
1.822253231410696922e-02 -1.078599000000000085e+00
1.824253509381510222e-02 -1.209541999999999895e+00
1.826253787352323174e-02 -1.321668000000000065e+00
1.828254065323136127e-02 -1.326144999999999907e+00
1.830254343293949079e-02 -1.259830000000000005e+00
1.832254621264762379e-02 -1.167818999999999940e+00
1.834254899235575331e-02 -1.075225000000000097e+00
1.836255177206388284e-02 -1.027403000000000066e+00
1.838255455177201583e-02 -9.725730000000000208e-01
1.840255733148014536e-02 -1.004950999999999928e+00
1.842256011118827488e-02 -1.096702000000000066e+00
1.844256289089640788e-02 -1.251784000000000008e+00
1.846256567060453740e-02 -1.349763999999999964e+00
1.848256845031266693e-02 -1.316346999999999934e+00
1.850257123002079993e-02 -1.183132999999999990e+00
1.852257400972892945e-02 -1.084697999999999940e+00
1.854257678943705898e-02 -1.008650000000000047e+00
1.856257956914518850e-02 -9.902220000000000466e-01
1.858258234885332150e-02 -9.673169999999999824e-01
1.860258512856145102e-02 -9.575829999999999620e-01
1.862258790826958055e-02 -1.039600999999999997e+00
1.864259068797771354e-02 -1.182549000000000072e+00
1.866259346768584307e-02 -1.329844000000000026e+00
1.868259624739397259e-02 -1.429251000000000049e+00
1.870259902710210559e-02 -1.386749999999999927e+00
1.872260180681023511e-02 -1.279814999999999925e+00
1.874260458651836464e-02 -1.134271999999999947e+00
1.876260736622649763e-02 -1.052643999999999913e+00
1.878261014593462716e-02 -1.008715000000000028e+00
1.880261292564275669e-02 -9.877559999999999674e-01
1.882261570535088621e-02 -9.640720000000000400e-01
1.884261848505901921e-02 -1.028960000000000097e+00
1.886262126476714873e-02 -1.123112000000000110e+00
1.888262404447527826e-02 -1.224531000000000036e+00
1.890262682418341125e-02 -1.229851999999999945e+00
1.892262960389154078e-02 -1.166585999999999901e+00
1.894263238359967030e-02 -1.054396000000000111e+00
1.896263516330780330e-02 -1.001706999999999903e+00
1.898263794301593282e-02 -1.048230999999999913e+00
1.900264072272406235e-02 -1.130767999999999995e+00
1.902264350243219534e-02 -1.206752000000000047e+00
1.904264628214032487e-02 -1.209866000000000108e+00
1.906264906184845440e-02 -1.167170000000000041e+00
1.908265184155658392e-02 -1.146730999999999945e+00
1.910265462126471692e-02 -1.127718999999999916e+00
1.912265740097284644e-02 -1.137647000000000075e+00
1.914266018068097597e-02 -1.106500999999999957e+00
1.916266296038910896e-02 -1.131936000000000053e+00
1.918266574009723849e-02 -1.206298000000000092e+00
1.920266851980536801e-02 -1.263333999999999957e+00
1.922267129951350101e-02 -1.311870000000000092e+00
1.924267407922163053e-02 -1.220053999999999972e+00
1.926267685892976006e-02 -1.021498000000000017e+00
1.928267963863789305e-02 -8.346860000000000390e-01
1.930268241834602258e-02 -7.934179999999999566e-01
1.932268519805415211e-02 -8.934100000000000374e-01
1.934268797776228163e-02 -1.046349999999999891e+00
1.936269075747041463e-02 -1.171842000000000050e+00
1.938269353717854415e-02 -1.257233999999999963e+00
1.940269631688667368e-02 -1.293117000000000072e+00
1.942269909659480667e-02 -1.287925999999999904e+00
1.944270187630293620e-02 -1.242828999999999962e+00
1.946270465601106572e-02 -1.148741999999999930e+00
1.948270743571919872e-02 -1.090214000000000016e+00
1.950271021542732824e-02 -1.093263000000000096e+00
1.952271299513545777e-02 -1.222325000000000106e+00
1.954271577484359076e-02 -1.326599000000000084e+00
1.956271855455172029e-02 -1.370592999999999950e+00
1.958272133425984982e-02 -1.288251000000000035e+00
1.960272411396797934e-02 -1.137126999999999999e+00
1.962272689367611234e-02 -9.858740000000000281e-01
1.964272967338424186e-02 -9.178720000000000212e-01
1.966273245309237139e-02 -9.839930000000000065e-01
1.968273523280050438e-02 -1.095923999999999898e+00
1.970273801250863391e-02 -1.208309000000000077e+00
1.972274079221676343e-02 -1.270146999999999915e+00
1.974274357192489643e-02 -1.237638000000000016e+00
1.976274635163302595e-02 -1.147445000000000048e+00
1.978274913134115548e-02 -1.035708000000000073e+00
1.980275191104928847e-02 -9.130709999999999660e-01
1.982275469075741800e-02 -8.594730000000000425e-01
1.984275747046554753e-02 -9.524569999999999981e-01
1.986276025017367705e-02 -1.157048000000000076e+00
1.988276302988181005e-02 -1.371631000000000045e+00
1.990276580958993957e-02 -1.483562000000000047e+00
1.992276858929806910e-02 -1.435675000000000034e+00
1.994277136900620209e-02 -1.306483999999999979e+00
1.996277414871433162e-02 -1.127718999999999916e+00
1.998277692842246114e-02 -1.004561999999999955e+00
2.000277970813059414e-02 -9.215060000000000473e-01
2.002278248783872366e-02 -9.023640000000000549e-01
2.004278526754685319e-02 -9.527820000000000178e-01
2.006278804725498618e-02 -1.022666000000000075e+00
2.008279082696311571e-02 -1.103774999999999951e+00
2.010279360667124524e-02 -1.174372999999999889e+00
2.012279638637937476e-02 -1.155230999999999897e+00
2.014279916608750776e-02 -1.114222000000000046e+00
2.016280194579563728e-02 -1.109420000000000073e+00
2.018280472550376681e-02 -1.141539999999999999e+00
2.020280750521189980e-02 -1.174177999999999944e+00
2.022281028492002933e-02 -1.208439000000000041e+00
2.024281306462815885e-02 -1.181121000000000087e+00
2.026281584433629185e-02 -1.127653999999999934e+00
2.028281862404442137e-02 -1.083271000000000095e+00
2.030282140375255090e-02 -1.054070999999999980e+00
2.032282418346068389e-02 -1.061598000000000042e+00
2.034282696316881342e-02 -1.067307999999999923e+00
2.036282974287694295e-02 -1.077625999999999973e+00
2.038283252258507247e-02 -1.106694999999999984e+00
2.040283530229320547e-02 -1.154258000000000006e+00
2.042283808200133499e-02 -1.173205000000000053e+00
2.044284086170946452e-02 -1.186441999999999997e+00
2.046284364141759751e-02 -1.161135999999999946e+00
2.048284642112572704e-02 -1.113833000000000073e+00
2.050284920083385656e-02 -1.105852000000000057e+00
2.052285198054198956e-02 -1.098778999999999950e+00
2.054285476025011908e-02 -1.060300999999999938e+00
2.056285753995824861e-02 -1.026299000000000072e+00
2.058286031966638160e-02 -1.002939999999999943e+00
2.060286309937451113e-02 -1.031619999999999981e+00
2.062286587908264066e-02 -1.113768000000000091e+00
2.064286865879077018e-02 -1.224142000000000063e+00
2.066287143849890318e-02 -1.277544000000000013e+00
2.068287421820703270e-02 -1.282475999999999949e+00
2.070287699791516223e-02 -1.219729000000000063e+00
2.072287977762329522e-02 -1.173140000000000072e+00
2.074288255733142475e-02 -1.124149999999999983e+00
2.076288533703955427e-02 -1.084697999999999940e+00
2.078288811674768727e-02 -1.057444999999999968e+00
2.080289089645581679e-02 -1.094560999999999895e+00
2.082289367616394632e-02 -1.132260999999999962e+00
2.084289645587207931e-02 -1.181251000000000051e+00
2.086289923558020884e-02 -1.177162999999999959e+00
2.088290201528833837e-02 -1.151143000000000027e+00
2.090290479499646789e-02 -1.101504000000000039e+00
2.092290757470460089e-02 -1.090927999999999898e+00
2.094291035441273041e-02 -1.130055000000000032e+00
2.096291313412085994e-02 -1.226283000000000012e+00
2.098291591382899293e-02 -1.272872000000000003e+00
2.100291869353712246e-02 -1.248863999999999974e+00
2.102292147324525198e-02 -1.158994999999999997e+00
2.104292425295338498e-02 -1.040121000000000073e+00
2.106292703266151450e-02 -9.479800000000000448e-01
2.108292981236964403e-02 -9.181970000000000409e-01
2.110293259207777702e-02 -9.826300000000000034e-01
2.112293537178590655e-02 -1.101115000000000066e+00
2.114293815149403608e-02 -1.258726999999999929e+00
2.116294093120216560e-02 -1.366050999999999904e+00
2.118294371091029860e-02 -1.414587000000000039e+00
2.120294649061842812e-02 -1.319981000000000071e+00
2.122294927032655765e-02 -1.151467999999999936e+00
2.124295205003469064e-02 -9.654350000000000431e-01
2.126295482974282017e-02 -8.632370000000000321e-01
2.128295760945094969e-02 -8.993139999999999468e-01
2.130296038915908269e-02 -1.002226000000000061e+00
2.132296316886721221e-02 -1.137516999999999889e+00
2.134296594857534174e-02 -1.258078000000000030e+00
2.136296872828347473e-02 -1.281632000000000104e+00
2.138297150799160426e-02 -1.263268999999999975e+00
2.140297428769973379e-02 -1.199030000000000040e+00
2.142297706740786331e-02 -1.105656999999999890e+00
2.144297984711599631e-02 -1.067763000000000018e+00
2.146298262682412583e-02 -1.075418999999999903e+00
2.148298540653225536e-02 -1.133169000000000093e+00
2.150298818624038835e-02 -1.209931000000000090e+00
2.152299096594851788e-02 -1.230175999999999936e+00
2.154299374565664740e-02 -1.204091000000000022e+00
2.156299652536478040e-02 -1.103904999999999914e+00
2.158299930507290992e-02 -9.931419999999999693e-01
2.160300208478103945e-02 -9.609579999999999789e-01
2.162300486448917244e-02 -9.888590000000000435e-01
2.164300764419730197e-02 -1.055693999999999910e+00
2.166301042390543150e-02 -1.119607999999999937e+00
2.168301320361356102e-02 -1.196824000000000110e+00
2.170301598332169402e-02 -1.210515000000000008e+00
2.172301876302982354e-02 -1.193708999999999909e+00
2.174302154273795307e-02 -1.138036000000000048e+00
2.176302432244608606e-02 -1.051995000000000013e+00
2.178302710215421559e-02 -9.783479999999999954e-01
2.180302988186234511e-02 -9.706259999999999888e-01
2.182303266157047811e-02 -1.016955999999999971e+00
2.184303544127860763e-02 -1.101180000000000048e+00
2.186303822098673716e-02 -1.165159000000000056e+00
2.188304100069487015e-02 -1.175799999999999956e+00
2.190304378040299968e-02 -1.184106000000000103e+00
2.192304656011112921e-02 -1.162498999999999949e+00
2.194304933981925873e-02 -1.141280000000000072e+00
2.196305211952739173e-02 -1.110328999999999899e+00
2.198305489923552125e-02 -1.085736000000000034e+00
2.200305767894365078e-02 -1.039730999999999961e+00
2.202306045865178377e-02 -1.046349999999999891e+00
2.204306323835991330e-02 -1.062961000000000045e+00
2.206306601806804282e-02 -1.075353999999999921e+00
2.208306879777617582e-02 -1.063091000000000008e+00
2.210307157748430534e-02 -1.051087000000000105e+00
2.212307435719243487e-02 -1.087423999999999946e+00
2.214307713690056786e-02 -1.133623999999999965e+00
2.216307991660869739e-02 -1.188193999999999972e+00
2.218308269631682692e-02 -1.238417000000000101e+00
2.220308547602495644e-02 -1.210126000000000035e+00
2.222308825573308944e-02 -1.189880999999999966e+00
2.224309103544121896e-02 -1.145628000000000091e+00
2.226309381514934849e-02 -1.087229000000000001e+00
2.228309659485748148e-02 -1.067179000000000100e+00
2.230309937456561101e-02 -1.052319000000000004e+00
2.232310215427374053e-02 -1.031360999999999972e+00
2.234310493398187353e-02 -1.044791999999999943e+00
2.236310771369000305e-02 -1.082945999999999964e+00
2.238311049339813258e-02 -1.143745999999999929e+00
2.240311327310626557e-02 -1.169570999999999916e+00
2.242311605281439510e-02 -1.174503000000000075e+00
2.244311883252252462e-02 -1.148741999999999930e+00
2.246312161223065415e-02 -1.106370999999999993e+00
2.248312439193878715e-02 -1.090862999999999916e+00
2.250312717164691667e-02 -1.070877000000000079e+00
2.252312995135504620e-02 -1.037071000000000076e+00
2.254313273106317919e-02 -1.023638999999999966e+00
2.256313551077130872e-02 -1.031749999999999945e+00
2.258313829047943824e-02 -1.100141999999999953e+00
2.260314107018757124e-02 -1.175670999999999911e+00
2.262314384989570076e-02 -1.211489000000000038e+00
2.264314662960383029e-02 -1.193773999999999891e+00
2.266314940931196328e-02 -1.136803000000000008e+00
2.268315218902009281e-02 -1.093328000000000078e+00
2.270315496872822233e-02 -1.064194000000000084e+00
2.272315774843635186e-02 -1.058678000000000008e+00
2.274316052814448486e-02 -1.088071999999999928e+00
2.276316330785261438e-02 -1.120711000000000013e+00
2.278316608756074391e-02 -1.152117000000000058e+00
2.280316886726887690e-02 -1.171192999999999929e+00
2.282317164697700643e-02 -1.152506000000000030e+00
2.284317442668513595e-02 -1.083401000000000058e+00
2.286317720639326895e-02 -1.008909999999999973e+00
2.288317998610139847e-02 -9.773089999999999833e-01
2.290318276580952800e-02 -9.939210000000000544e-01
2.292318554551766099e-02 -1.075549000000000088e+00
2.294318832522579052e-02 -1.184171000000000085e+00
2.296319110493392004e-02 -1.264437000000000033e+00
2.298319388464204957e-02 -1.245360000000000023e+00
2.300319666435018257e-02 -1.171713000000000005e+00
2.302319944405831209e-02 -1.073472999999999900e+00
2.304320222376644162e-02 -9.825000000000000400e-01
2.306320500347457461e-02 -9.714049999999999629e-01
2.308320778318270414e-02 -1.004756999999999900e+00
2.310321056289083366e-02 -1.087488000000000010e+00
2.312321334259896666e-02 -1.193708999999999909e+00
2.314321612230709618e-02 -1.257689000000000057e+00
2.316321890201522571e-02 -1.272742999999999958e+00
2.318322168172335870e-02 -1.224272000000000027e+00
2.320322446143148823e-02 -1.116883000000000070e+00
2.322322724113961775e-02 -1.038888000000000034e+00
2.324323002084774728e-02 -1.013905999999999974e+00
2.326323280055588028e-02 -1.033047999999999966e+00
2.328323558026400980e-02 -1.092743999999999938e+00
2.330323835997213933e-02 -1.139723000000000042e+00
2.332324113968027232e-02 -1.139658000000000060e+00
2.334324391938840185e-02 -1.096573000000000020e+00
2.336324669909653137e-02 -1.054850000000000065e+00
2.338324947880466437e-02 -1.018577999999999983e+00
2.340325225851279389e-02 -1.015398000000000023e+00
2.342325503822092342e-02 -1.058678000000000008e+00
2.344325781792905641e-02 -1.122657999999999934e+00
2.346326059763718594e-02 -1.168792999999999971e+00
2.348326337734531546e-02 -1.209152999999999922e+00
2.350326615705344499e-02 -1.195267000000000079e+00
2.352326893676157799e-02 -1.130508999999999986e+00
2.354327171646970751e-02 -1.072759000000000018e+00
2.356327449617783704e-02 -1.041287999999999991e+00
2.358327727588597003e-02 -1.047387999999999986e+00
2.360328005559409956e-02 -1.068087000000000009e+00
2.362328283530222908e-02 -1.111626999999999921e+00
2.364328561501036208e-02 -1.139853000000000005e+00
2.366328839471849160e-02 -1.142317999999999945e+00
2.368329117442662113e-02 -1.115324999999999900e+00
2.370329395413475412e-02 -1.086514999999999898e+00
2.372329673384288365e-02 -1.032073999999999936e+00
2.374329951355101317e-02 -1.010142000000000095e+00
2.376330229325914270e-02 -1.020718999999999932e+00
2.378330507296727570e-02 -1.068540999999999963e+00
2.380330785267540522e-02 -1.089110999999999940e+00
2.382331063238353475e-02 -1.121879000000000071e+00
2.384331341209166774e-02 -1.107539000000000051e+00
2.386331619179979727e-02 -1.097026999999999974e+00
2.388331897150792679e-02 -1.110003999999999991e+00
2.390332175121605979e-02 -1.115065999999999891e+00
2.392332453092418931e-02 -1.134401999999999910e+00
2.394332731063231884e-02 -1.134921000000000069e+00
2.396333009034045183e-02 -1.124085000000000001e+00
2.398333287004858136e-02 -1.111043000000000003e+00
2.400333564975671088e-02 -1.114481999999999973e+00
2.402333842946484041e-02 -1.123825999999999992e+00
2.404334120917297341e-02 -1.092419999999999947e+00
2.406334398888110293e-02 -1.048880000000000035e+00
2.408334676858923246e-02 -1.007352000000000025e+00
2.410334954829736545e-02 -1.007611999999999952e+00
2.412335232800549498e-02 -9.969700000000000228e-01
2.414335510771362450e-02 -1.011830000000000007e+00
2.416335788742175750e-02 -1.039600999999999997e+00
2.418336066712988702e-02 -1.061987999999999932e+00
2.420336344683801655e-02 -1.031749999999999945e+00
2.422336622654614954e-02 -1.197408000000000028e+00
2.424336900625427907e-02 -1.108965999999999896e+00
2.426337178596240859e-02 -1.135958999999999941e+00
2.428337456567053812e-02 -1.052708999999999895e+00
2.430337734537867111e-02 -1.007287000000000043e+00
2.432338012508680064e-02 -9.124870000000000481e-01
2.434338290479493017e-02 -1.004496999999999973e+00
2.436338568450306316e-02 -1.173723999999999990e+00
2.438338846421119269e-02 -1.110783000000000076e+00
2.440339124391932221e-02 -1.298113999999999990e+00
2.442339402362745521e-02 -1.112794999999999979e+00
2.444339680333558473e-02 -1.022275999999999962e+00
2.446339958304371426e-02 -1.123305999999999916e+00
2.448340236275184725e-02 -1.044467999999999952e+00
2.450340514245997678e-02 -9.451899999999999746e-01
2.452340792216810630e-02 -9.743889999999999496e-01
2.454341070187623583e-02 -9.485639999999999628e-01
2.456341348158436882e-02 -1.017994000000000065e+00
2.458341626129249835e-02 -1.138360000000000039e+00
2.460341904100062788e-02 -1.142838000000000021e+00
2.462342182070876087e-02 -1.158346000000000098e+00
2.464342460041689040e-02 -1.129990000000000050e+00
2.466342738012501992e-02 -1.058094000000000090e+00
2.468343015983315292e-02 -9.981379999999999697e-01
2.470343293954128244e-02 -9.941799999999999526e-01
2.472343571924941197e-02 -1.044337999999999989e+00
2.474343849895754496e-02 -1.108252000000000015e+00
2.476344127866567449e-02 -1.173205000000000053e+00
2.478344405837380401e-02 -1.144654000000000060e+00
2.480344683808193354e-02 -1.074057000000000039e+00
2.482344961779006653e-02 -1.064453000000000094e+00
2.484345239749819606e-02 -1.050826999999999956e+00
2.486345517720632559e-02 -1.070812000000000097e+00
2.488345795691445858e-02 -1.096247999999999889e+00
2.490346073662258811e-02 -1.091056999999999944e+00
2.492346351633071763e-02 -1.117725999999999997e+00
2.494346629603885063e-02 -1.153739000000000070e+00
2.496346907574698015e-02 -1.125188000000000077e+00
2.498347185545510968e-02 -1.058418999999999999e+00
2.500347463516324267e-02 -9.999550000000000383e-01
2.502347741487137220e-02 -9.981379999999999697e-01
2.504348019457950172e-02 -1.081973000000000074e+00
2.506348297428763125e-02 -1.127458999999999989e+00
2.508348575399576424e-02 -1.147834000000000021e+00
2.510348853370389377e-02 -1.154193000000000024e+00
2.512349131341202330e-02 -1.147054999999999936e+00
2.514349409312015629e-02 -1.137256999999999962e+00
2.516349687282828582e-02 -1.110587999999999909e+00
2.518349965253641534e-02 -1.053617000000000026e+00
2.520350243224454834e-02 -1.012672999999999934e+00
2.522350521195267786e-02 -1.038628000000000107e+00
2.524350799166080739e-02 -1.081712999999999925e+00
2.526351077136894038e-02 -1.130897999999999959e+00
2.528351355107706991e-02 -1.141151000000000026e+00
2.530351633078519943e-02 -1.109031000000000100e+00
2.532351911049332896e-02 -1.063674999999999926e+00
2.534352189020146195e-02 -1.018836999999999993e+00
2.536352466990959148e-02 -1.031295999999999990e+00
2.538352744961772101e-02 -1.061598000000000042e+00
2.540353022932585400e-02 -1.079053000000000040e+00
2.542353300903398353e-02 -1.109226000000000045e+00
2.544353578874211305e-02 -1.138619999999999965e+00
2.546353856845024605e-02 -1.138166000000000011e+00
2.548354134815837557e-02 -1.112729999999999997e+00
2.550354412786650510e-02 -1.053617000000000026e+00
2.552354690757463809e-02 -9.972299999999999498e-01
2.554354968728276762e-02 -9.741950000000000331e-01
2.556355246699089714e-02 -1.016501000000000099e+00
2.558355524669902667e-02 -1.068411999999999917e+00
2.560355802640715966e-02 -1.119801999999999964e+00
2.562356080611528919e-02 -1.146924999999999972e+00
2.564356358582341872e-02 -1.148158000000000012e+00
2.566356636553155171e-02 -1.155230999999999897e+00
2.568356914523968124e-02 -1.157631999999999994e+00
2.570357192494781076e-02 -1.109680000000000000e+00
2.572357470465594376e-02 -1.060820000000000096e+00
2.574357748436407328e-02 -1.034216000000000024e+00
2.576358026407220281e-02 -1.033241999999999994e+00
2.578358304378033580e-02 -1.056341999999999892e+00
2.580358582348846533e-02 -1.083790000000000031e+00
2.582358860319659485e-02 -1.083984999999999976e+00
2.584359138290472438e-02 -1.083205999999999891e+00
2.586359416261285737e-02 -1.109485000000000054e+00
2.588359694232098690e-02 -1.149197000000000024e+00
2.590359972202911643e-02 -1.176125000000000087e+00
2.592360250173724942e-02 -1.148352999999999957e+00
2.594360528144537895e-02 -1.118570000000000064e+00
2.596360806115350847e-02 -1.113118999999999970e+00
2.598361084086164147e-02 -1.121618999999999922e+00
2.600361362056977099e-02 -1.115779000000000076e+00
2.602361640027790052e-02 -1.104489000000000054e+00
2.604361917998603351e-02 -1.065620999999999929e+00
2.606362195969416304e-02 -1.041158999999999946e+00
2.608362473940229256e-02 -1.036356999999999973e+00
2.610362751911042209e-02 -1.053422000000000081e+00
2.612363029881855508e-02 -1.061209000000000069e+00
2.614363307852668461e-02 -1.067568000000000072e+00
2.616363585823481414e-02 -1.096378000000000075e+00
2.618363863794294713e-02 -1.155815000000000037e+00
2.620364141765107666e-02 -1.219664000000000081e+00
2.622364419735920618e-02 -1.224661000000000000e+00
2.624364697706733918e-02 -1.171972000000000014e+00
2.626364975677546870e-02 -1.099493000000000054e+00
2.628365253648359823e-02 -1.044467999999999952e+00
2.630365531619173122e-02 -1.038108999999999948e+00
2.632365809589986075e-02 -1.033371999999999957e+00
2.634366087560799027e-02 -1.064194000000000084e+00
2.636366365531611980e-02 -1.085153000000000034e+00
2.638366643502425279e-02 -1.126940000000000053e+00
2.640366921473238232e-02 -1.128821999999999992e+00
2.642367199444051185e-02 -1.124344999999999928e+00
2.644367477414864484e-02 -1.121099999999999985e+00
2.646367755385677437e-02 -1.097610999999999892e+00
2.648368033356490389e-02 -1.092808999999999919e+00
2.650368311327303689e-02 -1.106435999999999975e+00
2.652368589298116641e-02 -1.155945000000000000e+00
2.654368867268929594e-02 -1.137971000000000066e+00
2.656369145239742893e-02 -1.121879000000000071e+00
2.658369423210555846e-02 -1.068281999999999954e+00
2.660369701181368798e-02 -1.041028999999999982e+00
2.662369979152181751e-02 -1.025844999999999896e+00
2.664370257122995050e-02 -1.046804000000000068e+00
2.666370535093808003e-02 -1.067113999999999896e+00
2.668370813064620956e-02 -1.115650000000000031e+00
2.670371091035434255e-02 -1.156528999999999918e+00
2.672371369006247208e-02 -1.181834999999999969e+00
2.674371646977060160e-02 -1.167559999999999931e+00
2.676371924947873460e-02 -1.102867000000000042e+00
2.678372202918686412e-02 -1.048686000000000007e+00
2.680372480889499365e-02 -1.014035999999999937e+00
2.682372758860312664e-02 -1.035643000000000091e+00
2.684373036831125617e-02 -1.086060999999999943e+00
2.686373314801938569e-02 -1.116492999999999958e+00
2.688373592772751522e-02 -1.106565000000000021e+00
2.690373870743564821e-02 -1.115844000000000058e+00
2.692374148714377774e-02 -1.115324999999999900e+00
2.694374426685190727e-02 -1.094302000000000108e+00
2.696374704656004026e-02 -1.063220000000000054e+00
2.698374982626816979e-02 -1.025390999999999941e+00
2.700375260597629931e-02 -1.042586000000000013e+00
2.702375538568443231e-02 -1.072305000000000064e+00
2.704375816539256183e-02 -1.118114999999999970e+00
2.706376094510069136e-02 -1.147380000000000067e+00
2.708376372480882435e-02 -1.144784000000000024e+00
2.710376650451695388e-02 -1.123631000000000046e+00
2.712376928422508340e-02 -1.104878000000000027e+00
2.714377206393321293e-02 -1.094171999999999922e+00
2.716377484364134592e-02 -1.075744000000000034e+00
2.718377762334947545e-02 -1.078729000000000049e+00
2.720378040305760498e-02 -1.073472999999999900e+00
2.722378318276573797e-02 -1.091965999999999992e+00
2.724378596247386750e-02 -1.097156999999999938e+00
2.726378874218199702e-02 -1.085606999999999989e+00
2.728379152189013002e-02 -1.085865999999999998e+00
2.730379430159825954e-02 -1.052448999999999968e+00
2.732379708130638907e-02 -1.066983999999999932e+00
2.734379986101452206e-02 -1.060885000000000078e+00
2.736380264072265159e-02 -1.065101999999999993e+00
2.738380542043078111e-02 -1.089175999999999922e+00
2.740380820013891064e-02 -1.086190999999999907e+00
2.742381097984704363e-02 -1.092614999999999892e+00
2.744381375955517316e-02 -1.098324999999999996e+00
2.746381653926330269e-02 -1.101698999999999984e+00
2.748381931897143568e-02 -1.104100000000000081e+00
2.750382209867956521e-02 -1.086580000000000101e+00
2.752382487838769473e-02 -1.077366000000000046e+00
2.754382765809582773e-02 -1.087293999999999983e+00
2.756383043780395725e-02 -1.075873999999999997e+00
2.758383321751208678e-02 -1.106630000000000003e+00
2.760383599722021977e-02 -1.097415999999999947e+00
2.762383877692834930e-02 -1.103191000000000033e+00
2.764384155663647882e-02 -1.096767000000000047e+00
2.766384433634460835e-02 -1.085930999999999980e+00
2.768384711605274134e-02 -1.065685999999999911e+00
2.770384989576087087e-02 -1.067244000000000081e+00
2.772385267546900040e-02 -1.062700999999999896e+00
2.774385545517713339e-02 -1.054785000000000084e+00
2.776385823488526292e-02 -1.063739999999999908e+00
2.778386101459339244e-02 -1.064518000000000075e+00
2.780386379430152544e-02 -1.059196999999999944e+00
2.782386657400965496e-02 -1.071396000000000015e+00
2.784386935371778449e-02 -1.087747999999999937e+00
2.786387213342591748e-02 -1.101374000000000075e+00
2.788387491313404701e-02 -1.114027000000000100e+00
2.790387769284217653e-02 -1.111820999999999948e+00
2.792388047255030606e-02 -1.102087999999999957e+00
2.794388325225843905e-02 -1.098065000000000069e+00
2.796388603196656858e-02 -1.118764000000000092e+00
2.798388881167469810e-02 -1.123955000000000037e+00
2.800389159138283110e-02 -1.102606999999999893e+00
2.802389437109096063e-02 -1.077105999999999897e+00
2.804389715079909015e-02 -1.049658999999999898e+00
2.806389993050722315e-02 -1.056472000000000078e+00
2.808390271021535267e-02 -1.073277999999999954e+00
2.810390548992348220e-02 -1.075029999999999930e+00
2.812390826963161519e-02 -1.078794000000000031e+00
2.814391104933974472e-02 -1.099558000000000035e+00
2.816391382904787424e-02 -1.117725999999999997e+00
2.818391660875600377e-02 -1.122333000000000025e+00
2.820391938846413676e-02 -1.103839999999999932e+00
2.822392216817226629e-02 -1.062116999999999978e+00
2.824392494788039581e-02 -1.036162000000000027e+00
2.826392772758852881e-02 -1.032399000000000067e+00
2.828393050729665834e-02 -1.054980000000000029e+00
2.830393328700478786e-02 -1.101957999999999993e+00
2.832393606671292086e-02 -1.114287000000000027e+00
2.834393884642105038e-02 -1.134921000000000069e+00
2.836394162612917991e-02 -1.117142000000000079e+00
2.838394440583731290e-02 -1.112924000000000024e+00
2.840394718554544243e-02 -1.098130000000000051e+00
2.842394996525357195e-02 -1.072499000000000091e+00
2.844395274496170148e-02 -1.040964000000000000e+00
2.846395552466983447e-02 -1.040249999999999897e+00
2.848395830437796400e-02 -1.056278000000000050e+00
2.850396108408609352e-02 -1.092160000000000020e+00
2.852396386379422652e-02 -1.080286000000000080e+00
2.854396664350235605e-02 -1.075938000000000061e+00
2.856396942321048557e-02 -1.032399000000000067e+00
2.858397220291861857e-02 -1.001706999999999903e+00
2.860397498262674809e-02 -9.966460000000000319e-01
2.862397776233487762e-02 -1.014555000000000096e+00
2.864398054204301061e-02 -1.053746999999999989e+00
2.866398332175114014e-02 -1.073212999999999973e+00
2.868398610145926966e-02 -1.114416999999999991e+00
2.870398888116739919e-02 -1.143550999999999984e+00
2.872399166087553218e-02 -1.112081000000000097e+00
2.874399444058366171e-02 -1.100270999999999999e+00
2.876399722029179123e-02 -1.062896000000000063e+00
