# time(s), 	 	 acceleration(g)
0.000000000000000000e+00 6.184594999999999843e+00
2.000277970813059281e-05 6.414490999999999943e+00
4.000555941626118562e-05 6.651396000000000086e+00
6.000833912439177504e-05 6.921263999999999861e+00
8.001111883252237124e-05 7.214945000000000164e+00
1.000138985406529674e-04 7.513557999999999737e+00
1.200166782487835501e-04 7.837282000000000082e+00
1.400194579569141598e-04 8.171193000000000595e+00
1.600222376650447425e-04 8.492126999999999981e+00
1.800250173731753251e-04 8.855302999999999258e+00
2.000277970813059349e-04 9.245212999999999681e+00
2.200305767894365175e-04 9.645699000000000467e+00
2.400333564975671002e-04 1.012430999999999948e+01
2.600361362056977099e-04 1.061343300000000056e+01
2.800389159138283197e-04 1.120339099999999988e+01
3.000416956219588752e-04 1.180236799999999953e+01
3.200444753300894850e-04 1.250575000000000081e+01
3.400472550382200947e-04 1.338426300000000069e+01
3.600500347463506503e-04 1.413676500000000047e+01
3.800528144544812600e-04 1.514700000000000024e+01
4.000555941626118698e-04 1.629615899999999939e+01
4.200583738707424253e-04 1.739308400000000177e+01
4.400611535788730351e-04 1.885104300000000066e+01
4.600639332870036448e-04 2.061819200000000052e+01
4.800667129951342003e-04 2.247780600000000106e+01
5.000694927032648101e-04 2.487047099999999844e+01
5.200722724113954198e-04 2.784057200000000165e+01
5.400750521195260296e-04 3.180267299999999864e+01
5.600778318276566393e-04 3.728256100000000117e+01
5.800806115357871407e-04 4.585122799999999899e+01
6.000833912439177504e-04 5.980082900000000024e+01
6.200861709520483602e-04 8.262705400000000111e+01
6.400889506601789699e-04 1.177461050000000000e+02
6.600917303683095797e-04 1.673740229999999940e+02
6.800945100764401894e-04 2.306770030000000133e+02
7.000972897845707992e-04 3.049873860000000150e+02
7.201000694927013005e-04 3.803385000000000105e+02
7.401028492008319103e-04 4.458108030000000213e+02
7.601056289089625200e-04 4.876717399999999998e+02
7.801084086170931298e-04 4.998269389999999817e+02
8.001111883252237395e-04 4.808243459999999914e+02
8.201139680333543493e-04 4.424842100000000187e+02
8.401167477414848506e-04 3.950328170000000227e+02
8.601195274496154604e-04 3.465605469999999855e+02
8.801223071577460701e-04 2.993304200000000037e+02
9.001250868658766799e-04 2.579874149999999986e+02
9.201278665740072896e-04 2.119234480000000076e+02
9.401306462821378994e-04 1.610756430000000137e+02
9.601334259902684007e-04 1.077222040000000050e+02
9.801362056983990104e-04 6.181364299999999901e+01
1.000138985406529620e-03 2.514553000000000083e+01
1.020141765114660230e-03 1.361823999999999923e+00
1.040144544822790840e-03 -8.431077999999999406e+00
1.060147324530921449e-03 -5.357676999999999801e+00
1.080150104239052059e-03 8.504391000000000034e+00
1.100152883947182669e-03 3.114659500000000136e+01
1.120155663655313279e-03 5.195014299999999707e+01
1.140158443363443888e-03 6.843853699999999662e+01
1.160161223071574281e-03 6.828949000000000069e+01
1.180164002779704891e-03 5.594079599999999886e+01
1.200166782487835501e-03 3.081106099999999870e+01
1.220169562195966111e-03 -1.462668999999999997e+00
1.240172341904096720e-03 -2.197091400000000050e+01
1.260175121612227330e-03 -3.911486599999999925e+01
1.280177901320357940e-03 -4.074529700000000076e+01
1.300180681028488550e-03 -2.781443099999999902e+01
1.320183460736619159e-03 -1.214595800000000025e+01
1.340186240444749769e-03 5.463563999999999865e+00
1.360189020152880379e-03 2.121068100000000101e+01
1.380191799861010989e-03 2.849152399999999830e+01
1.400194579569141598e-03 2.141916499999999957e+01
1.420197359277271991e-03 7.473911000000000193e+00
1.440200138985402601e-03 2.909717000000000109e+00
1.460202918693533211e-03 1.254369999999999985e+00
1.480205698401663821e-03 1.175402000000000058e+00
1.500208478109794430e-03 5.277270999999999823e+00
1.520211257817925040e-03 1.651950199999999924e+01
1.540214037526055650e-03 1.758573499999999967e+01
1.560216817234186260e-03 2.246236299999999986e+01
1.580219596942316869e-03 1.955241399999999885e+01
1.600222376650447479e-03 5.174813999999999581e+00
1.620225156358578089e-03 -1.748693000000000053e+00
1.640227936066708699e-03 2.395936999999999983e+00
1.660230715774839308e-03 4.106360000000000010e-01
1.680233495482969701e-03 3.790632000000000001e+00
1.700236275191100311e-03 4.368521000000000321e+00
1.720239054899230921e-03 5.804871999999999588e+00
1.740241834607361530e-03 -1.915324000000000026e+00
1.760244614315492140e-03 -1.123551999999999929e+01
1.780247394023622750e-03 -2.098300000000000054e+01
1.800250173731753360e-03 -3.114069900000000146e+01
1.820252953439883969e-03 -3.159964899999999943e+01
1.840255733148014579e-03 -2.153220900000000171e+01
1.860258512856145189e-03 -1.161056999999999917e+01
1.880261292564275799e-03 1.316066099999999928e+01
1.900264072272406408e-03 2.813353899999999896e+01
1.920266851980536801e-03 3.432680100000000323e+01
1.940269631688667411e-03 4.627299699999999660e+01
1.960272411396798021e-03 3.292094600000000071e+01
1.980275191104928847e-03 2.081019500000000022e+01
2.000277970813059240e-03 9.273827999999999960e+00
2.020280750521190067e-03 -9.804033999999999693e+00
2.040283530229320460e-03 -1.674564499999999967e+01
2.060286309937450853e-03 -2.049387700000000123e+01
2.080289089645581679e-03 -1.955930100000000138e+01
2.100291869353712072e-03 -1.431352799999999981e+01
2.120294649061842899e-03 -9.657128999999999408e+00
2.140297428769973292e-03 -5.812213999999999992e+00
2.160300208478104118e-03 -5.255479000000000234e+00
2.180302988186234511e-03 -3.787720999999999894e+00
2.200305767894365338e-03 -6.336829999999999963e+00
2.220308547602495731e-03 -1.224023900000000076e+01
2.240311327310626557e-03 -7.937413000000000274e+00
2.260314107018756950e-03 -4.549437000000000175e+00
2.280316886726887777e-03 -2.231587000000000209e+00
2.300319666435018170e-03 1.089555000000000051e+00
2.320322446143148563e-03 6.501506000000000007e+00
2.340325225851279389e-03 7.414863999999999677e+00
2.360328005559409782e-03 9.254946000000000339e+00
2.380330785267540609e-03 1.195550300000000021e+01
2.400333564975671002e-03 6.115294999999999703e+00
2.420336344683801828e-03 7.467812000000000339e+00
2.440339124391932221e-03 8.789896999999999849e+00
2.460341904100063048e-03 3.003090999999999955e+00
2.480344683808193441e-03 -2.335601000000000038e+00
2.500347463516324267e-03 -7.318774000000000335e+00
2.520350243224454660e-03 -1.406779900000000083e+01
2.540353022932585487e-03 -1.540792199999999923e+01
2.560355802640715880e-03 -1.737044799999999967e+01
2.580358582348846273e-03 -1.286562600000000067e+01
2.600361362056977099e-03 -1.254858499999999921e+01
2.620364141765107492e-03 -8.913906000000000773e+00
2.640366921473238319e-03 -4.576623999999999803e+00
2.660369701181368712e-03 -4.260426999999999964e+00
2.680372480889499538e-03 -7.181480000000000086e-01
2.700375260597629931e-03 -4.750003999999999671e+00
2.720378040305760758e-03 -4.099895000000000067e+00
2.740380820013891151e-03 -6.908950000000000369e-01
2.760383599722021977e-03 3.744237000000000037e+00
2.780386379430152370e-03 1.314528199999999991e+01
2.800389159138283197e-03 1.606561299999999903e+01
2.820391938846413590e-03 1.033045800000000014e+01
2.840394718554543983e-03 4.818581000000000003e+00
2.860397498262674809e-03 -1.355220000000000036e-01
2.880400277970805202e-03 -1.238429999999999948e-01
2.900403057678936029e-03 -5.061918999999999613e+00
2.920405837387066422e-03 -1.047717800000000032e+01
2.940408617095197248e-03 -1.250569499999999934e+01
2.960411396803327641e-03 -8.945441999999999894e+00
2.980414176511458468e-03 -8.689655000000000129e+00
3.000416956219588861e-03 -7.013738000000000028e+00
3.020419735927719687e-03 -1.333002699999999940e+01
3.040422515635850080e-03 -1.898439700000000130e+01
3.060425295343980907e-03 -1.401796500000000023e+01
3.080428075052111300e-03 -1.124992499999999929e+01
3.100430854760241692e-03 -7.186274000000000051e+00
3.120433634468372519e-03 1.638829000000000091e+00
3.140436414176502912e-03 8.108188000000000173e+00
3.160439193884633739e-03 1.324767499999999920e+01
3.180441973592764131e-03 1.249828800000000051e+01
3.200444753300894958e-03 1.000699299999999958e+01
3.220447533009025351e-03 4.275146999999999586e+00
3.240450312717156178e-03 -4.832549999999999901e-01
3.260453092425286570e-03 -3.241238000000000063e+00
3.280455872133417397e-03 -6.194920999999999900e+00
3.300458651841547790e-03 -4.068813999999999709e+00
3.320461431549678617e-03 1.758610999999999924e+00
3.340464211257809009e-03 3.973094999999999821e+00
3.360466990965939402e-03 -1.145887000000000100e+00
3.380469770674070229e-03 -4.813075000000000436e+00
3.400472550382200622e-03 -1.221493300000000026e+01
3.420475330090331448e-03 -1.835608999999999824e+01
3.440478109798461841e-03 -1.894144100000000108e+01
3.460480889506592668e-03 -1.789207899999999896e+01
3.480483669214723061e-03 -1.380104599999999948e+01
3.500486448922853887e-03 -6.414500999999999564e+00
3.520489228630984280e-03 3.494159999999999933e+00
3.540492008339115107e-03 8.707554000000000016e+00
3.560494788047245500e-03 9.983439000000000618e+00
3.580497567755376326e-03 9.914723000000000397e+00
3.600500347463506719e-03 4.293186000000000391e+00
3.620503127171637112e-03 1.488224999999999909e+00
3.640505906879767939e-03 -2.515728999999999882e+00
3.660508686587898332e-03 -3.341553999999999913e+00
3.680511466296029158e-03 -1.325172000000000017e+00
3.700514246004159551e-03 -2.080462999999999951e+00
3.720517025712290378e-03 -1.458515999999999924e+00
3.740519805420420771e-03 2.020879999999999899e-01
3.760522585128551597e-03 -3.294070000000000054e-01
3.780525364836681990e-03 -7.681120000000000170e-01
3.800528144544812817e-03 -9.388959999999999528e-01
3.820530924252943210e-03 -2.671330000000000204e+00
3.840533703961073603e-03 -7.884528999999999677e+00
3.860536483669204429e-03 -9.809160999999999575e+00
3.880539263377334822e-03 -1.055192899999999945e+01
3.900542043085465649e-03 -1.414546900000000029e+01
3.920544822793596042e-03 -1.251101500000000044e+01
3.940547602501726435e-03 -8.608351000000000752e+00
3.960550382209857695e-03 -2.431894999999999918e+00
3.980553161917988088e-03 4.571359000000000172e+00
4.000555941626118481e-03 1.210098100000000088e+01
4.020558721334248874e-03 1.444588899999999931e+01
4.040561501042380134e-03 9.926857000000000042e+00
4.060564280750510527e-03 8.816240999999999772e+00
4.080567060458640920e-03 2.608639000000000152e+00
4.100569840166771313e-03 -1.041743000000000086e+00
4.120572619874901706e-03 -2.641805999999999877e+00
4.140575399583032966e-03 -5.559671999999999947e+00
4.160578179291163359e-03 -6.626813000000000287e+00
4.180580958999293752e-03 -6.552191999999999794e+00
4.200583738707424145e-03 -5.957887000000000377e+00
4.220586518415555405e-03 -4.769599999999999618e+00
4.240589298123685798e-03 -7.455557999999999907e+00
4.260592077831816191e-03 -5.006959000000000160e+00
4.280594857539946584e-03 -4.357433999999999585e+00
4.300597637248077844e-03 -4.381832000000000171e+00
4.320600416956208237e-03 -1.403491000000000044e+00
4.340603196664338630e-03 -4.320000000000000055e-03
4.360605976372469023e-03 6.942599999999999882e-01
4.380608756080599415e-03 3.111777000000000015e+00
4.400611535788730676e-03 2.790388999999999786e+00
4.420614315496861069e-03 3.440303000000000111e+00
4.440617095204991462e-03 3.141755999999999993e+00
4.460619874913121854e-03 3.124171000000000031e+00
4.480622654621253115e-03 -1.413289000000000017e+00
4.500625434329383508e-03 -3.612394999999999801e+00
4.520628214037513901e-03 -2.832250999999999852e+00
4.540630993745644294e-03 -2.633110999999999979e+00
4.560633773453775554e-03 8.305240000000000400e-01
4.580636553161905947e-03 3.874531000000000169e+00
4.600639332870036340e-03 1.240094999999999947e+00
4.620642112578166733e-03 7.476629999999999665e-01
4.640644892286297125e-03 -3.091801999999999939e+00
4.660647671994428386e-03 -6.170393999999999934e+00
4.680650451702558779e-03 -1.012334599999999973e+01
4.700653231410689172e-03 -1.259660200000000074e+01
4.720656011118819564e-03 -1.000486199999999926e+01
4.740658790826950825e-03 -4.619514999999999816e+00
4.760661570535081218e-03 5.362209000000000003e+00
4.780664350243211611e-03 8.646300000000000097e+00
4.800667129951342003e-03 7.855320999999999998e+00
4.820669909659473264e-03 8.926289999999999836e+00
4.840672689367603657e-03 3.305791000000000146e+00
4.860675469075734050e-03 -2.297642000000000184e+00
4.880678248783864442e-03 -5.796706000000000358e+00
4.900681028491994835e-03 -8.624052999999999969e+00
4.920683808200126096e-03 -8.388317000000000689e+00
4.940686587908256489e-03 -3.174144000000000077e+00
4.960689367616386881e-03 1.616832000000000047e+00
4.980692147324517274e-03 2.538171000000000177e+00
5.000694927032648535e-03 1.702353999999999923e+00
5.020697706740778928e-03 -8.563589999999999813e-01
5.040700486448909320e-03 -1.956139000000000072e+00
5.060703266157039713e-03 -6.231529999999999569e-01
5.080706045865170974e-03 1.297649999999999970e+00
5.100708825573301367e-03 -1.889564000000000021e+00
5.120711605281431759e-03 -2.780924999999999869e+00
5.140714384989562152e-03 -5.169242999999999810e+00
5.160717164697692545e-03 -6.115629000000000204e+00
5.180719944405823806e-03 -3.726337000000000010e+00
5.200722724113954198e-03 -1.906694000000000111e+00
5.220725503822084591e-03 -2.118876999999999899e+00
5.240728283530214984e-03 -3.003370000000000206e-01
5.260731063238346245e-03 1.586780000000000135e-01
5.280733842946476637e-03 4.078603000000000200e+00
5.300736622654607030e-03 3.528810000000000002e+00
5.320739402362737423e-03 2.655552999999999830e+00
5.340742182070868684e-03 -2.419760999999999829e+00
5.360744961778999076e-03 -3.633872999999999909e+00
5.380747741487129469e-03 -2.431894999999999918e+00
5.400750521195259862e-03 -3.337076999999999849e+00
5.420753300903390255e-03 -2.208162000000000180e+00
5.440756080611521515e-03 -1.438660000000000050e+00
5.460758860319651908e-03 -3.262844999999999995e+00
5.480761640027782301e-03 -8.232009999999999605e-01
5.500764419735912694e-03 4.607950000000000101e-01
5.520767199444043954e-03 -1.353657000000000110e+00
5.540769979152174347e-03 -4.375342999999999982e+00
5.560772758860304740e-03 -4.739817000000000391e+00
5.580775538568435133e-03 -4.995733000000000423e+00
5.600778318276566393e-03 -3.405857999999999830e+00
5.620781097984696786e-03 6.504609999999999559e-01
5.640783877692827179e-03 9.900830000000000464e-01
5.660786657400957572e-03 1.381420000000000092e+00
5.680789437109087965e-03 4.080409999999999870e-01
5.700792216817219225e-03 -3.323909999999999920e-01
5.720794996525349618e-03 -1.673820000000000030e-01
5.740797776233480011e-03 1.676970000000000127e-01
5.760800555941610404e-03 -6.773339999999999916e-01
5.780803335649741664e-03 -1.566877999999999993e+00
5.800806115357872057e-03 -2.672302999999999873e+00
5.820808895066002450e-03 -1.368646000000000029e+00
5.840811674774132843e-03 -1.311220999999999970e+00
5.860814454482264103e-03 -5.513219999999999787e-01
5.880817234190394496e-03 -3.236175999999999942e+00
5.900820013898524889e-03 -4.375342999999999982e+00
5.920822793606655282e-03 -5.282017999999999880e+00
5.940825573314785675e-03 -4.644561999999999635e+00
5.960828353022916935e-03 -2.602679000000000187e+00
5.980831132731047328e-03 -1.380586000000000091e+00
6.000833912439177721e-03 -2.004868999999999790e+00
6.020836692147308114e-03 -1.447289999999999965e+00
6.040839471855439374e-03 3.851359999999999784e-01
6.060842251563569767e-03 2.256947999999999954e+00
6.080845031271700160e-03 3.164142000000000010e+00
6.100847810979830553e-03 7.394220000000000237e-01
6.120850590687961813e-03 -2.308284000000000002e+00
6.140853370396092206e-03 -2.239892000000000216e+00
6.160856150104222599e-03 -1.327831999999999901e+00
6.180858929812352992e-03 -5.816249999999999476e-01
6.200861709520483385e-03 -1.132845000000000102e+00
6.220864489228614645e-03 -3.078174999999999883e+00
6.240867268936745038e-03 -4.335567000000000171e+00
6.260870048644875431e-03 -3.395865000000000133e+00
6.280872828353005824e-03 -1.013646000000000047e+00
6.300875608061137084e-03 -1.078599000000000085e+00
6.320878387769267477e-03 -1.337955000000000005e+00
6.340881167477397870e-03 -2.146129999999999871e+00
6.360883947185528263e-03 -2.850678999999999963e+00
6.380886726893659523e-03 -3.361549999999999816e-01
6.400889506601789916e-03 1.175531000000000104e+00
6.420892286309920309e-03 7.695950000000000291e-01
6.440895066018050702e-03 4.369160000000000266e-01
6.460897845726181095e-03 -1.247630999999999935e+00
6.480900625434312355e-03 -2.638301999999999925e+00
6.500903405142442748e-03 -1.873666999999999971e+00
6.520906184850573141e-03 -7.142549999999999732e-01
6.540908964558703534e-03 -1.088721000000000050e+00
6.560911744266834794e-03 -1.121618999999999922e+00
6.580914523974965187e-03 2.835219999999999962e-01
6.600917303683095580e-03 9.152019999999999600e-01
6.620920083391225973e-03 5.729199999999999848e-01
6.640922863099357233e-03 -1.345221999999999918e+00
6.660925642807487626e-03 -4.086464000000000318e+00
6.680928422515618019e-03 -4.942071000000000325e+00
6.700931202223748412e-03 -3.866299999999999848e+00
6.720933981931878805e-03 -1.386554999999999982e+00
6.740936761640010065e-03 5.321709999999999496e-01
6.760939541348140458e-03 1.327174000000000076e+00
6.780942321056270851e-03 -2.476480000000000070e-01
6.800945100764401244e-03 -2.380958000000000130e+00
6.820947880472532504e-03 -3.014390999999999821e+00
6.840950660180662897e-03 -3.191533999999999871e+00
6.860953439888793290e-03 -2.368694000000000077e+00
6.880956219596923683e-03 -5.916169999999999485e-01
6.900958999305054943e-03 1.438840000000000119e-01
6.920961779013185336e-03 1.557590000000000030e+00
6.940964558721315729e-03 1.943475999999999981e+00
6.960967338429446122e-03 4.689059999999999895e-01
6.980970118137576515e-03 -1.775492000000000070e+00
7.000972897845707775e-03 -3.687339999999999840e+00
7.020975677553838168e-03 -4.303383000000000180e+00
7.040978457261968561e-03 -2.727651999999999965e+00
7.060981236970098954e-03 -4.174590000000000245e-01
7.080984016678230214e-03 7.675180000000000335e-01
7.100986796386360607e-03 2.738530000000000131e-01
7.120989576094491000e-03 -6.771390000000000464e-01
7.140992355802621393e-03 -1.709954999999999892e+00
7.160995135510752653e-03 -2.368240000000000123e+00
7.180997915218883046e-03 -3.450695000000000068e+00
7.201000694927013439e-03 -4.220067000000000235e+00
7.221003474635143832e-03 -3.220279000000000114e+00
7.241006254343274225e-03 -2.110701000000000160e+00
7.261009034051405485e-03 -3.013100000000000223e-01
7.281011813759535878e-03 1.392644999999999911e+00
7.301014593467666271e-03 1.666276000000000090e+00
7.321017373175796664e-03 -9.237199999999999578e-02
7.341020152883927924e-03 -1.652465000000000073e+00
7.361022932592058317e-03 -1.524766000000000066e+00
7.381025712300188710e-03 -9.148230000000000528e-01
7.401028492008319103e-03 -4.086989999999999790e-01
7.421031271716450363e-03 -5.417840000000000433e-01
7.441034051424580756e-03 -1.909094999999999986e+00
7.461036831132711149e-03 -2.077802999999999845e+00
7.481039610840841542e-03 -1.715146000000000059e+00
7.501042390548971935e-03 -1.820394000000000068e+00
7.521045170257103195e-03 -1.749082000000000026e+00
7.541047949965233588e-03 -1.684973000000000054e+00
7.561050729673363981e-03 -1.597893999999999926e+00
7.581053509381494374e-03 -1.365142000000000078e+00
7.601056289089625634e-03 -1.256261000000000072e+00
7.621059068797756027e-03 -1.946015999999999968e+00
7.641061848505886420e-03 -2.463754000000000222e+00
7.661064628214016813e-03 -2.039843999999999991e+00
7.681067407922147205e-03 -7.036780000000000257e-01
7.701070187630278466e-03 2.624200000000000144e-02
7.721072967338408859e-03 3.902499999999999719e-02
7.741075747046539252e-03 1.388220000000000010e-01
7.761078526754669644e-03 -8.679199999999999415e-02
7.781081306462800905e-03 -9.753629999999999800e-01
7.801084086170931298e-03 -1.554159999999999986e+00
7.821086865879062558e-03 -1.582386000000000070e+00
7.841089645587192083e-03 -1.388891000000000098e+00
7.861092425295323344e-03 -1.906565000000000065e+00
7.881095205003452869e-03 -1.771662999999999988e+00
7.901097984711584130e-03 -1.891899999999999915e+00
7.921100764419715390e-03 -1.756933999999999996e+00
7.941103544127844915e-03 -1.382662000000000058e+00
7.961106323835976176e-03 -1.537160000000000082e+00
7.981109103544105701e-03 -1.733055000000000012e+00
8.001111883252236961e-03 -9.174830000000000485e-01
8.021114662960368222e-03 -4.221960000000000157e-01
8.041117442668497747e-03 -1.072175000000000100e+00
8.061120222376629008e-03 -1.997797000000000045e+00
8.081123002084760268e-03 -2.806750000000000078e+00
8.101125781792889793e-03 -2.793058999999999958e+00
8.121128561501021054e-03 -1.307587000000000055e+00
8.141131341209150579e-03 4.940699999999999953e-02
8.161134120917281840e-03 6.543539999999999912e-01
8.181136900625413100e-03 1.047442999999999902e+00
8.201139680333542625e-03 7.087949999999999529e-01
8.221142460041673886e-03 -3.083179999999999810e-01
8.241145239749803411e-03 -1.376562999999999981e+00
8.261148019457934671e-03 -2.546940000000000204e+00
8.281150799166065932e-03 -3.713165000000000049e+00
8.301153578874195457e-03 -3.910163999999999973e+00
8.321156358582326718e-03 -3.203603000000000200e+00
8.341159138290457978e-03 -1.811180000000000012e+00
8.361161917998587503e-03 3.029879999999999796e-01
8.381164697706718764e-03 1.534683999999999937e+00
8.401167477414848289e-03 7.231999999999999540e-01
8.421170257122979549e-03 -1.180536999999999948e+00
8.441173036831110810e-03 -2.519881999999999955e+00
8.461175816539240335e-03 -2.785207999999999906e+00
8.481178596247371596e-03 -2.375572000000000017e+00
8.501181375955501121e-03 -1.875353999999999965e+00
8.521184155663632381e-03 -1.758491000000000026e+00
8.541186935371763642e-03 -9.638130000000000308e-01
8.561189715079893167e-03 6.087380000000000013e-01
8.581192494788024427e-03 8.640060000000000517e-01
8.601195274496155688e-03 -1.374039999999999984e-01
8.621198054204285213e-03 -1.632934000000000108e+00
8.641200833912416474e-03 -2.685540000000000038e+00
8.661203613620545999e-03 -2.732000000000000206e+00
8.681206393328677259e-03 -1.507635999999999976e+00
8.701209173036808520e-03 -2.053419999999999968e-01
8.721211952744938045e-03 3.137590000000000101e-01
8.741214732453069305e-03 -9.315099999999999769e-02
8.761217512161198831e-03 -1.149391000000000052e+00
8.781220291869330091e-03 -1.861598000000000086e+00
8.801223071577461352e-03 -2.195704000000000100e+00
8.821225851285590877e-03 -2.702605999999999842e+00
8.841228630993722137e-03 -2.622015000000000207e+00
8.861231410701853398e-03 -2.160404999999999909e+00
8.881234190409982923e-03 -1.400506000000000029e+00
8.901236970118114183e-03 2.283020000000000049e-01
8.921239749826243709e-03 1.126217000000000024e+00
8.941242529534374969e-03 4.735130000000000172e-01
8.961245309242506230e-03 -8.931499999999999995e-01
8.981248088950635755e-03 -1.854654999999999943e+00
9.001250868658767015e-03 -1.807287000000000088e+00
9.021253648366896541e-03 -1.234393999999999991e+00
9.041256428075027801e-03 -1.051476000000000077e+00
9.061259207783159061e-03 -1.464679999999999982e+00
9.081261987491288587e-03 -1.603019999999999889e+00
9.101264767199419847e-03 -1.674590999999999941e+00
9.121267546907551108e-03 -1.942058000000000062e+00
9.141270326615680633e-03 -1.843558999999999948e+00
9.161273106323811893e-03 -1.284616999999999898e+00
9.181275886031941419e-03 -1.003848000000000074e+00
9.201278665740072679e-03 -7.810890000000000333e-01
9.221281445448203939e-03 -2.360980000000000023e-01
9.241284225156333465e-03 -6.210000000000000242e-04
9.261287004864464725e-03 -3.704160000000000230e-01
9.281289784572594251e-03 -1.486417000000000099e+00
9.301292564280725511e-03 -2.780990000000000073e+00
9.321295343988856771e-03 -2.782417000000000140e+00
9.341298123696986297e-03 -1.670762999999999998e+00
9.361300903405117557e-03 -6.891429999999999501e-01
9.381303683113248817e-03 -2.135819999999999941e-01
9.401306462821378343e-03 -5.510629999999999695e-01
9.421309242529509603e-03 -1.040249999999999897e+00
9.441312022237639129e-03 -1.037525000000000031e+00
9.461314801945770389e-03 -1.255028000000000032e+00
9.481317581653901649e-03 -1.888525999999999927e+00
9.501320361362031175e-03 -2.398737000000000119e+00
9.521323141070162435e-03 -2.063009000000000093e+00
9.541325920778291961e-03 -1.253147000000000011e+00
9.561328700486423221e-03 -5.107669999999999710e-01
9.581331480194554481e-03 -3.826789999999999914e-01
9.601334259902684007e-03 -6.847309999999999786e-01
9.621337039610815267e-03 -7.154230000000000311e-01
9.641339819318946527e-03 -8.499349999999999961e-01
9.661342599027076053e-03 -1.132584999999999953e+00
9.681345378735207313e-03 -1.115909000000000040e+00
9.701348158443336839e-03 -1.096443000000000056e+00
9.721350938151468099e-03 -1.441191000000000111e+00
9.741353717859599359e-03 -1.955554999999999932e+00
9.761356497567728885e-03 -2.045748999999999818e+00
9.781359277275860145e-03 -1.583423999999999943e+00
9.801362056983989671e-03 -6.254239999999999799e-01
9.821364836692120931e-03 -2.382400000000000073e-01
9.841367616400252191e-03 -9.961269999999999847e-01
9.861370396108381717e-03 -1.820653000000000077e+00
9.881373175816512977e-03 -2.054898000000000113e+00
9.901375955524644237e-03 -2.068264999999999798e+00
9.921378735232773763e-03 -1.907991999999999910e+00
9.941381514940905023e-03 -1.320888999999999980e+00
9.961384294649034549e-03 -5.169970000000000399e-01
9.981387074357165809e-03 5.234109999999999596e-01
1.000138985406529707e-02 1.204860999999999960e+00
1.002139263377342659e-02 5.569579999999999531e-01
1.004139541348155786e-02 -1.080869999999999997e+00
1.006139819318968738e-02 -2.337547999999999959e+00
1.008140097289781864e-02 -3.041123999999999938e+00
1.010140375260594990e-02 -3.118535000000000057e+00
1.012140653231407943e-02 -2.350006000000000039e+00
1.014140931202221069e-02 -9.864579999999999460e-01
1.016141209173034195e-02 1.349289999999999934e-01
1.018141487143847147e-02 5.370369999999999866e-01
1.020141765114660273e-02 1.482310000000000016e-01
1.022142043085473226e-02 -8.318309999999999871e-01
1.024142321056286352e-02 -1.713329000000000102e+00
1.026142599027099478e-02 -2.302897999999999890e+00
1.028142876997912430e-02 -2.735374000000000194e+00
1.030143154968725556e-02 -2.658806999999999920e+00
1.032143432939538509e-02 -1.724101000000000106e+00
1.034143710910351635e-02 -3.529610000000000247e-01
1.036143988881164761e-02 2.354400000000000104e-01
1.038144266851977714e-02 -1.594659999999999966e-01
1.040144544822790840e-02 -7.725239999999999885e-01
1.042144822793603966e-02 -1.036291999999999991e+00
1.044145100764416918e-02 -9.088530000000000220e-01
1.046145378735230044e-02 -7.221710000000000074e-01
1.048145656706042997e-02 -8.771879999999999677e-01
1.050145934676856123e-02 -1.413937999999999917e+00
1.052146212647669249e-02 -1.555587999999999971e+00
1.054146490618482201e-02 -1.511724000000000068e+00
1.056146768589295327e-02 -1.865555999999999992e+00
1.058147046560108280e-02 -2.027515000000000178e+00
1.060147324530921406e-02 -1.729292000000000051e+00
1.062147602501734532e-02 -1.391032999999999964e+00
1.064147880472547485e-02 -6.228280000000000483e-01
1.066148158443360611e-02 7.607600000000000473e-02
1.068148436414173737e-02 -7.777299999999999491e-02
1.070148714384986689e-02 -7.129569999999999519e-01
1.072148992355799815e-02 -1.536316000000000015e+00
1.074149270326612768e-02 -2.193951999999999902e+00
1.076149548297425894e-02 -2.194017000000000106e+00
1.078149826268239020e-02 -1.600424999999999986e+00
1.080150104239051972e-02 -1.096119000000000065e+00
1.082150382209865098e-02 -8.767979999999999663e-01
1.084150660180678051e-02 -5.407459999999999489e-01
1.086150938151491177e-02 -2.561490000000000156e-01
1.088151216122304303e-02 -2.083260000000000112e-01
1.090151494093117256e-02 -6.953730000000000189e-01
1.092151772063930382e-02 -1.582321000000000089e+00
1.094152050034743508e-02 -2.172538999999999998e+00
1.096152328005556460e-02 -1.873537000000000008e+00
1.098152605976369586e-02 -1.087488000000000010e+00
1.100152883947182539e-02 -7.466340000000000199e-01
1.102153161917995665e-02 -8.090559999999999974e-01
1.104153439888808791e-02 -9.106049999999999978e-01
1.106153717859621743e-02 -1.153413999999999939e+00
1.108153995830434869e-02 -1.518146999999999913e+00
1.110154273801247822e-02 -1.695680000000000076e+00
1.112154551772060948e-02 -1.782110000000000083e+00
1.114154829742874074e-02 -1.845765000000000100e+00
1.116155107713687027e-02 -1.497773000000000021e+00
1.118155385684500153e-02 -7.845929999999999849e-01
1.120155663655313279e-02 -2.949510000000000187e-01
1.122155941626126231e-02 -1.476560000000000095e-01
1.124156219596939357e-02 -4.428300000000000014e-01
1.126156497567752310e-02 -1.207724999999999937e+00
1.128156775538565436e-02 -1.741425999999999918e+00
1.130157053509378562e-02 -1.585825000000000040e+00
1.132157331480191514e-02 -1.296167000000000069e+00
1.134157609451004640e-02 -1.227255999999999903e+00
1.136157887421817593e-02 -1.324392999999999931e+00
1.138158165392630719e-02 -1.377990000000000048e+00
1.140158443363443845e-02 -1.144395000000000051e+00
1.142158721334256798e-02 -8.400720000000000409e-01
1.144158999305069924e-02 -9.632939999999999836e-01
1.146159277275883050e-02 -1.464679999999999982e+00
1.148159555246696002e-02 -1.709500999999999937e+00
1.150159833217509128e-02 -1.477851999999999943e+00
1.152160111188322081e-02 -1.386360999999999954e+00
1.154160389159135207e-02 -1.434247999999999967e+00
1.156160667129948333e-02 -1.363066000000000111e+00
1.158160945100761285e-02 -1.215705999999999953e+00
1.160161223071574411e-02 -1.042132000000000058e+00
1.162161501042387364e-02 -7.906279999999999974e-01
1.164161779013200490e-02 -5.950560000000000294e-01
1.166162056984013616e-02 -6.559859999999999580e-01
1.168162334954826569e-02 -1.011635000000000062e+00
1.170162612925639695e-02 -1.585890000000000022e+00
1.172162890896452821e-02 -1.983716000000000035e+00
1.174163168867265773e-02 -1.777244000000000046e+00
1.176163446838078899e-02 -1.137582000000000093e+00
1.178163724808891852e-02 -6.354170000000000096e-01
1.180164002779704978e-02 -7.453359999999999985e-01
1.182164280750518104e-02 -1.065555999999999948e+00
1.184164558721331056e-02 -1.197343000000000046e+00
1.186164836692144182e-02 -1.272353000000000067e+00
1.188165114662957135e-02 -1.592897999999999925e+00
1.190165392633770261e-02 -1.974890999999999952e+00
1.192165670604583387e-02 -1.946665000000000090e+00
1.194165948575396340e-02 -1.341847999999999930e+00
1.196166226546209466e-02 -6.177669999999999551e-01
1.198166504517022592e-02 -3.859239999999999893e-01
1.200166782487835544e-02 -7.107510000000000217e-01
1.202167060458648670e-02 -1.175022000000000011e+00
1.204167338429461623e-02 -1.516979000000000077e+00
1.206167616400274749e-02 -1.709630999999999901e+00
1.208167894371087875e-02 -1.511463999999999919e+00
1.210168172341900827e-02 -1.118309999999999915e+00
1.212168450312713953e-02 -8.524009999999999643e-01
1.214168728283526906e-02 -7.886159999999999837e-01
1.216169006254340032e-02 -9.653699999999999504e-01
1.218169284225153158e-02 -1.366440000000000099e+00
1.220169562195966111e-02 -1.628001999999999949e+00
1.222169840166779237e-02 -1.590497000000000050e+00
1.224170118137592363e-02 -1.490051000000000014e+00
1.226170396108405315e-02 -1.239195999999999964e+00
1.228170674079218441e-02 -6.311339999999999728e-01
1.230170952050031394e-02 -1.826309999999999878e-01
1.232171230020844520e-02 -3.438120000000000065e-01
1.234171507991657646e-02 -1.246332999999999913e+00
1.236171785962470598e-02 -2.240346000000000171e+00
1.238172063933283724e-02 -2.559073999999999849e+00
1.240172341904096677e-02 -2.063397999999999843e+00
1.242172619874909803e-02 -1.265605000000000091e+00
1.244172897845722929e-02 -6.418399999999999661e-01
1.246173175816535882e-02 -2.540069999999999828e-01
1.248173453787349008e-02 -2.072229999999999905e-01
1.250173731758162134e-02 -4.959729999999999972e-01
1.252174009728975086e-02 -1.151791999999999927e+00
1.254174287699788212e-02 -1.840573999999999932e+00
1.256174565670601165e-02 -2.234376999999999835e+00
1.258174843641414291e-02 -2.129194000000000031e+00
1.260175121612227417e-02 -1.541701999999999906e+00
1.262175399583040369e-02 -8.453929999999999501e-01
1.264175677553853495e-02 -3.985770000000000146e-01
1.266175955524666448e-02 -3.390099999999999780e-01
1.268176233495479574e-02 -7.385880000000000223e-01
1.270176511466292700e-02 -1.401024999999999965e+00
1.272176789437105653e-02 -1.807156999999999902e+00
1.274177067407918779e-02 -1.779644000000000004e+00
1.276177345378731905e-02 -1.522624999999999895e+00
1.278177623349544857e-02 -1.359107999999999983e+00
1.280177901320357983e-02 -1.284616999999999898e+00
1.282178179291170936e-02 -1.169311999999999907e+00
1.284178457261984062e-02 -1.014424999999999910e+00
1.286178735232797188e-02 -8.512979999999999992e-01
1.288179013203610140e-02 -9.065170000000000172e-01
1.290179291174423266e-02 -1.141280000000000072e+00
1.292179569145236219e-02 -1.254704000000000041e+00
1.294179847116049345e-02 -1.177162999999999959e+00
1.296180125086862471e-02 -1.122074000000000016e+00
1.298180403057675424e-02 -1.217718000000000078e+00
1.300180681028488550e-02 -1.406735000000000069e+00
1.302180958999301676e-02 -1.543778000000000095e+00
1.304181236970114628e-02 -1.498291999999999957e+00
1.306181514940927754e-02 -1.243673000000000028e+00
1.308181792911740707e-02 -9.935310000000000530e-01
1.310182070882553833e-02 -8.756300000000000194e-01
1.312182348853366959e-02 -9.455139999999999656e-01
1.314182626824179911e-02 -1.138101000000000029e+00
1.316182904794993037e-02 -1.270990999999999982e+00
1.318183182765805990e-02 -1.271379999999999955e+00
1.320183460736619116e-02 -1.190206000000000097e+00
1.322183738707432242e-02 -1.231538999999999939e+00
1.324184016678245195e-02 -1.280788999999999955e+00
1.326184294649058321e-02 -1.189621999999999957e+00
1.328184572619871447e-02 -1.142967000000000066e+00
1.330184850590684399e-02 -1.151143000000000027e+00
1.332185128561497525e-02 -1.346065999999999985e+00
1.334185406532310478e-02 -1.525803999999999938e+00
1.336185684503123604e-02 -1.546178999999999970e+00
1.338185962473936730e-02 -1.410239000000000020e+00
1.340186240444749682e-02 -1.244256999999999946e+00
1.342186518415562808e-02 -1.164379999999999971e+00
1.344186796386375761e-02 -1.186506999999999978e+00
1.346187074357188887e-02 -1.120711000000000013e+00
1.348187352328002013e-02 -1.060429999999999984e+00
1.350187630298814966e-02 -1.065816000000000097e+00
1.352187908269628092e-02 -1.121035000000000004e+00
1.354188186240441218e-02 -1.177097999999999978e+00
1.356188464211254170e-02 -1.171192999999999929e+00
1.358188742182067296e-02 -1.151208000000000009e+00
1.360189020152880249e-02 -1.205389000000000044e+00
1.362189298123693375e-02 -1.395315000000000083e+00
1.364189576094506501e-02 -1.481875000000000053e+00
1.366189854065319453e-02 -1.438206000000000095e+00
1.368190132036132579e-02 -1.401480000000000059e+00
1.370190410006945532e-02 -1.225375000000000103e+00
1.372190687977758658e-02 -9.911950000000000482e-01
1.374190965948571784e-02 -8.827030000000000154e-01
1.376191243919384737e-02 -1.023055000000000048e+00
1.378191521890197863e-02 -1.285979999999999901e+00
1.380191799861010989e-02 -1.467081000000000079e+00
1.382192077831823941e-02 -1.525868999999999920e+00
1.384192355802637067e-02 -1.470909000000000022e+00
1.386192633773450020e-02 -1.380716000000000054e+00
1.388192911744263146e-02 -1.162627999999999995e+00
1.390193189715076272e-02 -8.315719999999999779e-01
1.392193467685889224e-02 -6.348970000000000447e-01
1.394193745656702350e-02 -7.419620000000000104e-01
1.396194023627515303e-02 -1.144330000000000069e+00
1.398194301598328429e-02 -1.619437000000000015e+00
1.400194579569141555e-02 -1.862376000000000031e+00
1.402194857539954508e-02 -1.721505000000000063e+00
1.404195135510767634e-02 -1.378314999999999957e+00
1.406195413481580760e-02 -9.815920000000000201e-01
1.408195691452393712e-02 -6.917389999999999928e-01
1.410195969423206838e-02 -5.204360000000000097e-01
1.412196247394019791e-02 -6.563750000000000417e-01
1.414196525364832917e-02 -1.127523999999999971e+00
1.416196803335646043e-02 -1.641952999999999996e+00
1.418197081306458995e-02 -1.913052999999999892e+00
1.420197359277272121e-02 -1.892160000000000064e+00
1.422197637248085074e-02 -1.634749999999999925e+00
1.424197915218898200e-02 -1.115974000000000022e+00
1.426198193189711326e-02 -6.148470000000000324e-01
1.428198471160524279e-02 -3.979929999999999857e-01
1.430198749131337405e-02 -6.223090000000000011e-01
1.432199027102150531e-02 -1.128821999999999992e+00
1.434199305072963483e-02 -1.517692999999999959e+00
1.436199583043776609e-02 -1.586927999999999894e+00
1.438199861014589562e-02 -1.450080000000000036e+00
1.440200138985402688e-02 -1.253600999999999965e+00
1.442200416956215814e-02 -1.097026999999999974e+00
1.444200694927028766e-02 -1.037136000000000058e+00
1.446200972897841892e-02 -9.290979999999999794e-01
1.448201250868654845e-02 -9.634880000000000111e-01
1.450201528839467971e-02 -1.169505999999999935e+00
1.452201806810281097e-02 -1.441384999999999916e+00
1.454202084781094050e-02 -1.477721999999999980e+00
1.456202362751907176e-02 -1.233614999999999906e+00
1.458202640722720302e-02 -9.455139999999999656e-01
1.460202918693533254e-02 -8.429919999999999636e-01
1.462203196664346380e-02 -9.138490000000000224e-01
1.464203474635159333e-02 -1.146665999999999963e+00
1.466203752605972459e-02 -1.346778999999999948e+00
1.468204030576785585e-02 -1.382466999999999890e+00
1.470204308547598537e-02 -1.263268999999999975e+00
1.472204586518411663e-02 -1.073862000000000094e+00
1.474204864489224616e-02 -9.735460000000000225e-01
1.476205142460037742e-02 -1.015527999999999986e+00
1.478205420430850868e-02 -1.104683999999999999e+00
1.480205698401663821e-02 -1.183716999999999908e+00
1.482205976372476947e-02 -1.211554000000000020e+00
1.484206254343290073e-02 -1.274688999999999961e+00
1.486206532314103025e-02 -1.300450000000000106e+00
1.488206810284916151e-02 -1.166911000000000032e+00
1.490207088255729104e-02 -9.042459999999999942e-01
1.492207366226542230e-02 -7.314500000000000446e-01
1.494207644197355356e-02 -8.139220000000000343e-01
1.496207922168168308e-02 -1.085023000000000071e+00
1.498208200138981434e-02 -1.315698000000000034e+00
1.500208478109794387e-02 -1.402776999999999941e+00
1.502208756080607513e-02 -1.331596000000000002e+00
1.504209034051420639e-02 -1.207011000000000056e+00
1.506209312022233592e-02 -1.115974000000000022e+00
1.508209589993046718e-02 -1.070357999999999921e+00
1.510209867963859844e-02 -1.060105999999999993e+00
1.512210145934672796e-02 -1.117985999999999924e+00
1.514210423905485922e-02 -1.149067000000000061e+00
1.516210701876298875e-02 -1.162174000000000040e+00
1.518210979847112001e-02 -1.217003999999999975e+00
1.520211257817925127e-02 -1.243802999999999992e+00
1.522211535788738079e-02 -1.252107999999999999e+00
1.524211813759551205e-02 -1.224920000000000009e+00
1.526212091730364158e-02 -1.181121000000000087e+00
1.528212369701177284e-02 -1.097869999999999902e+00
1.530212647671990410e-02 -1.076781999999999906e+00
1.532212925642803363e-02 -9.690039999999999765e-01
1.534213203613616489e-02 -7.860209999999999697e-01
1.536213481584429441e-02 -6.301609999999999712e-01
1.538213759555242567e-02 -7.726539999999999520e-01
1.540214037526055693e-02 -1.099493000000000054e+00
1.542214315496868646e-02 -1.438465000000000105e+00
1.544214593467681772e-02 -1.653763000000000094e+00
1.546214871438494898e-02 -1.660511000000000070e+00
1.548215149409307850e-02 -1.487521000000000093e+00
1.550215427380120976e-02 -1.153609000000000107e+00
1.552215705350933929e-02 -8.057459999999999622e-01
1.554215983321747055e-02 -6.068660000000000165e-01
1.556216261292560181e-02 -6.820709999999999829e-01
1.558216539263373134e-02 -9.200779999999999514e-01
1.560216817234186260e-02 -1.218366999999999978e+00
1.562217095204999212e-02 -1.463122999999999951e+00
1.564217373175812512e-02 -1.557793999999999901e+00
1.566217651146625464e-02 -1.464679999999999982e+00
1.568217929117438417e-02 -1.136673000000000044e+00
1.570218207088251369e-02 -8.073040000000000216e-01
1.572218485059064669e-02 -6.608519999999999950e-01
1.574218763029877621e-02 -7.407939999999999525e-01
1.576219041000690574e-02 -1.020718999999999932e+00
1.578219318971503873e-02 -1.216485000000000039e+00
1.580219596942316826e-02 -1.290391999999999983e+00
1.582219874913129778e-02 -1.292793000000000081e+00
1.584220152883943078e-02 -1.210385999999999962e+00
1.586220430854756031e-02 -1.067957000000000045e+00
1.588220708825568983e-02 -8.949669999999999570e-01
1.590220986796382283e-02 -8.592140000000000333e-01
1.592221264767195235e-02 -1.070357999999999921e+00
1.594221542738008188e-02 -1.375849000000000100e+00
1.596221820708821140e-02 -1.507700999999999958e+00
1.598222098679634440e-02 -1.423540999999999945e+00
1.600222376650447392e-02 -1.210839999999999916e+00
1.602222654621260345e-02 -1.011374999999999913e+00
1.604222932592073644e-02 -8.044489999999999696e-01
1.606223210562886597e-02 -6.810329999999999995e-01
1.608223488533699549e-02 -7.433250000000000135e-01
1.610223766504512849e-02 -9.337699999999999889e-01
1.612224044475325802e-02 -1.168079000000000089e+00
1.614224322446138754e-02 -1.284421999999999953e+00
1.616224600416952054e-02 -1.309080000000000021e+00
1.618224878387765006e-02 -1.262555000000000094e+00
1.620225156358577959e-02 -1.137841000000000102e+00
1.622225434329390911e-02 -1.027597000000000094e+00
1.624225712300204211e-02 -1.005794999999999995e+00
1.626225990271017163e-02 -1.023703999999999947e+00
1.628226268241830116e-02 -1.155620000000000092e+00
1.630226546212643415e-02 -1.229592000000000018e+00
1.632226824183456368e-02 -1.250680999999999932e+00
1.634227102154269320e-02 -1.087943000000000104e+00
1.636227380125082620e-02 -9.978789999999999605e-01
1.638227658095895573e-02 -9.797099999999999698e-01
1.640227936066708525e-02 -1.029673999999999978e+00
1.642228214037521825e-02 -1.136932999999999971e+00
1.644228492008334777e-02 -1.300319999999999920e+00
1.646228769979147730e-02 -1.453974000000000100e+00
1.648229047949960682e-02 -1.499265000000000070e+00
1.650229325920773982e-02 -1.357420999999999989e+00
1.652229603891586934e-02 -1.064583000000000057e+00
1.654229881862399887e-02 -7.257400000000000517e-01
1.656230159833213186e-02 -6.099160000000000137e-01
1.658230437804026139e-02 -6.607880000000000420e-01
1.660230715774839091e-02 -8.802370000000000472e-01
1.662230993745652391e-02 -1.116687999999999903e+00
1.664231271716465344e-02 -1.334256000000000109e+00
1.666231549687278296e-02 -1.411018000000000105e+00
1.668231827658091596e-02 -1.365272000000000041e+00
1.670232105628904548e-02 -1.239325000000000010e+00
1.672232383599717501e-02 -1.105917000000000039e+00
1.674232661570530453e-02 -9.831490000000000506e-01
1.676232939541343753e-02 -9.105400000000000160e-01
1.678233217512156705e-02 -9.398039999999999727e-01
1.680233495482969658e-02 -1.028116000000000030e+00
1.682233773453782957e-02 -1.192930999999999964e+00
1.684234051424595910e-02 -1.258207999999999993e+00
1.686234329395408862e-02 -1.241597000000000062e+00
1.688234607366222162e-02 -1.161459999999999937e+00
1.690234885337035114e-02 -1.111820999999999948e+00
1.692235163307848067e-02 -1.101957999999999993e+00
1.694235441278661367e-02 -1.091836000000000029e+00
1.696235719249474319e-02 -1.053033000000000108e+00
1.698235997220287272e-02 -1.031425999999999954e+00
1.700236275191100224e-02 -1.040056000000000092e+00
1.702236553161913524e-02 -1.101893999999999929e+00
1.704236831132726476e-02 -1.175086999999999993e+00
1.706237109103539429e-02 -1.250032000000000032e+00
1.708237387074352728e-02 -1.232253000000000043e+00
1.710237665045165681e-02 -1.160292000000000101e+00
1.712237943015978633e-02 -1.083919999999999995e+00
1.714238220986791933e-02 -1.026105000000000045e+00
1.716238498957604885e-02 -1.033177999999999930e+00
1.718238776928417838e-02 -1.059196999999999944e+00
1.720239054899231138e-02 -1.110003999999999991e+00
1.722239332870044090e-02 -1.247954999999999925e+00
1.724239610840857043e-02 -1.385127999999999915e+00
1.726239888811669995e-02 -1.492582000000000075e+00
1.728240166782483295e-02 -1.367607999999999935e+00
1.730240444753296247e-02 -1.078144999999999909e+00
1.732240722724109200e-02 -7.864100000000000534e-01
1.734241000694922499e-02 -6.860289999999999999e-01
1.736241278665735452e-02 -8.216440000000000410e-01
1.738241556636548404e-02 -1.046089999999999964e+00
1.740241834607361704e-02 -1.254639000000000060e+00
1.742242112578174656e-02 -1.394536999999999916e+00
1.744242390548987609e-02 -1.442812999999999901e+00
1.746242668519800909e-02 -1.358459000000000083e+00
1.748242946490613861e-02 -1.180536999999999948e+00
1.750243224461426814e-02 -9.847059999999999702e-01
1.752243502432239766e-02 -8.673250000000000126e-01
1.754243780403053066e-02 -8.969139999999999890e-01
1.756244058373866018e-02 -1.050761999999999974e+00
1.758244336344678971e-02 -1.238871000000000056e+00
1.760244614315492270e-02 -1.339771000000000045e+00
1.762244892286305223e-02 -1.323873999999999995e+00
1.764245170257118175e-02 -1.140760999999999914e+00
1.766245448227931475e-02 -9.996960000000000290e-01
1.768245726198744427e-02 -9.490180000000000282e-01
1.770246004169557380e-02 -1.059652000000000038e+00
1.772246282140370680e-02 -1.222844000000000042e+00
1.774246560111183632e-02 -1.340939000000000103e+00
1.776246838081996585e-02 -1.308300999999999936e+00
1.778247116052809537e-02 -1.216355000000000075e+00
1.780247394023622837e-02 -1.109550000000000036e+00
1.782247671994435789e-02 -1.003004999999999924e+00
1.784247949965248742e-02 -9.440870000000000095e-01
1.786248227936062041e-02 -9.490830000000000100e-01
1.788248505906874994e-02 -1.097806000000000060e+00
1.790248783877687946e-02 -1.341847999999999930e+00
1.792249061848501246e-02 -1.494269000000000069e+00
1.794249339819314198e-02 -1.432171000000000083e+00
1.796249617790127151e-02 -1.225179999999999936e+00
1.798249895760940451e-02 -9.695230000000000237e-01
1.800250173731753403e-02 -7.774560000000000359e-01
1.802250451702566356e-02 -7.848530000000000229e-01
1.804250729673379308e-02 -9.247499999999999609e-01
1.806251007644192608e-02 -1.101050000000000084e+00
1.808251285615005560e-02 -1.296686000000000005e+00
1.810251563585818513e-02 -1.353398000000000101e+00
1.812251841556631812e-02 -1.321148999999999907e+00
1.814252119527444765e-02 -1.226607000000000003e+00
1.816252397498257717e-02 -1.145302999999999960e+00
1.818252675469071017e-02 -1.052254000000000023e+00
1.820252953439883969e-02 -1.035384000000000082e+00
1.822253231410696922e-02 -1.111172000000000049e+00
1.824253509381510222e-02 -1.260609000000000091e+00
1.826253787352323174e-02 -1.356382999999999894e+00
1.828254065323136127e-02 -1.359887000000000068e+00
1.830254343293949079e-02 -1.225633999999999890e+00
1.832254621264762379e-02 -1.066270000000000051e+00
1.834254899235575331e-02 -9.743239999999999679e-01
1.836255177206388284e-02 -9.945690000000000364e-01
1.838255455177201583e-02 -1.046608999999999901e+00
1.840255733148014536e-02 -1.146989999999999954e+00
1.842256011118827488e-02 -1.215640999999999972e+00
1.844256289089640788e-02 -1.262165999999999899e+00
1.846256567060453740e-02 -1.270861000000000018e+00
1.848256845031266693e-02 -1.203248000000000095e+00
1.850257123002079993e-02 -1.082233000000000001e+00
1.852257400972892945e-02 -9.925580000000000513e-01
1.854257678943705898e-02 -9.413620000000000321e-01
1.856257956914518850e-02 -9.562209999999999877e-01
1.858258234885332150e-02 -9.976840000000000153e-01
1.860258512856145102e-02 -1.105461999999999945e+00
1.862258790826958055e-02 -1.216679999999999984e+00
1.864259068797771354e-02 -1.280140000000000056e+00
1.866259346768584307e-02 -1.343923999999999896e+00
1.868259624739397259e-02 -1.328157000000000032e+00
1.870259902710210559e-02 -1.306224999999999969e+00
1.872260180681023511e-02 -1.228879000000000055e+00
1.874260458651836464e-02 -1.144719000000000042e+00
1.876260736622649763e-02 -1.039730999999999961e+00
1.878261014593462716e-02 -9.803589999999999804e-01
1.880261292564275669e-02 -9.664080000000000448e-01
1.882261570535088621e-02 -1.011830000000000007e+00
1.884261848505901921e-02 -1.083401000000000058e+00
1.886262126476714873e-02 -1.147834000000000021e+00
1.888262404447527826e-02 -1.200004000000000071e+00
1.890262682418341125e-02 -1.198836000000000013e+00
1.892262960389154078e-02 -1.187869999999999981e+00
1.894263238359967030e-02 -1.152959999999999985e+00
1.896263516330780330e-02 -1.124864000000000086e+00
1.898263794301593282e-02 -1.119996999999999909e+00
1.900264072272406235e-02 -1.159383999999999970e+00
1.902264350243219534e-02 -1.174503000000000075e+00
1.904264628214032487e-02 -1.187156000000000100e+00
1.906264906184845440e-02 -1.176384000000000096e+00
1.908265184155658392e-02 -1.134792000000000023e+00
1.910265462126471692e-02 -1.113768000000000091e+00
1.912265740097284644e-02 -1.097806000000000060e+00
1.914266018068097597e-02 -1.117855999999999961e+00
1.916266296038910896e-02 -1.177747000000000099e+00
1.918266574009723849e-02 -1.239714999999999900e+00
1.920266851980536801e-02 -1.280399000000000065e+00
1.922267129951350101e-02 -1.276570999999999900e+00
1.924267407922163053e-02 -1.162304000000000004e+00
1.926267685892976006e-02 -1.004043000000000019e+00
1.928267963863789305e-02 -8.743980000000000086e-01
1.930268241834602258e-02 -8.524659999999999460e-01
1.932268519805415211e-02 -9.518729999999999691e-01
1.934268797776228163e-02 -1.078468999999999900e+00
1.936269075747041463e-02 -1.220703000000000094e+00
1.938269353717854415e-02 -1.304148000000000085e+00
1.940269631688667368e-02 -1.331336000000000075e+00
1.942269909659480667e-02 -1.313752000000000031e+00
1.944270187630293620e-02 -1.268914000000000097e+00
1.946270465601106572e-02 -1.174827000000000066e+00
1.948270743571919872e-02 -1.126681000000000044e+00
1.950271021542732824e-02 -1.154128000000000043e+00
1.952271299513545777e-02 -1.232382000000000088e+00
1.954271577484359076e-02 -1.305185999999999957e+00
1.956271855455172029e-02 -1.286758000000000068e+00
1.958272133425984982e-02 -1.163731000000000071e+00
1.960272411396797934e-02 -9.860689999999999733e-01
1.962272689367611234e-02 -8.658320000000000460e-01
1.964272967338424186e-02 -8.803020000000000289e-01
1.966273245309237139e-02 -1.020264999999999977e+00
1.968273523280050438e-02 -1.191956999999999933e+00
1.970273801250863391e-02 -1.322770999999999919e+00
1.972274079221676343e-02 -1.350997000000000003e+00
1.974274357192489643e-02 -1.289678000000000102e+00
1.976274635163302595e-02 -1.154322999999999988e+00
1.978274913134115548e-02 -9.993060000000000276e-01
1.980275191104928847e-02 -8.545420000000000238e-01
1.982275469075741800e-02 -8.196320000000000272e-01
1.984275747046554753e-02 -9.470070000000000432e-01
1.986276025017367705e-02 -1.181381000000000014e+00
1.988276302988181005e-02 -1.398624000000000089e+00
1.990276580958993957e-02 -1.478501000000000065e+00
1.992276858929806910e-02 -1.408617000000000008e+00
1.994277136900620209e-02 -1.231020000000000003e+00
1.996277414871433162e-02 -1.081973000000000074e+00
1.998277692842246114e-02 -9.745840000000000058e-01
2.000277970813059414e-02 -9.579079999999999817e-01
2.002278248783872366e-02 -9.982680000000000442e-01
2.004278526754685319e-02 -1.042975999999999903e+00
2.006278804725498618e-02 -1.084958000000000089e+00
2.008279082696311571e-02 -1.125577000000000050e+00
2.010279360667124524e-02 -1.158670000000000089e+00
2.012279638637937476e-02 -1.144006000000000078e+00
2.014279916608750776e-02 -1.104878000000000027e+00
2.016280194579563728e-02 -1.125966999999999940e+00
2.018280472550376681e-02 -1.155491000000000046e+00
2.020280750521189980e-02 -1.221481000000000039e+00
2.022281028492002933e-02 -1.261581999999999981e+00
2.024281306462815885e-02 -1.218885999999999914e+00
2.026281584433629185e-02 -1.138943999999999956e+00
2.028281862404442137e-02 -1.036227000000000009e+00
2.030282140375255090e-02 -1.014359999999999928e+00
2.032282418346068389e-02 -1.049463999999999952e+00
2.034282696316881342e-02 -1.084827999999999903e+00
2.036282974287694295e-02 -1.144134999999999902e+00
2.038283252258507247e-02 -1.138295000000000057e+00
2.040283530229320547e-02 -1.158930000000000016e+00
2.042283808200133499e-02 -1.189232000000000067e+00
2.044284086170946452e-02 -1.183132999999999990e+00
2.046284364141759751e-02 -1.156204000000000010e+00
2.048284642112572704e-02 -1.109485000000000054e+00
2.050284920083385656e-02 -1.082621999999999973e+00
2.052285198054198956e-02 -1.048426000000000080e+00
2.054285476025011908e-02 -1.065492000000000106e+00
2.056285753995824861e-02 -1.073147999999999991e+00
2.058286031966638160e-02 -1.055628999999999929e+00
2.060286309937451113e-02 -1.057704999999999895e+00
2.062286587908264066e-02 -1.123501000000000083e+00
2.064286865879077018e-02 -1.209411999999999932e+00
2.066287143849890318e-02 -1.282151000000000041e+00
2.068287421820703270e-02 -1.294219999999999926e+00
2.070287699791516223e-02 -1.246073999999999904e+00
2.072287977762329522e-02 -1.191956999999999933e+00
2.074288255733142475e-02 -1.119996999999999909e+00
2.076288533703955427e-02 -1.100465999999999944e+00
2.078288811674768727e-02 -1.086645000000000083e+00
2.080289089645581679e-02 -1.125057999999999891e+00
2.082289367616394632e-02 -1.141345000000000054e+00
2.084289645587207931e-02 -1.158670000000000089e+00
2.086289923558020884e-02 -1.155945000000000000e+00
2.088290201528833837e-02 -1.138619999999999965e+00
2.090290479499646789e-02 -1.118179999999999952e+00
2.092290757470460089e-02 -1.126940000000000053e+00
2.094291035441273041e-02 -1.141928999999999972e+00
2.096291313412085994e-02 -1.183651999999999926e+00
2.098291591382899293e-02 -1.216485000000000039e+00
2.100291869353712246e-02 -1.186765999999999988e+00
2.102292147324525198e-02 -1.120127000000000095e+00
2.104292425295338498e-02 -1.009168999999999983e+00
2.106292703266151450e-02 -9.446710000000000385e-01
2.108292981236964403e-02 -9.529119999999999813e-01
2.110293259207777702e-02 -1.054265999999999925e+00
2.112293537178590655e-02 -1.169831000000000065e+00
2.114293815149403608e-02 -1.289288999999999907e+00
2.116294093120216560e-02 -1.352619000000000016e+00
2.118294371091029860e-02 -1.330751999999999935e+00
2.120294649061842812e-02 -1.232382000000000088e+00
2.122294927032655765e-02 -1.077042000000000055e+00
2.124295205003469064e-02 -9.510950000000000237e-01
2.126295482974282017e-02 -8.775770000000000515e-01
2.128295760945094969e-02 -9.339640000000000164e-01
2.130296038915908269e-02 -1.046999000000000013e+00
2.132296316886721221e-02 -1.188323999999999936e+00
2.134296594857534174e-02 -1.278971999999999998e+00
2.136296872828347473e-02 -1.279231000000000007e+00
2.138297150799160426e-02 -1.213824999999999932e+00
2.140297428769973379e-02 -1.127134999999999998e+00
2.142297706740786331e-02 -1.066788999999999987e+00
2.144297984711599631e-02 -1.053033000000000108e+00
2.146298262682412583e-02 -1.096767000000000047e+00
2.148298540653225536e-02 -1.152311000000000085e+00
2.150298818624038835e-02 -1.213889999999999914e+00
2.152299096594851788e-02 -1.228814000000000073e+00
2.154299374565664740e-02 -1.184884999999999966e+00
2.156299652536478040e-02 -1.062961000000000045e+00
2.158299930507290992e-02 -9.683549999999999658e-01
2.160300208478103945e-02 -9.192350000000000243e-01
2.162300486448917244e-02 -9.657590000000000341e-01
2.164300764419730197e-02 -1.063155999999999990e+00
2.166301042390543150e-02 -1.190790000000000015e+00
2.168301320361356102e-02 -1.249643000000000059e+00
2.170301598332169402e-02 -1.251459000000000099e+00
2.172301876302982354e-02 -1.201430999999999916e+00
2.174302154273795307e-02 -1.119672999999999918e+00
2.176302432244608606e-02 -1.017929000000000084e+00
2.178302710215421559e-02 -9.775040000000000395e-01
2.180302988186234511e-02 -9.777639999999999665e-01
2.182303266157047811e-02 -1.060754999999999892e+00
2.184303544127860763e-02 -1.137386999999999926e+00
2.186303822098673716e-02 -1.197797000000000001e+00
2.188304100069487015e-02 -1.185338999999999920e+00
2.190304378040299968e-02 -1.160226999999999897e+00
2.192304656011112921e-02 -1.119089000000000000e+00
2.194304933981925873e-02 -1.106694999999999984e+00
2.196305211952739173e-02 -1.096897000000000011e+00
2.198305489923552125e-02 -1.107085000000000097e+00
2.200305767894365078e-02 -1.122074000000000016e+00
2.202306045865178377e-02 -1.113442999999999961e+00
2.204306323835991330e-02 -1.106046000000000085e+00
2.206306601806804282e-02 -1.097285999999999984e+00
2.208306879777617582e-02 -1.049789000000000083e+00
2.210307157748430534e-02 -1.058548999999999962e+00
2.212307435719243487e-02 -1.080999999999999961e+00
2.214307713690056786e-02 -1.168533000000000044e+00
2.216307991660869739e-02 -1.223362999999999978e+00
2.218308269631682692e-02 -1.246528000000000080e+00
2.220308547602495644e-02 -1.226996999999999893e+00
2.222308825573308944e-02 -1.177357999999999905e+00
2.224309103544121896e-02 -1.122333000000000025e+00
2.226309381514934849e-02 -1.076003000000000043e+00
2.228309659485748148e-02 -1.039536999999999933e+00
2.230309937456561101e-02 -1.034410000000000052e+00
2.232310215427374053e-02 -1.033762000000000070e+00
2.234310493398187353e-02 -1.057835000000000081e+00
2.236310771369000305e-02 -1.104359000000000091e+00
2.238311049339813258e-02 -1.144654000000000060e+00
2.240311327310626557e-02 -1.178655999999999926e+00
2.242311605281439510e-02 -1.164964000000000111e+00
2.244311883252252462e-02 -1.144784000000000024e+00
2.246312161223065415e-02 -1.124279999999999946e+00
2.248312439193878715e-02 -1.116362999999999994e+00
2.250312717164691667e-02 -1.075938000000000061e+00
2.252312995135504620e-02 -1.041547999999999918e+00
2.254313273106317919e-02 -1.001187999999999967e+00
2.256313551077130872e-02 -1.035708000000000073e+00
2.258313829047943824e-02 -1.095339999999999980e+00
2.260314107018757124e-02 -1.188128999999999991e+00
2.262314384989570076e-02 -1.211424000000000056e+00
2.264314662960383029e-02 -1.204091000000000022e+00
2.266314940931196328e-02 -1.151078000000000046e+00
2.268315218902009281e-02 -1.103191000000000033e+00
2.270315496872822233e-02 -1.086256000000000110e+00
2.272315774843635186e-02 -1.102997000000000005e+00
2.274316052814448486e-02 -1.113833000000000073e+00
2.276316330785261438e-02 -1.129601000000000077e+00
2.278316608756074391e-02 -1.144849000000000006e+00
2.280316886726887690e-02 -1.147184999999999899e+00
2.282317164697700643e-02 -1.121099999999999985e+00
2.284317442668513595e-02 -1.057574999999999932e+00
2.286317720639326895e-02 -9.980080000000000062e-01
2.288317998610139847e-02 -9.540800000000000392e-01
2.290318276580952800e-02 -9.972299999999999498e-01
2.292318554551766099e-02 -1.125318000000000040e+00
2.294318832522579052e-02 -1.237314000000000025e+00
2.296319110493392004e-02 -1.265215999999999896e+00
2.298319388464204957e-02 -1.245489999999999986e+00
2.300319666435018257e-02 -1.138554999999999984e+00
2.302319944405831209e-02 -1.035578000000000110e+00
2.304320222376644162e-02 -9.982680000000000442e-01
2.306320500347457461e-02 -1.013127000000000111e+00
2.308320778318270414e-02 -1.063998999999999917e+00
2.310321056289083366e-02 -1.128042999999999907e+00
2.312321334259896666e-02 -1.184366000000000030e+00
2.314321612230709618e-02 -1.235562000000000049e+00
2.316321890201522571e-02 -1.236275999999999931e+00
2.318322168172335870e-02 -1.160811000000000037e+00
2.320322446143148823e-02 -1.068346999999999936e+00
2.322322724113961775e-02 -9.979440000000000532e-01
2.324323002084774728e-02 -9.970350000000000046e-01
2.326323280055588028e-02 -1.064518000000000075e+00
2.328323558026400980e-02 -1.129016999999999937e+00
2.330323835997213933e-02 -1.135180999999999996e+00
2.332324113968027232e-02 -1.110524000000000067e+00
2.334324391938840185e-02 -1.075614000000000070e+00
2.336324669909653137e-02 -1.034734999999999960e+00
2.338324947880466437e-02 -1.023249999999999993e+00
2.340325225851279389e-02 -1.052578999999999931e+00
2.342325503822092342e-02 -1.085088000000000052e+00
2.344325781792905641e-02 -1.126875000000000071e+00
2.346326059763718594e-02 -1.197732000000000019e+00
2.348326337734531546e-02 -1.225959000000000021e+00
2.350326615705344499e-02 -1.182158999999999960e+00
2.352326893676157799e-02 -1.136867999999999990e+00
2.354327171646970751e-02 -1.051476000000000077e+00
2.356327449617783704e-02 -9.961919999999999664e-01
2.358327727588597003e-02 -9.807479999999999531e-01
2.360328005559409956e-02 -1.052189999999999959e+00
2.362328283530222908e-02 -1.113703000000000110e+00
2.364328561501036208e-02 -1.148028999999999966e+00
2.366328839471849160e-02 -1.138295000000000057e+00
2.368329117442662113e-02 -1.090473000000000026e+00
2.370329395413475412e-02 -1.054005999999999998e+00
2.372329673384288365e-02 -1.043299999999999894e+00
2.374329951355101317e-02 -1.020718999999999932e+00
2.376330229325914270e-02 -1.037784999999999958e+00
2.378330507296727570e-02 -1.059391999999999889e+00
2.380330785267540522e-02 -1.081843000000000110e+00
2.382331063238353475e-02 -1.111302000000000012e+00
2.384331341209166774e-02 -1.116168999999999967e+00
2.386331619179979727e-02 -1.109615000000000018e+00
2.388331897150792679e-02 -1.100206000000000017e+00
2.390332175121605979e-02 -1.084373999999999949e+00
2.392332453092418931e-02 -1.098000000000000087e+00
2.394332731063231884e-02 -1.120775999999999994e+00
2.396333009034045183e-02 -1.132519999999999971e+00
2.398333287004858136e-02 -1.142512999999999890e+00
2.400333564975671088e-02 -1.120192000000000077e+00
2.402333842946484041e-02 -1.096247999999999889e+00
2.404334120917297341e-02 -1.066335000000000033e+00
2.406334398888110293e-02 -1.025455999999999923e+00
2.408334676858923246e-02 -1.006118999999999986e+00
2.410334954829736545e-02 -9.873020000000000129e-01
2.412335232800549498e-02 -1.002550999999999970e+00
2.414335510771362450e-02 -1.018383000000000038e+00
2.416335788742175750e-02 -1.055887999999999938e+00
2.418336066712988702e-02 -1.082880999999999982e+00
2.420336344683801655e-02 -1.098648999999999987e+00
2.422336622654614954e-02 -1.092354999999999965e+00
2.424336900625427907e-02 -1.080675000000000052e+00
2.426337178596240859e-02 -1.046543999999999919e+00
2.428337456567053812e-02 -1.026882999999999990e+00
2.430337734537867111e-02 -1.008261000000000074e+00
2.432338012508680064e-02 -1.028829999999999911e+00
2.434338290479493017e-02 -1.064324000000000048e+00
2.436338568450306316e-02 -1.084049000000000040e+00
2.438338846421119269e-02 -1.143032000000000048e+00
2.440339124391932221e-02 -1.172231999999999941e+00
2.442339402362745521e-02 -1.154193000000000024e+00
2.444339680333558473e-02 -1.109485000000000054e+00
2.446339958304371426e-02 -1.039665999999999979e+00
2.448340236275184725e-02 -9.860039999999999916e-01
2.450340514245997678e-02 -9.586219999999999741e-01
2.452340792216810630e-02 -9.560260000000000424e-01
2.454341070187623583e-02 -1.039536999999999933e+00
2.456341348158436882e-02 -1.034216000000000024e+00
2.458341626129249835e-02 -1.119348000000000010e+00
2.460341904100062788e-02 -1.204415999999999931e+00
2.462342182070876087e-02 -1.104035000000000100e+00
2.464342460041689040e-02 -1.122981999999999925e+00
2.466342738012501992e-02 -1.056472000000000078e+00
2.468343015983315292e-02 -1.038043999999999967e+00
2.470343293954128244e-02 -9.603089999999999682e-01
2.472343571924941197e-02 -1.116168999999999967e+00
2.474343849895754496e-02 -1.127849000000000101e+00
2.476344127866567449e-02 -1.170090000000000074e+00
2.478344405837380401e-02 -1.208504000000000023e+00
2.480344683808193354e-02 -9.821760000000000490e-01
2.482344961779006653e-02 -9.890539999999999887e-01
2.484345239749819606e-02 -1.104228999999999905e+00
2.486345517720632559e-02 -1.054720000000000102e+00
2.488345795691445858e-02 -1.119672999999999918e+00
2.490346073662258811e-02 -1.162109000000000059e+00
2.492346351633071763e-02 -1.112859999999999960e+00
2.494346629603885063e-02 -1.096832000000000029e+00
2.496346907574698015e-02 -1.062572000000000072e+00
2.498347185545510968e-02 -9.895730000000000359e-01
2.500347463516324267e-02 -1.014164999999999983e+00
2.502347741487137220e-02 -1.018383000000000038e+00
2.504348019457950172e-02 -1.008844999999999992e+00
2.506348297428763125e-02 -1.017994000000000065e+00
2.508348575399576424e-02 -1.098389999999999977e+00
2.510348853370389377e-02 -1.172555999999999932e+00
2.512349131341202330e-02 -1.221740999999999966e+00
2.514349409312015629e-02 -1.198965000000000058e+00
2.516349687282828582e-02 -1.080675000000000052e+00
2.518349965253641534e-02 -1.019227000000000105e+00
2.520350243224454834e-02 -1.040056000000000092e+00
2.522350521195267786e-02 -1.109031000000000100e+00
2.524350799166080739e-02 -1.155750000000000055e+00
2.526351077136894038e-02 -1.137126999999999999e+00
2.528351355107706991e-02 -1.080675000000000052e+00
2.530351633078519943e-02 -1.069190000000000085e+00
2.532351911049332896e-02 -1.037654999999999994e+00
2.534352189020146195e-02 -1.005859999999999976e+00
2.536352466990959148e-02 -9.810079999999999911e-01
2.538352744961772101e-02 -1.001511999999999958e+00
2.540353022932585400e-02 -1.065685999999999911e+00
2.542353300903398353e-02 -1.201365999999999934e+00
2.544353578874211305e-02 -1.220962000000000103e+00
2.546353856845024605e-02 -1.183847000000000094e+00
2.548354134815837557e-02 -1.095339999999999980e+00
2.550354412786650510e-02 -1.030386999999999942e+00
2.552354690757463809e-02 -1.015139000000000014e+00
2.554354968728276762e-02 -1.033306999999999976e+00
2.556355246699089714e-02 -1.034410000000000052e+00
2.558355524669902667e-02 -1.071460999999999997e+00
2.560355802640715966e-02 -1.101180000000000048e+00
2.562356080611528919e-02 -1.155945000000000000e+00
2.564356358582341872e-02 -1.192412000000000027e+00
2.566356636553155171e-02 -1.172555999999999932e+00
2.568356914523968124e-02 -1.138036000000000048e+00
2.570357192494781076e-02 -1.116492999999999958e+00
2.572357470465594376e-02 -1.076586999999999961e+00
2.574357748436407328e-02 -1.090473000000000026e+00
2.576358026407220281e-02 -1.071266999999999969e+00
2.578358304378033580e-02 -1.066659999999999942e+00
2.580358582348846533e-02 -1.065620999999999929e+00
2.582358860319659485e-02 -1.062311999999999923e+00
2.584359138290472438e-02 -1.110133999999999954e+00
2.586359416261285737e-02 -1.129795000000000105e+00
2.588359694232098690e-02 -1.138295000000000057e+00
2.590359972202911643e-02 -1.135116000000000014e+00
2.592360250173724942e-02 -1.134532000000000096e+00
2.594360528144537895e-02 -1.134532000000000096e+00
2.596360806115350847e-02 -1.161589999999999900e+00
2.598361084086164147e-02 -1.126940000000000053e+00
2.600361362056977099e-02 -1.109939999999999927e+00
2.602361640027790052e-02 -1.064972000000000030e+00
2.604361917998603351e-02 -1.065361999999999920e+00
2.606362195969416304e-02 -1.072370000000000045e+00
2.608362473940229256e-02 -1.049269999999999925e+00
2.610362751911042209e-02 -1.044987000000000110e+00
2.612363029881855508e-02 -1.055239000000000038e+00
2.614363307852668461e-02 -1.101180000000000048e+00
2.616363585823481414e-02 -1.142123999999999917e+00
2.618363863794294713e-02 -1.181964999999999932e+00
2.620364141765107666e-02 -1.182938000000000045e+00
2.622364419735920618e-02 -1.154841999999999924e+00
2.624364697706733918e-02 -1.133882999999999974e+00
2.626364975677546870e-02 -1.118309999999999915e+00
2.628365253648359823e-02 -1.054461000000000093e+00
2.630365531619173122e-02 -1.024677000000000060e+00
2.632365809589986075e-02 -1.043689000000000089e+00
2.634366087560799027e-02 -1.073212999999999973e+00
2.636366365531611980e-02 -1.132390999999999925e+00
2.638366643502425279e-02 -1.141928999999999972e+00
2.640366921473238232e-02 -1.142123999999999917e+00
2.642367199444051185e-02 -1.101504000000000039e+00
2.644367477414864484e-02 -1.075484000000000107e+00
2.646367755385677437e-02 -1.093328000000000078e+00
2.648368033356490389e-02 -1.103256000000000014e+00
2.650368311327303689e-02 -1.095145000000000035e+00
2.652368589298116641e-02 -1.118699000000000110e+00
2.654368867268929594e-02 -1.107148999999999939e+00
2.656369145239742893e-02 -1.117077000000000098e+00
2.658369423210555846e-02 -1.094236999999999904e+00
2.660369701181368798e-02 -1.074705999999999939e+00
2.662369979152181751e-02 -1.026558999999999999e+00
2.664370257122995050e-02 -1.027662000000000075e+00
2.666370535093808003e-02 -1.091706000000000065e+00
2.668370813064620956e-02 -1.144069999999999920e+00
2.670371091035434255e-02 -1.190269999999999939e+00
2.672371369006247208e-02 -1.153089999999999948e+00
2.674371646977060160e-02 -1.106500999999999957e+00
2.676371924947873460e-02 -1.082686999999999955e+00
2.678372202918686412e-02 -1.033890999999999893e+00
2.680372480889499365e-02 -1.032594000000000012e+00
2.682372758860312664e-02 -1.034734999999999960e+00
2.684373036831125617e-02 -1.050826999999999956e+00
2.686373314801938569e-02 -1.086256000000000110e+00
2.688373592772751522e-02 -1.140047000000000033e+00
2.690373870743564821e-02 -1.169570999999999916e+00
2.692374148714377774e-02 -1.115909000000000040e+00
2.694374426685190727e-02 -1.062831000000000081e+00
2.696374704656004026e-02 -1.013127000000000111e+00
2.698374982626816979e-02 -1.022275999999999962e+00
2.700375260597629931e-02 -1.054135999999999962e+00
2.702375538568443231e-02 -1.093717999999999968e+00
2.704375816539256183e-02 -1.131612000000000062e+00
2.706376094510069136e-02 -1.155491000000000046e+00
2.708376372480882435e-02 -1.161589999999999900e+00
2.710376650451695388e-02 -1.156528999999999918e+00
2.712376928422508340e-02 -1.106435999999999975e+00
2.714377206393321293e-02 -1.072435000000000027e+00
2.716377484364134592e-02 -1.032594000000000012e+00
2.718377762334947545e-02 -1.048295999999999895e+00
2.720378040305760498e-02 -1.071007000000000042e+00
2.722378318276573797e-02 -1.086060999999999943e+00
2.724378596247386750e-02 -1.086125999999999925e+00
2.726378874218199702e-02 -1.055757999999999974e+00
2.728379152189013002e-02 -1.055239000000000038e+00
2.730379430159825954e-02 -1.053358000000000017e+00
2.732379708130638907e-02 -1.066918999999999951e+00
2.734379986101452206e-02 -1.077171000000000101e+00
2.736380264072265159e-02 -1.094691000000000081e+00
2.738380542043078111e-02 -1.115844000000000058e+00
2.740380820013891064e-02 -1.128433000000000019e+00
2.742381097984704363e-02 -1.131351999999999913e+00
2.744381375955517316e-02 -1.110783000000000076e+00
2.746381653926330269e-02 -1.091706000000000065e+00
2.748381931897143568e-02 -1.092549999999999910e+00
2.750382209867956521e-02 -1.085995999999999961e+00
2.752382487838769473e-02 -1.096702000000000066e+00
2.754382765809582773e-02 -1.078599000000000085e+00
2.756383043780395725e-02 -1.080934999999999979e+00
2.758383321751208678e-02 -1.075744000000000034e+00
2.760383599722021977e-02 -1.104100000000000081e+00
2.762383877692834930e-02 -1.087552999999999992e+00
2.764384155663647882e-02 -1.088980999999999977e+00
2.766384433634460835e-02 -1.067244000000000081e+00
2.768384711605274134e-02 -1.064194000000000084e+00
2.770384989576087087e-02 -1.072564000000000073e+00
2.772385267546900040e-02 -1.074057000000000039e+00
2.774385545517713339e-02 -1.078468999999999900e+00
2.776385823488526292e-02 -1.061079000000000105e+00
2.778386101459339244e-02 -1.061533000000000060e+00
2.780386379430152544e-02 -1.067698000000000036e+00
2.782386657400965496e-02 -1.096313000000000093e+00
2.784386935371778449e-02 -1.117985999999999924e+00
2.786387213342591748e-02 -1.103126000000000051e+00
2.788387491313404701e-02 -1.100141999999999953e+00
2.790387769284217653e-02 -1.087229000000000001e+00
2.792388047255030606e-02 -1.105461999999999945e+00
2.794388325225843905e-02 -1.124344999999999928e+00
2.796388603196656858e-02 -1.101763999999999966e+00
2.798388881167469810e-02 -1.088527000000000022e+00
2.800389159138283110e-02 -1.059717000000000020e+00
2.802389437109096063e-02 -1.048491000000000062e+00
2.804389715079909015e-02 -1.028051000000000048e+00
2.806389993050722315e-02 -1.019355999999999929e+00
2.808390271021535267e-02 -1.026818999999999926e+00
2.810390548992348220e-02 -1.025195999999999996e+00
2.812390826963161519e-02 -1.068216999999999972e+00
2.814391104933974472e-02 -1.114676000000000000e+00
2.816391382904787424e-02 -1.145432999999999923e+00
2.818391660875600377e-02 -1.143291999999999975e+00
2.820391938846413676e-02 -1.122981999999999925e+00
2.822392216817226629e-02 -1.071785999999999905e+00
2.824392494788039581e-02 -1.052189999999999959e+00
2.826392772758852881e-02 -1.052254000000000023e+00
2.828393050729665834e-02 -1.062246999999999941e+00
2.830393328700478786e-02 -1.084958000000000089e+00
2.832393606671292086e-02 -1.104035000000000100e+00
2.834393884642105038e-02 -1.107863000000000042e+00
2.836394162612917991e-02 -1.110587999999999909e+00
2.838394440583731290e-02 -1.066853999999999969e+00
2.840394718554544243e-02 -1.058029000000000108e+00
2.842394996525357195e-02 -1.034086000000000061e+00
2.844395274496170148e-02 -1.030321999999999960e+00
2.846395552466983447e-02 -1.038108999999999948e+00
2.848395830437796400e-02 -1.054135999999999962e+00
2.850396108408609352e-02 -1.062766000000000099e+00
2.852396386379422652e-02 -1.070618000000000070e+00
2.854396664350235605e-02 -1.041417999999999955e+00
2.856396942321048557e-02 -1.011181000000000108e+00
2.858397220291861857e-02 -9.995659999999999545e-01
2.860397498262674809e-02 -1.012283999999999962e+00
2.862397776233487762e-02 -1.037978999999999985e+00
2.864398054204301061e-02 -1.058742999999999990e+00
2.866398332175114014e-02 -1.104359000000000091e+00
2.868398610145926966e-02 -1.118764000000000092e+00
2.870398888116739919e-02 -1.117402000000000006e+00
2.872399166087553218e-02 -1.111496999999999957e+00
2.874399444058366171e-02 -1.074640999999999957e+00
2.876399722029179123e-02 -1.042327000000000004e+00
