# time(s), 	 	 acceleration(g)
0.000000000000000000e+00 6.171552000000000149e+00
2.000277970813059281e-05 6.399436999999999820e+00
4.000555941626118562e-05 6.635952999999999768e+00
6.000833912439177504e-05 6.897903999999999591e+00
8.001111883252237124e-05 7.157259999999999955e+00
1.000138985406529674e-04 7.439066999999999652e+00
1.200166782487835501e-04 7.728983999999999632e+00
1.400194579569141598e-04 8.066788999999999987e+00
1.600222376650447425e-04 8.418091000000000435e+00
1.800250173731753251e-04 8.789377999999999247e+00
2.000277970813059349e-04 9.183828999999999354e+00
2.200305767894365175e-04 9.617407999999999291e+00
2.400333564975671002e-04 1.003904799999999931e+01
2.600361362056977099e-04 1.057592799999999933e+01
2.800389159138283197e-04 1.111170500000000061e+01
3.000416956219588752e-04 1.170581600000000044e+01
3.200444753300894850e-04 1.239394899999999922e+01
3.400472550382200947e-04 1.316027099999999983e+01
3.600500347463506503e-04 1.401380299999999934e+01
3.800528144544812600e-04 1.501365599999999922e+01
4.000555941626118698e-04 1.606288800000000094e+01
4.200583738707424253e-04 1.725364099999999823e+01
4.400611535788730351e-04 1.865761399999999881e+01
4.600639332870036448e-04 2.035306200000000132e+01
4.800667129951342003e-04 2.201107000000000014e+01
5.000694927032648101e-04 2.440645999999999916e+01
5.200722724113954198e-04 2.728253799999999885e+01
5.400750521195260296e-04 3.073631100000000060e+01
5.600778318276566393e-04 3.592264699999999777e+01
5.800806115357871407e-04 4.357620399999999705e+01
6.000833912439177504e-04 5.574217500000000314e+01
6.200861709520483602e-04 7.671929799999999489e+01
6.400889506601789699e-04 1.086875359999999944e+02
6.600917303683095797e-04 1.563135420000000124e+02
6.800945100764401894e-04 2.185822789999999998e+02
7.000972897845707992e-04 2.939042590000000246e+02
7.201000694927013005e-04 3.750452940000000126e+02
7.401028492008319103e-04 4.486088209999999776e+02
7.601056289089625200e-04 5.000042119999999954e+02
7.801084086170931298e-04 5.183639640000000099e+02
8.001111883252237395e-04 5.019427289999999857e+02
8.201139680333543493e-04 4.615015329999999949e+02
8.401167477414848506e-04 4.107287380000000212e+02
8.601195274496154604e-04 3.599275220000000104e+02
8.801223071577460701e-04 3.108937789999999950e+02
9.001250868658766799e-04 2.679494789999999966e+02
9.201278665740072896e-04 2.237440229999999985e+02
9.401306462821378994e-04 1.726347849999999937e+02
9.601334259902684007e-04 1.182009019999999992e+02
9.801362056983990104e-04 6.920797399999999300e+01
1.000138985406529620e-03 2.872181000000000139e+01
1.020141765114660230e-03 1.395305999999999935e+00
1.040144544822790840e-03 -9.908243999999999829e+00
1.060147324530921449e-03 -1.027959599999999973e+01
1.080150104239052059e-03 2.521364999999999856e+00
1.100152883947182669e-03 2.701578500000000105e+01
1.120155663655313279e-03 4.812897699999999901e+01
1.140158443363443888e-03 6.939919799999999839e+01
1.160161223071574281e-03 7.379228299999999763e+01
1.180164002779704891e-03 6.318809199999999748e+01
1.200166782487835501e-03 4.222440100000000029e+01
1.220169562195966111e-03 5.623966000000000243e+00
1.240172341904096720e-03 -1.605712300000000070e+01
1.260175121612227330e-03 -4.145490800000000320e+01
1.280177901320357940e-03 -5.052132799999999690e+01
1.300180681028488550e-03 -3.939018500000000245e+01
1.320183460736619159e-03 -2.335736699999999999e+01
1.340186240444749769e-03 -3.729321999999999804e+00
1.360189020152880379e-03 1.906919600000000159e+01
1.380191799861010989e-03 2.591133299999999906e+01
1.400194579569141598e-03 3.739968300000000312e+01
1.420197359277271991e-03 1.782497599999999949e+01
1.440200138985402601e-03 9.598202000000000567e+00
1.460202918693533211e-03 1.138137799999999977e+01
1.480205698401663821e-03 -2.858206000000000024e+00
1.500208478109794430e-03 7.193985999999999770e+00
1.520211257817925040e-03 8.358069999999999666e+00
1.540214037526055650e-03 1.313522500000000015e+01
1.560216817234186260e-03 1.919566199999999867e+01
1.580219596942316869e-03 1.281305799999999984e+01
1.600222376650447479e-03 9.912127999999999162e+00
1.620225156358578089e-03 -4.285668000000000255e+00
1.640227936066708699e-03 -2.367461000000000038e+00
1.660230715774839308e-03 8.775036999999999310e+00
1.680233495482969701e-03 4.045639999999999681e+00
1.700236275191100311e-03 7.365548999999999680e+00
1.720239054899230921e-03 5.424695999999999962e+00
1.740241834607361530e-03 -1.206167999999999907e+00
1.760244614315492140e-03 -1.406864200000000054e+01
1.780247394023622750e-03 -1.768709899999999990e+01
1.800250173731753360e-03 -3.289006899999999689e+01
1.820252953439883969e-03 -3.813383100000000070e+01
1.840255733148014579e-03 -2.003460300000000061e+01
1.860258512856145189e-03 -1.477877200000000002e+01
1.880261292564275799e-03 1.283992100000000036e+01
1.900264072272406408e-03 3.183940000000000126e+01
1.920266851980536801e-03 3.579118400000000122e+01
1.940269631688667411e-03 5.339759099999999847e+01
1.960272411396798021e-03 3.232871699999999748e+01
1.980275191104928847e-03 2.674702100000000016e+01
2.000277970813059240e-03 9.101551999999999865e+00
2.020280750521190067e-03 -1.400440299999999993e+01
2.040283530229320460e-03 -1.533511799999999958e+01
2.060286309937450853e-03 -2.640383999999999887e+01
2.080289089645581679e-03 -2.455032599999999832e+01
2.100291869353712072e-03 -1.592144300000000001e+01
2.120294649061842899e-03 -1.424987299999999912e+01
2.140297428769973292e-03 -2.445260999999999907e+00
2.160300208478104118e-03 -8.900475000000000136e+00
2.180302988186234511e-03 1.287851999999999997e+00
2.200305767894365338e-03 -3.092449999999999921e+00
2.220308547602495731e-03 -8.853365999999999403e+00
2.240311327310626557e-03 -4.710487999999999786e+00
2.260314107018756950e-03 -9.687495999999999441e+00
2.280316886726887777e-03 2.475359999999999783e+00
2.300319666435018170e-03 -1.678160000000000096e+00
2.320322446143148563e-03 8.714950999999999226e+00
2.340325225851279389e-03 5.279802000000000106e+00
2.360328005559409782e-03 5.003770000000000273e+00
2.380330785267540609e-03 1.288423900000000089e+01
2.400333564975671002e-03 5.201019999999999532e-01
2.420336344683801828e-03 1.011048899999999939e+01
2.440339124391932221e-03 1.083178000000000019e+01
2.460341904100063048e-03 3.320716000000000001e+00
2.480344683808193441e-03 4.689129999999999576e+00
2.500347463516324267e-03 -8.134736000000000189e+00
2.520350243224454660e-03 -1.225749899999999926e+01
2.540353022932585487e-03 -1.770714900000000114e+01
2.560355802640715880e-03 -2.048420899999999989e+01
2.580358582348846273e-03 -1.989723599999999948e+01
2.600361362056977099e-03 -1.731010200000000054e+01
2.620364141765107492e-03 -8.550860000000000127e+00
2.640366921473238319e-03 -2.612735999999999947e+00
2.660369701181368712e-03 -9.684850000000000403e-01
2.680372480889499538e-03 5.573094000000000214e+00
2.700375260597629931e-03 -4.592327000000000048e+00
2.720378040305760758e-03 5.823289999999999855e-01
2.740380820013891151e-03 1.242230000000000001e-01
2.760383599722021977e-03 4.064002999999999588e+00
2.780386379430152370e-03 7.817295999999999800e+00
2.800389159138283197e-03 1.239381900000000059e+01
2.820391938846413590e-03 9.797665999999999542e+00
2.840394718554543983e-03 4.938753000000000171e+00
2.860397498262674809e-03 4.278970000000000273e-01
2.880400277970805202e-03 -1.525868999999999920e+00
2.900403057678936029e-03 -3.571969999999999867e+00
2.920405837387066422e-03 -1.086741199999999985e+01
2.940408617095197248e-03 -1.244632200000000033e+01
2.960411396803327641e-03 -9.100911999999999225e+00
2.980414176511458468e-03 -8.218375999999999237e+00
3.000416956219588861e-03 -7.047284999999999577e+00
3.020419735927719687e-03 -1.035103699999999982e+01
3.040422515635850080e-03 -1.789584299999999928e+01
3.060425295343980907e-03 -1.784542499999999876e+01
3.080428075052111300e-03 -1.092347499999999982e+01
3.100430854760241692e-03 -6.687418000000000085e+00
3.120433634468372519e-03 -3.977647000000000155e+00
3.140436414176502912e-03 8.370917000000000385e+00
3.160439193884633739e-03 1.518761899999999976e+01
3.180441973592764131e-03 1.257076700000000002e+01
3.200444753300894958e-03 1.454380500000000076e+01
3.220447533009025351e-03 8.176838999999999302e+00
3.240450312717156178e-03 -1.133882999999999974e+00
3.260453092425286570e-03 -2.276228999999999836e+00
3.280455872133417397e-03 -3.347977999999999899e+00
3.300458651841547790e-03 -8.371057000000000414e+00
3.320461431549678617e-03 -3.453745000000000065e+00
3.340464211257809009e-03 4.119546999999999848e+00
3.360466990965939402e-03 -5.360596000000000139e+00
3.380469770674070229e-03 -6.769111999999999796e+00
3.400472550382200622e-03 -8.931036999999999892e+00
3.420475330090331448e-03 -1.927022699999999844e+01
3.440478109798461841e-03 -1.882749899999999954e+01
3.460480889506592668e-03 -1.449086600000000047e+01
3.480483669214723061e-03 -1.210131499999999960e+01
3.500486448922853887e-03 -6.167993000000000059e+00
3.520489228630984280e-03 7.210143000000000413e+00
3.540492008339115107e-03 1.103260700000000050e+01
3.560494788047245500e-03 8.465977999999999781e+00
3.580497567755376326e-03 1.026193699999999964e+01
3.600500347463506719e-03 2.115753000000000217e+00
3.620503127171637112e-03 -4.171077000000000368e+00
3.640505906879767939e-03 -1.776140999999999970e+00
3.660508686587898332e-03 -6.436951999999999785e+00
3.680511466296029158e-03 -8.043839999999999879e-01
3.700514246004159551e-03 4.245493999999999879e+00
3.720517025712290378e-03 3.027423999999999893e+00
3.740519805420420771e-03 7.512309999999999821e-01
3.760522585128551597e-03 4.988190000000000124e-01
3.780525364836681990e-03 -3.377566999999999986e+00
3.800528144544812817e-03 -7.200289999999999857e+00
3.820530924252943210e-03 -6.509756000000000320e+00
3.840533703961073603e-03 -1.235022400000000076e+01
3.860536483669204429e-03 -1.265324900000000063e+01
3.880539263377334822e-03 -8.766026999999999347e+00
3.900542043085465649e-03 -1.111969500000000011e+01
3.920544822793596042e-03 -6.699876999999999860e+00
3.940547602501726435e-03 -1.740258000000000083e+00
3.960550382209857695e-03 2.315477000000000007e+00
3.980553161917988088e-03 6.375753999999999699e+00
4.000555941626118481e-03 1.228662500000000080e+01
4.020558721334248874e-03 1.168102900000000055e+01
4.040561501042380134e-03 7.055581000000000103e+00
4.060564280750510527e-03 6.418643999999999572e+00
4.080567060458640920e-03 -8.171019999999999950e-01
4.100569840166771313e-03 -3.928008000000000166e+00
4.120572619874901706e-03 -1.450339999999999963e+00
4.140575399583032966e-03 -6.285050000000000026e+00
4.160578179291163359e-03 -5.590104000000000184e+00
4.180580958999293752e-03 -5.319716999999999807e+00
4.200583738707424145e-03 -7.488780000000000214e+00
4.220586518415555405e-03 -5.678156000000000425e+00
4.240589298123685798e-03 -4.217277000000000164e+00
4.260592077831816191e-03 -5.450985000000000191e+00
4.280594857539946584e-03 -5.008257000000000403e+00
4.300597637248077844e-03 -1.202089999999999964e-01
4.320600416956208237e-03 -9.449300000000000477e-01
4.340603196664338630e-03 -2.356106000000000034e+00
4.360605976372469023e-03 3.348486999999999991e+00
4.380608756080599415e-03 4.649469999999999992e-01
4.400611535788730676e-03 1.434172999999999920e+00
4.420614315496861069e-03 4.471301999999999666e+00
4.440617095204991462e-03 4.677126000000000339e+00
4.460619874913121854e-03 2.089084000000000163e+00
4.480622654621253115e-03 1.276885999999999965e+00
4.500625434329383508e-03 -1.785160000000000080e+00
4.520628214037513901e-03 -6.336375999999999564e+00
4.540630993745644294e-03 -4.125265999999999877e+00
4.560633773453775554e-03 -3.518580000000000041e-01
4.580636553161905947e-03 -8.163230000000000208e-01
4.600639332870036340e-03 5.242945999999999884e+00
4.620642112578166733e-03 7.191119999999999735e-01
4.640644892286297125e-03 -5.486619999999999830e-01
4.660647671994428386e-03 -5.979119999999999990e-01
4.680650451702558779e-03 -9.225367000000000317e+00
4.700653231410689172e-03 -1.304971199999999953e+01
4.720656011118819564e-03 -1.519204099999999968e+01
4.740658790826950825e-03 -9.214010999999999285e+00
4.760661570535081218e-03 1.055814000000000030e+00
4.780664350243211611e-03 7.760390000000000121e+00
4.800667129951342003e-03 1.241769799999999968e+01
4.820669909659473264e-03 1.048599399999999982e+01
4.840672689367603657e-03 7.216696999999999917e+00
4.860675469075734050e-03 1.139000000000000012e+00
4.880678248783864442e-03 -7.433754999999999669e+00
4.900681028491994835e-03 -7.745345999999999620e+00
4.920683808200126096e-03 -6.635703000000000351e+00
4.940686587908256489e-03 -4.202417999999999765e+00
4.960689367616386881e-03 9.220159999999999467e-01
4.980692147324517274e-03 2.249550999999999856e+00
5.000694927032648535e-03 -1.374227000000000087e+00
5.020697706740778928e-03 -2.057882999999999907e+00
5.040700486448909320e-03 -2.797861000000000153e+00
5.060703266157039713e-03 -4.603941999999999979e+00
5.080706045865170974e-03 -1.143615999999999966e+00
5.100708825573301367e-03 -4.798899999999999694e-02
5.120711605281431759e-03 -1.560518999999999989e+00
5.140714384989562152e-03 -1.890277999999999903e+00
5.160717164697692545e-03 -2.919525000000000148e+00
5.180719944405823806e-03 -2.348254999999999981e+00
5.200722724113954198e-03 -1.133882999999999974e+00
5.220725503822084591e-03 -2.240866000000000025e+00
5.240728283530214984e-03 -3.183488000000000095e+00
5.260731063238346245e-03 -1.565320999999999962e+00
5.280733842946476637e-03 2.200626000000000193e+00
5.300736622654607030e-03 4.722546999999999606e+00
5.320739402362737423e-03 3.194834000000000174e+00
5.340742182070868684e-03 1.527611999999999970e+00
5.360744961778999076e-03 -1.972944999999999949e+00
5.380747741487129469e-03 -2.457071000000000005e+00
5.400750521195259862e-03 -3.253956000000000071e+00
5.420753300903390255e-03 -6.859370000000000189e+00
5.440756080611521515e-03 -6.094409999999999883e+00
5.460758860319651908e-03 -4.559624000000000343e+00
5.480761640027782301e-03 -1.914285999999999932e+00
5.500764419735912694e-03 2.066113999999999784e+00
5.520767199444043954e-03 -2.735500000000000084e-02
5.540769979152174347e-03 -1.991243000000000096e+00
5.560772758860304740e-03 -2.456551999999999847e+00
5.580775538568435133e-03 -3.562691000000000052e+00
5.600778318276566393e-03 -1.524831000000000047e+00
5.620781097984696786e-03 2.488720000000000099e-01
5.640783877692827179e-03 4.147239999999999815e-01
5.660786657400957572e-03 -1.081323999999999952e+00
5.680789437109087965e-03 -1.560778999999999916e+00
5.700792216817219225e-03 -4.376390000000000002e-01
5.720794996525349618e-03 -1.238429999999999948e-01
5.740797776233480011e-03 4.007740000000000191e-01
5.760800555941610404e-03 -8.586300000000000043e-01
5.780803335649741664e-03 -2.677754000000000190e+00
5.800806115357872057e-03 -1.465263999999999900e+00
5.820808895066002450e-03 -8.341669999999999918e-01
5.840811674774132843e-03 -2.931340000000000057e-01
5.860814454482264103e-03 3.599589999999999734e-01
5.880817234190394496e-03 -2.685799999999999965e+00
5.900820013898524889e-03 -4.368984000000000201e+00
5.920822793606655282e-03 -4.524454999999999671e+00
5.940825573314785675e-03 -5.799756000000000355e+00
5.960828353022916935e-03 -5.772114000000000189e+00
5.980831132731047328e-03 -3.941050000000000164e+00
6.000833912439177721e-03 -2.259228999999999932e+00
6.020836692147308114e-03 -1.403890000000000138e-01
6.040839471855439374e-03 3.048252999999999879e+00
6.060842251563569767e-03 5.344948999999999728e+00
6.080845031271700160e-03 3.578968000000000149e+00
6.100847810979830553e-03 1.127385000000000081e+00
6.120850590687961813e-03 -2.989539000000000168e+00
6.140853370396092206e-03 -4.093536000000000286e+00
6.160856150104222599e-03 -2.178703000000000056e+00
6.180858929812352992e-03 -1.309209000000000067e+00
6.200861709520483385e-03 -2.087016999999999900e+00
6.220864489228614645e-03 -2.793966999999999867e+00
6.240867268936745038e-03 -2.633370999999999906e+00
6.260870048644875431e-03 -2.054638000000000186e+00
6.280872828353005824e-03 -8.990550000000000486e-01
6.300875608061137084e-03 -4.796860000000000013e-01
6.320878387769267477e-03 -3.244352000000000125e+00
6.340881167477397870e-03 -4.709385000000000154e+00
6.360883947185528263e-03 -4.125396000000000285e+00
6.380886726893659523e-03 -1.638060000000000072e+00
6.400889506601789916e-03 1.795987000000000000e+00
6.420892286309920309e-03 3.451658999999999811e+00
6.440895066018050702e-03 2.944887000000000032e+00
6.460897845726181095e-03 4.359430000000000249e-01
6.480900625434312355e-03 -1.319851000000000107e+00
6.500903405142442748e-03 -2.135876999999999803e+00
6.520906184850573141e-03 -2.445781000000000205e+00
6.540908964558703534e-03 -2.206409999999999982e+00
6.560911744266834794e-03 -2.252740000000000187e+00
6.580914523974965187e-03 -4.596359999999999890e-01
6.600917303683095580e-03 1.781192000000000109e+00
6.620920083391225973e-03 8.019089999999999829e-01
6.640922863099357233e-03 -1.688153000000000015e+00
6.660925642807487626e-03 -4.846815999999999569e+00
6.680928422515618019e-03 -6.404702999999999591e+00
6.700931202223748412e-03 -4.224414999999999587e+00
6.720933981931878805e-03 -1.000798999999999994e+00
6.740936761640010065e-03 1.361434000000000033e+00
6.760939541348140458e-03 3.145258999999999805e+00
6.780942321056270851e-03 1.139000000000000012e+00
6.800945100764401244e-03 -1.182223999999999942e+00
6.820947880472532504e-03 -2.353186000000000000e+00
6.840950660180662897e-03 -4.352631999999999834e+00
6.860953439888793290e-03 -4.147327999999999903e+00
6.880956219596923683e-03 -2.073780000000000179e+00
6.900958999305054943e-03 -8.156740000000000101e-01
6.920961779013185336e-03 1.051530999999999993e+00
6.940964558721315729e-03 2.659316000000000013e+00
6.960967338429446122e-03 2.206984999999999975e+00
6.980970118137576515e-03 -3.333650000000000224e-01
7.000972897845707775e-03 -3.227676000000000212e+00
7.020975677553838168e-03 -4.582139999999999880e+00
7.040978457261968561e-03 -4.513228999999999935e+00
7.060981236970098954e-03 -1.773609999999999909e+00
7.080984016678230214e-03 6.363159999999999927e-01
7.100986796386360607e-03 1.131926999999999905e+00
7.120989576094491000e-03 8.849650000000000016e-01
7.140992355802621393e-03 -4.866289999999999782e-01
7.160995135510752653e-03 -2.633890000000000065e+00
7.180997915218883046e-03 -4.248228000000000115e+00
7.201000694927013439e-03 -4.843702000000000396e+00
7.221003474635143832e-03 -4.749419999999999753e+00
7.241006254343274225e-03 -2.789944000000000202e+00
7.261009034051405485e-03 -5.674900000000000083e-02
7.281011813759535878e-03 1.790796000000000054e+00
7.301014593467666271e-03 2.626028999999999947e+00
7.321017373175796664e-03 7.315709999999999713e-01
7.341020152883927924e-03 -9.355219999999999647e-01
7.361022932592058317e-03 -1.059261999999999926e+00
7.381025712300188710e-03 -1.449886000000000008e+00
7.401028492008319103e-03 -7.793369999999999465e-01
7.421031271716450363e-03 -7.658409999999999940e-01
7.441034051424580756e-03 -2.443185000000000162e+00
7.461036831132711149e-03 -2.860930999999999891e+00
7.481039610840841542e-03 -2.397050000000000125e+00
7.501042390548971935e-03 -2.022842999999999947e+00
7.521045170257103195e-03 -1.832786999999999944e+00
7.541047949965233588e-03 -1.305965000000000042e+00
7.561050729673363981e-03 -1.232318000000000024e+00
7.581053509381494374e-03 -1.723970999999999920e+00
7.601056289089625634e-03 -1.418739999999999890e+00
7.621059068797756027e-03 -1.286758000000000068e+00
7.641061848505886420e-03 -1.896247999999999934e+00
7.661064628214016813e-03 -9.599189999999999667e-01
7.681067407922147205e-03 -3.563999999999999946e-01
7.701070187630278466e-03 -5.548910000000000231e-01
7.721072967338408859e-03 -8.205500000000000294e-02
7.741075747046539252e-03 -3.177920000000000189e-01
7.761078526754669644e-03 -1.428212999999999955e+00
7.781081306462800905e-03 -1.516850000000000032e+00
7.801084086170931298e-03 -1.576027000000000067e+00
7.821086865879062558e-03 -1.468444000000000083e+00
7.841089645587192083e-03 -6.910250000000000004e-01
7.861092425295323344e-03 -3.793050000000000033e-01
7.881095205003452869e-03 -1.236925000000000052e+00
7.901097984711584130e-03 -2.110571000000000197e+00
7.921100764419715390e-03 -2.274411999999999878e+00
7.941103544127844915e-03 -2.772813999999999890e+00
7.961106323835976176e-03 -2.817651000000000128e+00
7.981109103544105701e-03 -1.538132999999999972e+00
8.001111883252236961e-03 -4.941559999999999842e-01
8.021114662960368222e-03 6.971700000000000119e-02
8.041117442668497747e-03 2.822890000000000121e-01
8.061120222376629008e-03 -1.273716000000000070e+00
8.081123002084760268e-03 -2.533443999999999807e+00
8.101125781792889793e-03 -2.447013000000000105e+00
8.121128561501021054e-03 -2.261629999999999807e+00
8.141131341209150579e-03 -1.433403999999999900e+00
8.161134120917281840e-03 1.006679999999999936e-01
8.181136900625413100e-03 1.071256999999999904e+00
8.201139680333542625e-03 1.273965999999999932e+00
8.221142460041673886e-03 6.302159999999999984e-01
8.241145239749803411e-03 -8.856230000000000491e-01
8.261148019457934671e-03 -2.796368000000000187e+00
8.281150799166065932e-03 -4.167703000000000380e+00
8.301153578874195457e-03 -4.579739000000000004e+00
8.321156358582326718e-03 -3.427983999999999920e+00
8.341159138290457978e-03 -1.504780999999999924e+00
8.361161917998587503e-03 7.041880000000000361e-01
8.381164697706718764e-03 2.003756999999999788e+00
8.401167477414848289e-03 1.237759000000000054e+00
8.421170257122979549e-03 -6.497570000000000290e-01
8.441173036831110810e-03 -2.756137999999999977e+00
8.461175816539240335e-03 -3.713295000000000012e+00
8.481178596247371596e-03 -3.534788999999999959e+00
8.501181375955501121e-03 -2.566342000000000123e+00
8.521184155663632381e-03 -1.322901000000000105e+00
8.541186935371763642e-03 6.270900000000000085e-02
8.561189715079893167e-03 1.689894999999999925e+00
8.581192494788024427e-03 1.674128000000000061e+00
8.601195274496155688e-03 3.175800000000000151e-02
8.621198054204285213e-03 -1.767705000000000082e+00
8.641200833912416474e-03 -3.426296999999999926e+00
8.661203613620545999e-03 -4.092239000000000182e+00
8.681206393328677259e-03 -2.813693000000000222e+00
8.701209173036808520e-03 -7.046519999999999451e-01
8.721211952744938045e-03 6.877710000000000212e-01
8.741214732453069305e-03 9.463479999999999670e-01
8.761217512161198831e-03 2.660020000000000162e-01
8.781220291869330091e-03 -9.481100000000000083e-01
8.801223071577461352e-03 -2.473682000000000158e+00
8.821225851285590877e-03 -3.579042999999999974e+00
8.841228630993722137e-03 -3.498581999999999859e+00
8.861231410701853398e-03 -2.548757000000000161e+00
8.881234190409982923e-03 -1.305900000000000061e+00
8.901236970118114183e-03 5.720769999999999467e-01
8.921239749826243709e-03 1.733565000000000023e+00
8.941242529534374969e-03 1.229583000000000093e+00
8.961245309242506230e-03 -2.972870000000000235e-01
8.981248088950635755e-03 -1.712485999999999953e+00
9.001250868658767015e-03 -2.414439999999999920e+00
9.021253648366896541e-03 -2.439162000000000052e+00
9.041256428075027801e-03 -1.961783999999999972e+00
9.061259207783159061e-03 -1.522753999999999941e+00
9.081261987491288587e-03 -1.299087000000000103e+00
9.101264767199419847e-03 -1.282216000000000022e+00
9.121267546907551108e-03 -1.453065000000000051e+00
9.141270326615680633e-03 -1.535862000000000060e+00
9.161273106323811893e-03 -1.430355000000000043e+00
9.181275886031941419e-03 -1.287082999999999977e+00
9.201278665740072679e-03 -9.484989999999999810e-01
9.221281445448203939e-03 -5.519199999999999801e-02
9.241284225156333465e-03 2.778760000000000119e-01
9.261287004864464725e-03 -2.974820000000000242e-01
9.281289784572594251e-03 -1.404335000000000111e+00
9.301292564280725511e-03 -2.477186000000000110e+00
9.321295343988856771e-03 -2.905508999999999897e+00
9.341298123696986297e-03 -2.242553000000000019e+00
9.361300903405117557e-03 -9.993710000000000093e-01
9.381303683113248817e-03 -4.660599999999999743e-01
9.401306462821378343e-03 -4.201840000000000019e-01
9.421309242529509603e-03 -4.807890000000000219e-01
9.441312022237639129e-03 -8.545420000000000238e-01
9.461314801945770389e-03 -1.441321000000000074e+00
9.481317581653901649e-03 -1.957761000000000084e+00
9.501320361362031175e-03 -2.459147000000000194e+00
9.521323141070162435e-03 -2.201478999999999964e+00
9.541325920778291961e-03 -1.403491000000000044e+00
9.561328700486423221e-03 -7.378740000000000299e-01
9.581331480194554481e-03 -3.022839999999999971e-01
9.601334259902684007e-03 -3.065660000000000052e-01
9.621337039610815267e-03 -4.753390000000000115e-01
9.641339819318946527e-03 -6.966059999999999475e-01
9.661342599027076053e-03 -7.992580000000000240e-01
9.681345378735207313e-03 -1.123825999999999992e+00
9.701348158443336839e-03 -1.725657999999999914e+00
9.721350938151468099e-03 -2.107002000000000042e+00
9.741353717859599359e-03 -2.428910000000000124e+00
9.761356497567728885e-03 -2.277721999999999802e+00
9.781359277275860145e-03 -1.205583999999999989e+00
9.801362056983989671e-03 7.873600000000000043e-02
9.821364836692120931e-03 4.349040000000000128e-01
9.841367616400252191e-03 -3.148719999999999852e-01
9.861370396108381717e-03 -1.596986000000000017e+00
9.881373175816512977e-03 -2.468751000000000140e+00
9.901375955524644237e-03 -2.918032999999999877e+00
9.921378735232773763e-03 -2.971954000000000207e+00
9.941381514940905023e-03 -2.042374000000000134e+00
9.961384294649034549e-03 -6.209470000000000267e-01
9.981387074357165809e-03 7.757589999999999764e-01
1.000138985406529707e-02 1.772172999999999998e+00
1.002139263377342659e-02 1.492831999999999937e+00
1.004139541348155786e-02 -3.794350000000000223e-01
1.006139819318968738e-02 -2.296149999999999913e+00
1.008140097289781864e-02 -3.488979000000000052e+00
1.010140375260594990e-02 -3.768578999999999901e+00
1.012140653231407943e-02 -2.898306999999999967e+00
1.014140931202221069e-02 -1.259246000000000087e+00
1.016141209173034195e-02 4.033039999999999958e-01
1.018141487143847147e-02 1.117521999999999904e+00
1.020141765114660273e-02 6.630489999999999995e-01
1.022142043085473226e-02 -6.463179999999999481e-01
1.024142321056286352e-02 -1.965222999999999942e+00
1.026142599027099478e-02 -2.857492000000000143e+00
1.028142876997912430e-02 -3.195751000000000008e+00
1.030143154968725556e-02 -2.848733000000000182e+00
1.032143432939538509e-02 -1.494593000000000060e+00
1.034143710910351635e-02 1.818430000000000046e-01
1.036143988881164761e-02 8.210509999999999753e-01
1.038144266851977714e-02 2.508179999999999854e-01
1.040144544822790840e-02 -8.947720000000000118e-01
1.042144822793603966e-02 -1.772766000000000064e+00
1.044145100764416918e-02 -1.880349999999999966e+00
1.046145378735230044e-02 -1.377146999999999899e+00
1.048145656706042997e-02 -9.934009999999999785e-01
1.050145934676856123e-02 -1.019355999999999929e+00
1.052146212647669249e-02 -8.703100000000000280e-01
1.054146490618482201e-02 -8.409799999999999498e-01
1.056146768589295327e-02 -1.197602999999999973e+00
1.058147046560108280e-02 -1.570966000000000085e+00
1.060147324530921406e-02 -1.872044000000000041e+00
1.062147602501734532e-02 -1.885671000000000097e+00
1.064147880472547485e-02 -1.396417999999999937e+00
1.066148158443360611e-02 -7.519550000000000400e-01
1.068148436414173737e-02 -4.767009999999999859e-01
1.070148714384986689e-02 -6.004420000000000313e-01
1.072148992355799815e-02 -1.139008999999999938e+00
1.074149270326612768e-02 -1.751289000000000096e+00
1.076149548297425894e-02 -1.969246000000000052e+00
1.078149826268239020e-02 -1.626964000000000077e+00
1.080150104239051972e-02 -1.058354000000000017e+00
1.082150382209865098e-02 -7.924449999999999550e-01
1.084150660180678051e-02 -5.896059999999999635e-01
1.086150938151491177e-02 -2.648429999999999951e-01
1.088151216122304303e-02 -2.557590000000000141e-01
1.090151494093117256e-02 -7.553290000000000282e-01
1.092151772063930382e-02 -1.457152999999999921e+00
1.094152050034743508e-02 -2.257411999999999974e+00
1.096152328005556460e-02 -2.324310999999999794e+00
1.098152605976369586e-02 -1.583099999999999952e+00
1.100152883947182539e-02 -7.877079999999999638e-01
1.102153161917995665e-02 -3.229830000000000201e-01
1.104153439888808791e-02 -1.960629999999999873e-01
1.106153717859621743e-02 -5.825979999999999492e-01
1.108153995830434869e-02 -1.408941999999999917e+00
1.110154273801247822e-02 -1.965222999999999942e+00
1.112154551772060948e-02 -2.311981999999999982e+00
1.114154829742874074e-02 -2.520207000000000086e+00
1.116155107713687027e-02 -2.075791000000000164e+00
1.118155385684500153e-02 -1.082880999999999982e+00
1.120155663655313279e-02 -2.075480000000000103e-01
1.122155941626126231e-02 4.293890000000000207e-01
1.124156219596939357e-02 3.743639999999999746e-01
1.126156497567752310e-02 -4.730030000000000068e-01
1.128156775538565436e-02 -1.312583999999999973e+00
1.130157053509378562e-02 -1.779708999999999985e+00
1.132157331480191514e-02 -1.862505999999999995e+00
1.134157609451004640e-02 -1.915324000000000026e+00
1.136157887421817593e-02 -1.878597999999999990e+00
1.138158165392630719e-02 -1.494723000000000024e+00
1.140158443363443845e-02 -9.551180000000000225e-01
1.142158721334256798e-02 -4.920149999999999801e-01
1.144158999305069924e-02 -4.935069999999999735e-01
1.146159277275883050e-02 -9.541439999999999921e-01
1.148159555246696002e-02 -1.472337000000000007e+00
1.150159833217509128e-02 -1.729681000000000024e+00
1.152160111188322081e-02 -1.861142999999999992e+00
1.154160389159135207e-02 -1.960680999999999896e+00
1.156160667129948333e-02 -1.633062999999999931e+00
1.158160945100761285e-02 -1.078209999999999891e+00
1.160161223071574411e-02 -6.224389999999999645e-01
1.162161501042387364e-02 -3.841720000000000135e-01
1.164161779013200490e-02 -3.334949999999999859e-01
1.166162056984013616e-02 -5.768879999999999564e-01
1.168162334954826569e-02 -1.119996999999999909e+00
1.170162612925639695e-02 -1.933947000000000083e+00
1.172162890896452821e-02 -2.473163000000000000e+00
1.174163168867265773e-02 -2.152617999999999920e+00
1.176163446838078899e-02 -1.216744999999999965e+00
1.178163724808891852e-02 -3.469260000000000121e-01
1.180164002779704978e-02 -1.248810000000000059e-01
1.182164280750518104e-02 -3.713239999999999874e-01
1.184164558721331056e-02 -8.520109999999999628e-01
1.186164836692144182e-02 -1.469287000000000010e+00
1.188165114662957135e-02 -2.201738000000000195e+00
1.190165392633770261e-02 -2.545188000000000006e+00
1.192165670604583387e-02 -2.339884000000000075e+00
1.194165948575396340e-02 -1.540208999999999939e+00
1.196166226546209466e-02 -4.756630000000000025e-01
1.198166504517022592e-02 5.297600000000000225e-02
1.200166782487835544e-02 -1.813980000000000037e-01
1.202167060458648670e-02 -7.659700000000000397e-01
1.204167338429461623e-02 -1.434182999999999986e+00
1.206167616400274749e-02 -1.987543999999999977e+00
1.208167894371087875e-02 -2.018819999999999837e+00
1.210168172341900827e-02 -1.562659999999999938e+00
1.212168450312713953e-02 -9.078150000000000386e-01
1.214168728283526906e-02 -5.059010000000000451e-01
1.216169006254340032e-02 -7.411830000000000362e-01
1.218169284225153158e-02 -1.212266999999999983e+00
1.220169562195966111e-02 -1.557793999999999901e+00
1.222169840166779237e-02 -1.745708000000000037e+00
1.224170118137592363e-02 -1.697237000000000107e+00
1.226170396108405315e-02 -1.219859000000000027e+00
1.228170674079218441e-02 -5.026570000000000205e-01
1.230170952050031394e-02 1.183700000000000030e-02
1.232171230020844520e-02 -2.619239999999999902e-01
1.234171507991657646e-02 -1.228423999999999960e+00
1.236171785962470598e-02 -2.299719000000000069e+00
1.238172063933283724e-02 -2.826865000000000183e+00
1.240172341904096677e-02 -2.534092999999999929e+00
1.242172619874909803e-02 -1.678808999999999996e+00
1.244172897845722929e-02 -7.545500000000000540e-01
1.246173175816535882e-02 -7.556599999999999429e-02
1.248173453787349008e-02 2.701549999999999785e-01
1.250173731758162134e-02 5.823199999999999904e-02
1.252174009728975086e-02 -8.091859999999999609e-01
1.254174287699788212e-02 -1.792038000000000020e+00
1.256174565670601165e-02 -2.467258000000000173e+00
1.258174843641414291e-02 -2.511381999999999781e+00
1.260175121612227417e-02 -1.931092000000000031e+00
1.262175399583040369e-02 -1.063933999999999935e+00
1.264175677553853495e-02 -3.711289999999999867e-01
1.266175955524666448e-02 -1.595959999999999879e-01
1.268176233495479574e-02 -5.195920000000000538e-01
1.270176511466292700e-02 -1.211098999999999926e+00
1.272176789437105653e-02 -1.678614000000000051e+00
1.274177067407918779e-02 -1.822664999999999980e+00
1.276177345378731905e-02 -1.746552000000000104e+00
1.278177623349544857e-02 -1.618398999999999921e+00
1.280177901320357983e-02 -1.352295000000000025e+00
1.282178179291170936e-02 -1.072759000000000018e+00
1.284178457261984062e-02 -8.184639999999999693e-01
1.286178735232797188e-02 -6.694179999999999575e-01
1.288179013203610140e-02 -8.247590000000000199e-01
1.290179291174423266e-02 -1.185403999999999902e+00
1.292179569145236219e-02 -1.521587000000000023e+00
1.294179847116049345e-02 -1.582386000000000070e+00
1.296180125086862471e-02 -1.385777000000000037e+00
1.298180403057675424e-02 -1.204285999999999968e+00
1.300180681028488550e-02 -1.067827999999999999e+00
1.302180958999301676e-02 -1.103385999999999978e+00
1.304181236970114628e-02 -1.103580999999999923e+00
1.306181514940927754e-02 -9.766599999999999726e-01
1.308181792911740707e-02 -8.942529999999999646e-01
1.310182070882553833e-02 -1.142643000000000075e+00
1.312182348853366959e-02 -1.479929000000000050e+00
1.314182626824179911e-02 -1.753624999999999989e+00
1.316182904794993037e-02 -1.741749999999999909e+00
1.318183182765805990e-02 -1.386879999999999891e+00
1.320183460736619116e-02 -9.151470000000000438e-01
1.322183738707432242e-02 -7.178240000000000176e-01
1.324184016678245195e-02 -6.781770000000000298e-01
1.326184294649058321e-02 -7.210680000000000422e-01
1.328184572619871447e-02 -9.466820000000000235e-01
1.330184850590684399e-02 -1.272223000000000104e+00
1.332185128561497525e-02 -1.639356999999999953e+00
1.334185406532310478e-02 -1.875612999999999975e+00
1.336185684503123604e-02 -1.862894999999999968e+00
1.338185962473936730e-02 -1.608665999999999929e+00
1.340186240444749682e-02 -1.247954999999999925e+00
1.342186518415562808e-02 -1.005730000000000013e+00
1.344186796386375761e-02 -8.744619999999999616e-01
1.346187074357188887e-02 -9.094370000000000509e-01
1.348187352328002013e-02 -1.087943000000000104e+00
1.350187630298814966e-02 -1.240364000000000022e+00
1.352187908269628092e-02 -1.182549000000000072e+00
1.354188186240441218e-02 -1.133753000000000011e+00
1.356188464211254170e-02 -1.123305999999999916e+00
1.358188742182067296e-02 -1.104943000000000008e+00
1.360189020152880249e-02 -1.160226999999999897e+00
1.362189298123693375e-02 -1.284356999999999971e+00
1.364189576094506501e-02 -1.402517999999999931e+00
1.366189854065319453e-02 -1.508674000000000071e+00
1.368190132036132579e-02 -1.555198000000000080e+00
1.370190410006945532e-02 -1.303824000000000094e+00
1.372190687977758658e-02 -1.035708000000000073e+00
1.374190965948571784e-02 -8.651189999999999714e-01
1.376191243919384737e-02 -9.259830000000000005e-01
1.378191521890197863e-02 -1.181575000000000042e+00
1.380191799861010989e-02 -1.424255000000000049e+00
1.382192077831823941e-02 -1.570316999999999963e+00
1.384192355802637067e-02 -1.621968000000000076e+00
1.386192633773450020e-02 -1.560972999999999944e+00
1.388192911744263146e-02 -1.173140000000000072e+00
1.390193189715076272e-02 -6.738300000000000400e-01
1.392193467685889224e-02 -3.534149999999999792e-01
1.394193745656702350e-02 -4.597010000000000263e-01
1.396194023627515303e-02 -1.000798999999999994e+00
1.398194301598328429e-02 -1.639356999999999953e+00
1.400194579569141555e-02 -2.090520999999999852e+00
1.402194857539954508e-02 -2.144118000000000190e+00
1.404195135510767634e-02 -1.812022999999999939e+00
1.406195413481580760e-02 -1.183391999999999999e+00
1.408195691452393712e-02 -5.848689999999999722e-01
1.410195969423206838e-02 -2.030059999999999920e-01
1.412196247394019791e-02 -2.765880000000000005e-01
1.414196525364832917e-02 -7.941970000000000418e-01
1.416196803335646043e-02 -1.480966999999999922e+00
1.418197081306458995e-02 -2.068849000000000160e+00
1.420197359277272121e-02 -2.291608000000000089e+00
1.422197637248085074e-02 -1.972231000000000067e+00
1.424197915218898200e-02 -1.274429999999999952e+00
1.426198193189711326e-02 -5.489209999999999923e-01
1.428198471160524279e-02 -1.578440000000000121e-01
1.430198749131337405e-02 -3.794350000000000223e-01
1.432199027102150531e-02 -9.714049999999999629e-01
1.434199305072963483e-02 -1.558572000000000068e+00
1.436199583043776609e-02 -1.876716000000000051e+00
1.438199861014589562e-02 -1.855239000000000082e+00
1.440200138985402688e-02 -1.566942999999999975e+00
1.442200416956215814e-02 -1.172881000000000062e+00
1.444200694927028766e-02 -8.143120000000000358e-01
1.446200972897841892e-02 -5.606659999999999977e-01
1.448201250868654845e-02 -6.274999999999999467e-01
1.450201528839467971e-02 -9.525869999999999616e-01
1.452201806810281097e-02 -1.360859999999999959e+00
1.454202084781094050e-02 -1.584332999999999991e+00
1.456202362751907176e-02 -1.542351000000000028e+00
1.458202640722720302e-02 -1.336073000000000066e+00
1.460202918693533254e-02 -1.056278000000000050e+00
1.462203196664346380e-02 -9.324719999999999676e-01
1.464203474635159333e-02 -1.036162000000000027e+00
1.466203752605972459e-02 -1.175086999999999993e+00
1.468204030576785585e-02 -1.215057000000000054e+00
1.470204308547598537e-02 -1.127199999999999980e+00
1.472204586518411663e-02 -1.027597000000000094e+00
1.474204864489224616e-02 -1.041352999999999973e+00
1.476205142460037742e-02 -1.138814999999999911e+00
1.478205420430850868e-02 -1.217522999999999911e+00
1.480205698401663821e-02 -1.254639000000000060e+00
1.482205976372476947e-02 -1.217977000000000087e+00
1.484206254343290073e-02 -1.187221000000000082e+00
1.486206532314103025e-02 -1.100726000000000093e+00
1.488206810284916151e-02 -1.031166000000000027e+00
1.490207088255729104e-02 -9.260479999999999823e-01
1.492207366226542230e-02 -8.158039999999999736e-01
1.494207644197355356e-02 -9.354569999999999830e-01
1.496207922168168308e-02 -1.218107000000000051e+00
1.498208200138981434e-02 -1.427823999999999982e+00
1.500208478109794387e-02 -1.440865999999999980e+00
1.502208756080607513e-02 -1.332827999999999902e+00
1.504209034051420639e-02 -1.095015000000000072e+00
1.506209312022233592e-02 -9.337699999999999889e-01
1.508209589993046718e-02 -9.612819999999999698e-01
1.510209867963859844e-02 -1.084373999999999949e+00
1.512210145934672796e-02 -1.185727999999999893e+00
1.514210423905485922e-02 -1.202663999999999955e+00
1.516210701876298875e-02 -1.229397999999999991e+00
1.518210979847112001e-02 -1.215966000000000102e+00
1.520211257817925127e-02 -1.179499000000000075e+00
1.522211535788738079e-02 -1.179434000000000093e+00
1.524211813759551205e-02 -1.209087999999999941e+00
1.526212091730364158e-02 -1.220247999999999999e+00
1.528212369701177284e-02 -1.215835999999999917e+00
1.530212647671990410e-02 -1.117985999999999924e+00
1.532212925642803363e-02 -9.339640000000000164e-01
1.534213203613616489e-02 -7.217820000000000347e-01
1.536213481584429441e-02 -6.317829999999999835e-01
1.538213759555242567e-02 -7.221710000000000074e-01
1.540214037526055693e-02 -1.043624000000000107e+00
1.542214315496868646e-02 -1.440930999999999962e+00
1.544214593467681772e-02 -1.716183999999999932e+00
1.546214871438494898e-02 -1.804561000000000082e+00
1.548215149409307850e-02 -1.598413000000000084e+00
1.550215427380120976e-02 -1.117337000000000025e+00
1.552215705350933929e-02 -6.903759999999999897e-01
1.554215983321747055e-02 -4.775449999999999973e-01
1.556216261292560181e-02 -5.463909999999999600e-01
1.558216539263373134e-02 -8.631069999999999576e-01
1.560216817234186260e-02 -1.368646000000000029e+00
1.562217095204999212e-02 -1.703921000000000019e+00
1.564217373175812512e-02 -1.801965999999999957e+00
1.566217651146625464e-02 -1.536640000000000006e+00
1.568217929117438417e-02 -1.077496000000000009e+00
1.570218207088251369e-02 -6.377530000000000143e-01
1.572218485059064669e-02 -4.427650000000000197e-01
1.574218763029877621e-02 -5.668950000000000378e-01
1.576219041000690574e-02 -9.428539999999999699e-01
1.578219318971503873e-02 -1.297010999999999914e+00
1.580219596942316826e-02 -1.501535999999999982e+00
1.582219874913129778e-02 -1.614116000000000106e+00
1.584220152883943078e-02 -1.480836999999999959e+00
1.586220430854756031e-02 -1.047711999999999977e+00
1.588220708825568983e-02 -6.607229999999999492e-01
1.590220986796382283e-02 -5.468450000000000255e-01
1.592221264767195235e-02 -7.762229999999999963e-01
1.594221542738008188e-02 -1.162887999999999922e+00
1.596221820708821140e-02 -1.573820999999999914e+00
1.598222098679634440e-02 -1.725981999999999905e+00
1.600222376650447392e-02 -1.601723000000000008e+00
1.602222654621260345e-02 -1.283903000000000016e+00
1.604222932592073644e-02 -9.549229999999999663e-01
1.606223210562886597e-02 -6.836929999999999952e-01
1.608223488533699549e-02 -5.239399999999999613e-01
1.610223766504512849e-02 -6.322370000000000489e-01
1.612224044475325802e-02 -8.446789999999999576e-01
1.614224322446138754e-02 -1.170090000000000074e+00
1.616224600416952054e-02 -1.427888999999999964e+00
1.618224878387765006e-02 -1.482329999999999925e+00
1.620225156358577959e-02 -1.389734999999999943e+00
1.622225434329390911e-02 -1.173140000000000072e+00
1.624225712300204211e-02 -9.902870000000000283e-01
1.626225990271017163e-02 -9.508999999999999675e-01
1.628226268241830116e-02 -1.054589999999999916e+00
1.630226546212643415e-02 -1.150493999999999906e+00
1.632226824183456368e-02 -1.184495000000000076e+00
1.634227102154269320e-02 -1.157372000000000067e+00
1.636227380125082620e-02 -1.092678999999999956e+00
1.638227658095895573e-02 -1.057835000000000081e+00
1.640227936066708525e-02 -1.119801999999999964e+00
1.642228214037521825e-02 -1.160681999999999992e+00
1.644228492008334777e-02 -1.276701000000000086e+00
1.646228769979147730e-02 -1.357744999999999980e+00
1.648229047949960682e-02 -1.378055000000000030e+00
1.650229325920773982e-02 -1.332114999999999938e+00
1.652229603891586934e-02 -1.118635000000000046e+00
1.654229881862399887e-02 -8.363089999999999691e-01
1.656230159833213186e-02 -6.299010000000000442e-01
1.658230437804026139e-02 -6.289280000000000426e-01
1.660230715774839091e-02 -8.321560000000000068e-01
1.662230993745652391e-02 -1.082556999999999992e+00
1.664231271716465344e-02 -1.332114999999999938e+00
1.666231549687278296e-02 -1.421011000000000024e+00
1.668231827658091596e-02 -1.398365000000000080e+00
1.670232105628904548e-02 -1.299930000000000030e+00
1.672232383599717501e-02 -1.188128999999999991e+00
1.674232661570530453e-02 -1.031101000000000045e+00
1.676232939541343753e-02 -9.572589999999999710e-01
1.678233217512156705e-02 -9.853549999999999809e-01
1.680233495482969658e-02 -1.044791999999999943e+00
1.682233773453782957e-02 -1.118505000000000082e+00
1.684234051424595910e-02 -1.186830999999999969e+00
1.686234329395408862e-02 -1.220053999999999972e+00
1.688234607366222162e-02 -1.171192999999999929e+00
1.690234885337035114e-02 -1.136219000000000090e+00
1.692235163307848067e-02 -1.087164000000000019e+00
1.694235441278661367e-02 -1.057250999999999941e+00
1.696235719249474319e-02 -1.042067000000000077e+00
1.698235997220287272e-02 -1.018901999999999974e+00
1.700236275191100224e-02 -1.016761000000000026e+00
1.702236553161913524e-02 -1.105137999999999954e+00
1.704236831132726476e-02 -1.261322000000000054e+00
1.706237109103539429e-02 -1.364494000000000096e+00
1.708237387074352728e-02 -1.358459000000000083e+00
1.710237665045165681e-02 -1.251978999999999953e+00
1.712237943015978633e-02 -1.047258000000000022e+00
1.714238220986791933e-02 -9.123569999999999736e-01
1.716238498957604885e-02 -8.367630000000000345e-01
1.718238776928417838e-02 -8.701149999999999718e-01
1.720239054899231138e-02 -1.012024000000000035e+00
1.722239332870044090e-02 -1.312518999999999991e+00
1.724239610840857043e-02 -1.570835999999999899e+00
1.726239888811669995e-02 -1.702752999999999961e+00
1.728240166782483295e-02 -1.491673000000000027e+00
1.730240444753296247e-02 -1.092030999999999974e+00
1.732240722724109200e-02 -6.982930000000000526e-01
1.734241000694922499e-02 -4.828009999999999802e-01
1.736241278665735452e-02 -5.600169999999999870e-01
1.738241556636548404e-02 -8.703750000000000098e-01
1.740241834607361704e-02 -1.254509000000000096e+00
1.742242112578174656e-02 -1.569798000000000027e+00
1.744242390548987609e-02 -1.665052999999999894e+00
1.746242668519800909e-02 -1.562530999999999892e+00
1.748242946490613861e-02 -1.266059000000000045e+00
1.750243224461426814e-02 -9.424000000000000155e-01
1.752243502432239766e-02 -7.132819999999999716e-01
1.754243780403053066e-02 -7.141899999999999915e-01
1.756244058373866018e-02 -9.638780000000000125e-01
1.758244336344678971e-02 -1.258013000000000048e+00
1.760244614315492270e-02 -1.442034000000000038e+00
1.762244892286305223e-02 -1.465133999999999936e+00
1.764245170257118175e-02 -1.237638000000000016e+00
1.766245448227931475e-02 -1.000280000000000058e+00
1.768245726198744427e-02 -8.456519999999999593e-01
1.770246004169557380e-02 -8.904250000000000220e-01
1.772246282140370680e-02 -1.056017999999999901e+00
1.774246560111183632e-02 -1.214083999999999941e+00
1.776246838081996585e-02 -1.292467999999999950e+00
1.778247116052809537e-02 -1.279231000000000007e+00
1.780247394023622837e-02 -1.213824999999999932e+00
1.782247671994435789e-02 -1.122268000000000043e+00
1.784247949965248742e-02 -1.015398000000000023e+00
1.786248227936062041e-02 -9.686139999999999750e-01
1.788248505906874994e-02 -1.058159000000000072e+00
1.790248783877687946e-02 -1.244321999999999928e+00
1.792249061848501246e-02 -1.404074999999999962e+00
1.794249339819314198e-02 -1.446056999999999926e+00
1.796249617790127151e-02 -1.292013999999999996e+00
1.798249895760940451e-02 -1.013840999999999992e+00
1.800250173731753403e-02 -8.146360000000000268e-01
1.802250451702566356e-02 -7.949749999999999872e-01
1.804250729673379308e-02 -9.135900000000000132e-01
1.806251007644192608e-02 -1.099363000000000090e+00
1.808251285615005560e-02 -1.242375000000000007e+00
1.810251563585818513e-02 -1.312129000000000101e+00
1.812251841556631812e-02 -1.276505999999999919e+00
1.814252119527444765e-02 -1.197343000000000046e+00
1.816252397498257717e-02 -1.144913999999999987e+00
1.818252675469071017e-02 -1.047841999999999940e+00
1.820252953439883969e-02 -1.019746000000000041e+00
1.822253231410696922e-02 -1.081712999999999925e+00
1.824253509381510222e-02 -1.253989999999999938e+00
1.826253787352323174e-02 -1.390967999999999982e+00
1.828254065323136127e-02 -1.444045999999999941e+00
1.830254343293949079e-02 -1.335812999999999917e+00
1.832254621264762379e-02 -1.125188000000000077e+00
1.834254899235575331e-02 -9.735460000000000225e-01
1.836255177206388284e-02 -9.241009999999999502e-01
1.838255455177201583e-02 -9.735460000000000225e-01
1.840255733148014536e-02 -1.037719999999999976e+00
1.842256011118827488e-02 -1.145693000000000072e+00
1.844256289089640788e-02 -1.211942999999999993e+00
1.846256567060453740e-02 -1.302721000000000018e+00
1.848256845031266693e-02 -1.283708999999999989e+00
1.850257123002079993e-02 -1.182288999999999923e+00
1.852257400972892945e-02 -1.080155999999999894e+00
1.854257678943705898e-02 -9.407780000000000031e-01
1.856257956914518850e-02 -8.471450000000000369e-01
1.858258234885332150e-02 -8.883480000000000265e-01
1.860258512856145102e-02 -9.866530000000000022e-01
1.862258790826958055e-02 -1.153089999999999948e+00
1.864259068797771354e-02 -1.329518999999999895e+00
1.866259346768584307e-02 -1.459748999999999963e+00
1.868259624739397259e-02 -1.510037000000000074e+00
1.870259902710210559e-02 -1.438336000000000059e+00
1.872260180681023511e-02 -1.319916000000000089e+00
1.874260458651836464e-02 -1.121553999999999940e+00
1.876260736622649763e-02 -9.675759999999999916e-01
1.878261014593462716e-02 -8.295599999999999641e-01
1.880261292564275669e-02 -8.086020000000000429e-01
1.882261570535088621e-02 -9.158610000000000362e-01
1.884261848505901921e-02 -1.054915000000000047e+00
1.886262126476714873e-02 -1.199548999999999976e+00
1.888262404447527826e-02 -1.288963999999999999e+00
1.890262682418341125e-02 -1.270731000000000055e+00
1.892262960389154078e-02 -1.200067999999999913e+00
1.894263238359967030e-02 -1.079960999999999949e+00
1.896263516330780330e-02 -1.028894999999999893e+00
1.898263794301593282e-02 -1.057250999999999941e+00
1.900264072272406235e-02 -1.141799000000000008e+00
1.902264350243219534e-02 -1.222129999999999939e+00
1.904264628214032487e-02 -1.276829999999999909e+00
1.906264906184845440e-02 -1.276375999999999955e+00
1.908265184155658392e-02 -1.194812999999999903e+00
1.910265462126471692e-02 -1.117725999999999997e+00
1.912265740097284644e-02 -1.029284000000000088e+00
1.914266018068097597e-02 -9.719240000000000101e-01
1.916266296038910896e-02 -1.004756999999999900e+00
1.918266574009723849e-02 -1.146406000000000036e+00
1.920266851980536801e-02 -1.296945999999999932e+00
1.922267129951350101e-02 -1.371112000000000108e+00
1.924267407922163053e-02 -1.299800999999999984e+00
1.926267685892976006e-02 -1.115390000000000104e+00
1.928267963863789305e-02 -9.055440000000000156e-01
1.930268241834602258e-02 -7.901730000000000143e-01
1.932268519805415211e-02 -8.305339999999999945e-01
1.934268797776228163e-02 -9.756219999999999892e-01
1.936269075747041463e-02 -1.139399000000000051e+00
1.938269353717854415e-02 -1.271249999999999991e+00
1.940269631688667368e-02 -1.359887000000000068e+00
1.942269909659480667e-02 -1.353787000000000074e+00
1.944270187630293620e-02 -1.310831999999999997e+00
1.946270465601106572e-02 -1.208569000000000004e+00
1.948270743571919872e-02 -1.134208000000000105e+00
1.950271021542732824e-02 -1.135375999999999941e+00
1.952271299513545777e-02 -1.210839999999999916e+00
1.954271577484359076e-02 -1.321603000000000083e+00
1.956271855455172029e-02 -1.338019000000000069e+00
1.958272133425984982e-02 -1.203961999999999977e+00
1.960272411396797934e-02 -1.000669000000000031e+00
1.962272689367611234e-02 -8.213840000000000030e-01
1.964272967338424186e-02 -7.786229999999999540e-01
1.966273245309237139e-02 -9.000280000000000502e-01
1.968273523280050438e-02 -1.108707000000000109e+00
1.970273801250863391e-02 -1.306548999999999960e+00
1.972274079221676343e-02 -1.383505999999999903e+00
1.974274357192489643e-02 -1.340745000000000076e+00
1.976274635163302595e-02 -1.204091000000000022e+00
1.978274913134115548e-02 -1.023509000000000002e+00
1.980275191104928847e-02 -8.388390000000000013e-01
1.982275469075741800e-02 -7.969870000000000010e-01
1.984275747046554753e-02 -8.897110000000000296e-01
1.986276025017367705e-02 -1.135310999999999959e+00
1.988276302988181005e-02 -1.384608999999999979e+00
1.990276580958993957e-02 -1.540208999999999939e+00
1.992276858929806910e-02 -1.519640000000000102e+00
1.994277136900620209e-02 -1.319785999999999904e+00
1.996277414871433162e-02 -1.095080000000000053e+00
1.998277692842246114e-02 -9.266320000000000112e-01
2.000277970813059414e-02 -8.636909999999999865e-01
2.002278248783872366e-02 -9.001580000000000137e-01
2.004278526754685319e-02 -9.794509999999999605e-01
2.006278804725498618e-02 -1.053098000000000090e+00
2.008279082696311571e-02 -1.127329000000000025e+00
2.010279360667124524e-02 -1.135375999999999941e+00
2.012279638637937476e-02 -1.136414000000000035e+00
2.014279916608750776e-02 -1.133040000000000047e+00
2.016280194579563728e-02 -1.107669000000000015e+00
2.018280472550376681e-02 -1.114546999999999954e+00
2.020280750521189980e-02 -1.167883999999999922e+00
2.022281028492002933e-02 -1.209217999999999904e+00
2.024281306462815885e-02 -1.213046000000000069e+00
2.026281584433629185e-02 -1.185143999999999975e+00
2.028281862404442137e-02 -1.119348000000000010e+00
2.030282140375255090e-02 -1.091186999999999907e+00
2.032282418346068389e-02 -1.071979999999999933e+00
2.034282696316881342e-02 -1.083595000000000086e+00
2.036282974287694295e-02 -1.077560999999999991e+00
2.038283252258507247e-02 -1.078664000000000067e+00
2.040283530229320547e-02 -1.080481000000000025e+00
2.042283808200133499e-02 -1.090667999999999971e+00
2.044284086170946452e-02 -1.132649999999999935e+00
2.046284364141759751e-02 -1.171453000000000078e+00
2.048284642112572704e-02 -1.181186000000000069e+00
2.050284920083385656e-02 -1.179175000000000084e+00
2.052285198054198956e-02 -1.127653999999999934e+00
2.054285476025011908e-02 -1.063803999999999972e+00
2.056285753995824861e-02 -9.986570000000000169e-01
2.058286031966638160e-02 -9.537550000000000194e-01
2.060286309937451113e-02 -9.902870000000000283e-01
2.062286587908264066e-02 -1.090797999999999934e+00
2.064286865879077018e-02 -1.219664000000000081e+00
2.066287143849890318e-02 -1.329129999999999923e+00
2.068287421820703270e-02 -1.368257000000000057e+00
2.070287699791516223e-02 -1.332634000000000096e+00
2.072287977762329522e-02 -1.239325000000000010e+00
2.074288255733142475e-02 -1.153154999999999930e+00
2.076288533703955427e-02 -1.052189999999999959e+00
2.078288811674768727e-02 -1.016826000000000008e+00
2.080289089645581679e-02 -1.045441000000000065e+00
2.082289367616394632e-02 -1.082168000000000019e+00
2.084289645587207931e-02 -1.148352999999999957e+00
2.086289923558020884e-02 -1.140825999999999896e+00
2.088290201528833837e-02 -1.130767999999999995e+00
2.090290479499646789e-02 -1.096767000000000047e+00
2.092290757470460089e-02 -1.100011999999999990e+00
2.094291035441273041e-02 -1.153804000000000052e+00
2.096291313412085994e-02 -1.210709999999999953e+00
2.098291591382899293e-02 -1.252887000000000084e+00
2.100291869353712246e-02 -1.252756999999999898e+00
2.102292147324525198e-02 -1.158020999999999967e+00
2.104292425295338498e-02 -1.036227000000000009e+00
2.106292703266151450e-02 -9.465529999999999777e-01
2.108292981236964403e-02 -9.130059999999999842e-01
2.110293259207777702e-02 -9.764659999999999451e-01
2.112293537178590655e-02 -1.120905999999999958e+00
2.114293815149403608e-02 -1.267876000000000003e+00
2.116294093120216560e-02 -1.375329999999999941e+00
2.118294371091029860e-02 -1.384608999999999979e+00
2.120294649061842812e-02 -1.314464999999999995e+00
2.122294927032655765e-02 -1.133947999999999956e+00
2.124295205003469064e-02 -9.403230000000000199e-01
2.126295482974282017e-02 -8.654429999999999623e-01
2.128295760945094969e-02 -8.758899999999999464e-01
2.130296038915908269e-02 -1.000993000000000022e+00
2.132296316886721221e-02 -1.155750000000000055e+00
2.134296594857534174e-02 -1.260413999999999923e+00
2.136296872828347473e-02 -1.303045000000000009e+00
2.138297150799160426e-02 -1.220118999999999954e+00
2.140297428769973379e-02 -1.126160999999999968e+00
2.142297706740786331e-02 -1.062961000000000045e+00
2.144297984711599631e-02 -1.033632000000000106e+00
2.146298262682412583e-02 -1.086840000000000028e+00
2.148298540653225536e-02 -1.168857999999999953e+00
2.150298818624038835e-02 -1.249317999999999929e+00
2.152299096594851788e-02 -1.273261999999999894e+00
2.154299374565664740e-02 -1.236080999999999985e+00
2.156299652536478040e-02 -1.119672999999999918e+00
2.158299930507290992e-02 -9.598550000000000137e-01
2.160300208478103945e-02 -8.706340000000000190e-01
2.162300486448917244e-02 -8.616800000000000015e-01
2.164300764419730197e-02 -9.689389999999999947e-01
2.166301042390543150e-02 -1.120905999999999958e+00
2.168301320361356102e-02 -1.241597000000000062e+00
2.170301598332169402e-02 -1.291690000000000005e+00
2.172301876302982354e-02 -1.251395000000000035e+00
2.174302154273795307e-02 -1.163602000000000025e+00
2.176302432244608606e-02 -1.075353999999999921e+00
2.178302710215421559e-02 -1.003263999999999934e+00
2.180302988186234511e-02 -9.813969999999999638e-01
2.182303266157047811e-02 -1.021886999999999990e+00
2.184303544127860763e-02 -1.083919999999999995e+00
2.186303822098673716e-02 -1.166716000000000086e+00
2.188304100069487015e-02 -1.206298000000000092e+00
2.190304378040299968e-02 -1.203896999999999995e+00
2.192304656011112921e-02 -1.184106000000000103e+00
2.194304933981925873e-02 -1.128821999999999992e+00
2.196305211952739173e-02 -1.112600000000000033e+00
2.198305489923552125e-02 -1.104554000000000036e+00
2.200305767894365078e-02 -1.082103000000000037e+00
2.202306045865178377e-02 -1.076977000000000073e+00
2.204306323835991330e-02 -1.065620999999999929e+00
2.206306601806804282e-02 -1.052967999999999904e+00
2.208306879777617582e-02 -1.031684999999999963e+00
2.210307157748430534e-02 -1.059522000000000075e+00
2.212307435719243487e-02 -1.106111000000000066e+00
2.214307713690056786e-02 -1.181381000000000014e+00
2.216307991660869739e-02 -1.224272000000000027e+00
2.218308269631682692e-02 -1.243738000000000010e+00
2.220308547602495644e-02 -1.209087999999999941e+00
2.222308825573308944e-02 -1.161655000000000104e+00
2.224309103544121896e-02 -1.125512999999999986e+00
2.226309381514934849e-02 -1.089045999999999959e+00
2.228309659485748148e-02 -1.055822999999999956e+00
2.230309937456561101e-02 -1.025066999999999950e+00
2.232310215427374053e-02 -1.037525000000000031e+00
2.234310493398187353e-02 -1.050567000000000029e+00
2.236310771369000305e-02 -1.090732999999999953e+00
2.238311049339813258e-02 -1.131807000000000007e+00
2.240311327310626557e-02 -1.144784000000000024e+00
2.242311605281439510e-02 -1.140306999999999960e+00
2.244311883252252462e-02 -1.135699999999999932e+00
2.246312161223065415e-02 -1.162627999999999995e+00
2.248312439193878715e-02 -1.141280000000000072e+00
2.250312717164691667e-02 -1.102932000000000023e+00
2.252312995135504620e-02 -1.043430000000000080e+00
2.254313273106317919e-02 -1.000928000000000040e+00
2.256313551077130872e-02 -1.018966999999999956e+00
2.258313829047943824e-02 -1.093263000000000096e+00
2.260314107018757124e-02 -1.172231999999999941e+00
2.262314384989570076e-02 -1.222455000000000069e+00
2.264314662960383029e-02 -1.206167999999999907e+00
2.266314940931196328e-02 -1.144134999999999902e+00
2.268315218902009281e-02 -1.112340000000000106e+00
2.270315496872822233e-02 -1.067892000000000063e+00
2.272315774843635186e-02 -1.082492000000000010e+00
2.274316052814448486e-02 -1.099558000000000035e+00
2.276316330785261438e-02 -1.126551000000000080e+00
2.278316608756074391e-02 -1.162044000000000077e+00
2.280316886726887690e-02 -1.162174000000000040e+00
2.282317164697700643e-02 -1.135958999999999941e+00
2.284317442668513595e-02 -1.066011000000000042e+00
2.286317720639326895e-02 -9.553770000000000318e-01
2.288317998610139847e-02 -9.231279999999999486e-01
2.290318276580952800e-02 -9.759470000000000089e-01
2.292318554551766099e-02 -1.113313999999999915e+00
2.294318832522579052e-02 -1.259311000000000069e+00
2.296319110493392004e-02 -1.327701999999999938e+00
2.298319388464204957e-02 -1.288769999999999971e+00
2.300319666435018257e-02 -1.178007000000000026e+00
2.302319944405831209e-02 -1.045117000000000074e+00
2.304320222376644162e-02 -9.592709999999999848e-01
2.306320500347457461e-02 -9.338349999999999707e-01
2.308320778318270414e-02 -9.849660000000000082e-01
2.310321056289083366e-02 -1.090927999999999898e+00
2.312321334259896666e-02 -1.191762999999999906e+00
2.314321612230709618e-02 -1.286238999999999910e+00
2.316321890201522571e-02 -1.307263000000000064e+00
2.318322168172335870e-02 -1.219924000000000008e+00
2.320322446143148823e-02 -1.111496999999999957e+00
2.322322724113961775e-02 -1.000084999999999891e+00
2.324323002084774728e-02 -9.592060000000000031e-01
2.326323280055588028e-02 -1.013127000000000111e+00
2.328323558026400980e-02 -1.085023000000000071e+00
2.330323835997213933e-02 -1.132130999999999998e+00
2.332324113968027232e-02 -1.140760999999999914e+00
2.334324391938840185e-02 -1.090927999999999898e+00
2.336324669909653137e-02 -1.045052000000000092e+00
2.338324947880466437e-02 -1.025195999999999996e+00
2.340325225851279389e-02 -1.035578000000000110e+00
2.342325503822092342e-02 -1.074316000000000049e+00
2.344325781792905641e-02 -1.128238000000000074e+00
2.346326059763718594e-02 -1.184171000000000085e+00
2.348326337734531546e-02 -1.212461999999999929e+00
2.350326615705344499e-02 -1.212657000000000096e+00
2.352326893676157799e-02 -1.158474999999999921e+00
2.354327171646970751e-02 -1.086775000000000047e+00
2.356327449617783704e-02 -1.011374999999999913e+00
2.358327727588597003e-02 -9.966460000000000319e-01
2.360328005559409956e-02 -1.030386999999999942e+00
2.362328283530222908e-02 -1.082945999999999964e+00
2.364328561501036208e-02 -1.121749000000000107e+00
2.366328839471849160e-02 -1.117725999999999997e+00
2.368329117442662113e-02 -1.077755000000000019e+00
2.370329395413475412e-02 -1.063868999999999954e+00
2.372329673384288365e-02 -1.063739999999999908e+00
2.374329951355101317e-02 -1.056148000000000087e+00
2.376330229325914270e-02 -1.063674999999999926e+00
2.378330507296727570e-02 -1.077171000000000101e+00
2.380330785267540522e-02 -1.085671999999999970e+00
2.382331063238353475e-02 -1.096767000000000047e+00
2.384331341209166774e-02 -1.085023000000000071e+00
2.386331619179979727e-02 -1.072629000000000055e+00
2.388331897150792679e-02 -1.074186000000000085e+00
2.390332175121605979e-02 -1.085606999999999989e+00
2.392332453092418931e-02 -1.110587999999999909e+00
2.394332731063231884e-02 -1.145173999999999914e+00
2.396333009034045183e-02 -1.158280999999999894e+00
2.398333287004858136e-02 -1.151143000000000027e+00
2.400333564975671088e-02 -1.131807000000000007e+00
2.402333842946484041e-02 -1.092160000000000020e+00
2.404334120917297341e-02 -1.045052000000000092e+00
2.406334398888110293e-02 -9.907409999999999828e-01
2.408334676858923246e-02 -9.841229999999999700e-01
2.410334954829736545e-02 -9.761410000000000364e-01
2.412335232800549498e-02 -1.000928000000000040e+00
2.414335510771362450e-02 -1.018577999999999983e+00
2.416335788742175750e-02 -1.063739999999999908e+00
2.418336066712988702e-02 -1.091901000000000010e+00
2.420336344683801655e-02 -1.114027000000000100e+00
2.422336622654614954e-02 -1.121294999999999931e+00
2.424336900625427907e-02 -1.105981000000000103e+00
2.426337178596240859e-02 -1.072499000000000091e+00
2.428337456567053812e-02 -1.020005000000000051e+00
2.430337734537867111e-02 -1.003459000000000101e+00
2.432338012508680064e-02 -9.214409999999999545e-01
2.434338290479493017e-02 -1.050373000000000001e+00
2.436338568450306316e-02 -1.120711000000000013e+00
2.438338846421119269e-02 -1.141280000000000072e+00
2.440339124391932221e-02 -1.220312999999999981e+00
2.442339402362745521e-02 -1.198056999999999928e+00
2.444339680333558473e-02 -1.123631000000000046e+00
2.446339958304371426e-02 -9.760760000000000547e-01
2.448340236275184725e-02 -1.093458000000000041e+00
2.450340514245997678e-02 -8.852989999999999471e-01
2.452340792216810630e-02 -1.010790999999999995e+00
2.454341070187623583e-02 -9.648510000000000142e-01
2.456341348158436882e-02 -9.205330000000000457e-01
2.458341626129249835e-02 -1.151726999999999945e+00
2.460341904100062788e-02 -1.244710999999999901e+00
2.462342182070876087e-02 -1.154258000000000006e+00
2.464342460041689040e-02 -1.128173000000000092e+00
2.466342738012501992e-02 -1.042132000000000058e+00
2.468343015983315292e-02 -9.866530000000000022e-01
2.470343293954128244e-02 -1.031036000000000064e+00
2.472343571924941197e-02 -1.075225000000000097e+00
2.474343849895754496e-02 -1.126810000000000089e+00
2.476344127866567449e-02 -1.205583999999999989e+00
2.478344405837380401e-02 -1.186053000000000024e+00
2.480344683808193354e-02 -1.075873999999999997e+00
2.482344961779006653e-02 -9.812030000000000474e-01
2.484345239749819606e-02 -9.463580000000000325e-01
2.486345517720632559e-02 -9.900919999999999721e-01
2.488345795691445858e-02 -1.102087999999999957e+00
2.490346073662258811e-02 -1.152895000000000003e+00
2.492346351633071763e-02 -1.141993999999999954e+00
2.494346629603885063e-02 -1.127718999999999916e+00
2.496346907574698015e-02 -1.111172000000000049e+00
2.498347185545510968e-02 -1.084762999999999922e+00
2.500347463516324267e-02 -1.008909999999999973e+00
2.502347741487137220e-02 -9.510300000000000420e-01
2.504348019457950172e-02 -9.544040000000000301e-01
2.506348297428763125e-02 -1.047776999999999958e+00
2.508348575399576424e-02 -1.130573999999999968e+00
2.510348853370389377e-02 -1.162692999999999977e+00
2.512349131341202330e-02 -1.151532999999999918e+00
2.514349409312015629e-02 -1.126681000000000044e+00
2.516349687282828582e-02 -1.116298999999999930e+00
2.518349965253641534e-02 -1.125512999999999986e+00
2.520350243224454834e-02 -1.099363000000000090e+00
2.522350521195267786e-02 -1.093847000000000014e+00
2.524350799166080739e-02 -1.106500999999999957e+00
2.526351077136894038e-02 -1.115455000000000085e+00
2.528351355107706991e-02 -1.116687999999999903e+00
2.530351633078519943e-02 -1.048230999999999913e+00
2.532351911049332896e-02 -9.655650000000000066e-01
2.534352189020146195e-02 -9.435679999999999623e-01
2.536352466990959148e-02 -9.703659999999999508e-01
2.538352744961772101e-02 -1.041612999999999900e+00
2.540353022932585400e-02 -1.123566000000000065e+00
2.542353300903398353e-02 -1.171453000000000078e+00
2.544353578874211305e-02 -1.180927000000000060e+00
2.546353856845024605e-02 -1.164705000000000101e+00
2.548354134815837557e-02 -1.127783999999999898e+00
2.550354412786650510e-02 -1.083660000000000068e+00
2.552354690757463809e-02 -1.030971000000000082e+00
2.554354968728276762e-02 -9.974889999999999590e-01
2.556355246699089714e-02 -1.008261000000000074e+00
2.558355524669902667e-02 -1.049204999999999943e+00
2.560355802640715966e-02 -1.122786999999999979e+00
2.562356080611528919e-02 -1.148482999999999921e+00
2.564356358582341872e-02 -1.142058999999999935e+00
2.566356636553155171e-02 -1.127070000000000016e+00
2.568356914523968124e-02 -1.127977999999999925e+00
2.570357192494781076e-02 -1.137191999999999981e+00
2.572357470465594376e-02 -1.108965999999999896e+00
2.574357748436407328e-02 -1.076003000000000043e+00
2.576358026407220281e-02 -1.046024999999999983e+00
2.578358304378033580e-02 -1.048815000000000053e+00
2.580358582348846533e-02 -1.073472999999999900e+00
2.582358860319659485e-02 -1.083855000000000013e+00
2.584359138290472438e-02 -1.063739999999999908e+00
2.586359416261285737e-02 -1.080481000000000025e+00
2.588359694232098690e-02 -1.112276000000000042e+00
2.590359972202911643e-02 -1.146471000000000018e+00
2.592360250173724942e-02 -1.158670000000000089e+00
2.594360528144537895e-02 -1.139073999999999920e+00
2.596360806115350847e-02 -1.108576999999999924e+00
2.598361084086164147e-02 -1.107863000000000042e+00
2.600361362056977099e-02 -1.131807000000000007e+00
2.602361640027790052e-02 -1.126355999999999913e+00
2.604361917998603351e-02 -1.085023000000000071e+00
2.606362195969416304e-02 -1.042132000000000058e+00
2.608362473940229256e-02 -1.008520000000000083e+00
2.610362751911042209e-02 -1.017864000000000102e+00
2.612363029881855508e-02 -1.053293000000000035e+00
2.614363307852668461e-02 -1.073666999999999927e+00
2.616363585823481414e-02 -1.113118999999999970e+00
2.618363863794294713e-02 -1.140436999999999923e+00
2.620364141765107666e-02 -1.202987999999999946e+00
2.622364419735920618e-02 -1.216744999999999965e+00
2.624364697706733918e-02 -1.185338999999999920e+00
2.626364975677546870e-02 -1.098260000000000014e+00
2.628365253648359823e-02 -1.014489999999999892e+00
2.630365531619173122e-02 -9.758820000000000272e-01
2.632365809589986075e-02 -1.022796000000000038e+00
2.634366087560799027e-02 -1.052059999999999995e+00
2.636366365531611980e-02 -1.114740999999999982e+00
2.638366643502425279e-02 -1.121879000000000071e+00
2.640366921473238232e-02 -1.146665999999999963e+00
2.642367199444051185e-02 -1.139917999999999987e+00
2.644367477414864484e-02 -1.119412999999999991e+00
2.646367755385677437e-02 -1.107148999999999939e+00
2.648368033356490389e-02 -1.070942000000000061e+00
2.650368311327303689e-02 -1.046869000000000050e+00
2.652368589298116641e-02 -1.060689999999999911e+00
2.654368867268929594e-02 -1.094951000000000008e+00
2.656369145239742893e-02 -1.132325999999999944e+00
2.658369423210555846e-02 -1.088980999999999977e+00
2.660369701181368798e-02 -1.040899000000000019e+00
2.662369979152181751e-02 -1.014555000000000096e+00
2.664370257122995050e-02 -1.051345999999999892e+00
2.666370535093808003e-02 -1.109874999999999945e+00
2.668370813064620956e-02 -1.139982999999999969e+00
2.670371091035434255e-02 -1.156204000000000010e+00
2.672371369006247208e-02 -1.157567000000000013e+00
2.674371646977060160e-02 -1.133623999999999965e+00
2.676371924947873460e-02 -1.084632999999999958e+00
2.678372202918686412e-02 -1.039277000000000006e+00
2.680372480889499365e-02 -9.802290000000000170e-01
2.682372758860312664e-02 -9.786719999999999864e-01
2.684373036831125617e-02 -1.039212000000000025e+00
2.686373314801938569e-02 -1.088527000000000022e+00
2.688373592772751522e-02 -1.133882999999999974e+00
2.690373870743564821e-02 -1.146017000000000063e+00
2.692374148714377774e-02 -1.117077000000000098e+00
2.694374426685190727e-02 -1.074316000000000049e+00
2.696374704656004026e-02 -1.042456000000000049e+00
2.698374982626816979e-02 -1.030257999999999896e+00
2.700375260597629931e-02 -1.038953000000000015e+00
2.702375538568443231e-02 -1.072305000000000064e+00
2.704375816539256183e-02 -1.120516000000000068e+00
2.706376094510069136e-02 -1.136997999999999953e+00
2.708376372480882435e-02 -1.135310999999999959e+00
2.710376650451695388e-02 -1.094236999999999904e+00
2.712376928422508340e-02 -1.067827999999999999e+00
2.714377206393321293e-02 -1.048491000000000062e+00
2.716377484364134592e-02 -1.050826999999999956e+00
2.718377762334947545e-02 -1.050113000000000074e+00
2.720378040305760498e-02 -1.074705999999999939e+00
2.722378318276573797e-02 -1.087358999999999964e+00
2.724378596247386750e-02 -1.071201999999999988e+00
2.726378874218199702e-02 -1.083660000000000068e+00
2.728379152189013002e-02 -1.060820000000000096e+00
2.730379430159825954e-02 -1.036875999999999909e+00
2.732379708130638907e-02 -1.034151000000000042e+00
2.734379986101452206e-02 -1.049204999999999943e+00
2.736380264072265159e-02 -1.091641000000000084e+00
2.738380542043078111e-02 -1.116818000000000088e+00
2.740380820013891064e-02 -1.107669000000000015e+00
2.742381097984704363e-02 -1.101115000000000066e+00
2.744381375955517316e-02 -1.099752000000000063e+00
2.746381653926330269e-02 -1.119283000000000028e+00
2.748381931897143568e-02 -1.108900999999999915e+00
2.750382209867956521e-02 -1.091510999999999898e+00
2.752382487838769473e-02 -1.066659999999999942e+00
2.754382765809582773e-02 -1.048491000000000062e+00
2.756383043780395725e-02 -1.048037000000000107e+00
2.758383321751208678e-02 -1.058613000000000026e+00
2.760383599722021977e-02 -1.075614000000000070e+00
2.762383877692834930e-02 -1.073796999999999890e+00
2.764384155663647882e-02 -1.064972000000000030e+00
2.766384433634460835e-02 -1.073147999999999991e+00
2.768384711605274134e-02 -1.089045999999999959e+00
2.770384989576087087e-02 -1.082297000000000065e+00
2.772385267546900040e-02 -1.055822999999999956e+00
2.774385545517713339e-02 -1.037978999999999985e+00
2.776385823488526292e-02 -1.033956000000000097e+00
2.778386101459339244e-02 -1.050178000000000056e+00
2.780386379430152544e-02 -1.053617000000000026e+00
2.782386657400965496e-02 -1.086060999999999943e+00
2.784386935371778449e-02 -1.114287000000000027e+00
2.786387213342591748e-02 -1.101763999999999966e+00
2.788387491313404701e-02 -1.100335999999999981e+00
2.790387769284217653e-02 -1.093782999999999950e+00
2.792388047255030606e-02 -1.075290000000000079e+00
2.794388325225843905e-02 -1.086190999999999907e+00
2.796388603196656858e-02 -1.091965999999999992e+00
2.798388881167469810e-02 -1.089823999999999904e+00
2.800389159138283110e-02 -1.077236000000000082e+00
2.802389437109096063e-02 -1.067633000000000054e+00
2.804389715079909015e-02 -1.036551999999999918e+00
2.806389993050722315e-02 -1.015916999999999959e+00
2.808390271021535267e-02 -1.000409000000000104e+00
2.810390548992348220e-02 -1.024027999999999938e+00
2.812390826963161519e-02 -1.033047999999999966e+00
2.814391104933974472e-02 -1.067633000000000054e+00
2.816391382904787424e-02 -1.104878000000000027e+00
2.818391660875600377e-02 -1.124992999999999910e+00
2.820391938846413676e-02 -1.117855999999999961e+00
2.822392216817226629e-02 -1.085930999999999980e+00
2.824392494788039581e-02 -1.068540999999999963e+00
2.826392772758852881e-02 -1.047646999999999995e+00
2.828393050729665834e-02 -1.063414999999999999e+00
2.830393328700478786e-02 -1.073992000000000058e+00
2.832393606671292086e-02 -1.099037999999999959e+00
2.834393884642105038e-02 -1.085736000000000034e+00
2.836394162612917991e-02 -1.077301000000000064e+00
2.838394440583731290e-02 -1.052448999999999968e+00
2.840394718554544243e-02 -1.036162000000000027e+00
2.842394996525357195e-02 -1.042845999999999940e+00
2.844395274496170148e-02 -1.023444000000000020e+00
2.846395552466983447e-02 -1.029868000000000006e+00
2.848395830437796400e-02 -1.052059999999999995e+00
2.850396108408609352e-02 -1.056732000000000005e+00
2.852396386379422652e-02 -1.077820000000000000e+00
2.854396664350235605e-02 -1.049658999999999898e+00
2.856396942321048557e-02 -1.005211000000000077e+00
2.858397220291861857e-02 -9.660840000000000538e-01
2.860397498262674809e-02 -9.533660000000000467e-01
2.862397776233487762e-02 -9.902870000000000283e-01
2.864398054204301061e-02 -1.052774000000000099e+00
2.866398332175114014e-02 -1.086969000000000074e+00
2.868398610145926966e-02 -1.136608000000000063e+00
2.870398888116739919e-02 -1.137386999999999926e+00
2.872399166087553218e-02 -1.124992999999999910e+00
2.874399444058366171e-02 -1.097610999999999892e+00
2.876399722029179123e-02 -1.052902999999999922e+00
