# time(s), 	 	 acceleration(g)
0.000000000000000000e+00 6.172395999999999994e+00
2.000277970813059281e-05 6.399243000000000237e+00
4.000555941626118562e-05 6.653796999999999962e+00
6.000833912439177504e-05 6.882006999999999763e+00
8.001111883252237124e-05 7.155832000000000193e+00
1.000138985406529674e-04 7.438547999999999938e+00
1.200166782487835501e-04 7.722300999999999860e+00
1.400194579569141598e-04 8.074056999999999817e+00
1.600222376650447425e-04 8.410304000000000002e+00
1.800250173731753251e-04 8.786782000000000536e+00
2.000277970813059349e-04 9.169619000000000852e+00
2.200305767894365175e-04 9.597357999999999834e+00
2.400333564975671002e-04 1.003632299999999944e+01
2.600361362056977099e-04 1.054945400000000078e+01
2.800389159138283197e-04 1.109652099999999919e+01
3.000416956219588752e-04 1.168336500000000022e+01
3.200444753300894850e-04 1.234567200000000042e+01
3.400472550382200947e-04 1.310174300000000081e+01
3.600500347463506503e-04 1.393477000000000032e+01
3.800528144544812600e-04 1.490717500000000051e+01
4.000555941626118698e-04 1.594654500000000041e+01
4.200583738707424253e-04 1.714787400000000162e+01
4.400611535788730351e-04 1.852076599999999829e+01
4.600639332870036448e-04 2.009208399999999983e+01
4.800667129951342003e-04 2.191432199999999852e+01
5.000694927032648101e-04 2.413308899999999824e+01
5.200722724113954198e-04 2.689431599999999989e+01
5.400750521195260296e-04 3.025886799999999965e+01
5.600778318276566393e-04 3.497645599999999888e+01
5.800806115357871407e-04 4.203291699999999764e+01
6.000833912439177504e-04 5.333510400000000118e+01
6.200861709520483602e-04 7.257577000000000567e+01
6.400889506601789699e-04 1.027082740000000030e+02
6.600917303683095797e-04 1.479594590000000096e+02
6.800945100764401894e-04 2.079610220000000140e+02
7.000972897845707992e-04 2.822049600000000282e+02
7.201000694927013005e-04 3.639821529999999825e+02
7.401028492008319103e-04 4.404775609999999801e+02
7.601056289089625200e-04 4.976060959999999795e+02
7.801084086170931298e-04 5.214153679999999440e+02
8.001111883252237395e-04 5.094486029999999914e+02
8.201139680333543493e-04 4.703550559999999905e+02
8.401167477414848506e-04 4.188038050000000112e+02
8.601195274496154604e-04 3.667511020000000030e+02
8.801223071577460701e-04 3.165220649999999978e+02
9.001250868658766799e-04 2.728885930000000144e+02
9.201278665740072896e-04 2.294329779999999914e+02
9.401306462821378994e-04 1.789307640000000106e+02
9.601334259902684007e-04 1.254952420000000046e+02
9.801362056983990104e-04 7.481523599999999874e+01
1.000138985406529620e-03 3.377817600000000198e+01
1.020141765114660230e-03 4.132069999999999688e+00
1.040144544822790840e-03 -9.506135000000000446e+00
1.060147324530921449e-03 -1.003730499999999992e+01
1.080150104239052059e-03 -1.552278000000000047e+00
1.100152883947182669e-03 2.249214600000000175e+01
1.120155663655313279e-03 4.418770500000000112e+01
1.140158443363443888e-03 6.388031300000000101e+01
1.160161223071574281e-03 7.693764400000000592e+01
1.180164002779704891e-03 6.650430199999999559e+01
1.200166782487835501e-03 4.824798100000000289e+01
1.220169562195966111e-03 1.706501199999999940e+01
1.240172341904096720e-03 -9.879433999999999827e+00
1.260175121612227330e-03 -3.751551700000000267e+01
1.280177901320357940e-03 -5.286695000000000277e+01
1.300180681028488550e-03 -5.067673400000000328e+01
1.320183460736619159e-03 -3.885349899999999934e+01
1.340186240444749769e-03 -1.180490799999999929e+01
1.360189020152880379e-03 9.986878000000000810e+00
1.380191799861010989e-03 2.514981300000000175e+01
1.400194579569141598e-03 4.129787100000000066e+01
1.420197359277271991e-03 3.276288000000000267e+01
1.440200138985402601e-03 2.624855399999999861e+01
1.460202918693533211e-03 1.468675200000000025e+01
1.480205698401663821e-03 8.735651000000000721e+00
1.500208478109794430e-03 5.403542999999999985e+00
1.520211257817925040e-03 1.917910999999999921e+00
1.540214037526055650e-03 9.311139000000000721e+00
1.560216817234186260e-03 8.515162999999999371e+00
1.580219596942316869e-03 6.474967000000000361e+00
1.600222376650447479e-03 4.052192999999999934e+00
1.620225156358578089e-03 -2.048798000000000119e+00
1.640227936066708699e-03 -5.364295000000000258e+00
1.660230715774839308e-03 6.234753000000000434e+00
1.680233495482969701e-03 1.389012699999999967e+01
1.700236275191100311e-03 9.481014999999999304e+00
1.720239054899230921e-03 7.973285999999999873e+00
1.740241834607361530e-03 2.282125000000000181e+00
1.760244614315492140e-03 -1.555975899999999967e+01
1.780247394023622750e-03 -1.227819900000000075e+01
1.800250173731753360e-03 -3.639542699999999797e+01
1.820252953439883969e-03 -3.795980200000000337e+01
1.840255733148014579e-03 -2.599764300000000006e+01
1.860258512856145189e-03 -2.185158500000000004e+01
1.880261292564275799e-03 2.327916799999999853e+01
1.900264072272406408e-03 2.231857199999999963e+01
1.920266851980536801e-03 4.011042700000000139e+01
1.940269631688667411e-03 5.881648400000000265e+01
1.960272411396798021e-03 2.612358100000000150e+01
1.980275191104928847e-03 3.730527200000000221e+01
2.000277970813059240e-03 1.296411600000000064e+01
2.020280750521190067e-03 -1.879758599999999902e+01
2.040283530229320460e-03 -1.302654700000000076e+01
2.060286309937450853e-03 -2.983898900000000154e+01
2.080289089645581679e-03 -2.925065299999999979e+01
2.100291869353712072e-03 -2.220489800000000002e+01
2.120294649061842899e-03 -1.527626500000000043e+01
2.140297428769973292e-03 -1.739673999999999943e+00
2.160300208478104118e-03 -1.128911699999999918e+01
2.180302988186234511e-03 4.156532999999999589e+00
2.200305767894365338e-03 1.891890999999999989e+00
2.220308547602495731e-03 -5.322053000000000367e+00
2.240311327310626557e-03 2.746970000000000245e-01
2.260314107018756950e-03 -9.356894000000000489e+00
2.280316886726887777e-03 -9.276699999999999946e-01
2.300319666435018170e-03 1.807406999999999986e+00
2.320322446143148563e-03 8.756869000000000014e+00
2.340325225851279389e-03 2.173957000000000139e+00
2.360328005559409782e-03 2.168505999999999823e+00
2.380330785267540609e-03 5.320356999999999559e+00
2.400333564975671002e-03 -6.133926999999999907e+00
2.420336344683801828e-03 1.251827300000000065e+01
2.440339124391932221e-03 1.351033999999999935e+01
2.460341904100063048e-03 2.067476000000000091e+00
2.480344683808193441e-03 1.433726700000000065e+01
2.500347463516324267e-03 -1.854071000000000025e+00
2.520350243224454660e-03 -8.722747000000000028e+00
2.540353022932585487e-03 -1.580451500000000031e+01
2.560355802640715880e-03 -2.123547800000000052e+01
2.580358582348846273e-03 -2.986721500000000162e+01
2.600361362056977099e-03 -2.729403299999999888e+01
2.620364141765107492e-03 -1.198912400000000034e+01
2.640366921473238319e-03 -2.120693999999999857e+00
2.660369701181368712e-03 3.029824000000000073e+00
2.680372480889499538e-03 7.392996000000000123e+00
2.700375260597629931e-03 4.842190000000000105e-01
2.720378040305760758e-03 2.434220999999999968e+00
2.740380820013891151e-03 5.665948000000000206e+00
2.760383599722021977e-03 1.010614200000000018e+01
2.780386379430152370e-03 8.365726000000000440e+00
2.800389159138283197e-03 1.920636000000000010e+00
2.820391938846413590e-03 6.235337000000000351e+00
2.840394718554543983e-03 4.020334000000000074e+00
2.860397498262674809e-03 -2.856778999999999957e+00
2.880400277970805202e-03 -2.832316000000000056e+00
2.900403057678936029e-03 -9.002802000000000859e+00
2.920405837387066422e-03 -1.514052000000000042e+01
2.940408617095197248e-03 -6.837633000000000294e+00
2.960411396803327641e-03 -9.706909999999999705e-01
2.980414176511458468e-03 -1.770624999999999893e+00
3.000416956219588861e-03 -4.740465999999999624e+00
3.020419735927719687e-03 -8.546772000000000702e+00
3.040422515635850080e-03 -1.680397900000000178e+01
3.060425295343980907e-03 -2.006665699999999930e+01
3.080428075052111300e-03 -9.316534000000000759e+00
3.100430854760241692e-03 -1.207665800000000011e+01
3.120433634468372519e-03 -1.178784300000000052e+01
3.140436414176502912e-03 3.002701000000000064e+00
3.160439193884633739e-03 1.051305200000000006e+01
3.180441973592764131e-03 1.575811099999999954e+01
3.200444753300894958e-03 1.956441799999999986e+01
3.220447533009025351e-03 1.350151499999999949e+01
3.240450312717156178e-03 2.598517000000000188e+00
3.260453092425286570e-03 2.262268999999999863e+00
3.280455872133417397e-03 -1.712355999999999989e+00
3.300458651841547790e-03 -7.904580000000000162e+00
3.320461431549678617e-03 -4.696017999999999581e+00
3.340464211257809009e-03 -5.521842000000000361e+00
3.360466990965939402e-03 -1.395379100000000072e+01
3.380469770674070229e-03 -5.201751999999999931e+00
3.400472550382200622e-03 -1.190074700000000085e+01
3.420475330090331448e-03 -1.593098099999999917e+01
3.440478109798461841e-03 -1.545515999999999934e+01
3.460480889506592668e-03 -1.470577399999999990e+01
3.480483669214723061e-03 -7.523559999999999803e+00
3.500486448922853887e-03 3.299757000000000051e+00
3.520489228630984280e-03 1.032429400000000008e+01
3.540492008339115107e-03 8.478825999999999752e+00
3.560494788047245500e-03 8.396288000000000196e+00
3.580497567755376326e-03 3.743847999999999843e+00
3.600500347463506719e-03 -4.087696000000000218e+00
3.620503127171637112e-03 -2.723304999999999865e+00
3.640505906879767939e-03 -5.273323000000000427e+00
3.660508686587898332e-03 -1.140442200000000028e+01
3.680511466296029158e-03 -2.387382000000000115e+00
3.700514246004159551e-03 5.716755000000000031e+00
3.720517025712290378e-03 9.328853000000000506e+00
3.740519805420420771e-03 1.045562600000000053e+01
3.760522585128551597e-03 3.742874000000000034e+00
3.780525364836681990e-03 -5.219789999999999708e+00
3.800528144544812817e-03 -9.868207999999999203e+00
3.820530924252943210e-03 -8.433023999999999631e+00
3.840533703961073603e-03 -1.489044400000000046e+01
3.860536483669204429e-03 -1.271988900000000022e+01
3.880539263377334822e-03 -1.292370000000000019e+01
3.900542043085465649e-03 -1.378638100000000044e+01
3.920544822793596042e-03 -3.270242000000000093e+00
3.940547602501726435e-03 2.961498000000000186e+00
3.960550382209857695e-03 2.544271000000000171e+00
3.980553161917988088e-03 9.553558999999999912e+00
4.000555941626118481e-03 1.042045700000000075e+01
4.020558721334248874e-03 7.607319999999999638e+00
4.040561501042380134e-03 1.255272899999999936e+01
4.060564280750510527e-03 6.877010000000000289e+00
4.080567060458640920e-03 -4.461967999999999712e+00
4.100569840166771313e-03 -4.151545999999999736e+00
4.120572619874901706e-03 -6.007137000000000171e+00
4.140575399583032966e-03 -8.403890000000000526e+00
4.160578179291163359e-03 -2.085913999999999824e+00
4.180580958999293752e-03 -3.310277999999999832e+00
4.200583738707424145e-03 -7.077651999999999610e+00
4.220586518415555405e-03 -4.952647999999999939e+00
4.240589298123685798e-03 -3.195686999999999944e+00
4.260592077831816191e-03 -4.227269999999999861e+00
4.280594857539946584e-03 -1.971776999999999891e+00
4.300597637248077844e-03 1.195905999999999914e+00
4.320600416956208237e-03 -4.407268000000000185e+00
4.340603196664338630e-03 -3.728737999999999886e+00
4.360605976372469023e-03 3.247327999999999992e+00
4.380608756080599415e-03 -6.051790000000000225e-01
4.400611535788730676e-03 -2.883979999999999877e-01
4.420614315496861069e-03 1.946201999999999988e+00
4.440617095204991462e-03 -2.713320000000000176e-01
4.460619874913121854e-03 3.699984000000000162e+00
4.480622654621253115e-03 7.338036999999999921e+00
4.500625434329383508e-03 1.069439999999999946e+00
4.520628214037513901e-03 -2.183894000000000002e+00
4.540630993745644294e-03 -4.930132000000000403e+00
4.560633773453775554e-03 -5.362542999999999616e+00
4.580636553161905947e-03 1.813960999999999935e+00
4.600639332870036340e-03 3.781741999999999937e+00
4.620642112578166733e-03 -4.764419999999999766e-01
4.640644892286297125e-03 4.949899999999999856e-01
4.660647671994428386e-03 -2.159367000000000036e+00
4.680650451702558779e-03 -8.897035999999999945e+00
4.700653231410689172e-03 -1.000155200000000022e+01
4.720656011118819564e-03 -1.387787299999999924e+01
4.740658790826950825e-03 -1.304997200000000035e+01
4.760661570535081218e-03 -2.268572999999999951e+00
4.780664350243211611e-03 6.325725000000000264e+00
4.800667129951342003e-03 1.274758600000000008e+01
4.820669909659473264e-03 1.451213899999999946e+01
4.840672689367603657e-03 1.093423699999999954e+01
4.860675469075734050e-03 -1.273001999999999967e+00
4.880678248783864442e-03 -7.469313999999999787e+00
4.900681028491994835e-03 -6.236904000000000003e+00
4.920683808200126096e-03 -7.556847000000000314e+00
4.940686587908256489e-03 -3.556071999999999900e+00
4.960689367616386881e-03 -1.298769999999999925e-01
4.980692147324517274e-03 -2.226201000000000096e+00
5.000694927032648535e-03 -6.111490000000000533e-01
5.020697706740778928e-03 1.375320000000000098e+00
5.040700486448909320e-03 -2.359739999999999949e+00
5.060703266157039713e-03 -3.577809999999999935e+00
5.080706045865170974e-03 -1.268135999999999930e+00
5.100708825573301367e-03 -3.579107000000000038e+00
5.120711605281431759e-03 -1.030777000000000054e+00
5.140714384989562152e-03 1.594446000000000030e+00
5.160717164697692545e-03 -4.722362000000000393e+00
5.180719944405823806e-03 -4.416546999999999557e+00
5.200722724113954198e-03 -3.575343999999999856e+00
5.220725503822084591e-03 -5.139134999999999565e+00
5.240728283530214984e-03 -9.474609999999999976e-01
5.260731063238346245e-03 2.340459000000000067e+00
5.280733842946476637e-03 3.728728999999999960e+00
5.300736622654607030e-03 3.392157000000000089e+00
5.320739402362737423e-03 5.513981000000000243e+00
5.340742182070868684e-03 2.298087000000000213e+00
5.360744961778999076e-03 -7.349539999999999962e-01
5.380747741487129469e-03 -1.870429999999999870e-01
5.400750521195259862e-03 -8.358988000000000085e+00
5.420753300903390255e-03 -9.827783000000000158e+00
5.440756080611521515e-03 -6.005904000000000131e+00
5.460758860319651908e-03 -5.740254000000000190e+00
5.480761640027782301e-03 -7.675929999999999698e-01
5.500764419735912694e-03 1.159893999999999981e+00
5.520767199444043954e-03 -2.600017999999999940e+00
5.540769979152174347e-03 -1.809298000000000073e+00
5.560772758860304740e-03 7.737469999999999626e-01
5.580775538568435133e-03 3.688489999999999824e-01
5.600778318276566393e-03 3.609330000000000038e-01
5.620781097984696786e-03 1.699029999999999985e-01
5.640783877692827179e-03 -3.564961999999999964e+00
5.660786657400957572e-03 -3.260574000000000083e+00
5.680789437109087965e-03 -6.915000000000000140e-03
5.700792216817219225e-03 -2.115710000000000091e-01
5.720794996525349618e-03 -1.359769999999999868e-01
5.740797776233480011e-03 -3.963709999999999734e-01
5.760800555941610404e-03 -2.259942999999999813e+00
5.780803335649741664e-03 -2.204009000000000107e+00
5.800806115357872057e-03 1.456560000000000077e+00
5.820808895066002450e-03 -8.342999999999999722e-03
5.840811674774132843e-03 -2.530654000000000181e+00
5.860814454482264103e-03 -1.147963999999999984e+00
5.880817234190394496e-03 -2.938537000000000177e+00
5.900820013898524889e-03 -2.629153000000000073e+00
5.920822793606655282e-03 -4.827359999999999984e-01
5.940825573314785675e-03 -5.491020999999999930e+00
5.960828353022916935e-03 -8.148426999999999865e+00
5.980831132731047328e-03 -6.596055999999999919e+00
6.000833912439177721e-03 -3.551919999999999966e+00
6.020836692147308114e-03 1.082548000000000066e+00
6.040839471855439374e-03 4.774132999999999960e+00
6.060842251563569767e-03 4.664926999999999602e+00
6.080845031271700160e-03 2.550953999999999944e+00
6.100847810979830553e-03 2.017513000000000112e+00
6.120850590687961813e-03 -9.866530000000000022e-01
6.140853370396092206e-03 -2.672108999999999845e+00
6.160856150104222599e-03 -2.614034000000000191e+00
6.180858929812352992e-03 -3.965189000000000075e+00
6.200861709520483385e-03 -4.810673999999999673e+00
6.220864489228614645e-03 -2.624741000000000213e+00
6.240867268936745038e-03 -1.025520999999999905e+00
6.260870048644875431e-03 -7.816199999999999537e-02
6.280872828353005824e-03 -8.045790000000000441e-01
6.300875608061137084e-03 -1.823444000000000065e+00
6.320878387769267477e-03 -2.400100000000000122e+00
6.340881167477397870e-03 -2.422290999999999972e+00
6.360883947185528263e-03 -3.076163999999999898e+00
6.380886726893659523e-03 -2.622533999999999921e+00
6.400889506601789916e-03 -8.777719999999999967e-01
6.420892286309920309e-03 -4.449999999999999963e-03
6.440895066018050702e-03 2.341237000000000013e+00
6.460897845726181095e-03 3.441342000000000123e+00
6.480900625434312355e-03 -1.464880000000000071e-01
6.500903405142442748e-03 -2.253128999999999937e+00
6.520906184850573141e-03 -2.601834999999999898e+00
6.540908964558703534e-03 -2.896230000000000082e+00
6.560911744266834794e-03 -1.153283999999999976e+00
6.580914523974965187e-03 1.812338000000000005e+00
6.600917303683095580e-03 1.302321999999999980e+00
6.620920083391225973e-03 -2.263000000000000012e-01
6.640922863099357233e-03 -1.276440999999999937e+00
6.660925642807487626e-03 -4.866607000000000127e+00
6.680928422515618019e-03 -6.006617000000000317e+00
6.700931202223748412e-03 -4.373851000000000155e+00
6.720933981931878805e-03 -3.806732999999999922e+00
6.740936761640010065e-03 -1.588160999999999934e+00
6.760939541348140458e-03 3.441082000000000196e+00
6.780942321056270851e-03 3.688693000000000222e+00
6.800945100764401244e-03 1.417108000000000034e+00
6.820947880472532504e-03 -3.492620000000000169e-01
6.840950660180662897e-03 -4.321680999999999884e+00
6.860953439888793290e-03 -5.501661999999999608e+00
6.880956219596923683e-03 -2.031927000000000039e+00
6.900958999305054943e-03 -3.669769999999999976e-01
6.920961779013185336e-03 -2.755000000000000157e-02
6.940964558721315729e-03 3.906510000000000260e-01
6.960967338429446122e-03 5.225680000000000325e-01
6.980970118137576515e-03 2.304440000000000099e-01
7.000972897845707775e-03 -1.074770000000000003e+00
7.020975677553838168e-03 -3.041707999999999856e+00
7.040978457261968561e-03 -4.349452999999999570e+00
7.060981236970098954e-03 -2.983439000000000174e+00
7.080984016678230214e-03 -3.425139999999999851e-01
7.100986796386360607e-03 2.275052000000000074e+00
7.120989576094491000e-03 2.883761999999999937e+00
7.140992355802621393e-03 -3.473800000000000221e-01
7.160995135510752653e-03 -3.360111999999999988e+00
7.180997915218883046e-03 -5.088523000000000351e+00
7.201000694927013439e-03 -6.227170000000000094e+00
7.221003474635143832e-03 -4.980550000000000033e+00
7.241006254343274225e-03 -2.828812000000000104e+00
7.261009034051405485e-03 -9.444110000000000005e-01
7.281011813759535878e-03 1.808705000000000007e+00
7.301014593467666271e-03 3.500065000000000204e+00
7.321017373175796664e-03 1.854970000000000008e+00
7.341020152883927924e-03 9.566660000000000164e-01
7.361022932592058317e-03 1.778200000000000058e-01
7.381025712300188710e-03 -2.478679000000000077e+00
7.401028492008319103e-03 -2.215364999999999807e+00
7.421031271716450363e-03 -7.112699999999999578e-01
7.441034051424580756e-03 -2.483220999999999901e+00
7.461036831132711149e-03 -4.186326000000000214e+00
7.481039610840841542e-03 -3.732437000000000005e+00
7.501042390548971935e-03 -3.649900000000000144e+00
7.521045170257103195e-03 -2.100188999999999862e+00
7.541047949965233588e-03 7.186580000000000190e-01
7.561050729673363981e-03 6.537699999999999623e-01
7.581053509381494374e-03 -5.720859999999999834e-01
7.601056289089625634e-03 -8.259910000000000307e-01
7.621059068797756027e-03 -1.817992999999999970e+00
7.641061848505886420e-03 -2.257735999999999965e+00
7.661064628214016813e-03 -9.958019999999999650e-01
7.681067407922147205e-03 -1.498486999999999902e+00
7.701070187630278466e-03 -1.673098999999999892e+00
7.721072967338408859e-03 -9.749800000000000133e-02
7.741075747046539252e-03 4.491800000000000237e-01
7.761078526754669644e-03 -6.522869999999999502e-01
7.781081306462800905e-03 -7.478019999999999667e-01
7.801084086170931298e-03 -1.556691000000000047e+00
7.821086865879062558e-03 -2.740629999999999900e+00
7.841089645587192083e-03 -1.597439999999999971e+00
7.861092425295323344e-03 -9.964999999999999900e-03
7.881095205003452869e-03 -3.991609999999999880e-01
7.901097984711584130e-03 -1.817085000000000061e+00
7.921100764419715390e-03 -3.063315999999999928e+00
7.941103544127844915e-03 -3.697980999999999963e+00
7.961106323835976176e-03 -2.785791999999999824e+00
7.981109103544105701e-03 -6.498859999999999637e-01
8.001111883252236961e-03 7.490800000000000236e-02
8.021114662960368222e-03 9.865699999999999470e-02
8.041117442668497747e-03 -1.049599999999999977e-01
8.061120222376629008e-03 -6.812270000000000270e-01
8.081123002084760268e-03 -9.472660000000000524e-01
8.101125781792889793e-03 -1.973203999999999958e+00
8.121128561501021054e-03 -3.191987999999999825e+00
8.141131341209150579e-03 -2.811812000000000200e+00
8.161134120917281840e-03 -1.382857000000000003e+00
8.181136900625413100e-03 7.785490000000000466e-01
8.201139680333542625e-03 2.183171000000000195e+00
8.221142460041673886e-03 9.063780000000000170e-01
8.241145239749803411e-03 -6.723379999999999912e-01
8.261148019457934671e-03 -2.396854999999999958e+00
8.281150799166065932e-03 -4.424074000000000062e+00
8.301153578874195457e-03 -4.460930000000000284e+00
8.321156358582326718e-03 -2.585742999999999903e+00
8.341159138290457978e-03 -1.560842999999999980e+00
8.361161917998587503e-03 -1.891200000000000103e-01
8.381164697706718764e-03 1.228026000000000062e+00
8.401167477414848289e-03 1.123815999999999926e+00
8.421170257122979549e-03 2.663260000000000072e-01
8.441173036831110810e-03 -1.177681999999999896e+00
8.461175816539240335e-03 -3.423376999999999892e+00
8.481178596247371596e-03 -4.666103999999999807e+00
8.501181375955501121e-03 -3.197179000000000215e+00
8.521184155663632381e-03 -1.034604999999999997e+00
8.541186935371763642e-03 4.655960000000000099e-01
8.561189715079893167e-03 1.774248999999999965e+00
8.581192494788024427e-03 1.034400999999999904e+00
8.601195274496155688e-03 -3.686639999999999917e-01
8.621198054204285213e-03 -1.187090999999999896e+00
8.641200833912416474e-03 -2.679959999999999898e+00
8.661203613620545999e-03 -3.988354000000000177e+00
8.681206393328677259e-03 -3.401639999999999997e+00
8.701209173036808520e-03 -1.882362000000000091e+00
8.721211952744938045e-03 -3.588009999999999811e-01
8.741214732453069305e-03 1.027133999999999991e+00
8.761217512161198831e-03 1.309395000000000087e+00
8.781220291869330091e-03 2.142219999999999958e-01
8.801223071577461352e-03 -1.590691999999999995e+00
8.821225851285590877e-03 -3.334935000000000205e+00
8.841228630993722137e-03 -3.605646000000000129e+00
8.861231410701853398e-03 -2.553040000000000198e+00
8.881234190409982923e-03 -1.658824000000000076e+00
8.901236970118114183e-03 -3.976680000000000215e-01
8.921239749826243709e-03 5.125750000000000028e-01
8.941242529534374969e-03 5.813559999999999839e-01
8.961245309242506230e-03 4.798720000000000208e-01
8.981248088950635755e-03 -3.805379999999999874e-01
9.001250868658767015e-03 -2.003830999999999918e+00
9.021253648366896541e-03 -2.912971000000000199e+00
9.041256428075027801e-03 -2.424173000000000133e+00
9.061259207783159061e-03 -1.554874000000000089e+00
9.081261987491288587e-03 -8.288459999999999717e-01
9.101264767199419847e-03 -8.977570000000000272e-01
9.121267546907551108e-03 -1.732666000000000039e+00
9.141270326615680633e-03 -1.870875999999999983e+00
9.161273106323811893e-03 -1.705802000000000040e+00
9.181275886031941419e-03 -1.504326000000000052e+00
9.201278665740072679e-03 -7.505270000000000552e-01
9.221281445448203939e-03 2.593190000000000217e-01
9.241284225156333465e-03 -2.969099999999999864e-02
9.261287004864464725e-03 -8.940590000000000481e-01
9.281289784572594251e-03 -9.534310000000000285e-01
9.301292564280725511e-03 -1.530864999999999920e+00
9.321295343988856771e-03 -2.390626000000000140e+00
9.341298123696986297e-03 -2.235609999999999875e+00
9.361300903405117557e-03 -1.793854999999999977e+00
9.381303683113248817e-03 -1.139138999999999902e+00
9.401306462821378343e-03 -2.956999999999999993e-03
9.421309242529509603e-03 -3.916399999999999743e-02
9.441312022237639129e-03 -1.443202000000000096e+00
9.461314801945770389e-03 -2.491591000000000111e+00
9.481317581653901649e-03 -2.549275999999999875e+00
9.501320361362031175e-03 -2.058336999999999861e+00
9.521323141070162435e-03 -1.236534999999999940e+00
9.541325920778291961e-03 -7.472830000000000306e-01
9.561328700486423221e-03 -5.994040000000000479e-01
9.581331480194554481e-03 -1.490839999999999943e-01
9.601334259902684007e-03 -6.200499999999999762e-02
9.621337039610815267e-03 -6.414509999999999934e-01
9.641339819318946527e-03 -1.218107000000000051e+00
9.661342599027076053e-03 -1.415689999999999893e+00
9.681345378735207313e-03 -1.609898999999999969e+00
9.701348158443336839e-03 -1.868670000000000053e+00
9.721350938151468099e-03 -1.831034999999999968e+00
9.741353717859599359e-03 -1.942836999999999925e+00
9.761356497567728885e-03 -1.943551000000000029e+00
9.781359277275860145e-03 -1.472012000000000098e+00
9.801362056983989671e-03 -6.753219999999999779e-01
9.821364836692120931e-03 1.874879999999999880e-01
9.841367616400252191e-03 3.044799999999999729e-01
9.861370396108381717e-03 -6.466420000000000501e-01
9.881373175816512977e-03 -2.143339000000000105e+00
9.901375955524644237e-03 -3.545885000000000176e+00
9.921378735232773763e-03 -3.548935000000000173e+00
9.941381514940905023e-03 -2.095581999999999834e+00
9.961384294649034549e-03 -6.966059999999999475e-01
9.981387074357165809e-03 4.530080000000000218e-01
1.000138985406529707e-02 1.480243999999999893e+00
1.002139263377342659e-02 1.570697000000000010e+00
1.004139541348155786e-02 4.805849999999999844e-01
1.006139819318968738e-02 -1.351385999999999976e+00
1.008140097289781864e-02 -3.397032999999999969e+00
1.010140375260594990e-02 -4.438737999999999850e+00
1.012140653231407943e-02 -3.640816000000000052e+00
1.014140931202221069e-02 -1.985986999999999947e+00
1.016141209173034195e-02 3.182299999999999712e-02
1.018141487143847147e-02 1.428009000000000084e+00
1.020141765114660273e-02 1.154703000000000035e+00
1.022142043085473226e-02 -2.462209999999999954e-01
1.024142321056286352e-02 -1.696458999999999939e+00
1.026142599027099478e-02 -2.874881999999999938e+00
1.028142876997912430e-02 -3.176285000000000025e+00
1.030143154968725556e-02 -2.499312999999999896e+00
1.032143432939538509e-02 -1.587836999999999943e+00
1.034143710910351635e-02 -5.742279999999999607e-01
1.036143988881164761e-02 4.400310000000000055e-01
1.038144266851977714e-02 6.320980000000000487e-01
1.040144544822790840e-02 -2.932640000000000247e-01
1.042144822793603966e-02 -1.768094000000000054e+00
1.044145100764416918e-02 -2.590739000000000125e+00
1.046145378735230044e-02 -2.120693999999999857e+00
1.048145656706042997e-02 -1.020329999999999959e+00
1.050145934676856123e-02 -3.789810000000000123e-01
1.052146212647669249e-02 -4.726139999999999786e-01
1.054146490618482201e-02 -9.201430000000000442e-01
1.056146768589295327e-02 -1.293830999999999953e+00
1.058147046560108280e-02 -1.414587000000000039e+00
1.060147324530921406e-02 -1.517887999999999904e+00
1.062147602501734532e-02 -1.632999000000000089e+00
1.064147880472547485e-02 -1.642601999999999896e+00
1.066148158443360611e-02 -1.345936000000000021e+00
1.068148436414173737e-02 -1.003263999999999934e+00
1.070148714384986689e-02 -8.620039999999999925e-01
1.072148992355799815e-02 -9.435679999999999623e-01
1.074149270326612768e-02 -1.300774000000000097e+00
1.076149548297425894e-02 -1.688412999999999942e+00
1.078149826268239020e-02 -1.523986999999999981e+00
1.080150104239051972e-02 -9.317579999999999751e-01
1.082150382209865098e-02 -4.369899999999999896e-01
1.084150660180678051e-02 -2.445340000000000014e-01
1.086150938151491177e-02 -6.234769999999999479e-01
1.088151216122304303e-02 -1.197149000000000019e+00
1.090151494093117256e-02 -1.535471999999999948e+00
1.092151772063930382e-02 -1.511852999999999891e+00
1.094152050034743508e-02 -1.666870000000000074e+00
1.096152328005556460e-02 -1.936608000000000107e+00
1.098152605976369586e-02 -1.784121999999999986e+00
1.100152883947182539e-02 -1.062961000000000045e+00
1.102153161917995665e-02 -5.155799999999999966e-02
1.104153439888808791e-02 3.321870000000000100e-01
1.106153717859621743e-02 -3.264219999999999899e-01
1.108153995830434869e-02 -1.333282999999999996e+00
1.110154273801247822e-02 -2.181948000000000221e+00
1.112154551772060948e-02 -2.688006000000000117e+00
1.114154829742874074e-02 -2.627920000000000034e+00
1.116155107713687027e-02 -1.992799999999999905e+00
1.118155385684500153e-02 -1.239001000000000019e+00
1.120155663655313279e-02 -4.788430000000000186e-01
1.122155941626126231e-02 1.501129999999999964e-01
1.124156219596939357e-02 3.122670000000000168e-01
1.126156497567752310e-02 2.669699999999999851e-02
1.128156775538565436e-02 -6.698070000000000412e-01
1.130157053509378562e-02 -1.635788999999999938e+00
1.132157331480191514e-02 -2.221204999999999874e+00
1.134157609451004640e-02 -2.180845000000000145e+00
1.136157887421817593e-02 -1.839795000000000069e+00
1.138158165392630719e-02 -1.264177000000000106e+00
1.140158443363443845e-02 -1.027012999999999954e+00
1.142158721334256798e-02 -1.101374000000000075e+00
1.144158999305069924e-02 -9.882750000000000146e-01
1.146159277275883050e-02 -7.281410000000000382e-01
1.148159555246696002e-02 -8.135329999999999506e-01
1.150159833217509128e-02 -1.304926999999999948e+00
1.152160111188322081e-02 -1.791193999999999953e+00
1.154160389159135207e-02 -1.926031000000000049e+00
1.156160667129948333e-02 -1.615089999999999915e+00
1.158160945100761285e-02 -1.193515000000000104e+00
1.160161223071574411e-02 -8.104829999999999535e-01
1.162161501042387364e-02 -5.772119999999999473e-01
1.164161779013200490e-02 -5.533989999999999743e-01
1.166162056984013616e-02 -7.422860000000000014e-01
1.168162334954826569e-02 -1.085347000000000062e+00
1.170162612925639695e-02 -1.614050999999999902e+00
1.172162890896452821e-02 -2.147816999999999865e+00
1.174163168867265773e-02 -2.188111999999999835e+00
1.176163446838078899e-02 -1.719753000000000087e+00
1.178163724808891852e-02 -8.366329999999999600e-01
1.180164002779704978e-02 -4.487499999999999822e-02
1.182164280750518104e-02 2.061759999999999982e-01
1.184164558721331056e-02 -3.341430000000000233e-01
1.186164836692144182e-02 -1.445473000000000008e+00
1.188165114662957135e-02 -2.298550999999999789e+00
1.190165392633770261e-02 -2.461158999999999875e+00
1.192165670604583387e-02 -2.244759000000000171e+00
1.194165948575396340e-02 -1.792038000000000020e+00
1.196166226546209466e-02 -1.031425999999999954e+00
1.198166504517022592e-02 -2.120900000000000007e-01
1.200166782487835544e-02 1.841790000000000094e-01
1.202167060458648670e-02 -2.253920000000000090e-01
1.204167338429461623e-02 -1.188064000000000009e+00
1.206167616400274749e-02 -2.094543999999999961e+00
1.208167894371087875e-02 -2.384592000000000045e+00
1.210168172341900827e-02 -1.900984000000000007e+00
1.212168450312713953e-02 -1.084893000000000107e+00
1.214168728283526906e-02 -5.057059999999999889e-01
1.216169006254340032e-02 -5.593029999999999946e-01
1.218169284225153158e-02 -9.064520000000000355e-01
1.220169562195966111e-02 -1.390123999999999915e+00
1.222169840166779237e-02 -1.768548999999999927e+00
1.224170118137592363e-02 -1.663885000000000058e+00
1.226170396108405315e-02 -1.088008000000000086e+00
1.228170674079218441e-02 -4.014969999999999928e-01
1.230170952050031394e-02 -1.505759999999999876e-01
1.232171230020844520e-02 -3.571139999999999870e-01
1.234171507991657646e-02 -1.062376999999999905e+00
1.236171785962470598e-02 -1.961135000000000073e+00
1.238172063933283724e-02 -2.824075000000000113e+00
1.240172341904096677e-02 -3.054167000000000076e+00
1.242172619874909803e-02 -2.229315999999999853e+00
1.244172897845722929e-02 -8.397480000000000500e-01
1.246173175816535882e-02 2.440700000000000092e-01
1.248173453787349008e-02 6.159409999999999608e-01
1.250173731758162134e-02 1.715909999999999935e-01
1.252174009728975086e-02 -7.608439999999999648e-01
1.254174287699788212e-02 -1.678225000000000078e+00
1.256174565670601165e-02 -2.313798999999999939e+00
1.258174843641414291e-02 -2.489384999999999959e+00
1.260175121612227417e-02 -2.088119999999999976e+00
1.262175399583040369e-02 -1.353072999999999970e+00
1.264175677553853495e-02 -5.542420000000000124e-01
1.266175955524666448e-02 -1.929480000000000084e-01
1.268176233495479574e-02 -4.877319999999999989e-01
1.270176511466292700e-02 -1.069774000000000003e+00
1.272176789437105653e-02 -1.488688000000000011e+00
1.274177067407918779e-02 -1.764850000000000030e+00
1.276177345378731905e-02 -1.721959000000000017e+00
1.278177623349544857e-02 -1.457283000000000106e+00
1.280177901320357983e-02 -1.157761999999999958e+00
1.282178179291170936e-02 -1.013061999999999907e+00
1.284178457261984062e-02 -1.061079000000000105e+00
1.286178735232797188e-02 -1.112794999999999979e+00
1.288179013203610140e-02 -1.046674000000000104e+00
1.290179291174423266e-02 -1.044597999999999915e+00
1.292179569145236219e-02 -1.326014999999999944e+00
1.294179847116049345e-02 -1.516979000000000077e+00
1.296180125086862471e-02 -1.429122000000000003e+00
1.298180403057675424e-02 -1.170933999999999919e+00
1.300180681028488550e-02 -9.796449999999999880e-01
1.302180958999301676e-02 -1.049789000000000083e+00
1.304181236970114628e-02 -1.169896000000000047e+00
1.306181514940927754e-02 -1.033047999999999966e+00
1.308181792911740707e-02 -8.106130000000000280e-01
1.310182070882553833e-02 -9.799050000000000260e-01
1.312182348853366959e-02 -1.348465999999999942e+00
1.314182626824179911e-02 -1.779708999999999985e+00
1.316182904794993037e-02 -1.929535000000000000e+00
1.318183182765805990e-02 -1.573820999999999914e+00
1.320183460736619116e-02 -1.085930999999999980e+00
1.322183738707432242e-02 -6.736349999999999838e-01
1.324184016678245195e-02 -4.834499999999999909e-01
1.326184294649058321e-02 -5.230960000000000054e-01
1.328184572619871447e-02 -8.118459999999999566e-01
1.330184850590684399e-02 -1.240038999999999891e+00
1.332185128561497525e-02 -1.637540999999999913e+00
1.334185406532310478e-02 -1.866659000000000068e+00
1.336185684503123604e-02 -1.994486999999999899e+00
1.338185962473936730e-02 -1.871266000000000096e+00
1.340186240444749682e-02 -1.473894000000000037e+00
1.342186518415562808e-02 -9.164449999999999541e-01
1.344186796386375761e-02 -5.505440000000000333e-01
1.346187074357188887e-02 -7.086750000000000549e-01
1.348187352328002013e-02 -1.088786000000000032e+00
1.350187630298814966e-02 -1.287212000000000023e+00
1.352187908269628092e-02 -1.160292000000000101e+00
1.354188186240441218e-02 -1.017605000000000093e+00
1.356188464211254170e-02 -1.065166999999999975e+00
1.358188742182067296e-02 -1.222974000000000006e+00
1.360189020152880249e-02 -1.374162000000000106e+00
1.362189298123693375e-02 -1.348206999999999933e+00
1.364189576094506501e-02 -1.335293999999999981e+00
1.366189854065319453e-02 -1.416533000000000042e+00
1.368190132036132579e-02 -1.439958000000000071e+00
1.370190410006945532e-02 -1.273586000000000107e+00
1.372190687977758658e-02 -1.088136999999999910e+00
1.374190965948571784e-02 -1.017605000000000093e+00
1.376191243919384737e-02 -8.561640000000000361e-01
1.378191521890197863e-02 -9.686789999999999567e-01
1.380191799861010989e-02 -1.299800999999999984e+00
1.382192077831823941e-02 -1.692436000000000051e+00
1.384192355802637067e-02 -1.775296999999999903e+00
1.386192633773450020e-02 -1.515487000000000029e+00
1.388192911744263146e-02 -1.065816000000000097e+00
1.390193189715076272e-02 -7.319689999999999808e-01
1.392193467685889224e-02 -4.977900000000000102e-01
1.394193745656702350e-02 -6.157559999999999700e-01
1.396194023627515303e-02 -8.837409999999999988e-01
1.398194301598328429e-02 -1.221287000000000011e+00
1.400194579569141555e-02 -1.838951999999999920e+00
1.402194857539954508e-02 -2.246121000000000034e+00
1.404195135510767634e-02 -2.094090000000000007e+00
1.406195413481580760e-02 -1.425098999999999894e+00
1.408195691452393712e-02 -6.579329999999999901e-01
1.410195969423206838e-02 -1.762070000000000025e-01
1.412196247394019791e-02 -2.431059999999999888e-01
1.414196525364832917e-02 -6.691580000000000306e-01
1.416196803335646043e-02 -1.265670000000000073e+00
1.418197081306458995e-02 -1.888201000000000018e+00
1.420197359277272121e-02 -2.200245999999999924e+00
1.422197637248085074e-02 -1.980990999999999946e+00
1.424197915218898200e-02 -1.369359999999999911e+00
1.426198193189711326e-02 -7.736920000000000464e-01
1.428198471160524279e-02 -3.255779999999999785e-01
1.430198749131337405e-02 -2.784050000000000136e-01
1.432199027102150531e-02 -7.348890000000000144e-01
1.434199305072963483e-02 -1.391162000000000010e+00
1.436199583043776609e-02 -1.904941999999999913e+00
1.438199861014589562e-02 -2.000976000000000088e+00
1.440200138985402688e-02 -1.623979000000000061e+00
1.442200416956215814e-02 -1.017020999999999953e+00
1.444200694927028766e-02 -5.653380000000000072e-01
1.446200972897841892e-02 -4.370550000000000268e-01
1.448201250868654845e-02 -6.788910000000000222e-01
1.450201528839467971e-02 -9.594650000000000123e-01
1.452201806810281097e-02 -1.287925999999999904e+00
1.454202084781094050e-02 -1.613661999999999930e+00
1.456202362751907176e-02 -1.701974000000000098e+00
1.458202640722720302e-02 -1.537614000000000036e+00
1.460202918693533254e-02 -1.173723999999999990e+00
1.462203196664346380e-02 -8.350109999999999477e-01
1.464203474635159333e-02 -8.647289999999999699e-01
1.466203752605972459e-02 -1.053033000000000108e+00
1.468204030576785585e-02 -1.152895000000000003e+00
1.470204308547598537e-02 -1.143810999999999911e+00
1.472204586518411663e-02 -1.081584000000000101e+00
1.474204864489224616e-02 -9.909360000000000390e-01
1.476205142460037742e-02 -1.025651000000000090e+00
1.478205420430850868e-02 -1.201171999999999906e+00
1.480205698401663821e-02 -1.378833999999999893e+00
1.482205976372476947e-02 -1.405826999999999938e+00
1.484206254343290073e-02 -1.329194999999999904e+00
1.486206532314103025e-02 -1.131158000000000108e+00
1.488206810284916151e-02 -8.736840000000000162e-01
1.490207088255729104e-02 -7.849819999999999576e-01
1.492207366226542230e-02 -7.389120000000000132e-01
1.494207644197355356e-02 -8.263160000000000505e-01
1.496207922168168308e-02 -1.046154999999999946e+00
1.498208200138981434e-02 -1.441060999999999925e+00
1.500208478109794387e-02 -1.670114000000000098e+00
1.502208756080607513e-02 -1.579142000000000046e+00
1.504209034051420639e-02 -1.255352999999999941e+00
1.506209312022233592e-02 -9.809430000000000094e-01
1.508209589993046718e-02 -8.196970000000000089e-01
1.510209867963859844e-02 -9.170939999999999648e-01
1.512210145934672796e-02 -1.162822999999999940e+00
1.514210423905485922e-02 -1.200263000000000080e+00
1.516210701876298875e-02 -1.227190999999999921e+00
1.518210979847112001e-02 -1.248669000000000029e+00
1.520211257817925127e-02 -1.178849999999999953e+00
1.522211535788738079e-02 -1.106306000000000012e+00
1.524211813759551205e-02 -1.097091999999999956e+00
1.526212091730364158e-02 -1.139269000000000087e+00
1.528212369701177284e-02 -1.235497000000000067e+00
1.530212647671990410e-02 -1.285914999999999919e+00
1.532212925642803363e-02 -1.145237999999999978e+00
1.534213203613616489e-02 -9.441519999999999913e-01
1.536213481584429441e-02 -7.320990000000000553e-01
1.538213759555242567e-02 -6.214659999999999629e-01
1.540214037526055693e-02 -7.957539999999999614e-01
1.542214315496868646e-02 -1.228942999999999897e+00
1.544214593467681772e-02 -1.653372999999999982e+00
1.546214871438494898e-02 -1.802550000000000097e+00
1.548215149409307850e-02 -1.575638000000000094e+00
1.550215427380120976e-02 -1.122786999999999979e+00
1.552215705350933929e-02 -7.808300000000000241e-01
1.554215983321747055e-02 -6.090069999999999650e-01
1.556216261292560181e-02 -6.413210000000000299e-01
1.558216539263373134e-02 -8.487019999999999564e-01
1.560216817234186260e-02 -1.251978999999999953e+00
1.562217095204999212e-02 -1.670114000000000098e+00
1.564217373175812512e-02 -1.805274999999999963e+00
1.566217651146625464e-02 -1.549552999999999958e+00
1.568217929117438417e-02 -1.082103000000000037e+00
1.570218207088251369e-02 -5.615740000000000176e-01
1.572218485059064669e-02 -3.252539999999999876e-01
1.574218763029877621e-02 -5.949919999999999654e-01
1.576219041000690574e-02 -1.024157999999999902e+00
1.578219318971503873e-02 -1.364818000000000087e+00
1.580219596942316826e-02 -1.626184999999999992e+00
1.582219874913129778e-02 -1.649415000000000076e+00
1.584220152883943078e-02 -1.399922000000000111e+00
1.586220430854756031e-02 -1.038562999999999903e+00
1.588220708825568983e-02 -7.683060000000000445e-01
1.590220986796382283e-02 -5.969379999999999686e-01
1.592221264767195235e-02 -6.409319999999999462e-01
1.594221542738008188e-02 -9.120970000000000466e-01
1.596221820708821140e-02 -1.386101000000000028e+00
1.598222098679634440e-02 -1.793854999999999977e+00
1.600222376650447392e-02 -1.809946999999999973e+00
1.602222654621260345e-02 -1.468248999999999915e+00
1.604222932592073644e-02 -9.884699999999999598e-01
1.606223210562886597e-02 -7.429999999999999938e-01
1.608223488533699549e-02 -6.442409999999999526e-01
1.610223766504512849e-02 -6.823949999999999738e-01
1.612224044475325802e-02 -7.779749999999999721e-01
1.614224322446138754e-02 -9.838630000000000431e-01
1.616224600416952054e-02 -1.207659999999999956e+00
1.618224878387765006e-02 -1.359496999999999955e+00
1.620225156358577959e-02 -1.412705000000000100e+00
1.622225434329390911e-02 -1.283253999999999895e+00
1.624225712300204211e-02 -1.081973000000000074e+00
1.626225990271017163e-02 -1.012737999999999916e+00
1.628226268241830116e-02 -1.069968999999999948e+00
1.630226546212643415e-02 -1.157955999999999985e+00
1.632226824183456368e-02 -1.264696000000000042e+00
1.634227102154269320e-02 -1.256326000000000054e+00
1.636227380125082620e-02 -1.103580999999999923e+00
1.638227658095895573e-02 -9.411669999999999758e-01
1.640227936066708525e-02 -9.758820000000000272e-01
1.642228214037521825e-02 -1.151856999999999909e+00
1.644228492008334777e-02 -1.290132000000000057e+00
1.646228769979147730e-02 -1.355150000000000077e+00
1.648229047949960682e-02 -1.299411000000000094e+00
1.650229325920773982e-02 -1.253989999999999938e+00
1.652229603891586934e-02 -1.188647999999999927e+00
1.654229881862399887e-02 -1.024547000000000097e+00
1.656230159833213186e-02 -8.055520000000000458e-01
1.658230437804026139e-02 -6.654600000000000515e-01
1.660230715774839091e-02 -7.339160000000000128e-01
1.662230993745652391e-02 -9.917139999999999844e-01
1.664231271716465344e-02 -1.292013999999999996e+00
1.666231549687278296e-02 -1.435221000000000080e+00
1.668231827658091596e-02 -1.387399000000000049e+00
1.670232105628904548e-02 -1.280270000000000019e+00
1.672232383599717501e-02 -1.158280999999999894e+00
1.674232661570530453e-02 -1.041352999999999973e+00
1.676232939541343753e-02 -1.042456000000000049e+00
1.678233217512156705e-02 -1.145693000000000072e+00
1.680233495482969658e-02 -1.153609000000000107e+00
1.682233773453782957e-02 -1.122333000000000025e+00
1.684234051424595910e-02 -1.154258000000000006e+00
1.686234329395408862e-02 -1.159837999999999925e+00
1.688234607366222162e-02 -1.089045999999999959e+00
1.690234885337035114e-02 -1.016826000000000008e+00
1.692235163307848067e-02 -9.645259999999999945e-01
1.694235441278661367e-02 -9.871069999999999567e-01
1.696235719249474319e-02 -1.093847000000000014e+00
1.698235997220287272e-02 -1.189297000000000049e+00
1.700236275191100224e-02 -1.205972999999999962e+00
1.702236553161913524e-02 -1.159772999999999943e+00
1.704236831132726476e-02 -1.197084000000000037e+00
1.706237109103539429e-02 -1.284356999999999971e+00
1.708237387074352728e-02 -1.327831999999999901e+00
1.710237665045165681e-02 -1.257754000000000039e+00
1.712237943015978633e-02 -1.128886999999999974e+00
1.714238220986791933e-02 -9.613469999999999516e-01
1.716238498957604885e-02 -8.195679999999999632e-01
1.718238776928417838e-02 -8.219680000000000319e-01
1.720239054899231138e-02 -9.875620000000000509e-01
1.722239332870044090e-02 -1.278257999999999894e+00
1.724239610840857043e-02 -1.529112999999999944e+00
1.726239888811669995e-02 -1.636308000000000096e+00
1.728240166782483295e-02 -1.521846000000000032e+00
1.730240444753296247e-02 -1.226542999999999939e+00
1.732240722724109200e-02 -8.446789999999999576e-01
1.734241000694922499e-02 -5.039540000000000131e-01
1.736241278665735452e-02 -4.409480000000000066e-01
1.738241556636548404e-02 -6.956320000000000281e-01
1.740241834607361704e-02 -1.134792000000000023e+00
1.742242112578174656e-02 -1.553187000000000095e+00
1.744242390548987609e-02 -1.725462999999999969e+00
1.746242668519800909e-02 -1.630014000000000074e+00
1.748242946490613861e-02 -1.349245000000000028e+00
1.750243224461426814e-02 -1.034475000000000033e+00
1.752243502432239766e-02 -7.612339999999999662e-01
1.754243780403053066e-02 -7.407939999999999525e-01
1.756244058373866018e-02 -8.998979999999999757e-01
1.758244336344678971e-02 -1.204091000000000022e+00
1.760244614315492270e-02 -1.436129999999999907e+00
1.762244892286305223e-02 -1.465524000000000049e+00
1.764245170257118175e-02 -1.271703999999999946e+00
1.766245448227931475e-02 -9.767249999999999543e-01
1.768245726198744427e-02 -7.973759999999999737e-01
1.770246004169557380e-02 -8.328699999999999992e-01
1.772246282140370680e-02 -1.007546999999999970e+00
1.774246560111183632e-02 -1.229073000000000082e+00
1.776246838081996585e-02 -1.391291999999999973e+00
1.778247116052809537e-02 -1.380586000000000091e+00
1.780247394023622837e-02 -1.259181000000000106e+00
1.782247671994435789e-02 -1.097350999999999965e+00
1.784247949965248742e-02 -9.736759999999999859e-01
1.786248227936062041e-02 -9.503810000000000313e-01
1.788248505906874994e-02 -1.010661999999999949e+00
1.790248783877687946e-02 -1.211489000000000038e+00
1.792249061848501246e-02 -1.387334000000000067e+00
1.794249339819314198e-02 -1.460787000000000058e+00
1.796249617790127151e-02 -1.347817999999999961e+00
1.798249895760940451e-02 -1.065101999999999993e+00
1.800250173731753403e-02 -8.445489999999999942e-01
1.802250451702566356e-02 -8.084069999999999867e-01
1.804250729673379308e-02 -9.394150000000000000e-01
1.806251007644192608e-02 -1.107409000000000088e+00
1.808251285615005560e-02 -1.243738000000000010e+00
1.810251563585818513e-02 -1.274429999999999952e+00
1.812251841556631812e-02 -1.237573000000000034e+00
1.814252119527444765e-02 -1.138684999999999947e+00
1.816252397498257717e-02 -1.052383999999999986e+00
1.818252675469071017e-02 -1.015398000000000023e+00
1.820252953439883969e-02 -1.035188999999999915e+00
1.822253231410696922e-02 -1.170544999999999947e+00
1.824253509381510222e-02 -1.331790000000000029e+00
1.826253787352323174e-02 -1.481810000000000072e+00
1.828254065323136127e-02 -1.474024000000000001e+00
1.830254343293949079e-02 -1.353137999999999952e+00
1.832254621264762379e-02 -1.115194999999999936e+00
1.834254899235575331e-02 -9.487590000000000190e-01
1.836255177206388284e-02 -8.963940000000000241e-01
1.838255455177201583e-02 -9.477210000000000356e-01
1.840255733148014536e-02 -1.046284999999999910e+00
1.842256011118827488e-02 -1.127070000000000016e+00
1.844256289089640788e-02 -1.182743000000000100e+00
1.846256567060453740e-02 -1.239389999999999992e+00
1.848256845031266693e-02 -1.296232000000000051e+00
1.850257123002079993e-02 -1.253017000000000047e+00
1.852257400972892945e-02 -1.149521000000000015e+00
1.854257678943705898e-02 -1.001706999999999903e+00
1.856257956914518850e-02 -9.054140000000000521e-01
1.858258234885332150e-02 -9.257889999999999731e-01
1.860258512856145102e-02 -9.871069999999999567e-01
1.862258790826958055e-02 -1.085023000000000071e+00
1.864259068797771354e-02 -1.213241000000000014e+00
1.866259346768584307e-02 -1.358004999999999907e+00
1.868259624739397259e-02 -1.448199000000000014e+00
1.870259902710210559e-02 -1.523209000000000035e+00
1.872260180681023511e-02 -1.429316000000000031e+00
1.874260458651836464e-02 -1.250032000000000032e+00
1.876260736622649763e-02 -1.037006000000000094e+00
1.878261014593462716e-02 -8.488970000000000127e-01
1.880261292564275669e-02 -8.323500000000000343e-01
1.882261570535088621e-02 -9.018450000000000077e-01
1.884261848505901921e-02 -1.012996999999999925e+00
1.886262126476714873e-02 -1.111561999999999939e+00
1.888262404447527826e-02 -1.210126000000000035e+00
1.890262682418341125e-02 -1.226412999999999975e+00
1.892262960389154078e-02 -1.223492999999999942e+00
1.894263238359967030e-02 -1.166066999999999965e+00
1.896263516330780330e-02 -1.121099999999999985e+00
1.898263794301593282e-02 -1.092808999999999919e+00
1.900264072272406235e-02 -1.126810000000000089e+00
1.902264350243219534e-02 -1.236469999999999958e+00
1.904264628214032487e-02 -1.304861999999999966e+00
1.906264906184845440e-02 -1.313816000000000095e+00
1.908265184155658392e-02 -1.182549000000000072e+00
1.910265462126471692e-02 -1.052513999999999950e+00
1.912265740097284644e-02 -9.793859999999999788e-01
1.914266018068097597e-02 -9.800990000000000535e-01
1.916266296038910896e-02 -1.036227000000000009e+00
1.918266574009723849e-02 -1.155750000000000055e+00
1.920266851980536801e-02 -1.262296000000000085e+00
1.922267129951350101e-02 -1.346130000000000049e+00
1.924267407922163053e-02 -1.362287000000000026e+00
1.926267685892976006e-02 -1.266772999999999927e+00
1.928267963863789305e-02 -1.068540999999999963e+00
1.930268241834602258e-02 -8.562939999999999996e-01
1.932268519805415211e-02 -7.920549999999999535e-01
1.934268797776228163e-02 -8.571370000000000378e-01
1.936269075747041463e-02 -1.022081999999999935e+00
1.938269353717854415e-02 -1.214472999999999914e+00
1.940269631688667368e-02 -1.323029999999999928e+00
1.942269909659480667e-02 -1.312129000000000101e+00
1.944270187630293620e-02 -1.256196000000000090e+00
1.946270465601106572e-02 -1.215381999999999962e+00
1.948270743571919872e-02 -1.210515000000000008e+00
1.950271021542732824e-02 -1.222194999999999920e+00
1.952271299513545777e-02 -1.246788000000000007e+00
1.954271577484359076e-02 -1.272548000000000012e+00
1.956271855455172029e-02 -1.289678000000000102e+00
1.958272133425984982e-02 -1.208957999999999977e+00
1.960272411396797934e-02 -1.055757999999999974e+00
1.962272689367611234e-02 -8.518820000000000281e-01
1.964272967338424186e-02 -7.622069999999999679e-01
1.966273245309237139e-02 -8.270950000000000246e-01
1.968273523280050438e-02 -1.052708999999999895e+00
1.970273801250863391e-02 -1.300059999999999993e+00
1.972274079221676343e-02 -1.465848000000000040e+00
1.974274357192489643e-02 -1.435545999999999989e+00
1.976274635163302595e-02 -1.269044000000000061e+00
1.978274913134115548e-02 -1.024807000000000023e+00
1.980275191104928847e-02 -8.215789999999999482e-01
1.982275469075741800e-02 -7.631799999999999695e-01
1.984275747046554753e-02 -8.364380000000000148e-01
1.986276025017367705e-02 -1.045830999999999955e+00
1.988276302988181005e-02 -1.284877000000000047e+00
1.990276580958993957e-02 -1.479799000000000087e+00
1.992276858929806910e-02 -1.536899999999999933e+00
1.994277136900620209e-02 -1.400441000000000047e+00
1.996277414871433162e-02 -1.181705000000000005e+00
1.998277692842246114e-02 -1.003135000000000110e+00
2.000277970813059414e-02 -9.216360000000000108e-01
2.002278248783872366e-02 -9.547930000000000028e-01
2.004278526754685319e-02 -1.046219999999999928e+00
2.006278804725498618e-02 -1.127588999999999952e+00
2.008279082696311571e-02 -1.108381999999999978e+00
2.010279360667124524e-02 -1.091510999999999898e+00
2.012279638637937476e-02 -1.052708999999999895e+00
2.014279916608750776e-02 -1.060429999999999984e+00
2.016280194579563728e-02 -1.061079000000000105e+00
2.018280472550376681e-02 -1.121294999999999931e+00
2.020280750521189980e-02 -1.192217000000000082e+00
2.022281028492002933e-02 -1.257039999999999935e+00
2.024281306462815885e-02 -1.248993999999999938e+00
2.026281584433629185e-02 -1.209607000000000099e+00
2.028281862404442137e-02 -1.178590999999999944e+00
2.030282140375255090e-02 -1.114611000000000018e+00
2.032282418346068389e-02 -1.073472999999999900e+00
2.034282696316881342e-02 -1.082686999999999955e+00
2.036282974287694295e-02 -1.114287000000000027e+00
2.038283252258507247e-02 -1.118959000000000037e+00
2.040283530229320547e-02 -1.086710000000000065e+00
2.042283808200133499e-02 -1.095015000000000072e+00
2.044284086170946452e-02 -1.112665000000000015e+00
2.046284364141759751e-02 -1.131612000000000062e+00
2.048284642112572704e-02 -1.183003000000000027e+00
2.050284920083385656e-02 -1.200198000000000098e+00
2.052285198054198956e-02 -1.159189000000000025e+00
2.054285476025011908e-02 -1.100595999999999908e+00
2.056285753995824861e-02 -1.001447999999999894e+00
2.058286031966638160e-02 -9.319530000000000314e-01
2.060286309937451113e-02 -9.217659999999999743e-01
2.062286587908264066e-02 -9.869130000000000402e-01
2.064286865879077018e-02 -1.135051000000000032e+00
2.066287143849890318e-02 -1.296232000000000051e+00
2.068287421820703270e-02 -1.385258000000000100e+00
2.070287699791516223e-02 -1.384284000000000070e+00
2.072287977762329522e-02 -1.336527000000000021e+00
2.074288255733142475e-02 -1.208828000000000014e+00
2.076288533703955427e-02 -1.119996999999999909e+00
2.078288811674768727e-02 -1.051800000000000068e+00
2.080289089645581679e-02 -1.041871999999999909e+00
2.082289367616394632e-02 -1.051411000000000096e+00
2.084289645587207931e-02 -1.096508000000000038e+00
2.086289923558020884e-02 -1.111561999999999939e+00
2.088290201528833837e-02 -1.077301000000000064e+00
2.090290479499646789e-02 -1.059133000000000102e+00
2.092290757470460089e-02 -1.041223999999999927e+00
2.094291035441273041e-02 -1.102152999999999938e+00
2.096291313412085994e-02 -1.176644000000000023e+00
2.098291591382899293e-02 -1.275662000000000074e+00
2.100291869353712246e-02 -1.305120999999999976e+00
2.102292147324525198e-02 -1.221157000000000048e+00
2.104292425295338498e-02 -1.083205999999999891e+00
2.106292703266151450e-02 -9.363650000000000029e-01
2.108292981236964403e-02 -8.904250000000000220e-01
2.110293259207777702e-02 -9.442169999999999730e-01
2.112293537178590655e-02 -1.067698000000000036e+00
2.114293815149403608e-02 -1.215576999999999908e+00
2.116294093120216560e-02 -1.329194999999999904e+00
2.118294371091029860e-02 -1.369166000000000105e+00
2.120294649061842812e-02 -1.348271999999999915e+00
2.122294927032655765e-02 -1.205195000000000016e+00
2.124295205003469064e-02 -1.044856999999999925e+00
2.126295482974282017e-02 -8.982759999999999634e-01
2.128295760945094969e-02 -8.785500000000000531e-01
2.130296038915908269e-02 -9.830189999999999761e-01
2.132296316886721221e-02 -1.110263999999999918e+00
2.134296594857534174e-02 -1.217198999999999920e+00
2.136296872828347473e-02 -1.227127000000000079e+00
2.138297150799160426e-02 -1.172036999999999995e+00
2.140297428769973379e-02 -1.101828999999999947e+00
2.142297706740786331e-02 -1.054915000000000047e+00
2.144297984711599631e-02 -1.078858000000000095e+00
2.146298262682412583e-02 -1.120451000000000086e+00
2.148298540653225536e-02 -1.197473000000000010e+00
2.150298818624038835e-02 -1.265085999999999933e+00
2.152299096594851788e-02 -1.295517999999999947e+00
2.154299374565664740e-02 -1.258531999999999984e+00
2.156299652536478040e-02 -1.142838000000000021e+00
2.158299930507290992e-02 -9.928169999999999495e-01
2.160300208478103945e-02 -8.582410000000000316e-01
2.162300486448917244e-02 -8.435110000000000108e-01
2.164300764419730197e-02 -9.357809999999999739e-01
2.166301042390543150e-02 -1.099363000000000090e+00
2.168301320361356102e-02 -1.250939999999999941e+00
2.170301598332169402e-02 -1.300643999999999911e+00
2.172301876302982354e-02 -1.264177000000000106e+00
2.174302154273795307e-02 -1.196693999999999924e+00
2.176302432244608606e-02 -1.127849000000000101e+00
2.178302710215421559e-02 -1.052967999999999904e+00
2.180302988186234511e-02 -9.863939999999999930e-01
2.182303266157047811e-02 -9.935310000000000530e-01
2.184303544127860763e-02 -1.018448000000000020e+00
2.186303822098673716e-02 -1.089110999999999940e+00
2.188304100069487015e-02 -1.174762000000000084e+00
2.190304378040299968e-02 -1.185923000000000060e+00
2.192304656011112921e-02 -1.185338999999999920e+00
2.194304933981925873e-02 -1.162952999999999903e+00
2.196305211952739173e-02 -1.153024999999999967e+00
2.198305489923552125e-02 -1.182938000000000045e+00
2.200305767894365078e-02 -1.180407999999999902e+00
2.202306045865178377e-02 -1.147184999999999899e+00
2.204306323835991330e-02 -1.068151999999999990e+00
2.206306601806804282e-02 -9.995659999999999545e-01
2.208306879777617582e-02 -9.523279999999999523e-01
2.210307157748430534e-02 -9.937259999999999982e-01
2.212307435719243487e-02 -1.037006000000000094e+00
2.214307713690056786e-02 -1.116039000000000003e+00
2.216307991660869739e-02 -1.183132999999999990e+00
2.218308269631682692e-02 -1.219275000000000109e+00
2.220308547602495644e-02 -1.242051000000000016e+00
2.222308825573308944e-02 -1.234782999999999964e+00
2.224309103544121896e-02 -1.178460999999999981e+00
2.226309381514934849e-02 -1.127718999999999916e+00
2.228309659485748148e-02 -1.069774000000000003e+00
2.230309937456561101e-02 -1.056278000000000050e+00
2.232310215427374053e-02 -1.068994999999999918e+00
2.234310493398187353e-02 -1.079118000000000022e+00
2.236310771369000305e-02 -1.057444999999999968e+00
2.238311049339813258e-02 -1.062896000000000063e+00
2.240311327310626557e-02 -1.077171000000000101e+00
2.242311605281439510e-02 -1.111043000000000003e+00
2.244311883252252462e-02 -1.142058999999999935e+00
2.246312161223065415e-02 -1.176190000000000069e+00
2.248312439193878715e-02 -1.175410999999999984e+00
2.250312717164691667e-02 -1.119866999999999946e+00
2.252312995135504620e-02 -1.067827999999999999e+00
2.254313273106317919e-02 -1.033047999999999966e+00
2.256313551077130872e-02 -1.016501000000000099e+00
2.258313829047943824e-02 -1.041612999999999900e+00
2.260314107018757124e-02 -1.105396999999999963e+00
2.262314384989570076e-02 -1.166911000000000032e+00
2.264314662960383029e-02 -1.192865999999999982e+00
2.266314940931196328e-02 -1.201756000000000046e+00
2.268315218902009281e-02 -1.164379999999999971e+00
2.270315496872822233e-02 -1.106694999999999984e+00
2.272315774843635186e-02 -1.071525999999999978e+00
2.274316052814448486e-02 -1.109615000000000018e+00
2.276316330785261438e-02 -1.128757000000000010e+00
2.278316608756074391e-02 -1.162952999999999903e+00
2.280316886726887690e-02 -1.165548000000000028e+00
2.282317164697700643e-02 -1.116039000000000003e+00
2.284317442668513595e-02 -1.028570999999999902e+00
2.286317720639326895e-02 -9.388309999999999711e-01
2.288317998610139847e-02 -9.063870000000000537e-01
2.290318276580952800e-02 -9.374679999999999680e-01
2.292318554551766099e-02 -1.057185999999999959e+00
2.294318832522579052e-02 -1.208115000000000050e+00
2.296319110493392004e-02 -1.306418999999999997e+00
2.298319388464204957e-02 -1.310376999999999903e+00
2.300319666435018257e-02 -1.232771999999999979e+00
2.302319944405831209e-02 -1.111626999999999921e+00
2.304320222376644162e-02 -9.959970000000000212e-01
2.306320500347457461e-02 -9.415559999999999485e-01
2.308320778318270414e-02 -9.723129999999999828e-01
2.310321056289083366e-02 -1.058289000000000035e+00
2.312321334259896666e-02 -1.189556999999999976e+00
2.314321612230709618e-02 -1.261840999999999990e+00
2.316321890201522571e-02 -1.248019999999999907e+00
2.318322168172335870e-02 -1.187610000000000054e+00
2.320322446143148823e-02 -1.101115000000000066e+00
2.322322724113961775e-02 -1.016826000000000008e+00
2.324323002084774728e-02 -9.939210000000000544e-01
2.326323280055588028e-02 -1.009687999999999919e+00
2.328323558026400980e-02 -1.077366000000000046e+00
2.330323835997213933e-02 -1.121749000000000107e+00
2.332324113968027232e-02 -1.141021000000000063e+00
2.334324391938840185e-02 -1.104424000000000072e+00
2.336324669909653137e-02 -1.040769000000000055e+00
2.338324947880466437e-02 -1.013192000000000093e+00
2.340325225851279389e-02 -1.012283999999999962e+00
2.342325503822092342e-02 -1.059976000000000029e+00
2.344325781792905641e-02 -1.131027999999999922e+00
2.346326059763718594e-02 -1.191178999999999988e+00
2.348326337734531546e-02 -1.227646000000000015e+00
2.350326615705344499e-02 -1.205583999999999989e+00
2.352326893676157799e-02 -1.133364000000000038e+00
2.354327171646970751e-02 -1.069838999999999984e+00
2.356327449617783704e-02 -1.024288000000000087e+00
2.358327727588597003e-02 -1.013257000000000074e+00
2.360328005559409956e-02 -1.025844999999999896e+00
2.362328283530222908e-02 -1.053682000000000007e+00
2.364328561501036208e-02 -1.091056999999999944e+00
2.366328839471849160e-02 -1.090214000000000016e+00
2.368329117442662113e-02 -1.072370000000000045e+00
2.370329395413475412e-02 -1.063933999999999935e+00
2.372329673384288365e-02 -1.057639999999999914e+00
2.374329951355101317e-02 -1.067438000000000109e+00
2.376330229325914270e-02 -1.095339999999999980e+00
2.378330507296727570e-02 -1.091901000000000010e+00
2.380330785267540522e-02 -1.102152999999999938e+00
2.382331063238353475e-02 -1.088592000000000004e+00
2.384331341209166774e-02 -1.062181999999999960e+00
2.386331619179979727e-02 -1.045506000000000046e+00
2.388331897150792679e-02 -1.046543999999999919e+00
2.390332175121605979e-02 -1.074251000000000067e+00
2.392332453092418931e-02 -1.105722000000000094e+00
2.394332731063231884e-02 -1.176320000000000032e+00
2.396333009034045183e-02 -1.182743000000000100e+00
2.398333287004858136e-02 -1.168079000000000089e+00
2.400333564975671088e-02 -1.122203000000000062e+00
2.402333842946484041e-02 -1.054135999999999962e+00
2.404334120917297341e-02 -1.012283999999999962e+00
2.406334398888110293e-02 -9.889240000000000252e-01
2.408334676858923246e-02 -9.631640000000000201e-01
2.410334954829736545e-02 -9.919090000000000407e-01
2.412335232800549498e-02 -9.586219999999999741e-01
2.414335510771362450e-02 -9.961269999999999847e-01
2.416335788742175750e-02 -1.116557999999999939e+00
2.418336066712988702e-02 -1.038497999999999921e+00
2.420336344683801655e-02 -1.186895999999999951e+00
2.422336622654614954e-02 -1.113378999999999897e+00
2.424336900625427907e-02 -1.126096999999999904e+00
2.426337178596240859e-02 -9.845120000000000537e-01
2.428337456567053812e-02 -1.072175000000000100e+00
2.430337734537867111e-02 -1.058678000000000008e+00
2.432338012508680064e-02 -9.695230000000000237e-01
2.434338290479493017e-02 -1.094886000000000026e+00
2.436338568450306316e-02 -9.337699999999999889e-01
2.438338846421119269e-02 -1.045571000000000028e+00
2.440339124391932221e-02 -1.275273000000000101e+00
2.442339402362745521e-02 -1.204480999999999913e+00
2.444339680333558473e-02 -1.170090000000000074e+00
2.446339958304371426e-02 -1.166261999999999910e+00
2.448340236275184725e-02 -1.002680000000000016e+00
2.450340514245997678e-02 -9.527170000000000361e-01
2.452340792216810630e-02 -9.440870000000000095e-01
2.454341070187623583e-02 -9.302660000000000373e-01
2.456341348158436882e-02 -1.028570999999999902e+00
2.458341626129249835e-02 -1.150689000000000073e+00
2.460341904100062788e-02 -1.127070000000000016e+00
2.462342182070876087e-02 -1.084438999999999931e+00
2.464342460041689040e-02 -1.041871999999999909e+00
2.466342738012501992e-02 -1.022796000000000038e+00
2.468343015983315292e-02 -1.073603000000000085e+00
2.470343293954128244e-02 -1.132975000000000065e+00
2.472343571924941197e-02 -1.139008999999999938e+00
2.474343849895754496e-02 -1.146924999999999972e+00
2.476344127866567449e-02 -1.156204000000000010e+00
2.478344405837380401e-02 -1.177097999999999978e+00
2.480344683808193354e-02 -1.138554999999999984e+00
2.482344961779006653e-02 -1.043234999999999912e+00
2.484345239749819606e-02 -9.542089999999999739e-01
2.486345517720632559e-02 -9.522629999999999706e-01
2.488345795691445858e-02 -1.022275999999999962e+00
2.490346073662258811e-02 -1.100335999999999981e+00
2.492346351633071763e-02 -1.119024000000000019e+00
2.494346629603885063e-02 -1.126486000000000098e+00
2.496346907574698015e-02 -1.109680000000000000e+00
2.498347185545510968e-02 -1.113183999999999951e+00
2.500347463516324267e-02 -1.065231999999999957e+00
2.502347741487137220e-02 -1.005924999999999958e+00
2.504348019457950172e-02 -9.919090000000000407e-01
2.506348297428763125e-02 -1.052383999999999986e+00
2.508348575399576424e-02 -1.118505000000000082e+00
2.510348853370389377e-02 -1.153089999999999948e+00
2.512349131341202330e-02 -1.151661999999999964e+00
2.514349409312015629e-02 -1.117077000000000098e+00
2.516349687282828582e-02 -1.081064999999999943e+00
2.518349965253641534e-02 -1.090667999999999971e+00
2.520350243224454834e-02 -1.086710000000000065e+00
2.522350521195267786e-02 -1.098648999999999987e+00
2.524350799166080739e-02 -1.128238000000000074e+00
2.526351077136894038e-02 -1.128303000000000056e+00
2.528351355107706991e-02 -1.113768000000000091e+00
2.530351633078519943e-02 -1.075679000000000052e+00
2.532351911049332896e-02 -1.011439999999999895e+00
2.534352189020146195e-02 -9.613469999999999516e-01
2.536352466990959148e-02 -9.512239999999999585e-01
2.538352744961772101e-02 -9.906110000000000193e-01
2.540353022932585400e-02 -1.081453999999999915e+00
2.542353300903398353e-02 -1.146600999999999981e+00
2.544353578874211305e-02 -1.178914999999999935e+00
2.546353856845024605e-02 -1.134271999999999947e+00
2.548354134815837557e-02 -1.106111000000000066e+00
2.550354412786650510e-02 -1.081064999999999943e+00
2.552354690757463809e-02 -1.075679000000000052e+00
2.554354968728276762e-02 -1.045830999999999955e+00
2.556355246699089714e-02 -1.035968000000000000e+00
2.558355524669902667e-02 -1.050761999999999974e+00
2.560355802640715966e-02 -1.091901000000000010e+00
2.562356080611528919e-02 -1.125642000000000031e+00
2.564356358582341872e-02 -1.115259999999999918e+00
2.566356636553155171e-02 -1.093782999999999950e+00
2.568356914523968124e-02 -1.084049000000000040e+00
2.570357192494781076e-02 -1.101957999999999993e+00
2.572357470465594376e-02 -1.117790999999999979e+00
2.574357748436407328e-02 -1.132130999999999998e+00
2.576358026407220281e-02 -1.094106999999999941e+00
2.578358304378033580e-02 -1.076392999999999933e+00
2.580358582348846533e-02 -1.065750999999999893e+00
2.582358860319659485e-02 -1.092939000000000105e+00
2.584359138290472438e-02 -1.104294000000000109e+00
2.586359416261285737e-02 -1.106500999999999957e+00
2.588359694232098690e-02 -1.100400999999999962e+00
2.590359972202911643e-02 -1.114092000000000082e+00
2.592360250173724942e-02 -1.103969999999999896e+00
2.594360528144537895e-02 -1.113833000000000073e+00
2.596360806115350847e-02 -1.086969000000000074e+00
2.598361084086164147e-02 -1.090991999999999962e+00
2.600361362056977099e-02 -1.096767000000000047e+00
2.602361640027790052e-02 -1.120192000000000077e+00
2.604361917998603351e-02 -1.135051000000000032e+00
2.606362195969416304e-02 -1.125966999999999940e+00
2.608362473940229256e-02 -1.075938000000000061e+00
2.610362751911042209e-02 -1.049269999999999925e+00
2.612363029881855508e-02 -1.027857000000000021e+00
2.614363307852668461e-02 -1.046804000000000068e+00
2.616363585823481414e-02 -1.051930000000000032e+00
2.618363863794294713e-02 -1.108900999999999915e+00
2.620364141765107666e-02 -1.132910000000000084e+00
2.622364419735920618e-02 -1.179823999999999984e+00
2.624364697706733918e-02 -1.182353999999999905e+00
2.626364975677546870e-02 -1.150884000000000018e+00
2.628365253648359823e-02 -1.078729000000000049e+00
2.630365531619173122e-02 -1.021822000000000008e+00
2.632365809589986075e-02 -1.026494000000000018e+00
2.634366087560799027e-02 -1.067633000000000054e+00
2.636366365531611980e-02 -1.095145000000000035e+00
2.638366643502425279e-02 -1.115455000000000085e+00
2.640366921473238232e-02 -1.115585000000000049e+00
2.642367199444051185e-02 -1.085217000000000098e+00
2.644367477414864484e-02 -1.089695000000000080e+00
2.646367755385677437e-02 -1.066594999999999960e+00
2.648368033356490389e-02 -1.070292999999999939e+00
2.650368311327303689e-02 -1.070422999999999902e+00
2.652368589298116641e-02 -1.076521999999999979e+00
2.654368867268929594e-02 -1.109809999999999963e+00
2.656369145239742893e-02 -1.133364000000000038e+00
2.658369423210555846e-02 -1.118764000000000092e+00
2.660369701181368798e-02 -1.072564000000000073e+00
2.662369979152181751e-02 -1.031036000000000064e+00
2.664370257122995050e-02 -1.035903000000000018e+00
2.666370535093808003e-02 -1.078144999999999909e+00
2.668370813064620956e-02 -1.135245999999999977e+00
2.670371091035434255e-02 -1.149585999999999997e+00
2.672371369006247208e-02 -1.137906000000000084e+00
2.674371646977060160e-02 -1.121553999999999940e+00
2.676371924947873460e-02 -1.089499999999999913e+00
2.678372202918686412e-02 -1.055887999999999938e+00
2.680372480889499365e-02 -1.021238000000000090e+00
2.682372758860312664e-02 -9.909360000000000390e-01
2.684373036831125617e-02 -1.007870999999999961e+00
2.686373314801938569e-02 -1.069450000000000012e+00
2.688373592772751522e-02 -1.110068999999999972e+00
2.690373870743564821e-02 -1.114676000000000000e+00
2.692374148714377774e-02 -1.092484999999999928e+00
2.694374426685190727e-02 -1.046349999999999891e+00
2.696374704656004026e-02 -1.035512999999999906e+00
2.698374982626816979e-02 -1.043234999999999912e+00
2.700375260597629931e-02 -1.076197999999999988e+00
2.702375538568443231e-02 -1.112794999999999979e+00
2.704375816539256183e-02 -1.136088999999999904e+00
2.706376094510069136e-02 -1.130767999999999995e+00
2.708376372480882435e-02 -1.132390999999999925e+00
2.710376650451695388e-02 -1.106565000000000021e+00
2.712376928422508340e-02 -1.070942000000000061e+00
2.714377206393321293e-02 -1.028310999999999975e+00
2.716377484364134592e-02 -1.037849000000000022e+00
2.718377762334947545e-02 -1.025651000000000090e+00
2.720378040305760498e-02 -1.061079000000000105e+00
2.722378318276573797e-02 -1.095404999999999962e+00
2.724378596247386750e-02 -1.103969999999999896e+00
2.726378874218199702e-02 -1.098713999999999968e+00
2.728379152189013002e-02 -1.074251000000000067e+00
2.730379430159825954e-02 -1.081777999999999906e+00
2.732379708130638907e-02 -1.040121000000000073e+00
2.734379986101452206e-02 -1.065750999999999893e+00
2.736380264072265159e-02 -1.059522000000000075e+00
2.738380542043078111e-02 -1.067763000000000018e+00
2.740380820013891064e-02 -1.066983999999999932e+00
2.742381097984704363e-02 -1.088915999999999995e+00
2.744381375955517316e-02 -1.092484999999999928e+00
2.746381653926330269e-02 -1.110783000000000076e+00
2.748381931897143568e-02 -1.104424000000000072e+00
2.750382209867956521e-02 -1.119024000000000019e+00
2.752382487838769473e-02 -1.107798000000000060e+00
2.754382765809582773e-02 -1.107278999999999902e+00
2.756383043780395725e-02 -1.075418999999999903e+00
2.758383321751208678e-02 -1.065750999999999893e+00
2.760383599722021977e-02 -1.047517999999999949e+00
2.762383877692834930e-02 -1.051087000000000105e+00
2.764384155663647882e-02 -1.027922000000000002e+00
2.766384433634460835e-02 -1.053876999999999953e+00
2.768384711605274134e-02 -1.065296999999999938e+00
2.770384989576087087e-02 -1.087164000000000019e+00
2.772385267546900040e-02 -1.076847000000000110e+00
2.774385545517713339e-02 -1.051930000000000032e+00
2.776385823488526292e-02 -1.045895999999999937e+00
2.778386101459339244e-02 -1.070422999999999902e+00
2.780386379430152544e-02 -1.078923000000000076e+00
2.782386657400965496e-02 -1.098584000000000005e+00
2.784386935371778449e-02 -1.104359000000000091e+00
2.786387213342591748e-02 -1.093652999999999986e+00
2.788387491313404701e-02 -1.076068000000000024e+00
2.790387769284217653e-02 -1.078858000000000095e+00
2.792388047255030606e-02 -1.058742999999999990e+00
2.794388325225843905e-02 -1.057770000000000099e+00
2.796388603196656858e-02 -1.078729000000000049e+00
2.798388881167469810e-02 -1.086840000000000028e+00
2.800389159138283110e-02 -1.101698999999999984e+00
2.802389437109096063e-02 -1.121814000000000089e+00
2.804389715079909015e-02 -1.092354999999999965e+00
2.806389993050722315e-02 -1.034799999999999942e+00
2.808390271021535267e-02 -1.004691999999999918e+00
2.810390548992348220e-02 -1.021433000000000035e+00
2.812390826963161519e-02 -1.019227000000000105e+00
2.814391104933974472e-02 -1.032918000000000003e+00
2.816391382904787424e-02 -1.064063999999999899e+00
2.818391660875600377e-02 -1.084958000000000089e+00
2.820391938846413676e-02 -1.109161000000000064e+00
2.822392216817226629e-02 -1.108707000000000109e+00
2.824392494788039581e-02 -1.097676000000000096e+00
2.826392772758852881e-02 -1.082362000000000046e+00
2.828393050729665834e-02 -1.062052999999999914e+00
2.830393328700478786e-02 -1.084373999999999949e+00
2.832393606671292086e-02 -1.103256000000000014e+00
2.834393884642105038e-02 -1.104943000000000008e+00
2.836394162612917991e-02 -1.103969999999999896e+00
2.838394440583731290e-02 -1.062637000000000054e+00
2.840394718554544243e-02 -1.012542999999999971e+00
2.842394996525357195e-02 -9.908059999999999645e-01
2.844395274496170148e-02 -9.954779999999999740e-01
2.846395552466983447e-02 -1.025779999999999914e+00
2.848395830437796400e-02 -1.050437999999999983e+00
2.850396108408609352e-02 -1.074510999999999994e+00
2.852396386379422652e-02 -1.078729000000000049e+00
2.854396664350235605e-02 -1.077625999999999973e+00
2.856396942321048557e-02 -1.053552000000000044e+00
2.858397220291861857e-02 -1.011570000000000080e+00
2.860397498262674809e-02 -9.684199999999999475e-01
2.862397776233487762e-02 -9.869780000000000220e-01
2.864398054204301061e-02 -1.014944000000000068e+00
2.866398332175114014e-02 -1.051411000000000096e+00
2.868398610145926966e-02 -1.092354999999999965e+00
2.870398888116739919e-02 -1.094495999999999913e+00
2.872399166087553218e-02 -1.100400999999999962e+00
2.874399444058366171e-02 -1.091317000000000093e+00
2.876399722029179123e-02 -1.082427000000000028e+00
