# time(s), 	 	 acceleration(g)
0.000000000000000000e+00 6.256230999999999653e+00
2.000277970813059281e-05 6.491317999999999699e+00
4.000555941626118562e-05 6.734321999999999697e+00
6.000833912439177504e-05 7.002049000000000412e+00
8.001111883252237124e-05 7.267958000000000141e+00
1.000138985406529674e-04 7.562158000000000158e+00
1.200166782487835501e-04 7.902493999999999907e+00
1.400194579569141598e-04 8.228813999999999851e+00
1.600222376650447425e-04 8.588485999999999621e+00
1.800250173731753251e-04 8.957826000000000732e+00
2.000277970813059349e-04 9.348124999999999574e+00
2.200305767894365175e-04 9.766455000000000553e+00
2.400333564975671002e-04 1.025473399999999913e+01
2.600361362056977099e-04 1.076501000000000019e+01
2.800389159138283197e-04 1.135263199999999983e+01
3.000416956219588752e-04 1.199488999999999983e+01
3.200444753300894850e-04 1.271624500000000069e+01
3.400472550382200947e-04 1.353499700000000061e+01
3.600500347463506503e-04 1.438943699999999914e+01
3.800528144544812600e-04 1.550647700000000029e+01
4.000555941626118698e-04 1.660697100000000148e+01
4.200583738707424253e-04 1.774587800000000115e+01
4.400611535788730351e-04 1.928896999999999906e+01
4.600639332870036448e-04 2.095418000000000092e+01
4.800667129951342003e-04 2.305063399999999874e+01
5.000694927032648101e-04 2.548048000000000002e+01
5.200722724113954198e-04 2.871811200000000142e+01
5.400750521195260296e-04 3.289343399999999917e+01
5.600778318276566393e-04 3.904834699999999970e+01
5.800806115357871407e-04 4.851590199999999697e+01
6.000833912439177504e-04 6.432648000000000366e+01
6.200861709520483602e-04 8.959948599999999885e+01
6.400889506601789699e-04 1.278520240000000001e+02
6.600917303683095797e-04 1.808232109999999864e+02
6.800945100764401894e-04 2.475187090000000012e+02
7.000972897845707992e-04 3.233128770000000145e+02
7.201000694927013005e-04 3.990992580000000203e+02
7.401028492008319103e-04 4.611245359999999778e+02
7.601056289089625200e-04 4.972353289999999788e+02
7.801084086170931298e-04 5.012335729999999785e+02
8.001111883252237395e-04 4.757457880000000046e+02
8.201139680333543493e-04 4.344386020000000030e+02
8.401167477414848506e-04 3.852346590000000219e+02
8.601195274496154604e-04 3.368326620000000275e+02
8.801223071577460701e-04 2.904260889999999904e+02
9.001250868658766799e-04 2.482268280000000118e+02
9.201278665740072896e-04 2.016303279999999916e+02
9.401306462821378994e-04 1.497053239999999903e+02
9.601334259902684007e-04 9.664855099999999766e+01
9.801362056983990104e-04 5.290502899999999897e+01
1.000138985406529620e-03 1.791030299999999897e+01
1.020141765114660230e-03 -2.232235000000000191e+00
1.040144544822790840e-03 -8.634045999999999665e+00
1.060147324530921449e-03 -1.744930000000000092e+00
1.080150104239052059e-03 1.386073299999999975e+01
1.100152883947182669e-03 3.947939600000000127e+01
1.120155663655313279e-03 5.790539799999999815e+01
1.140158443363443888e-03 6.982758599999999660e+01
1.160161223071574281e-03 6.757832200000000000e+01
1.180164002779704891e-03 4.639985300000000024e+01
1.200166782487835501e-03 1.781368499999999955e+01
1.220169562195966111e-03 -1.169764900000000019e+01
1.240172341904096720e-03 -3.373217999999999961e+01
1.260175121612227330e-03 -4.272106000000000137e+01
1.280177901320357940e-03 -2.904560899999999890e+01
1.300180681028488550e-03 -1.498595800000000011e+01
1.320183460736619159e-03 1.039203000000000099e+00
1.340186240444749769e-03 2.283903499999999909e+01
1.360189020152880379e-03 3.218213599999999985e+01
1.380191799861010989e-03 2.770716300000000132e+01
1.400194579569141598e-03 1.002782200000000046e+01
1.420197359277271991e-03 -2.769375000000000142e+00
1.440200138985402601e-03 -1.386002900000000082e+01
1.460202918693533211e-03 -1.529962500000000070e+01
1.480205698401663821e-03 -4.515305999999999820e+00
1.500208478109794430e-03 3.718347000000000069e+00
1.520211257817925040e-03 2.010051899999999847e+01
1.540214037526055650e-03 2.870318699999999978e+01
1.560216817234186260e-03 3.044152599999999964e+01
1.580219596942316869e-03 2.699210100000000168e+01
1.600222376650447479e-03 1.210961099999999924e+01
1.620225156358578089e-03 9.714349999999999596e+00
1.640227936066708699e-03 4.945111999999999952e+00
1.660230715774839308e-03 -6.636805999999999983e+00
1.680233495482969701e-03 -1.024288000000000087e+00
1.700236275191100311e-03 -2.639988999999999919e+00
1.720239054899230921e-03 -2.172734000000000165e+00
1.740241834607361530e-03 -6.918677999999999884e+00
1.760244614315492140e-03 -1.973034499999999980e+01
1.780247394023622750e-03 -2.166853700000000060e+01
1.800250173731753360e-03 -3.006668000000000163e+01
1.820252953439883969e-03 -2.124793599999999927e+01
1.840255733148014579e-03 -1.467897499999999944e+01
1.860258512856145189e-03 -3.423830999999999847e+00
1.880261292564275799e-03 1.911455199999999977e+01
1.900264072272406408e-03 2.695784099999999839e+01
1.920266851980536801e-03 3.536604100000000273e+01
1.940269631688667411e-03 3.731850899999999882e+01
1.960272411396798021e-03 2.539949999999999974e+01
1.980275191104928847e-03 1.268490500000000054e+01
2.000277970813059240e-03 1.053932000000000091e+00
2.020280750521190067e-03 -9.022268999999999650e+00
2.040283530229320460e-03 -1.594661900000000010e+01
2.060286309937450853e-03 -1.356511399999999945e+01
2.080289089645581679e-03 -1.287951200000000007e+01
2.100291869353712072e-03 -7.364131000000000427e+00
2.120294649061842899e-03 -5.015393999999999686e+00
2.140297428769973292e-03 1.090389999999999970e-01
2.160300208478104118e-03 -2.195768999999999860e+00
2.180302988186234511e-03 -7.879986999999999853e+00
2.200305767894365338e-03 -1.631797100000000000e+01
2.220308547602495731e-03 -1.953542200000000051e+01
2.240311327310626557e-03 -1.242724499999999921e+01
2.260314107018756950e-03 -8.258347000000000548e+00
2.280316886726887777e-03 -5.843166000000000082e+00
2.300319666435018170e-03 2.269471999999999934e+00
2.320322446143148563e-03 1.071744799999999920e+01
2.340325225851279389e-03 1.396066000000000074e+01
2.360328005559409782e-03 1.678378899999999874e+01
2.380330785267540609e-03 1.648089399999999927e+01
2.400333564975671002e-03 8.818706999999999852e+00
2.420336344683801828e-03 6.625960000000000072e+00
2.440339124391932221e-03 5.276621999999999701e+00
2.460341904100063048e-03 -4.271588000000000385e+00
2.480344683808193441e-03 -7.740218999999999738e+00
2.500347463516324267e-03 -1.352786900000000081e+01
2.520350243224454660e-03 -1.558564900000000009e+01
2.540353022932585487e-03 -1.727480299999999858e+01
2.560355802640715880e-03 -1.111683999999999983e+01
2.580358582348846273e-03 -2.987073000000000089e+00
2.600361362056977099e-03 -3.790057000000000009e+00
2.620364141765107492e-03 -4.969973000000000418e+00
2.640366921473238319e-03 -5.332564999999999777e+00
2.660369701181368712e-03 -8.931165999999999272e+00
2.680372480889499538e-03 -9.517037000000000191e+00
2.700375260597629931e-03 -9.512169999999999348e+00
2.720378040305760758e-03 -8.546122999999999692e+00
2.740380820013891151e-03 -2.945999000000000034e+00
2.760383599722021977e-03 3.673509000000000135e+00
2.780386379430152370e-03 1.914887799999999984e+01
2.800389159138283197e-03 1.830994600000000005e+01
2.820391938846413590e-03 1.271410400000000074e+01
2.840394718554543983e-03 8.088072000000000372e+00
2.860397498262674809e-03 4.595691999999999666e+00
2.880400277970805202e-03 -2.687033000000000005e+00
2.900403057678936029e-03 -6.160401000000000238e+00
2.920405837387066422e-03 -1.370721799999999924e+01
2.940408617095197248e-03 -1.505610199999999921e+01
2.960411396803327641e-03 -1.111710000000000065e+01
2.980414176511458468e-03 -7.868631999999999849e+00
3.000416956219588861e-03 -9.283765999999999963e+00
3.020419735927719687e-03 -1.511781000000000041e+01
3.040422515635850080e-03 -1.291208600000000040e+01
3.060425295343980907e-03 -1.303887600000000013e+01
3.080428075052111300e-03 -1.181581000000000081e+01
3.100430854760241692e-03 -3.182968999999999937e+00
3.120433634468372519e-03 1.914795999999999943e+00
3.140436414176502912e-03 8.131287999999999627e+00
3.160439193884633739e-03 1.043181300000000000e+01
3.180441973592764131e-03 1.133147899999999986e+01
3.200444753300894958e-03 7.051232999999999862e+00
3.220447533009025351e-03 2.745292000000000066e+00
3.240450312717156178e-03 8.427229999999999999e-01
3.260453092425286570e-03 -4.599205000000000432e+00
3.280455872133417397e-03 -5.386161999999999672e+00
3.300458651841547790e-03 -4.691100000000000270e-01
3.320461431549678617e-03 3.333368999999999804e+00
3.340464211257809009e-03 3.851172000000000040e+00
3.360466990965939402e-03 -1.067957000000000045e+00
3.380469770674070229e-03 -4.423359999999999737e+00
3.400472550382200622e-03 -1.406104999999999983e+01
3.420475330090331448e-03 -1.749749800000000022e+01
3.440478109798461841e-03 -1.857450199999999896e+01
3.460480889506592668e-03 -1.762746699999999933e+01
3.480483669214723061e-03 -1.534284000000000070e+01
3.500486448922853887e-03 -7.271341999999999750e+00
3.520489228630984280e-03 2.377768999999999799e+00
3.540492008339115107e-03 6.947023999999999866e+00
3.560494788047245500e-03 1.291908399999999979e+01
3.580497567755376326e-03 9.926598000000000255e+00
3.600500347463506719e-03 5.336707999999999785e+00
3.620503127171637112e-03 2.922810000000000130e-01
3.640505906879767939e-03 -1.511074999999999946e+00
3.660508686587898332e-03 1.156455000000000011e+00
3.680511466296029158e-03 -1.527830000000000021e-01
3.700514246004159551e-03 -5.242176999999999865e+00
3.720517025712290378e-03 -2.100708000000000020e+00
3.740519805420420771e-03 -2.892856000000000094e+00
3.760522585128551597e-03 -2.538440000000000030e+00
3.780525364836681990e-03 -8.023069999999999924e-01
3.800528144544812817e-03 1.554021000000000097e+00
3.820530924252943210e-03 -1.683805999999999914e+00
3.840533703961073603e-03 -4.318696000000000090e+00
3.860536483669204429e-03 -5.726498000000000310e+00
3.880539263377334822e-03 -1.102606300000000061e+01
3.900542043085465649e-03 -1.650770199999999832e+01
3.920544822793596042e-03 -1.500834399999999924e+01
3.940547602501726435e-03 -1.018803899999999985e+01
3.960550382209857695e-03 -5.334252000000000216e+00
3.980553161917988088e-03 6.112828999999999624e+00
4.000555941626118481e-03 1.256343500000000013e+01
4.020558721334248874e-03 1.192604399999999920e+01
4.040561501042380134e-03 1.190579900000000002e+01
4.060564280750510527e-03 7.919234999999999580e+00
4.080567060458640920e-03 3.762341000000000157e+00
4.100569840166771313e-03 1.582635999999999932e+00
4.120572619874901706e-03 -1.608600999999999948e+00
4.140575399583032966e-03 -4.196188000000000251e+00
4.160578179291163359e-03 -7.909316999999999709e+00
4.180580958999293752e-03 -5.730391000000000012e+00
4.200583738707424145e-03 -4.184249000000000329e+00
4.220586518415555405e-03 -5.992017999999999844e+00
4.240589298123685798e-03 -6.426764999999999617e+00
4.260592077831816191e-03 -5.559866000000000419e+00
4.280594857539946584e-03 -4.562933000000000128e+00
4.300597637248077844e-03 -4.858042000000000193e+00
4.320600416956208237e-03 -3.575667999999999846e+00
4.340603196664338630e-03 -3.099848000000000159e+00
4.360605976372469023e-03 -1.173529000000000044e+00
4.380608756080599415e-03 1.764969999999999928e+00
4.400611535788730676e-03 5.018563999999999581e+00
4.420614315496861069e-03 5.590093999999999674e+00
4.440617095204991462e-03 3.999763999999999875e+00
4.460619874913121854e-03 3.659234000000000098e+00
4.480622654621253115e-03 -1.148806999999999912e+00
4.500625434329383508e-03 -3.195297000000000054e+00
4.520628214037513901e-03 -1.753819000000000017e+00
4.540630993745644294e-03 -1.479929000000000050e+00
4.560633773453775554e-03 2.915687000000000140e+00
4.580636553161905947e-03 3.659818000000000016e+00
4.600639332870036340e-03 1.949964999999999948e+00
4.620642112578166733e-03 4.830510000000000081e-01
4.640644892286297125e-03 -3.201655999999999835e+00
4.660647671994428386e-03 -8.228628000000000497e+00
4.680650451702558779e-03 -1.308306400000000025e+01
4.700653231410689172e-03 -1.536795099999999969e+01
4.720656011118819564e-03 -1.043681800000000059e+01
4.740658790826950825e-03 -2.229055999999999926e+00
4.760661570535081218e-03 4.884831000000000145e+00
4.780664350243211611e-03 8.011115999999999460e+00
4.800667129951342003e-03 9.151125999999999650e+00
4.820669909659473264e-03 7.731969000000000314e+00
4.840672689367603657e-03 4.099432000000000187e+00
4.860675469075734050e-03 -4.475020000000000109e-01
4.880678248783864442e-03 -4.693811000000000178e+00
4.900681028491994835e-03 -7.948313999999999879e+00
4.920683808200126096e-03 -7.352904999999999802e+00
4.940686587908256489e-03 -3.033402999999999849e+00
4.960689367616386881e-03 4.913569999999999882e-01
4.980692147324517274e-03 3.362749999999999906e-01
5.000694927032648535e-03 -2.269490000000000118e-01
5.020697706740778928e-03 -4.819570000000000243e-01
5.040700486448909320e-03 -4.288139999999999730e-01
5.060703266157039713e-03 1.914082000000000061e+00
5.080706045865170974e-03 1.693140000000000089e+00
5.100708825573301367e-03 -2.165020000000000000e-01
5.120711605281431759e-03 -4.647871000000000308e+00
5.140714384989562152e-03 -7.820160999999999696e+00
5.160717164697692545e-03 -6.644203000000000081e+00
5.180719944405823806e-03 -6.532726000000000255e+00
5.200722724113954198e-03 -4.705036999999999914e+00
5.220725503822084591e-03 -7.163960000000000328e-01
5.240728283530214984e-03 2.403599999999999834e-02
5.260731063238346245e-03 4.106374999999999886e+00
5.280733842946476637e-03 6.008748999999999896e+00
5.300736622654607030e-03 4.692375000000000185e+00
5.320739402362737423e-03 1.795792000000000055e+00
5.340742182070868684e-03 -1.383375999999999939e+00
5.360744961778999076e-03 -2.580487000000000197e+00
5.380747741487129469e-03 -3.727765000000000217e+00
5.400750521195259862e-03 -4.721453999999999596e+00
5.420753300903390255e-03 -4.847140999999999700e+00
5.440756080611521515e-03 -4.763371000000000244e+00
5.460758860319651908e-03 -3.001802000000000081e+00
5.480761640027782301e-03 2.289509999999999879e-01
5.500764419735912694e-03 1.392320999999999920e+00
5.520767199444043954e-03 5.703249999999999709e-01
5.540769979152174347e-03 -1.955165000000000042e+00
5.560772758860304740e-03 -4.155374000000000123e+00
5.580775538568435133e-03 -3.044043999999999972e+00
5.600778318276566393e-03 -1.220637999999999890e+00
5.620781097984696786e-03 -6.804489999999999705e-01
5.640783877692827179e-03 -7.557180000000000009e-01
5.660786657400957572e-03 -1.842715000000000103e+00
5.680789437109087965e-03 -2.488151999999999919e+00
5.700792216817219225e-03 -2.383099000000000078e+00
5.720794996525349618e-03 -2.126663000000000192e+00
5.740797776233480011e-03 -1.168403000000000080e+00
5.760800555941610404e-03 2.551660000000000039e-01
5.780803335649741664e-03 4.872690000000000077e-01
5.800806115357872057e-03 1.481605999999999979e+00
5.820808895066002450e-03 2.862089999999999801e+00
5.840811674774132843e-03 2.164547999999999917e+00
5.860814454482264103e-03 -9.064520000000000355e-01
5.880817234190394496e-03 -3.648017999999999983e+00
5.900820013898524889e-03 -5.290064000000000100e+00
5.920822793606655282e-03 -7.883620999999999768e+00
5.940825573314785675e-03 -7.532513999999999932e+00
5.960828353022916935e-03 -4.559624000000000343e+00
5.980831132731047328e-03 -3.886674999999999880e+00
6.000833912439177721e-03 -2.514107000000000092e+00
6.020836692147308114e-03 8.464099999999999402e-02
6.040839471855439374e-03 2.090186999999999795e+00
6.060842251563569767e-03 3.542241999999999891e+00
6.080845031271700160e-03 2.549850999999999868e+00
6.100847810979830553e-03 -5.493109999999999937e-01
6.120850590687961813e-03 -1.709370999999999974e+00
6.140853370396092206e-03 -1.852260000000000018e-01
6.160856150104222599e-03 -3.951379999999999892e-01
6.180858929812352992e-03 -9.601790000000000047e-01
6.200861709520483385e-03 -1.518796000000000035e+00
6.220864489228614645e-03 -3.405597999999999903e+00
6.240867268936745038e-03 -3.884857999999999922e+00
6.260870048644875431e-03 -1.336332000000000075e+00
6.280872828353005824e-03 -5.707879999999999621e-01
6.300875608061137084e-03 -2.501649000000000012e+00
6.320878387769267477e-03 -3.267192999999999792e+00
6.340881167477397870e-03 -3.387818999999999914e+00
6.360883947185528263e-03 -2.510667999999999900e+00
6.380886726893659523e-03 -6.382200000000000373e-02
6.400889506601789916e-03 7.262499999999999512e-01
6.420892286309920309e-03 4.543710000000000249e-01
6.440895066018050702e-03 -5.188199999999999756e-02
6.460897845726181095e-03 -7.357329999999999703e-01
6.480900625434312355e-03 -1.464226000000000028e+00
6.500903405142442748e-03 -1.394276999999999989e+00
6.520906184850573141e-03 -1.396028999999999964e+00
6.540908964558703534e-03 -1.592702999999999980e+00
6.560911744266834794e-03 -8.651839999999999531e-01
6.580914523974965187e-03 1.247946000000000000e+00
6.600917303683095580e-03 1.444944999999999924e+00
6.620920083391225973e-03 -1.854860000000000120e-01
6.640922863099357233e-03 -2.392897000000000052e+00
6.660925642807487626e-03 -3.826977999999999991e+00
6.680928422515618019e-03 -4.443344999999999878e+00
6.700931202223748412e-03 -2.447661999999999782e+00
6.720933981931878805e-03 5.608000000000000138e-03
6.740936761640010065e-03 4.395700000000000301e-02
6.760939541348140458e-03 -8.618090000000000472e-01
6.780942321056270851e-03 -1.964250000000000052e+00
6.800945100764401244e-03 -3.100560999999999900e+00
6.820947880472532504e-03 -3.686885999999999886e+00
6.840950660180662897e-03 -2.689497999999999944e+00
6.860953439888793290e-03 -1.656422999999999979e+00
6.880956219596923683e-03 -7.372250000000000192e-01
6.900958999305054943e-03 1.548829999999999929e+00
6.920961779013185336e-03 3.119110000000000049e+00
6.940964558721315729e-03 1.728633000000000086e+00
6.960967338429446122e-03 -8.157389999999999919e-01
6.980970118137576515e-03 -3.014066000000000134e+00
7.000972897845707775e-03 -4.315906000000000020e+00
7.020975677553838168e-03 -3.583584999999999798e+00
7.040978457261968561e-03 -1.082816999999999918e+00
7.060981236970098954e-03 6.620110000000000161e-01
7.080984016678230214e-03 1.197073999999999971e+00
7.100986796386360607e-03 1.837249999999999994e-01
7.120989576094491000e-03 -1.544556999999999958e+00
7.140992355802621393e-03 -2.987267999999999812e+00
7.160995135510752653e-03 -3.612394999999999801e+00
7.180997915218883046e-03 -4.708541000000000309e+00
7.201000694927013439e-03 -4.620294000000000345e+00
7.221003474635143832e-03 -2.476926999999999879e+00
7.241006254343274225e-03 -6.174429999999999641e-01
7.261009034051405485e-03 6.183419999999999472e-01
7.281011813759535878e-03 1.670493999999999923e+00
7.301014593467666271e-03 1.123232000000000008e+00
7.321017373175796664e-03 -5.226420000000000510e-01
7.341020152883927924e-03 -9.198840000000000350e-01
7.361022932592058317e-03 -6.260080000000000089e-01
7.381025712300188710e-03 -9.422049999999999592e-01
7.401028492008319103e-03 -1.451832000000000011e+00
7.421031271716450363e-03 -2.081306999999999796e+00
7.441034051424580756e-03 -2.487373999999999974e+00
7.461036831132711149e-03 -1.977292000000000050e+00
7.481039610840841542e-03 -1.353463000000000083e+00
7.501042390548971935e-03 -1.474218999999999946e+00
7.521045170257103195e-03 -1.285136000000000056e+00
7.541047949965233588e-03 -8.049030000000000351e-01
7.561050729673363981e-03 -1.035838000000000036e+00
7.581053509381494374e-03 -1.415689999999999893e+00
7.601056289089625634e-03 -1.499006000000000061e+00
7.621059068797756027e-03 -2.098437000000000108e+00
7.641061848505886420e-03 -3.021269000000000204e+00
7.661064628214016813e-03 -2.551807000000000158e+00
7.681067407922147205e-03 -1.198706000000000049e+00
7.701070187630278466e-03 -5.444440000000000390e-01
7.721072967338408859e-03 -4.509409999999999807e-01
7.741075747046539252e-03 -2.342809999999999893e-01
7.761078526754669644e-03 -3.924770000000000203e-01
7.781081306462800905e-03 -7.021859999999999769e-01
7.801084086170931298e-03 1.092899999999999948e-02
7.821086865879062558e-03 7.829620000000000468e-01
7.841089645587192083e-03 -4.220659999999999967e-01
7.861092425295323344e-03 -1.603280000000000038e+00
7.881095205003452869e-03 -2.251637000000000111e+00
7.901097984711584130e-03 -3.105687000000000086e+00
7.921100764419715390e-03 -2.914073999999999831e+00
7.941103544127844915e-03 -2.460834999999999884e+00
7.961106323835976176e-03 -2.330216000000000065e+00
7.981109103544105701e-03 -1.600230000000000041e+00
8.001111883252236961e-03 -3.935159999999999769e-01
8.021114662960368222e-03 -1.055439999999999989e-01
8.041117442668497747e-03 -9.501209999999999933e-01
8.061120222376629008e-03 -1.441710000000000047e+00
8.081123002084760268e-03 -2.047759999999999803e+00
8.101125781792889793e-03 -2.330410000000000093e+00
8.121128561501021054e-03 -1.508478999999999903e+00
8.141131341209150579e-03 -3.124709999999999988e-01
8.161134120917281840e-03 4.151790000000000203e-01
8.181136900625413100e-03 6.233379999999999477e-01
8.201139680333542625e-03 1.325929999999999886e-01
8.221142460041673886e-03 -7.928990000000000204e-01
8.241145239749803411e-03 -1.404139999999999944e+00
8.261148019457934671e-03 -2.000326999999999966e+00
8.281150799166065932e-03 -2.748156999999999961e+00
8.301153578874195457e-03 -2.841594999999999871e+00
8.321156358582326718e-03 -2.323402999999999885e+00
8.341159138290457978e-03 -1.404854000000000047e+00
8.361161917998587503e-03 -3.575030000000000152e-01
8.381164697706718764e-03 -4.974100000000000049e-02
8.401167477414848289e-03 -1.014294999999999947e+00
8.421170257122979549e-03 -2.275710000000000122e+00
8.441173036831110810e-03 -2.363891999999999882e+00
8.461175816539240335e-03 -1.829283999999999910e+00
8.481178596247371596e-03 -1.606589000000000045e+00
8.501181375955501121e-03 -1.242310000000000025e+00
8.521184155663632381e-03 -8.143770000000000175e-01
8.541186935371763642e-03 -5.905789999999999651e-01
8.561189715079893167e-03 -2.100130000000000052e-01
8.581192494788024427e-03 -1.522630000000000094e-01
8.601195274496155688e-03 -9.839930000000000065e-01
8.621198054204285213e-03 -1.731951999999999936e+00
8.641200833912416474e-03 -1.999028999999999945e+00
8.661203613620545999e-03 -1.883984000000000103e+00
8.681206393328677259e-03 -6.758420000000000538e-01
8.701209173036808520e-03 3.549629999999999730e-01
8.721211952744938045e-03 1.904079999999999939e-01
8.741214732453069305e-03 -7.282060000000000199e-01
8.761217512161198831e-03 -1.650647999999999893e+00
8.781220291869330091e-03 -2.230548000000000197e+00
8.801223071577461352e-03 -2.802402999999999977e+00
8.821225851285590877e-03 -2.758408999999999889e+00
8.841228630993722137e-03 -2.501129999999999853e+00
8.861231410701853398e-03 -2.172473999999999794e+00
8.881234190409982923e-03 -9.886650000000000160e-01
8.901236970118114183e-03 4.537220000000000142e-01
8.921239749826243709e-03 4.657259999999999733e-01
8.941242529534374969e-03 -4.445169999999999955e-01
8.961245309242506230e-03 -1.110978000000000021e+00
8.981248088950635755e-03 -1.510944999999999983e+00
9.001250868658767015e-03 -1.252626999999999935e+00
9.021253648366896541e-03 -4.362770000000000259e-01
9.041256428075027801e-03 -2.562780000000000058e-01
9.061259207783159061e-03 -8.226820000000000244e-01
9.081261987491288587e-03 -1.407643999999999895e+00
9.101264767199419847e-03 -2.027125999999999983e+00
9.121267546907551108e-03 -2.577761999999999887e+00
9.141270326615680633e-03 -2.436891000000000140e+00
9.161273106323811893e-03 -2.021221000000000156e+00
9.181275886031941419e-03 -1.598154000000000075e+00
9.201278665740072679e-03 -8.665460000000000385e-01
9.221281445448203939e-03 -4.247399999999999787e-02
9.241284225156333465e-03 4.681199999999999944e-02
9.261287004864464725e-03 -4.813080000000000136e-01
9.281289784572594251e-03 -1.454298000000000091e+00
9.301292564280725511e-03 -2.274607000000000046e+00
9.321295343988856771e-03 -2.045358999999999927e+00
9.341298123696986297e-03 -1.242245000000000044e+00
9.361300903405117557e-03 -6.926470000000000127e-01
9.381303683113248817e-03 -5.920069999999999499e-01
9.401306462821378343e-03 -5.848689999999999722e-01
9.421309242529509603e-03 -6.673409999999999620e-01
9.441312022237639129e-03 -1.006768000000000107e+00
9.461314801945770389e-03 -1.480706999999999995e+00
9.481317581653901649e-03 -1.902476999999999974e+00
9.501320361362031175e-03 -2.121732000000000173e+00
9.521323141070162435e-03 -1.803522999999999987e+00
9.541325920778291961e-03 -1.097350999999999965e+00
9.561328700486423221e-03 -8.157389999999999919e-01
9.581331480194554481e-03 -9.328610000000000513e-01
9.601334259902684007e-03 -9.695880000000000054e-01
9.621337039610815267e-03 -1.037525000000000031e+00
9.641339819318946527e-03 -1.138554999999999984e+00
9.661342599027076053e-03 -1.040121000000000073e+00
9.681345378735207313e-03 -9.002229999999999954e-01
9.701348158443336839e-03 -1.123112000000000110e+00
9.721350938151468099e-03 -1.447484999999999911e+00
9.741353717859599359e-03 -1.729681000000000024e+00
9.761356497567728885e-03 -1.532488000000000072e+00
9.781359277275860145e-03 -8.532440000000000024e-01
9.801362056983989671e-03 -2.919019999999999948e-01
9.821364836692120931e-03 -5.439899999999999736e-01
9.841367616400252191e-03 -1.041547999999999918e+00
9.861370396108381717e-03 -1.405372999999999983e+00
9.881373175816512977e-03 -2.011487999999999943e+00
9.901375955524644237e-03 -2.465635999999999939e+00
9.921378735232773763e-03 -2.239113999999999827e+00
9.941381514940905023e-03 -1.540273999999999921e+00
9.961384294649034549e-03 -6.348329999999999806e-01
9.981387074357165809e-03 3.868229999999999724e-01
1.000138985406529707e-02 8.733499999999999597e-01
1.002139263377342659e-02 1.497229999999999950e-01
1.004139541348155786e-02 -1.042132000000000058e+00
1.006139819318968738e-02 -2.002923000000000009e+00
1.008140097289781864e-02 -2.576594000000000051e+00
1.010140375260594990e-02 -2.497041999999999984e+00
1.012140653231407943e-02 -1.555911999999999962e+00
1.014140931202221069e-02 -6.149120000000000141e-01
1.016141209173034195e-02 -2.734090000000000131e-01
1.018141487143847147e-02 -4.083100000000000063e-01
1.020141765114660273e-02 -7.462450000000000472e-01
1.022142043085473226e-02 -1.064453000000000094e+00
1.024142321056286352e-02 -1.380845000000000100e+00
1.026142599027099478e-02 -1.713913000000000020e+00
1.028142876997912430e-02 -1.965157999999999960e+00
1.030143154968725556e-02 -1.632738999999999940e+00
1.032143432939538509e-02 -9.028180000000000094e-01
1.034143710910351635e-02 -5.221230000000000038e-01
1.036143988881164761e-02 -8.101589999999999625e-01
1.038144266851977714e-02 -1.349893999999999927e+00
1.040144544822790840e-02 -1.612624000000000057e+00
1.042144822793603966e-02 -1.343534999999999924e+00
1.044145100764416918e-02 -7.621419999999999861e-01
1.046145378735230044e-02 -3.329750000000000210e-01
1.048145656706042997e-02 -2.972870000000000235e-01
1.050145934676856123e-02 -5.929799999999999516e-01
1.052146212647669249e-02 -1.018707999999999947e+00
1.054146490618482201e-02 -1.612624000000000057e+00
1.056146768589295327e-02 -1.999289000000000094e+00
1.058147046560108280e-02 -2.114205000000000112e+00
1.060147324530921406e-02 -2.027060999999999780e+00
1.062147602501734532e-02 -1.367672999999999917e+00
1.064147880472547485e-02 -3.640570000000000195e-01
1.066148158443360611e-02 2.235659999999999870e-01
1.068148436414173737e-02 3.201699999999999685e-02
1.070148714384986689e-02 -8.165829999999999478e-01
1.072148992355799815e-02 -1.864646999999999943e+00
1.074149270326612768e-02 -2.289400999999999797e+00
1.076149548297425894e-02 -1.970479000000000092e+00
1.078149826268239020e-02 -1.584916999999999909e+00
1.080150104239051972e-02 -1.468572999999999906e+00
1.082150382209865098e-02 -1.248215000000000074e+00
1.084150660180678051e-02 -7.271680000000000366e-01
1.086150938151491177e-02 -3.604879999999999751e-01
1.088151216122304303e-02 -3.906609999999999805e-01
1.090151494093117256e-02 -8.827030000000000154e-01
1.092151772063930382e-02 -1.430225000000000080e+00
1.094152050034743508e-02 -1.458255999999999997e+00
1.096152328005556460e-02 -9.773089999999999833e-01
1.098152605976369586e-02 -6.263319999999999999e-01
1.100152883947182539e-02 -5.579410000000000203e-01
1.102153161917995665e-02 -7.998420000000000529e-01
1.104153439888808791e-02 -1.307263000000000064e+00
1.106153717859621743e-02 -1.764979999999999993e+00
1.108153995830434869e-02 -2.037573000000000079e+00
1.110154273801247822e-02 -2.157420000000000115e+00
1.112154551772060948e-02 -2.204203999999999830e+00
1.114154829742874074e-02 -1.948612000000000011e+00
1.116155107713687027e-02 -1.264955999999999969e+00
1.118155385684500153e-02 -4.036379999999999968e-01
1.120155663655313279e-02 2.452380000000000115e-01
1.122155941626126231e-02 2.614600000000000257e-01
1.124156219596939357e-02 -5.356189999999999563e-01
1.126156497567752310e-02 -1.495760999999999896e+00
1.128156775538565436e-02 -1.861467999999999900e+00
1.130157053509378562e-02 -1.798526999999999987e+00
1.132157331480191514e-02 -1.603669000000000011e+00
1.134157609451004640e-02 -1.473829000000000056e+00
1.136157887421817593e-02 -1.200328000000000062e+00
1.138158165392630719e-02 -8.239800000000000457e-01
1.140158443363443845e-02 -4.846179999999999932e-01
1.142158721334256798e-02 -5.355550000000000033e-01
1.144158999305069924e-02 -1.013322000000000056e+00
1.146159277275883050e-02 -1.549034000000000022e+00
1.148159555246696002e-02 -1.866009999999999946e+00
1.150159833217509128e-02 -1.889240000000000030e+00
1.152160111188322081e-02 -1.763552000000000008e+00
1.154160389159135207e-02 -1.599580999999999920e+00
1.156160667129948333e-02 -1.387917999999999985e+00
1.158160945100761285e-02 -1.209672000000000081e+00
1.160161223071574411e-02 -1.008326000000000056e+00
1.162161501042387364e-02 -7.296329999999999760e-01
1.164161779013200490e-02 -5.044079999999999675e-01
1.166162056984013616e-02 -7.023810000000000331e-01
1.168162334954826569e-02 -1.197278000000000064e+00
1.170162612925639695e-02 -1.511528999999999900e+00
1.172162890896452821e-02 -1.390903000000000000e+00
1.174163168867265773e-02 -1.062311999999999923e+00
1.176163446838078899e-02 -8.181399999999999784e-01
1.178163724808891852e-02 -8.342969999999999553e-01
1.180164002779704978e-02 -1.101634000000000002e+00
1.182164280750518104e-02 -1.339512000000000036e+00
1.184164558721331056e-02 -1.425164000000000097e+00
1.186164836692144182e-02 -1.536056000000000088e+00
1.188165114662957135e-02 -1.775231999999999921e+00
1.190165392633770261e-02 -1.866789000000000032e+00
1.192165670604583387e-02 -1.527751000000000081e+00
1.194165948575396340e-02 -9.954779999999999740e-01
1.196166226546209466e-02 -6.220499999999999918e-01
1.198166504517022592e-02 -7.103620000000000489e-01
1.200166782487835544e-02 -1.083984999999999976e+00
1.202167060458648670e-02 -1.463122999999999951e+00
1.204167338429461623e-02 -1.634621000000000102e+00
1.206167616400274749e-02 -1.495567000000000091e+00
1.208167894371087875e-02 -1.010596999999999968e+00
1.210168172341900827e-02 -6.086829999999999741e-01
1.212168450312713953e-02 -6.372330000000000494e-01
1.214168728283526906e-02 -8.501950000000000340e-01
1.216169006254340032e-02 -1.090278999999999998e+00
1.218169284225153158e-02 -1.391356999999999955e+00
1.220169562195966111e-02 -1.729097000000000106e+00
1.222169840166779237e-02 -1.838627000000000011e+00
1.224170118137592363e-02 -1.567201999999999984e+00
1.226170396108405315e-02 -9.806829999999999714e-01
1.228170674079218441e-02 -3.998099999999999987e-01
1.230170952050031394e-02 -2.473889999999999978e-01
1.232171230020844520e-02 -7.252210000000000045e-01
1.234171507991657646e-02 -1.613337999999999939e+00
1.236171785962470598e-02 -2.241514000000000006e+00
1.238172063933283724e-02 -2.268962000000000145e+00
1.240172341904096677e-02 -1.732990000000000030e+00
1.242172619874909803e-02 -1.001447999999999894e+00
1.244172897845722929e-02 -4.433489999999999931e-01
1.246173175816535882e-02 -1.819820000000000049e-01
1.248173453787349008e-02 -3.021539999999999782e-01
1.250173731758162134e-02 -8.134679999999999689e-01
1.252174009728975086e-02 -1.544880999999999949e+00
1.254174287699788212e-02 -2.128544999999999909e+00
1.256174565670601165e-02 -2.295500999999999792e+00
1.258174843641414291e-02 -1.926096000000000030e+00
1.260175121612227417e-02 -1.211748000000000047e+00
1.262175399583040369e-02 -4.806599999999999762e-01
1.264175677553853495e-02 -1.669279999999999931e-01
1.266175955524666448e-02 -4.942210000000000214e-01
1.268176233495479574e-02 -1.094560999999999895e+00
1.270176511466292700e-02 -1.525155000000000038e+00
1.272176789437105653e-02 -1.636956999999999995e+00
1.274177067407918779e-02 -1.587382999999999988e+00
1.276177345378731905e-02 -1.508544000000000107e+00
1.278177623349544857e-02 -1.351711000000000107e+00
1.280177901320357983e-02 -1.185469000000000106e+00
1.282178179291170936e-02 -1.077884999999999982e+00
1.284178457261984062e-02 -1.011309999999999931e+00
1.286178735232797188e-02 -1.097676000000000096e+00
1.288179013203610140e-02 -1.369620000000000060e+00
1.290179291174423266e-02 -1.455076999999999954e+00
1.292179569145236219e-02 -1.284877000000000047e+00
1.294179847116049345e-02 -8.961350000000000149e-01
1.296180125086862471e-02 -7.156829999999999581e-01
1.298180403057675424e-02 -8.092500000000000249e-01
1.300180681028488550e-02 -1.139853000000000005e+00
1.302180958999301676e-02 -1.346519999999999939e+00
1.304181236970114628e-02 -1.422244000000000064e+00
1.306181514940927754e-02 -1.407448999999999950e+00
1.308181792911740707e-02 -1.394212000000000007e+00
1.310182070882553833e-02 -1.399663000000000102e+00
1.312182348853366959e-02 -1.381234999999999991e+00
1.314182626824179911e-02 -1.234717999999999982e+00
1.316182904794993037e-02 -9.916490000000000027e-01
1.318183182765805990e-02 -8.321560000000000068e-01
1.320183460736619116e-02 -8.913980000000000237e-01
1.322183738707432242e-02 -1.100270999999999999e+00
1.324184016678245195e-02 -1.254834000000000005e+00
1.326184294649058321e-02 -1.277090000000000058e+00
1.328184572619871447e-02 -1.328546000000000005e+00
1.330184850590684399e-02 -1.429445999999999994e+00
1.332185128561497525e-02 -1.567007999999999956e+00
1.334185406532310478e-02 -1.548774000000000095e+00
1.336185684503123604e-02 -1.331012000000000084e+00
1.338185962473936730e-02 -1.061792999999999987e+00
1.340186240444749682e-02 -9.414909999999999668e-01
1.342186518415562808e-02 -1.026235000000000008e+00
1.344186796386375761e-02 -1.223557999999999923e+00
1.346187074357188887e-02 -1.290586999999999929e+00
1.348187352328002013e-02 -1.153478999999999921e+00
1.350187630298814966e-02 -1.044467999999999952e+00
1.352187908269628092e-02 -9.551180000000000225e-01
1.354188186240441218e-02 -9.553120000000000500e-01
1.356188464211254170e-02 -1.056407000000000096e+00
1.358188742182067296e-02 -1.212331999999999965e+00
1.360189020152880249e-02 -1.378314999999999957e+00
1.362189298123693375e-02 -1.548450000000000104e+00
1.364189576094506501e-02 -1.633842000000000017e+00
1.366189854065319453e-02 -1.540988000000000024e+00
1.368190132036132579e-02 -1.348661000000000110e+00
1.370190410006945532e-02 -1.018189000000000011e+00
1.372190687977758658e-02 -7.321640000000000370e-01
1.374190965948571784e-02 -7.286599999999999744e-01
1.376191243919384737e-02 -1.105656999999999890e+00
1.378191521890197863e-02 -1.547671000000000019e+00
1.380191799861010989e-02 -1.664209000000000049e+00
1.382192077831823941e-02 -1.651621000000000006e+00
1.384192355802637067e-02 -1.498941000000000079e+00
1.386192633773450020e-02 -1.263657999999999948e+00
1.388192911744263146e-02 -8.976920000000000455e-01
1.390193189715076272e-02 -6.269810000000000105e-01
1.392193467685889224e-02 -5.757200000000000095e-01
1.394193745656702350e-02 -8.610309999999999908e-01
1.396194023627515303e-02 -1.424060000000000104e+00
1.398194301598328429e-02 -1.833047000000000093e+00
1.400194579569141555e-02 -1.902347000000000010e+00
1.402194857539954508e-02 -1.637540999999999913e+00
1.404195135510767634e-02 -1.212785999999999920e+00
1.406195413481580760e-02 -8.184639999999999693e-01
1.408195691452393712e-02 -6.618910000000000071e-01
1.410195969423206838e-02 -6.392449999999999521e-01
1.412196247394019791e-02 -8.621339999999999559e-01
1.414196525364832917e-02 -1.363196000000000074e+00
1.416196803335646043e-02 -1.805534999999999890e+00
1.418197081306458995e-02 -1.916037999999999908e+00
1.420197359277272121e-02 -1.783797000000000077e+00
1.422197637248085074e-02 -1.396613000000000104e+00
1.424197915218898200e-02 -8.252129999999999743e-01
1.426198193189711326e-02 -4.700179999999999914e-01
1.428198471160524279e-02 -4.895490000000000119e-01
1.430198749131337405e-02 -8.868559999999999777e-01
1.432199027102150531e-02 -1.319655999999999940e+00
1.434199305072963483e-02 -1.564867000000000008e+00
1.436199583043776609e-02 -1.578947000000000100e+00
1.438199861014589562e-02 -1.389280999999999988e+00
1.440200138985402688e-02 -1.217457999999999929e+00
1.442200416956215814e-02 -1.061598000000000042e+00
1.444200694927028766e-02 -9.318880000000000496e-01
1.446200972897841892e-02 -9.595299999999999940e-01
1.448201250868654845e-02 -1.193515000000000104e+00
1.450201528839467971e-02 -1.460072999999999954e+00
1.452201806810281097e-02 -1.603345000000000020e+00
1.454202084781094050e-02 -1.517174000000000023e+00
1.456202362751907176e-02 -1.212331999999999965e+00
1.458202640722720302e-02 -9.418159999999999865e-01
1.460202918693533254e-02 -8.740729999999999889e-01
1.462203196664346380e-02 -1.007935999999999943e+00
1.464203474635159333e-02 -1.210904999999999898e+00
1.466203752605972459e-02 -1.440930999999999962e+00
1.468204030576785585e-02 -1.455726000000000075e+00
1.470204308547598537e-02 -1.265085999999999933e+00
1.472204586518411663e-02 -1.114352000000000009e+00
1.474204864489224616e-02 -9.566750000000000531e-01
1.476205142460037742e-02 -8.130789999999999962e-01
1.478205420430850868e-02 -7.946509999999999962e-01
1.480205698401663821e-02 -9.101510000000000433e-01
1.482205976372476947e-02 -1.066400000000000015e+00
1.484206254343290073e-02 -1.360600000000000032e+00
1.486206532314103025e-02 -1.555976999999999943e+00
1.488206810284916151e-02 -1.451054000000000066e+00
1.490207088255729104e-02 -1.224401000000000073e+00
1.492207366226542230e-02 -1.116168999999999967e+00
1.494207644197355356e-02 -1.103904999999999914e+00
1.496207922168168308e-02 -1.120581000000000049e+00
1.498208200138981434e-02 -1.128627000000000047e+00
1.500208478109794387e-02 -1.053487000000000062e+00
1.502208756080607513e-02 -9.677710000000000479e-01
1.504209034051420639e-02 -9.612169999999999881e-01
1.506209312022233592e-02 -9.789959999999999773e-01
1.508209589993046718e-02 -1.029608999999999996e+00
1.510209867963859844e-02 -1.136414000000000035e+00
1.512210145934672796e-02 -1.144913999999999987e+00
1.514210423905485922e-02 -1.132519999999999971e+00
1.516210701876298875e-02 -1.216550000000000020e+00
1.518210979847112001e-02 -1.283188999999999913e+00
1.520211257817925127e-02 -1.328675999999999968e+00
1.522211535788738079e-02 -1.328351000000000059e+00
1.524211813759551205e-02 -1.302591000000000054e+00
1.526212091730364158e-02 -1.208828000000000014e+00
1.528212369701177284e-02 -1.079312999999999967e+00
1.530212647671990410e-02 -9.858740000000000281e-01
1.532212925642803363e-02 -7.986090000000000133e-01
1.534213203613616489e-02 -6.646159999999999846e-01
1.536213481584429441e-02 -6.995249999999999524e-01
1.538213759555242567e-02 -9.741950000000000331e-01
1.540214037526055693e-02 -1.275857000000000019e+00
1.542214315496868646e-02 -1.474218999999999946e+00
1.544214593467681772e-02 -1.554939000000000071e+00
1.546214871438494898e-02 -1.513085999999999931e+00
1.548215149409307850e-02 -1.259246000000000087e+00
1.550215427380120976e-02 -1.005146000000000095e+00
1.552215705350933929e-02 -7.997119999999999784e-01
1.554215983321747055e-02 -7.321640000000000370e-01
1.556216261292560181e-02 -8.968490000000000073e-01
1.558216539263373134e-02 -1.202598999999999974e+00
1.560216817234186260e-02 -1.415040999999999993e+00
1.562217095204999212e-02 -1.526194000000000051e+00
1.564217373175812512e-02 -1.487260999999999944e+00
1.566217651146625464e-02 -1.230760000000000076e+00
1.568217929117438417e-02 -8.930200000000000360e-01
1.570218207088251369e-02 -7.466340000000000199e-01
1.572218485059064669e-02 -8.568780000000000285e-01
1.574218763029877621e-02 -1.110587999999999909e+00
1.576219041000690574e-02 -1.313167999999999891e+00
1.578219318971503873e-02 -1.382403000000000048e+00
1.580219596942316826e-02 -1.298761999999999972e+00
1.582219874913129778e-02 -1.180018000000000011e+00
1.584220152883943078e-02 -9.575829999999999620e-01
1.586220430854756031e-02 -7.160069999999999490e-01
1.588220708825568983e-02 -6.707149999999999501e-01
1.590220986796382283e-02 -7.606500000000000483e-01
1.592221264767195235e-02 -1.174242999999999926e+00
1.594221542738008188e-02 -1.617424999999999891e+00
1.596221820708821140e-02 -1.700611000000000095e+00
1.598222098679634440e-02 -1.491284000000000054e+00
1.600222376650447392e-02 -1.225114999999999954e+00
1.602222654621260345e-02 -9.428539999999999699e-01
1.604222932592073644e-02 -7.127630000000000354e-01
1.606223210562886597e-02 -6.478099999999999969e-01
1.608223488533699549e-02 -7.197700000000000209e-01
1.610223766504512849e-02 -9.424649999999999972e-01
1.612224044475325802e-02 -1.158930000000000016e+00
1.614224322446138754e-02 -1.298437999999999981e+00
1.616224600416952054e-02 -1.331531000000000020e+00
1.618224878387765006e-02 -1.274364999999999970e+00
1.620225156358577959e-02 -1.100854999999999917e+00
1.622225434329390911e-02 -9.293569999999999887e-01
1.624225712300204211e-02 -9.172879999999999923e-01
1.626225990271017163e-02 -1.071525999999999978e+00
1.628226268241830116e-02 -1.248345000000000038e+00
1.630226546212643415e-02 -1.259441000000000033e+00
1.632226824183456368e-02 -1.164639999999999898e+00
1.634227102154269320e-02 -1.002615000000000034e+00
1.636227380125082620e-02 -9.157960000000000544e-01
1.638227658095895573e-02 -9.387010000000000076e-01
1.640227936066708525e-02 -1.004172999999999982e+00
1.642228214037521825e-02 -1.129925000000000068e+00
1.644228492008334777e-02 -1.258661999999999948e+00
1.646228769979147730e-02 -1.432107000000000019e+00
1.648229047949960682e-02 -1.488623999999999947e+00
1.650229325920773982e-02 -1.406280999999999892e+00
1.652229603891586934e-02 -1.175605999999999929e+00
1.654229881862399887e-02 -8.794589999999999907e-01
1.656230159833213186e-02 -7.073120000000000518e-01
1.658230437804026139e-02 -7.079609999999999514e-01
1.660230715774839091e-02 -9.085280000000000022e-01
1.662230993745652391e-02 -1.079831999999999903e+00
1.664231271716465344e-02 -1.275207999999999897e+00
1.666231549687278296e-02 -1.285914999999999919e+00
1.668231827658091596e-02 -1.212137999999999938e+00
1.670232105628904548e-02 -1.147574000000000094e+00
1.672232383599717501e-02 -1.034151000000000042e+00
1.674232661570530453e-02 -9.122270000000000101e-01
1.676232939541343753e-02 -8.140519999999999978e-01
1.678233217512156705e-02 -8.542819999999999858e-01
1.680233495482969658e-02 -1.010726000000000013e+00
1.682233773453782957e-02 -1.182808000000000082e+00
1.684234051424595910e-02 -1.322122000000000019e+00
1.686234329395408862e-02 -1.386230999999999991e+00
1.688234607366222162e-02 -1.350867000000000040e+00
1.690234885337035114e-02 -1.322187000000000001e+00
1.692235163307848067e-02 -1.182679000000000036e+00
1.694235441278661367e-02 -1.040056000000000092e+00
1.696235719249474319e-02 -9.386360000000000259e-01
1.698235997220287272e-02 -8.956809999999999494e-01
1.700236275191100224e-02 -9.054790000000000338e-01
1.702236553161913524e-02 -9.790609999999999591e-01
1.704236831132726476e-02 -1.076392999999999933e+00
1.706237109103539429e-02 -1.143097000000000030e+00
1.708237387074352728e-02 -1.177747000000000099e+00
1.710237665045165681e-02 -1.145367999999999942e+00
1.712237943015978633e-02 -1.115650000000000031e+00
1.714238220986791933e-02 -1.100141999999999953e+00
1.716238498957604885e-02 -1.114416999999999991e+00
1.718238776928417838e-02 -1.146082000000000045e+00
1.720239054899231138e-02 -1.183847000000000094e+00
1.722239332870044090e-02 -1.283188999999999913e+00
1.724239610840857043e-02 -1.330816999999999917e+00
1.726239888811669995e-02 -1.257754000000000039e+00
1.728240166782483295e-02 -1.079053000000000040e+00
1.730240444753296247e-02 -8.544770000000000421e-01
1.732240722724109200e-02 -7.639590000000000547e-01
1.734241000694922499e-02 -8.481830000000000203e-01
1.736241278665735452e-02 -1.029997999999999969e+00
1.738241556636548404e-02 -1.242180000000000062e+00
1.740241834607361704e-02 -1.376109000000000027e+00
1.742242112578174656e-02 -1.435610000000000053e+00
1.744242390548987609e-02 -1.404139999999999944e+00
1.746242668519800909e-02 -1.190399999999999903e+00
1.748242946490613861e-02 -9.492779999999999552e-01
1.750243224461426814e-02 -8.001660000000000439e-01
1.752243502432239766e-02 -8.178800000000000514e-01
1.754243780403053066e-02 -9.977489999999999970e-01
1.756244058373866018e-02 -1.178914999999999935e+00
1.758244336344678971e-02 -1.367348999999999926e+00
1.760244614315492270e-02 -1.384997999999999951e+00
1.762244892286305223e-02 -1.295128999999999975e+00
1.764245170257118175e-02 -1.124279999999999946e+00
1.766245448227931475e-02 -1.011246000000000089e+00
1.768245726198744427e-02 -1.019811000000000023e+00
1.770246004169557380e-02 -1.104035000000000100e+00
1.772246282140370680e-02 -1.226996999999999893e+00
1.774246560111183632e-02 -1.261905999999999972e+00
1.776246838081996585e-02 -1.258078000000000030e+00
1.778247116052809537e-02 -1.162627999999999995e+00
1.780247394023622837e-02 -1.026105000000000045e+00
1.782247671994435789e-02 -9.128110000000000390e-01
1.784247949965248742e-02 -8.756950000000000012e-01
1.786248227936062041e-02 -9.595299999999999940e-01
1.788248505906874994e-02 -1.182549000000000072e+00
1.790248783877687946e-02 -1.425748000000000015e+00
1.792249061848501246e-02 -1.530475999999999948e+00
1.794249339819314198e-02 -1.425098999999999894e+00
1.796249617790127151e-02 -1.177488000000000090e+00
1.798249895760940451e-02 -9.296170000000000266e-01
1.800250173731753403e-02 -7.829059999999999908e-01
1.802250451702566356e-02 -8.025020000000000486e-01
1.804250729673379308e-02 -9.416210000000000413e-01
1.806251007644192608e-02 -1.146276999999999990e+00
1.808251285615005560e-02 -1.270731000000000055e+00
1.810251563585818513e-02 -1.313361999999999918e+00
1.812251841556631812e-02 -1.302786000000000000e+00
1.814252119527444765e-02 -1.233225999999999933e+00
1.816252397498257717e-02 -1.099037999999999959e+00
1.818252675469071017e-02 -1.004367000000000010e+00
1.820252953439883969e-02 -9.972950000000000426e-01
1.822253231410696922e-02 -1.095989000000000102e+00
1.824253509381510222e-02 -1.262035999999999936e+00
1.826253787352323174e-02 -1.357226000000000043e+00
1.828254065323136127e-02 -1.341393999999999975e+00
1.830254343293949079e-02 -1.201561000000000101e+00
1.832254621264762379e-02 -1.048880000000000035e+00
1.834254899235575331e-02 -9.965159999999999574e-01
1.836255177206388284e-02 -9.932069999999999510e-01
1.838255455177201583e-02 -1.048491000000000062e+00
1.840255733148014536e-02 -1.098648999999999987e+00
1.842256011118827488e-02 -1.179240000000000066e+00
1.844256289089640788e-02 -1.259246000000000087e+00
1.846256567060453740e-02 -1.301617999999999942e+00
1.848256845031266693e-02 -1.261257000000000073e+00
1.850257123002079993e-02 -1.170090000000000074e+00
1.852257400972892945e-02 -1.060429999999999984e+00
1.854257678943705898e-02 -9.667329999999999535e-01
1.856257956914518850e-02 -9.573239999999999528e-01
1.858258234885332150e-02 -1.006183999999999967e+00
1.860258512856145102e-02 -1.088397000000000059e+00
1.862258790826958055e-02 -1.168014000000000108e+00
1.864259068797771354e-02 -1.250615999999999950e+00
1.866259346768584307e-02 -1.290197000000000038e+00
1.868259624739397259e-02 -1.282734999999999959e+00
1.870259902710210559e-02 -1.254834000000000005e+00
1.872260180681023511e-02 -1.152765000000000040e+00
1.874260458651836464e-02 -1.045182000000000055e+00
1.876260736622649763e-02 -9.889890000000000070e-01
1.878261014593462716e-02 -9.873020000000000129e-01
1.880261292564275669e-02 -1.058483999999999980e+00
1.882261570535088621e-02 -1.129664999999999919e+00
1.884261848505901921e-02 -1.187675000000000036e+00
1.886262126476714873e-02 -1.207920000000000105e+00
1.888262404447527826e-02 -1.185469000000000106e+00
1.890262682418341125e-02 -1.116233999999999948e+00
1.892262960389154078e-02 -1.058029000000000108e+00
1.894263238359967030e-02 -1.016177000000000108e+00
1.896263516330780330e-02 -1.030971000000000082e+00
1.898263794301593282e-02 -1.084308999999999967e+00
1.900264072272406235e-02 -1.175346000000000002e+00
1.902264350243219534e-02 -1.211554000000000020e+00
1.904264628214032487e-02 -1.195786000000000016e+00
1.906264906184845440e-02 -1.134597000000000078e+00
1.908265184155658392e-02 -1.099622000000000099e+00
1.910265462126471692e-02 -1.063544999999999963e+00
1.912265740097284644e-02 -1.084049000000000040e+00
1.914266018068097597e-02 -1.142902000000000085e+00
1.916266296038910896e-02 -1.221740999999999966e+00
1.918266574009723849e-02 -1.276766000000000068e+00
1.920266851980536801e-02 -1.305056999999999912e+00
1.922267129951350101e-02 -1.241271999999999931e+00
1.924267407922163053e-02 -1.060365000000000002e+00
1.926267685892976006e-02 -8.808209999999999651e-01
1.928267963863789305e-02 -7.965969999999999995e-01
1.930268241834602258e-02 -8.486369999999999747e-01
1.932268519805415211e-02 -9.778930000000000122e-01
1.934268797776228163e-02 -1.129925000000000068e+00
1.936269075747041463e-02 -1.232836999999999961e+00
1.938269353717854415e-02 -1.307328000000000046e+00
1.940269631688667368e-02 -1.307846999999999982e+00
1.942269909659480667e-02 -1.238351999999999897e+00
1.944270187630293620e-02 -1.143875999999999893e+00
1.946270465601106572e-02 -1.086256000000000110e+00
1.948270743571919872e-02 -1.050243000000000038e+00
1.950271021542732824e-02 -1.119477999999999973e+00
1.952271299513545777e-02 -1.259959999999999969e+00
1.954271577484359076e-02 -1.352878999999999943e+00
1.956271855455172029e-02 -1.341717999999999966e+00
1.958272133425984982e-02 -1.247047000000000017e+00
1.960272411396797934e-02 -1.098519000000000023e+00
1.962272689367611234e-02 -1.000863999999999976e+00
1.964272967338424186e-02 -9.941799999999999526e-01
1.966273245309237139e-02 -1.095793999999999935e+00
1.968273523280050438e-02 -1.196824000000000110e+00
1.970273801250863391e-02 -1.242439999999999989e+00
1.972274079221676343e-02 -1.210904999999999898e+00
1.974274357192489643e-02 -1.141215000000000090e+00
1.976274635163302595e-02 -1.017994000000000065e+00
1.978274913134115548e-02 -9.208570000000000366e-01
1.980275191104928847e-02 -8.566179999999999906e-01
1.982275469075741800e-02 -9.247499999999999609e-01
1.984275747046554753e-02 -1.102997000000000005e+00
1.986276025017367705e-02 -1.332958000000000087e+00
1.988276302988181005e-02 -1.492517000000000094e+00
1.990276580958993957e-02 -1.528853999999999935e+00
1.992276858929806910e-02 -1.399078999999999962e+00
1.994277136900620209e-02 -1.197732000000000019e+00
1.996277414871433162e-02 -1.019485999999999892e+00
1.998277692842246114e-02 -9.190399999999999681e-01
2.000277970813059414e-02 -8.819249999999999590e-01
2.002278248783872366e-02 -9.446059999999999457e-01
2.004278526754685319e-02 -1.029025000000000079e+00
2.006278804725498618e-02 -1.101180000000000048e+00
2.008279082696311571e-02 -1.145043999999999951e+00
2.010279360667124524e-02 -1.154193000000000024e+00
2.012279638637937476e-02 -1.133817999999999993e+00
2.014279916608750776e-02 -1.110652999999999890e+00
2.016280194579563728e-02 -1.126681000000000044e+00
2.018280472550376681e-02 -1.146471000000000018e+00
2.020280750521189980e-02 -1.175216000000000038e+00
2.022281028492002933e-02 -1.209607000000000099e+00
2.024281306462815885e-02 -1.181640000000000024e+00
2.026281584433629185e-02 -1.117920999999999943e+00
2.028281862404442137e-02 -1.060494999999999965e+00
2.030282140375255090e-02 -1.022731000000000057e+00
2.032282418346068389e-02 -1.034475000000000033e+00
2.034282696316881342e-02 -1.067957000000000045e+00
2.036282974287694295e-02 -1.131351999999999913e+00
2.038283252258507247e-02 -1.157696999999999976e+00
2.040283530229320547e-02 -1.187090999999999896e+00
2.042283808200133499e-02 -1.183847000000000094e+00
2.044284086170946452e-02 -1.162563000000000013e+00
2.046284364141759751e-02 -1.121490000000000098e+00
2.048284642112572704e-02 -1.097285999999999984e+00
2.050284920083385656e-02 -1.057120999999999977e+00
2.052285198054198956e-02 -1.037071000000000076e+00
2.054285476025011908e-02 -1.009752999999999901e+00
2.056285753995824861e-02 -1.029025000000000079e+00
2.058286031966638160e-02 -1.059002999999999917e+00
2.060286309937451113e-02 -1.111691999999999902e+00
2.062286587908264066e-02 -1.187415000000000109e+00
2.064286865879077018e-02 -1.259830000000000005e+00
2.066287143849890318e-02 -1.285331000000000001e+00
2.068287421820703270e-02 -1.240817999999999977e+00
2.070287699791516223e-02 -1.179434000000000093e+00
2.072287977762329522e-02 -1.126031999999999922e+00
2.074288255733142475e-02 -1.057185999999999959e+00
2.076288533703955427e-02 -1.052967999999999904e+00
2.078288811674768727e-02 -1.060494999999999965e+00
2.080289089645581679e-02 -1.123825999999999992e+00
2.082289367616394632e-02 -1.168014000000000108e+00
2.084289645587207931e-02 -1.166781000000000068e+00
2.086289923558020884e-02 -1.149197000000000024e+00
2.088290201528833837e-02 -1.114157000000000064e+00
2.090290479499646789e-02 -1.080416000000000043e+00
2.092290757470460089e-02 -1.097869999999999902e+00
2.094291035441273041e-02 -1.188258999999999954e+00
2.096291313412085994e-02 -1.260218999999999978e+00
2.098291591382899293e-02 -1.258791999999999911e+00
2.100291869353712246e-02 -1.190530000000000088e+00
2.102292147324525198e-02 -1.076003000000000043e+00
2.104292425295338498e-02 -9.734159999999999480e-01
2.106292703266151450e-02 -9.169640000000000013e-01
2.108292981236964403e-02 -9.590109999999999468e-01
2.110293259207777702e-02 -1.056148000000000087e+00
2.112293537178590655e-02 -1.192412000000000027e+00
2.114293815149403608e-02 -1.312972999999999946e+00
2.116294093120216560e-02 -1.390773000000000037e+00
2.118294371091029860e-02 -1.358913000000000038e+00
2.120294649061842812e-02 -1.220768000000000075e+00
2.122294927032655765e-02 -1.034734999999999960e+00
2.124295205003469064e-02 -9.054140000000000521e-01
2.126295482974282017e-02 -8.783560000000000256e-01
2.128295760945094969e-02 -9.525219999999999798e-01
2.130296038915908269e-02 -1.080090999999999912e+00
2.132296316886721221e-02 -1.215770999999999935e+00
2.134296594857534174e-02 -1.263139000000000012e+00
2.136296872828347473e-02 -1.239649999999999919e+00
2.138297150799160426e-02 -1.188908000000000076e+00
2.140297428769973379e-02 -1.129210999999999965e+00
2.142297706740786331e-02 -1.109550000000000036e+00
2.144297984711599631e-02 -1.092419999999999947e+00
2.146298262682412583e-02 -1.136284000000000072e+00
2.148298540653225536e-02 -1.196174999999999988e+00
2.150298818624038835e-02 -1.243543000000000065e+00
2.152299096594851788e-02 -1.240429000000000004e+00
2.154299374565664740e-02 -1.179564000000000057e+00
2.156299652536478040e-02 -1.063220000000000054e+00
2.158299930507290992e-02 -9.779579999999999940e-01
2.160300208478103945e-02 -9.607630000000000337e-01
2.162300486448917244e-02 -1.022211999999999898e+00
2.164300764419730197e-02 -1.118894000000000055e+00
2.166301042390543150e-02 -1.190140999999999893e+00
2.168301320361356102e-02 -1.216809000000000029e+00
2.170301598332169402e-02 -1.179240000000000066e+00
2.172301876302982354e-02 -1.112340000000000106e+00
2.174302154273795307e-02 -1.058224000000000053e+00
2.176302432244608606e-02 -9.998249999999999638e-01
2.178302710215421559e-02 -9.867179999999999840e-01
2.180302988186234511e-02 -9.904809999999999448e-01
2.182303266157047811e-02 -1.064063999999999899e+00
2.184303544127860763e-02 -1.141928999999999972e+00
2.186303822098673716e-02 -1.206752000000000047e+00
2.188304100069487015e-02 -1.235497000000000067e+00
2.190304378040299968e-02 -1.207854999999999901e+00
2.192304656011112921e-02 -1.137841000000000102e+00
2.194304933981925873e-02 -1.087682999999999955e+00
2.196305211952739173e-02 -1.042391999999999985e+00
2.198305489923552125e-02 -1.062311999999999923e+00
2.200305767894365078e-02 -1.053552000000000044e+00
2.202306045865178377e-02 -1.071914999999999951e+00
2.204306323835991330e-02 -1.067763000000000018e+00
2.206306601806804282e-02 -1.058613000000000026e+00
2.208306879777617582e-02 -1.064648000000000039e+00
2.210307157748430534e-02 -1.087358999999999964e+00
2.212307435719243487e-02 -1.114870999999999945e+00
2.214307713690056786e-02 -1.141280000000000072e+00
2.216307991660869739e-02 -1.145432999999999923e+00
2.218308269631682692e-02 -1.166522000000000059e+00
2.220308547602495644e-02 -1.185727999999999893e+00
2.222308825573308944e-02 -1.175670999999999911e+00
2.224309103544121896e-02 -1.117011999999999894e+00
2.226309381514934849e-02 -1.088332000000000077e+00
2.228309659485748148e-02 -1.049334999999999907e+00
2.230309937456561101e-02 -1.039536999999999933e+00
2.232310215427374053e-02 -1.054850000000000065e+00
2.234310493398187353e-02 -1.102348000000000106e+00
2.236310771369000305e-02 -1.129340999999999928e+00
2.238311049339813258e-02 -1.162822999999999940e+00
2.240311327310626557e-02 -1.162887999999999922e+00
2.242311605281439510e-02 -1.152959999999999985e+00
2.244311883252252462e-02 -1.132975000000000065e+00
2.246312161223065415e-02 -1.084373999999999949e+00
2.248312439193878715e-02 -1.048945000000000016e+00
2.250312717164691667e-02 -9.906760000000000010e-01
2.252312995135504620e-02 -9.848360000000000447e-01
2.254313273106317919e-02 -1.015139000000000014e+00
2.256313551077130872e-02 -1.071460999999999997e+00
2.258313829047943824e-02 -1.151337999999999973e+00
2.260314107018757124e-02 -1.219081000000000081e+00
2.262314384989570076e-02 -1.211228999999999889e+00
2.264314662960383029e-02 -1.201041999999999943e+00
2.266314940931196328e-02 -1.147054999999999936e+00
2.268315218902009281e-02 -1.095728999999999953e+00
2.270315496872822233e-02 -1.066205000000000069e+00
2.272315774843635186e-02 -1.069514999999999993e+00
2.274316052814448486e-02 -1.088915999999999995e+00
2.276316330785261438e-02 -1.132975000000000065e+00
2.278316608756074391e-02 -1.156333999999999973e+00
2.280316886726887690e-02 -1.135895000000000099e+00
2.282317164697700643e-02 -1.119801999999999964e+00
2.284317442668513595e-02 -1.055628999999999929e+00
2.286317720639326895e-02 -1.000539000000000067e+00
2.288317998610139847e-02 -1.010078000000000031e+00
2.290318276580952800e-02 -1.084893000000000107e+00
2.292318554551766099e-02 -1.161979000000000095e+00
2.294318832522579052e-02 -1.215900999999999899e+00
2.296319110493392004e-02 -1.231020000000000003e+00
2.298319388464204957e-02 -1.178590999999999944e+00
2.300319666435018257e-02 -1.082621999999999973e+00
2.302319944405831209e-02 -9.989170000000000549e-01
2.304320222376644162e-02 -9.717289999999999539e-01
2.306320500347457461e-02 -9.616710000000000536e-01
2.308320778318270414e-02 -1.061922999999999950e+00
2.310321056289083366e-02 -1.179759000000000002e+00
2.312321334259896666e-02 -1.250356000000000023e+00
2.314321612230709618e-02 -1.307587000000000055e+00
2.316321890201522571e-02 -1.255676999999999932e+00
2.318322168172335870e-02 -1.173205000000000053e+00
2.320322446143148823e-02 -1.057185999999999959e+00
2.322322724113961775e-02 -1.006702999999999903e+00
2.324323002084774728e-02 -1.005080999999999891e+00
2.326323280055588028e-02 -1.063998999999999917e+00
2.328323558026400980e-02 -1.138425000000000020e+00
2.330323835997213933e-02 -1.158280999999999894e+00
2.332324113968027232e-02 -1.113183999999999951e+00
2.334324391938840185e-02 -1.083010999999999946e+00
2.336324669909653137e-02 -1.044337999999999989e+00
2.338324947880466437e-02 -1.014229999999999965e+00
2.340325225851279389e-02 -1.058548999999999962e+00
2.342325503822092342e-02 -1.092678999999999956e+00
2.344325781792905641e-02 -1.151791999999999927e+00
2.346326059763718594e-02 -1.194876999999999967e+00
2.348326337734531546e-02 -1.203637000000000068e+00
2.350326615705344499e-02 -1.161005999999999982e+00
2.352326893676157799e-02 -1.102606999999999893e+00
2.354327171646970751e-02 -1.040964000000000000e+00
2.356327449617783704e-02 -1.026105000000000045e+00
2.358327727588597003e-02 -1.047582999999999931e+00
2.360328005559409956e-02 -1.116039000000000003e+00
2.362328283530222908e-02 -1.158411000000000080e+00
2.364328561501036208e-02 -1.183910999999999936e+00
2.366328839471849160e-02 -1.144913999999999987e+00
2.368329117442662113e-02 -1.110394000000000103e+00
2.370329395413475412e-02 -1.062376999999999905e+00
2.372329673384288365e-02 -1.042910999999999921e+00
2.374329951355101317e-02 -1.028181000000000012e+00
2.376330229325914270e-02 -1.019681000000000060e+00
2.378330507296727570e-02 -1.049009999999999998e+00
2.380330785267540522e-02 -1.080740000000000034e+00
2.382331063238353475e-02 -1.106111000000000066e+00
2.384331341209166774e-02 -1.125318000000000040e+00
2.386331619179979727e-02 -1.139853000000000005e+00
2.388331897150792679e-02 -1.124020000000000019e+00
2.390332175121605979e-02 -1.116753000000000107e+00
2.392332453092418931e-02 -1.121359999999999912e+00
2.394332731063231884e-02 -1.124344999999999928e+00
2.396333009034045183e-02 -1.127718999999999916e+00
2.398333287004858136e-02 -1.129536000000000096e+00
2.400333564975671088e-02 -1.124992999999999910e+00
2.402333842946484041e-02 -1.097545999999999911e+00
2.404334120917297341e-02 -1.096702000000000066e+00
2.406334398888110293e-02 -1.073862000000000094e+00
2.408334676858923246e-02 -1.043039999999999967e+00
2.410334954829736545e-02 -1.027338000000000084e+00
2.412335232800549498e-02 -1.005924999999999958e+00
2.414335510771362450e-02 -1.010207000000000077e+00
2.416335788742175750e-02 -1.030386999999999942e+00
2.418336066712988702e-02 -1.061663000000000023e+00
2.420336344683801655e-02 -1.074446000000000012e+00
2.422336622654614954e-02 -1.086775000000000047e+00
2.424336900625427907e-02 -9.953480000000000105e-01
2.426337178596240859e-02 -1.107474000000000069e+00
2.428337456567053812e-02 -1.010596999999999968e+00
2.430337734537867111e-02 -1.030516999999999905e+00
2.432338012508680064e-02 -1.027597000000000094e+00
2.434338290479493017e-02 -1.140956000000000081e+00
2.436338568450306316e-02 -1.068346999999999936e+00
2.438338846421119269e-02 -1.191114000000000006e+00
2.440339124391932221e-02 -1.267096999999999918e+00
2.442339402362745521e-02 -1.122786999999999979e+00
2.444339680333558473e-02 -1.146600999999999981e+00
2.446339958304371426e-02 -8.989899999999999558e-01
2.448340236275184725e-02 -8.570729999999999738e-01
2.450340514245997678e-02 -1.008585000000000065e+00
2.452340792216810630e-02 -1.001511999999999958e+00
2.454341070187623583e-02 -1.047971999999999904e+00
2.456341348158436882e-02 -1.155620000000000092e+00
2.458341626129249835e-02 -1.134142999999999901e+00
2.460341904100062788e-02 -1.114611000000000018e+00
2.462342182070876087e-02 -1.076977000000000073e+00
2.464342460041689040e-02 -1.023768999999999929e+00
2.466342738012501992e-02 -1.038562999999999903e+00
2.468343015983315292e-02 -1.073666999999999927e+00
2.470343293954128244e-02 -1.038238999999999912e+00
2.472343571924941197e-02 -1.028634999999999966e+00
2.474343849895754496e-02 -1.055952999999999919e+00
2.476344127866567449e-02 -1.103839999999999932e+00
2.478344405837380401e-02 -1.142578000000000094e+00
2.480344683808193354e-02 -1.158150999999999931e+00
2.482344961779006653e-02 -1.068605999999999945e+00
2.484345239749819606e-02 -1.034216000000000024e+00
2.486345517720632559e-02 -1.046739000000000086e+00
2.488345795691445858e-02 -1.141669999999999963e+00
2.490346073662258811e-02 -1.168403000000000080e+00
2.492346351633071763e-02 -1.149585999999999997e+00
2.494346629603885063e-02 -1.066853999999999969e+00
2.496346907574698015e-02 -1.015787999999999913e+00
2.498347185545510968e-02 -9.927529999999999966e-01
2.500347463516324267e-02 -9.985279999999999712e-01
2.502347741487137220e-02 -9.869130000000000402e-01
2.504348019457950172e-02 -1.021173000000000108e+00
2.506348297428763125e-02 -1.098130000000000051e+00
2.508348575399576424e-02 -1.164898999999999907e+00
2.510348853370389377e-02 -1.239130999999999982e+00
2.512349131341202330e-02 -1.196889000000000092e+00
2.514349409312015629e-02 -1.128951999999999956e+00
2.516349687282828582e-02 -1.048037000000000107e+00
2.518349965253641534e-02 -1.029803000000000024e+00
2.520350243224454834e-02 -1.043754000000000071e+00
2.522350521195267786e-02 -1.056861999999999968e+00
2.524350799166080739e-02 -1.071851000000000109e+00
2.526351077136894038e-02 -1.093523000000000023e+00
2.528351355107706991e-02 -1.095015000000000072e+00
2.530351633078519943e-02 -1.095469999999999944e+00
2.532351911049332896e-02 -1.061663000000000023e+00
2.534352189020146195e-02 -1.033890999999999893e+00
2.536352466990959148e-02 -1.030647000000000091e+00
2.538352744961772101e-02 -1.070877000000000079e+00
2.540353022932585400e-02 -1.124733999999999901e+00
2.542353300903398353e-02 -1.149132000000000042e+00
2.544353578874211305e-02 -1.114287000000000027e+00
2.546353856845024605e-02 -1.074186000000000085e+00
2.548354134815837557e-02 -1.029349000000000069e+00
2.550354412786650510e-02 -1.000474000000000085e+00
2.552354690757463809e-02 -9.846420000000000172e-01
2.554354968728276762e-02 -9.881459999999999688e-01
2.556355246699089714e-02 -1.020070000000000032e+00
2.558355524669902667e-02 -1.071851000000000109e+00
2.560355802640715966e-02 -1.151337999999999973e+00
2.562356080611528919e-02 -1.191828000000000110e+00
2.564356358582341872e-02 -1.188777999999999890e+00
2.566356636553155171e-02 -1.150039999999999951e+00
2.568356914523968124e-02 -1.103709999999999969e+00
2.570357192494781076e-02 -1.072044999999999915e+00
2.572357470465594376e-02 -1.066918999999999951e+00
2.574357748436407328e-02 -1.027273000000000103e+00
2.576358026407220281e-02 -1.007741999999999916e+00
2.578358304378033580e-02 -1.008520000000000083e+00
2.580358582348846533e-02 -1.054265999999999925e+00
2.582358860319659485e-02 -1.094560999999999895e+00
2.584359138290472438e-02 -1.121490000000000098e+00
2.586359416261285737e-02 -1.118309999999999915e+00
2.588359694232098690e-02 -1.106500999999999957e+00
2.590359972202911643e-02 -1.129536000000000096e+00
2.592360250173724942e-02 -1.138943999999999956e+00
2.594360528144537895e-02 -1.144589999999999996e+00
2.596360806115350847e-02 -1.112211000000000061e+00
2.598361084086164147e-02 -1.095728999999999953e+00
2.600361362056977099e-02 -1.081908000000000092e+00
2.602361640027790052e-02 -1.095145000000000035e+00
2.604361917998603351e-02 -1.065620999999999929e+00
2.606362195969416304e-02 -1.049854000000000065e+00
2.608362473940229256e-02 -9.991759999999999531e-01
2.610362751911042209e-02 -1.018577999999999983e+00
2.612363029881855508e-02 -1.049528999999999934e+00
2.614363307852668461e-02 -1.104165000000000063e+00
2.616363585823481414e-02 -1.144265000000000088e+00
2.618363863794294713e-02 -1.176449000000000078e+00
2.620364141765107666e-02 -1.168144000000000071e+00
2.622364419735920618e-02 -1.168598000000000026e+00
2.624364697706733918e-02 -1.113378999999999897e+00
2.626364975677546870e-02 -1.066205000000000069e+00
2.628365253648359823e-02 -1.003978000000000037e+00
2.630365531619173122e-02 -1.015916999999999959e+00
2.632365809589986075e-02 -1.059002999999999917e+00
2.634366087560799027e-02 -1.112600000000000033e+00
2.636366365531611980e-02 -1.148613000000000106e+00
2.638366643502425279e-02 -1.136803000000000008e+00
2.640366921473238232e-02 -1.091836000000000029e+00
2.642367199444051185e-02 -1.087943000000000104e+00
2.644367477414864484e-02 -1.084827999999999903e+00
2.646367755385677437e-02 -1.073992000000000058e+00
2.648368033356490389e-02 -1.096119000000000065e+00
2.650368311327303689e-02 -1.107669000000000015e+00
2.652368589298116641e-02 -1.139982999999999969e+00
2.654368867268929594e-02 -1.159124000000000043e+00
2.656369145239742893e-02 -1.147963999999999984e+00
2.658369423210555846e-02 -1.079118000000000022e+00
2.660369701181368798e-02 -1.016631000000000062e+00
2.662369979152181751e-02 -9.889240000000000252e-01
2.664370257122995050e-02 -1.037914000000000003e+00
2.666370535093808003e-02 -1.090084000000000053e+00
2.668370813064620956e-02 -1.139269000000000087e+00
2.670371091035434255e-02 -1.139853000000000005e+00
2.672371369006247208e-02 -1.106759999999999966e+00
2.674371646977060160e-02 -1.095858999999999916e+00
2.676371924947873460e-02 -1.072109999999999896e+00
2.678372202918686412e-02 -1.049919000000000047e+00
2.680372480889499365e-02 -1.017994000000000065e+00
2.682372758860312664e-02 -1.019940000000000069e+00
2.684373036831125617e-02 -1.059133000000000102e+00
2.686373314801938569e-02 -1.134727000000000041e+00
2.688373592772751522e-02 -1.154193000000000024e+00
2.690373870743564821e-02 -1.142382999999999926e+00
2.692374148714377774e-02 -1.085542000000000007e+00
2.694374426685190727e-02 -1.047841999999999940e+00
2.696374704656004026e-02 -1.026882999999999990e+00
2.698374982626816979e-02 -1.063479999999999981e+00
2.700375260597629931e-02 -1.084373999999999949e+00
2.702375538568443231e-02 -1.086969000000000074e+00
2.704375816539256183e-02 -1.102932000000000023e+00
2.706376094510069136e-02 -1.129729999999999901e+00
2.708376372480882435e-02 -1.128757000000000010e+00
2.710376650451695388e-02 -1.118114999999999970e+00
2.712376928422508340e-02 -1.087423999999999946e+00
2.714377206393321293e-02 -1.062052999999999914e+00
2.716377484364134592e-02 -1.041871999999999909e+00
2.718377762334947545e-02 -1.073603000000000085e+00
2.720378040305760498e-02 -1.089239999999999986e+00
2.722378318276573797e-02 -1.091576000000000102e+00
2.724378596247386750e-02 -1.091056999999999944e+00
2.726378874218199702e-02 -1.070422999999999902e+00
2.728379152189013002e-02 -1.062181999999999960e+00
2.730379430159825954e-02 -1.046024999999999983e+00
2.732379708130638907e-02 -1.058483999999999980e+00
2.734379986101452206e-02 -1.059261999999999926e+00
2.736380264072265159e-02 -1.065166999999999975e+00
2.738380542043078111e-02 -1.090927999999999898e+00
2.740380820013891064e-02 -1.126290999999999931e+00
2.742381097984704363e-02 -1.116622999999999921e+00
2.744381375955517316e-02 -1.104943000000000008e+00
2.746381653926330269e-02 -1.084308999999999967e+00
2.748381931897143568e-02 -1.058159000000000072e+00
2.750382209867956521e-02 -1.057509999999999950e+00
2.752382487838769473e-02 -1.032853000000000021e+00
2.754382765809582773e-02 -1.036356999999999973e+00
2.756383043780395725e-02 -1.059457000000000093e+00
2.758383321751208678e-02 -1.085153000000000034e+00
2.760383599722021977e-02 -1.102672000000000097e+00
2.762383877692834930e-02 -1.100076999999999972e+00
2.764384155663647882e-02 -1.085088000000000052e+00
2.766384433634460835e-02 -1.067048999999999914e+00
2.768384711605274134e-02 -1.069579000000000057e+00
2.770384989576087087e-02 -1.050437999999999983e+00
2.772385267546900040e-02 -1.038369000000000097e+00
2.774385545517713339e-02 -1.064778000000000002e+00
2.776385823488526292e-02 -1.048491000000000062e+00
2.778386101459339244e-02 -1.064713000000000021e+00
2.780386379430152544e-02 -1.093652999999999986e+00
2.782386657400965496e-02 -1.098648999999999987e+00
2.784386935371778449e-02 -1.093134000000000050e+00
2.786387213342591748e-02 -1.083595000000000086e+00
2.788387491313404701e-02 -1.090149000000000035e+00
2.790387769284217653e-02 -1.097741000000000078e+00
2.792388047255030606e-02 -1.109420000000000073e+00
2.794388325225843905e-02 -1.113637999999999906e+00
2.796388603196656858e-02 -1.088267000000000095e+00
2.798388881167469810e-02 -1.090862999999999916e+00
2.800389159138283110e-02 -1.082686999999999955e+00
2.802389437109096063e-02 -1.075549000000000088e+00
2.804389715079909015e-02 -1.045506000000000046e+00
2.806389993050722315e-02 -1.038888000000000034e+00
2.808390271021535267e-02 -1.050243000000000038e+00
2.810390548992348220e-02 -1.081973000000000074e+00
2.812390826963161519e-02 -1.115000999999999909e+00
2.814391104933974472e-02 -1.128173000000000092e+00
2.816391382904787424e-02 -1.126616000000000062e+00
2.818391660875600377e-02 -1.098908999999999914e+00
2.820391938846413676e-02 -1.079897000000000107e+00
2.822392216817226629e-02 -1.050826999999999956e+00
2.824392494788039581e-02 -1.035449000000000064e+00
2.826392772758852881e-02 -1.026623999999999981e+00
2.828393050729665834e-02 -1.059717000000000020e+00
2.830393328700478786e-02 -1.088462000000000041e+00
2.832393606671292086e-02 -1.143226999999999993e+00
2.834393884642105038e-02 -1.135958999999999941e+00
2.836394162612917991e-02 -1.108900999999999915e+00
2.838394440583731290e-02 -1.084114000000000022e+00
2.840394718554544243e-02 -1.063803999999999972e+00
2.842394996525357195e-02 -1.055628999999999929e+00
2.844395274496170148e-02 -1.047128000000000059e+00
2.846395552466983447e-02 -1.066853999999999969e+00
2.848395830437796400e-02 -1.055304000000000020e+00
2.850396108408609352e-02 -1.079897000000000107e+00
2.852396386379422652e-02 -1.095923999999999898e+00
2.854396664350235605e-02 -1.059457000000000093e+00
2.856396942321048557e-02 -1.026170000000000027e+00
2.858397220291861857e-02 -1.012348999999999943e+00
2.860397498262674809e-02 -1.023509000000000002e+00
2.862397776233487762e-02 -1.050308000000000019e+00
2.864398054204301061e-02 -1.102152999999999938e+00
2.866398332175114014e-02 -1.129275999999999947e+00
2.868398610145926966e-02 -1.114870999999999945e+00
2.870398888116739919e-02 -1.085865999999999998e+00
2.872399166087553218e-02 -1.091056999999999944e+00
2.874399444058366171e-02 -1.055822999999999956e+00
2.876399722029179123e-02 -1.048686000000000007e+00
