# time(s), 	 	 acceleration(g)
0.000000000000000000e+00 6.227225999999999928e+00
2.000277970813059281e-05 6.458614999999999995e+00
4.000555941626118562e-05 6.707328999999999652e+00
6.000833912439177504e-05 6.955588999999999800e+00
8.001111883252237124e-05 7.266919999999999824e+00
1.000138985406529674e-04 7.546325999999999645e+00
1.200166782487835501e-04 7.878549999999999720e+00
1.400194579569141598e-04 8.212526999999999688e+00
1.600222376650447425e-04 8.532033000000000200e+00
1.800250173731753251e-04 8.907083999999999335e+00
2.000277970813059349e-04 9.292581000000000202e+00
2.200305767894365175e-04 9.709353999999999374e+00
2.400333564975671002e-04 1.020009899999999980e+01
2.600361362056977099e-04 1.070129099999999944e+01
2.800389159138283197e-04 1.128462999999999994e+01
3.000416956219588752e-04 1.193791900000000084e+01
3.200444753300894850e-04 1.256135899999999950e+01
3.400472550382200947e-04 1.344305100000000053e+01
3.600500347463506503e-04 1.434219900000000081e+01
3.800528144544812600e-04 1.523174299999999981e+01
4.000555941626118698e-04 1.640711699999999951e+01
4.200583738707424253e-04 1.758735700000000080e+01
4.400611535788730351e-04 1.904324099999999831e+01
4.600639332870036448e-04 2.074705900000000014e+01
4.800667129951342003e-04 2.267889299999999864e+01
5.000694927032648101e-04 2.510231500000000082e+01
5.200722724113954198e-04 2.816053199999999990e+01
5.400750521195260296e-04 3.214041300000000234e+01
5.600778318276566393e-04 3.784520100000000298e+01
5.800806115357871407e-04 4.668697999999999837e+01
6.000833912439177504e-04 6.126436900000000207e+01
6.200861709520483602e-04 8.484309500000000526e+01
6.400889506601789699e-04 1.213120679999999965e+02
6.600917303683095797e-04 1.720680570000000102e+02
6.800945100764401894e-04 2.367388029999999901e+02
7.000972897845707992e-04 3.117293369999999868e+02
7.201000694927013005e-04 3.871194489999999746e+02
7.401028492008319103e-04 4.512215199999999982e+02
7.601056289089625200e-04 4.908298189999999863e+02
7.801084086170931298e-04 5.001139370000000213e+02
8.001111883252237395e-04 4.789557780000000093e+02
8.201139680333543493e-04 4.391594989999999825e+02
8.401167477414848506e-04 3.914671779999999899e+02
8.601195274496154604e-04 3.426827989999999886e+02
8.801223071577460701e-04 2.955960089999999809e+02
9.001250868658766799e-04 2.540461420000000032e+02
9.201278665740072896e-04 2.076771390000000110e+02
9.401306462821378994e-04 1.567790459999999939e+02
9.601334259902684007e-04 1.033032280000000043e+02
9.801362056983990104e-04 5.838050499999999943e+01
1.000138985406529620e-03 2.218827800000000039e+01
1.020141765114660230e-03 -1.919099999999999973e-01
1.040144544822790840e-03 -8.481820000000000803e+00
1.060147324530921449e-03 -5.650319999999999787e+00
1.080150104239052059e-03 9.393741000000000341e+00
1.100152883947182669e-03 3.304390800000000183e+01
1.120155663655313279e-03 5.224758800000000036e+01
1.140158443363443888e-03 7.029523100000000113e+01
1.160161223071574281e-03 6.830006699999999853e+01
1.180164002779704891e-03 5.716892299999999949e+01
1.200166782487835501e-03 3.219900700000000171e+01
1.220169562195966111e-03 -6.341189999999999882e-01
1.240172341904096720e-03 -2.058452499999999930e+01
1.260175121612227330e-03 -4.278121099999999899e+01
1.280177901320357940e-03 -4.693284899999999737e+01
1.300180681028488550e-03 -3.292192899999999867e+01
1.320183460736619159e-03 -1.758853500000000025e+01
1.340186240444749769e-03 2.150856999999999797e+00
1.360189020152880379e-03 2.062526499999999885e+01
1.380191799861010989e-03 2.729616499999999846e+01
1.400194579569141598e-03 3.421532400000000251e+01
1.420197359277271991e-03 1.173903800000000075e+01
1.440200138985402601e-03 1.140661899999999918e+01
1.460202918693533211e-03 7.898405999999999594e+00
1.480205698401663821e-03 -1.207206000000000001e+00
1.500208478109794430e-03 9.393546000000000618e+00
1.520211257817925040e-03 8.540858000000000061e+00
1.540214037526055650e-03 1.364290500000000073e+01
1.560216817234186260e-03 1.808251500000000078e+01
1.580219596942316869e-03 1.131311600000000084e+01
1.600222376650447479e-03 7.795558999999999905e+00
1.620225156358578089e-03 -4.977434999999999832e+00
1.640227936066708699e-03 1.724480999999999931e+00
1.660230715774839308e-03 9.122251000000000332e+00
1.680233495482969701e-03 3.361918999999999880e+00
1.700236275191100311e-03 7.197035999999999767e+00
1.720239054899230921e-03 3.611866000000000021e+00
1.740241834607361530e-03 -3.974531999999999954e+00
1.760244614315492140e-03 -1.496078200000000002e+01
1.780247394023622750e-03 -1.954009399999999985e+01
1.800250173731753360e-03 -3.557803799999999939e+01
1.820252953439883969e-03 -3.316519300000000214e+01
1.840255733148014579e-03 -1.581158800000000042e+01
1.860258512856145189e-03 -1.171270299999999942e+01
1.880261292564275799e-03 1.913388899999999992e+01
1.900264072272406408e-03 3.119513099999999994e+01
1.920266851980536801e-03 3.940055699999999916e+01
1.940269631688667411e-03 4.992324899999999843e+01
1.960272411396798021e-03 2.722939500000000024e+01
1.980275191104928847e-03 2.472693999999999903e+01
2.000277970813059240e-03 2.247149999999999981e+00
2.020280750521190067e-03 -1.436602199999999918e+01
2.040283530229320460e-03 -1.559174900000000008e+01
2.060286309937450853e-03 -2.662672900000000098e+01
2.080289089645581679e-03 -2.081052899999999894e+01
2.100291869353712072e-03 -1.559129500000000057e+01
2.120294649061842899e-03 -1.128185000000000038e+01
2.140297428769973292e-03 -3.516360999999999848e+00
2.160300208478104118e-03 -9.047380000000000422e+00
2.180302988186234511e-03 2.431884999999999852e+00
2.200305767894365338e-03 -6.980255999999999794e+00
2.220308547602495731e-03 -6.523381999999999792e+00
2.240311327310626557e-03 -5.523983000000000310e+00
2.260314107018756950e-03 -5.863280999999999743e+00
2.280316886726887777e-03 3.208394999999999886e+00
2.300319666435018170e-03 2.872199999999999753e-01
2.320322446143148563e-03 8.570705999999999491e+00
2.340325225851279389e-03 2.947417000000000176e+00
2.360328005559409782e-03 5.544542999999999999e+00
2.380330785267540609e-03 1.023935600000000079e+01
2.400333564975671002e-03 -2.056010000000000060e-01
2.420336344683801828e-03 1.255298799999999915e+01
2.440339124391932221e-03 8.676277999999999935e+00
2.460341904100063048e-03 4.485902000000000278e+00
2.480344683808193441e-03 3.250118000000000062e+00
2.500347463516324267e-03 -8.644297999999999149e+00
2.520350243224454660e-03 -1.290884100000000068e+01
2.540353022932585487e-03 -1.721640500000000173e+01
2.560355802640715880e-03 -2.128453299999999970e+01
2.580358582348846273e-03 -1.865956999999999866e+01
2.600361362056977099e-03 -1.667258199999999846e+01
2.620364141765107492e-03 -6.518385999999999569e+00
2.640366921473238319e-03 -3.335065000000000168e+00
2.660369701181368712e-03 -8.509729999999999794e-01
2.680372480889499538e-03 3.842865999999999893e+00
2.700375260597629931e-03 -5.202010999999999719e+00
2.720378040305760758e-03 2.329492999999999814e+00
2.740380820013891151e-03 1.285776000000000030e+00
2.760383599722021977e-03 6.554518999999999984e+00
2.780386379430152370e-03 8.913313000000000486e+00
2.800389159138283197e-03 1.290247300000000052e+01
2.820391938846413590e-03 7.928188999999999709e+00
2.840394718554543983e-03 2.984856999999999871e+00
2.860397498262674809e-03 -1.865815000000000001e+00
2.880400277970805202e-03 -1.536899999999999933e+00
2.900403057678936029e-03 -6.285568999999999740e+00
2.920405837387066422e-03 -1.059605200000000025e+01
2.940408617095197248e-03 -1.082361299999999993e+01
2.960411396803327641e-03 -7.636464000000000141e+00
2.980414176511458468e-03 -8.131166999999999589e+00
3.000416956219588861e-03 -6.997450999999999866e+00
3.020419735927719687e-03 -1.186317799999999956e+01
3.040422515635850080e-03 -1.928047899999999970e+01
3.060425295343980907e-03 -1.572340600000000066e+01
3.080428075052111300e-03 -9.389077999999999591e+00
3.100430854760241692e-03 -7.127486000000000210e+00
3.120433634468372519e-03 -1.125901999999999958e+00
3.140436414176502912e-03 1.030677400000000077e+01
3.160439193884633739e-03 1.451732999999999940e+01
3.180441973592764131e-03 1.221933600000000020e+01
3.200444753300894958e-03 1.361844299999999919e+01
3.220447533009025351e-03 4.983525000000000205e+00
3.240450312717156178e-03 -1.676927000000000056e+00
3.260453092425286570e-03 -1.769652000000000003e+00
3.280455872133417397e-03 -4.930196999999999719e+00
3.300458651841547790e-03 -8.539505000000000123e+00
3.320461431549678617e-03 -4.860450000000000048e-01
3.340464211257809009e-03 2.422801000000000204e+00
3.360466990965939402e-03 -5.829409000000000063e+00
3.380469770674070229e-03 -5.320431000000000132e+00
3.400472550382200622e-03 -1.138644799999999968e+01
3.420475330090331448e-03 -1.943225100000000083e+01
3.440478109798461841e-03 -1.737531399999999948e+01
3.460480889506592668e-03 -1.403606899999999946e+01
3.480483669214723061e-03 -1.136419199999999918e+01
3.500486448922853887e-03 -3.964863999999999944e+00
3.520489228630984280e-03 8.131287999999999627e+00
3.540492008339115107e-03 8.951142000000000820e+00
3.560494788047245500e-03 7.989118999999999637e+00
3.580497567755376326e-03 9.001364999999999839e+00
3.600500347463506719e-03 2.684030000000000027e-01
3.620503127171637112e-03 -2.421707000000000054e+00
3.640505906879767939e-03 -2.196353000000000222e+00
3.660508686587898332e-03 -5.824283000000000321e+00
3.680511466296029158e-03 2.554899999999999949e-01
3.700514246004159551e-03 2.772221000000000046e+00
3.720517025712290378e-03 3.054740999999999929e+00
3.740519805420420771e-03 1.097342000000000040e+00
3.760522585128551597e-03 -1.185078999999999994e+00
3.780525364836681990e-03 -3.567622000000000071e+00
3.800528144544812817e-03 -6.117315999999999754e+00
3.820530924252943210e-03 -6.099991000000000163e+00
3.840533703961073603e-03 -1.254748200000000047e+01
3.860536483669204429e-03 -1.149481100000000033e+01
3.880539263377334822e-03 -9.936405000000000598e+00
3.900542043085465649e-03 -1.109127499999999955e+01
3.920544822793596042e-03 -6.738290000000000113e+00
3.940547602501726435e-03 -2.072935999999999890e+00
3.960550382209857695e-03 2.335008000000000195e+00
3.980553161917988088e-03 7.002761999999999709e+00
4.000555941626118481e-03 1.226378399999999935e+01
4.020558721334248874e-03 1.029470500000000044e+01
4.040561501042380134e-03 8.028764999999999930e+00
4.060564280750510527e-03 6.467569000000000123e+00
4.080567060458640920e-03 -1.798008000000000051e+00
4.100569840166771313e-03 -2.461028999999999911e+00
4.120572619874901706e-03 -2.921276999999999902e+00
4.140575399583032966e-03 -6.977140999999999593e+00
4.160578179291163359e-03 -5.142249999999999766e+00
4.180580958999293752e-03 -6.633172000000000068e+00
4.200583738707424145e-03 -7.694862999999999786e+00
4.220586518415555405e-03 -5.287208999999999826e+00
4.240589298123685798e-03 -4.570200999999999958e+00
4.260592077831816191e-03 -4.804964000000000013e+00
4.280594857539946584e-03 -3.655349999999999877e+00
4.300597637248077844e-03 2.827430000000000221e-01
4.320600416956208237e-03 -2.016484000000000165e+00
4.340603196664338630e-03 -7.559129999999999461e-01
4.360605976372469023e-03 3.691224000000000061e+00
4.380608756080599415e-03 -2.858799999999999883e-02
4.400611535788730676e-03 2.815110999999999919e+00
4.420614315496861069e-03 3.338235000000000063e+00
4.440617095204991462e-03 3.529653999999999847e+00
4.460619874913121854e-03 1.085727000000000109e+00
4.480622654621253115e-03 -1.881460000000000077e-01
4.500625434329383508e-03 -2.932957000000000036e+00
4.520628214037513901e-03 -6.755030999999999786e+00
4.540630993745644294e-03 -3.025161999999999907e+00
4.560633773453775554e-03 1.076513000000000053e+00
4.580636553161905947e-03 6.088679999999999648e-01
4.600639332870036340e-03 6.291269999999999918e+00
4.620642112578166733e-03 -4.935069999999999735e-01
4.640644892286297125e-03 -6.780479999999999841e-01
4.660647671994428386e-03 -2.975004000000000204e+00
4.680650451702558779e-03 -1.030496699999999954e+01
4.700653231410689172e-03 -1.257674599999999998e+01
4.720656011118819564e-03 -1.417148899999999934e+01
4.740658790826950825e-03 -5.666541999999999746e+00
4.760661570535081218e-03 3.045980999999999828e+00
4.780664350243211611e-03 7.827353999999999701e+00
4.800667129951342003e-03 1.175071800000000088e+01
4.820669909659473264e-03 8.570641000000000176e+00
4.840672689367603657e-03 5.368502999999999581e+00
4.860675469075734050e-03 -1.595039000000000096e+00
4.880678248783864442e-03 -7.444461999999999691e+00
4.900681028491994835e-03 -7.245776000000000217e+00
4.920683808200126096e-03 -6.395553999999999739e+00
4.940686587908256489e-03 -1.988777000000000017e+00
4.960689367616386881e-03 9.754180000000000073e-01
4.980692147324517274e-03 1.372465000000000046e+00
5.000694927032648535e-03 -8.210600000000000120e-01
5.020697706740778928e-03 -2.005971999999999866e+00
5.040700486448909320e-03 -2.398217999999999961e+00
5.060703266157039713e-03 -3.235008000000000106e+00
5.080706045865170974e-03 -1.187221000000000082e+00
5.100708825573301367e-03 -1.051150999999999947e+00
5.120711605281431759e-03 -1.322705999999999937e+00
5.140714384989562152e-03 -2.374210000000000154e+00
5.160717164697692545e-03 -3.144359999999999822e+00
5.180719944405823806e-03 -1.463576999999999906e+00
5.200722724113954198e-03 -1.293376999999999999e+00
5.220725503822084591e-03 -2.275061000000000000e+00
5.240728283530214984e-03 -2.452787999999999968e+00
5.260731063238346245e-03 -1.193319999999999936e+00
5.280733842946476637e-03 1.846988000000000074e+00
5.300736622654607030e-03 3.422848999999999808e+00
5.320739402362737423e-03 1.849973000000000090e+00
5.340742182070868684e-03 3.831240000000000201e-01
5.360744961778999076e-03 -1.711448000000000080e+00
5.380747741487129469e-03 -1.492062999999999917e+00
5.400750521195259862e-03 -3.154936999999999880e+00
5.420753300903390255e-03 -5.135047000000000139e+00
5.440756080611521515e-03 -4.879649999999999821e+00
5.460758860319651908e-03 -3.289448999999999845e+00
5.480761640027782301e-03 -9.918439999999999479e-01
5.500764419735912694e-03 1.124659999999999993e+00
5.520767199444043954e-03 -2.188047000000000075e+00
5.540769979152174347e-03 -3.193416000000000032e+00
5.560772758860304740e-03 -3.595978000000000119e+00
5.580775538568435133e-03 -4.019823999999999842e+00
5.600778318276566393e-03 -7.671379999999999866e-01
5.620781097984696786e-03 2.536080000000000001e-01
5.640783877692827179e-03 7.189820000000000100e-01
5.660786657400957572e-03 5.375569999999999515e-01
5.680789437109087965e-03 -1.244920000000000054e-01
5.700792216817219225e-03 6.937410000000000521e-01
5.720794996525349618e-03 2.931900000000000062e-01
5.740797776233480011e-03 -5.393829999999999458e-01
5.760800555941610404e-03 -2.048992999999999842e+00
5.780803335649741664e-03 -3.145398999999999834e+00
5.800806115357872057e-03 -1.876975999999999978e+00
5.820808895066002450e-03 -2.022129000000000065e+00
5.840811674774132843e-03 -6.812270000000000270e-01
5.860814454482264103e-03 -7.639590000000000547e-01
5.880817234190394496e-03 -3.506822999999999801e+00
5.900820013898524889e-03 -3.555034000000000027e+00
5.920822793606655282e-03 -4.241220000000000212e+00
5.940825573314785675e-03 -4.872900999999999705e+00
5.960828353022916935e-03 -3.928138000000000130e+00
5.980831132731047328e-03 -2.677754000000000190e+00
6.000833912439177721e-03 -1.281697000000000086e+00
6.020836692147308114e-03 1.695139999999999980e-01
6.040839471855439374e-03 2.856834000000000096e+00
6.060842251563569767e-03 3.735930999999999891e+00
6.080845031271700160e-03 2.342404999999999848e+00
6.100847810979830553e-03 -2.320200000000000040e-02
6.120850590687961813e-03 -3.595912999999999915e+00
6.140853370396092206e-03 -3.147151000000000032e+00
6.160856150104222599e-03 -1.889240000000000030e+00
6.180858929812352992e-03 -1.516070999999999946e+00
6.200861709520483385e-03 -2.022584000000000160e+00
6.220864489228614645e-03 -2.748350999999999988e+00
6.240867268936745038e-03 -2.796692999999999873e+00
6.260870048644875431e-03 -2.129389000000000198e+00
6.280872828353005824e-03 -1.088721000000000050e+00
6.300875608061137084e-03 -1.271249999999999991e+00
6.320878387769267477e-03 -2.814731000000000094e+00
6.340881167477397870e-03 -3.574500000000000011e+00
6.360883947185528263e-03 -2.805063000000000084e+00
6.380886726893659523e-03 -2.183900000000000077e-02
6.400889506601789916e-03 1.885726000000000013e+00
6.420892286309920309e-03 2.799344000000000054e+00
6.440895066018050702e-03 2.055407000000000206e+00
6.460897845726181095e-03 -9.372089999999999588e-01
6.480900625434312355e-03 -2.205890999999999824e+00
6.500903405142442748e-03 -2.427027999999999963e+00
6.520906184850573141e-03 -2.615006999999999859e+00
6.540908964558703534e-03 -2.165791000000000022e+00
6.560911744266834794e-03 -1.520742999999999956e+00
6.580914523974965187e-03 1.047499999999999994e-02
6.600917303683095580e-03 1.535657999999999967e+00
6.620920083391225973e-03 6.961420000000000385e-01
6.640922863099357233e-03 -2.082345000000000113e+00
6.660925642807487626e-03 -4.679342000000000112e+00
6.680928422515618019e-03 -5.456760000000000055e+00
6.700931202223748412e-03 -3.375750000000000028e+00
6.720933981931878805e-03 -7.183429999999999538e-01
6.740936761640010065e-03 1.733305000000000096e+00
6.760939541348140458e-03 2.611689000000000149e+00
6.780942321056270851e-03 3.084900000000000142e-02
6.800945100764401244e-03 -1.786977000000000038e+00
6.820947880472532504e-03 -3.179984000000000144e+00
6.840950660180662897e-03 -4.686090000000000089e+00
6.860953439888793290e-03 -3.125996999999999915e+00
6.880956219596923683e-03 -1.148417999999999939e+00
6.900958999305054943e-03 -1.771149999999999947e-01
6.920961779013185336e-03 1.538837000000000010e+00
6.940964558721315729e-03 2.337539000000000033e+00
6.960967338429446122e-03 1.369091000000000058e+00
6.980970118137576515e-03 -9.008720000000000061e-01
7.000972897845707775e-03 -3.464450999999999947e+00
7.020975677553838168e-03 -4.496813000000000393e+00
7.040978457261968561e-03 -3.956818000000000168e+00
7.060981236970098954e-03 -1.284812000000000065e+00
7.080984016678230214e-03 3.713150000000000062e-01
7.100986796386360607e-03 7.645330000000000181e-01
7.120989576094491000e-03 3.146680000000000033e-01
7.140992355802621393e-03 -9.284489999999999688e-01
7.160995135510752653e-03 -2.324829999999999952e+00
7.180997915218883046e-03 -3.597081000000000195e+00
7.201000694927013439e-03 -4.090940999999999939e+00
7.221003474635143832e-03 -4.090226999999999613e+00
7.241006254343274225e-03 -2.545383000000000173e+00
7.261009034051405485e-03 -2.129979999999999929e-01
7.281011813759535878e-03 1.416328999999999949e+00
7.301014593467666271e-03 1.764775999999999900e+00
7.321017373175796664e-03 5.440400000000000097e-02
7.341020152883927924e-03 -8.825089999999999879e-01
7.361022932592058317e-03 -9.955429999999999557e-01
7.381025712300188710e-03 -9.720529999999999449e-01
7.401028492008319103e-03 -5.584100000000000175e-02
7.421031271716450363e-03 -8.612900000000000000e-01
7.441034051424580756e-03 -2.354807999999999790e+00
7.461036831132711149e-03 -2.667501999999999818e+00
7.481039610840841542e-03 -2.676909999999999901e+00
7.501042390548971935e-03 -2.333590000000000053e+00
7.521045170257103195e-03 -1.925446999999999909e+00
7.541047949965233588e-03 -1.326405000000000056e+00
7.561050729673363981e-03 -1.393693000000000071e+00
7.581053509381494374e-03 -1.463966000000000101e+00
7.601056289089625634e-03 -8.902299999999999658e-01
7.621059068797756027e-03 -1.127264999999999961e+00
7.641061848505886420e-03 -1.340354999999999963e+00
7.661064628214016813e-03 -7.877729999999999455e-01
7.681067407922147205e-03 -8.486369999999999747e-01
7.701070187630278466e-03 -9.984629999999999894e-01
7.721072967338408859e-03 -3.811220000000000163e-01
7.741075747046539252e-03 -7.131520000000000081e-01
7.761078526754669644e-03 -1.473570000000000046e+00
7.781081306462800905e-03 -1.374940999999999969e+00
7.801084086170931298e-03 -1.410368999999999984e+00
7.821086865879062558e-03 -9.764659999999999451e-01
7.841089645587192083e-03 -2.154639999999999889e-01
7.861092425295323344e-03 -5.606010000000000160e-01
7.881095205003452869e-03 -1.595299000000000023e+00
7.901097984711584130e-03 -2.380438999999999972e+00
7.921100764419715390e-03 -2.524359000000000020e+00
7.941103544127844915e-03 -2.737321000000000115e+00
7.961106323835976176e-03 -2.282977999999999952e+00
7.981109103544105701e-03 -1.082751999999999937e+00
8.001111883252236961e-03 -4.526930000000000121e-01
8.021114662960368222e-03 -2.258459999999999912e-01
8.041117442668497747e-03 -2.237049999999999872e-01
8.061120222376629008e-03 -1.628131999999999913e+00
8.081123002084760268e-03 -2.524618999999999946e+00
8.101125781792889793e-03 -2.172668999999999961e+00
8.121128561501021054e-03 -1.909485000000000099e+00
8.141131341209150579e-03 -1.018836999999999993e+00
8.161134120917281840e-03 4.173200000000000243e-01
8.181136900625413100e-03 1.083261000000000029e+00
8.201139680333542625e-03 7.669989999999999863e-01
8.221142460041673886e-03 -1.820469999999999866e-01
8.241145239749803411e-03 -1.491154000000000091e+00
8.261148019457934671e-03 -3.064289000000000041e+00
8.281150799166065932e-03 -3.990235000000000198e+00
8.301153578874195457e-03 -3.946241000000000110e+00
8.321156358582326718e-03 -2.943274000000000168e+00
8.341159138290457978e-03 -1.165613000000000010e+00
8.361161917998587503e-03 9.440770000000000550e-01
8.381164697706718764e-03 1.751084000000000085e+00
8.401167477414848289e-03 7.886720000000000397e-01
8.421170257122979549e-03 -9.760119999999999907e-01
8.441173036831110810e-03 -2.908170000000000144e+00
8.461175816539240335e-03 -3.565481000000000122e+00
8.481178596247371596e-03 -3.068442000000000114e+00
8.501181375955501121e-03 -2.191615999999999786e+00
8.521184155663632381e-03 -1.299995000000000012e+00
8.541186935371763642e-03 1.209130000000000066e-01
8.561189715079893167e-03 1.394331999999999905e+00
8.581192494788024427e-03 1.005786000000000069e+00
8.601195274496155688e-03 -3.659379999999999855e-01
8.621198054204285213e-03 -1.948158000000000056e+00
8.641200833912416474e-03 -3.393139999999999823e+00
8.661203613620545999e-03 -3.485475000000000101e+00
8.681206393328677259e-03 -1.936736999999999931e+00
8.701209173036808520e-03 -1.289039999999999908e-01
8.721211952744938045e-03 7.108710000000000306e-01
8.741214732453069305e-03 4.368509999999999893e-01
8.761217512161198831e-03 -5.090799999999999770e-01
8.781220291869330091e-03 -1.522949000000000108e+00
8.801223071577461352e-03 -2.646024000000000154e+00
8.821225851285590877e-03 -3.248893999999999949e+00
8.841228630993722137e-03 -2.864306000000000019e+00
8.861231410701853398e-03 -2.016484000000000165e+00
8.881234190409982923e-03 -8.477940000000000476e-01
8.901236970118114183e-03 7.732930000000000081e-01
8.921239749826243709e-03 1.396279000000000048e+00
8.941242529534374969e-03 5.907000000000000028e-01
8.961245309242506230e-03 -9.556369999999999587e-01
8.981248088950635755e-03 -2.187657999999999880e+00
9.001250868658767015e-03 -2.436242000000000019e+00
9.021253648366896541e-03 -2.154888999999999832e+00
9.041256428075027801e-03 -1.584138000000000046e+00
9.061259207783159061e-03 -1.239389999999999992e+00
9.081261987491288587e-03 -1.182419000000000109e+00
9.101264767199419847e-03 -1.431782000000000110e+00
9.121267546907551108e-03 -1.616711999999999927e+00
9.141270326615680633e-03 -1.486158000000000090e+00
9.161273106323811893e-03 -1.349893999999999927e+00
9.181275886031941419e-03 -1.241206999999999949e+00
9.201278665740072679e-03 -6.400240000000000373e-01
9.221281445448203939e-03 1.148139999999999994e-01
9.241284225156333465e-03 1.847630000000000106e-01
9.261287004864464725e-03 -4.594409999999999883e-01
9.281289784572594251e-03 -1.738051999999999930e+00
9.301292564280725511e-03 -2.775539000000000200e+00
9.321295343988856771e-03 -2.867484999999999840e+00
9.341298123696986297e-03 -2.099540000000000184e+00
9.361300903405117557e-03 -9.385069999999999801e-01
9.381303683113248817e-03 -3.736599999999999921e-01
9.401306462821378343e-03 -4.192110000000000003e-01
9.421309242529509603e-03 -4.807250000000000134e-01
9.441312022237639129e-03 -8.857530000000000125e-01
9.461314801945770389e-03 -1.482329999999999925e+00
9.481317581653901649e-03 -1.938488999999999907e+00
9.501320361362031175e-03 -2.338455999999999868e+00
9.521323141070162435e-03 -2.044970000000000176e+00
9.541325920778291961e-03 -1.370981999999999923e+00
9.561328700486423221e-03 -6.347030000000000172e-01
9.581331480194554481e-03 -1.954790000000000139e-01
9.601334259902684007e-03 -2.610799999999999788e-01
9.621337039610815267e-03 -4.859800000000000231e-01
9.641339819318946527e-03 -8.516219999999999901e-01
9.661342599027076053e-03 -1.081388999999999934e+00
9.681345378735207313e-03 -1.354111999999999982e+00
9.701348158443336839e-03 -1.841871999999999954e+00
9.721350938151468099e-03 -2.248263000000000122e+00
9.741353717859599359e-03 -2.480430999999999830e+00
9.761356497567728885e-03 -2.082605000000000040e+00
9.781359277275860145e-03 -8.577209999999999557e-01
9.801362056983989671e-03 3.359509999999999996e-01
9.821364836692120931e-03 4.423659999999999815e-01
9.841367616400252191e-03 -4.715750000000000219e-01
9.861370396108381717e-03 -1.671996000000000038e+00
9.881373175816512977e-03 -2.404253000000000196e+00
9.901375955524644237e-03 -2.794421999999999962e+00
9.921378735232773763e-03 -2.676975000000000104e+00
9.941381514940905023e-03 -1.853941000000000061e+00
9.961384294649034549e-03 -6.511190000000000033e-01
9.981387074357165809e-03 5.487819999999999920e-01
1.000138985406529707e-02 1.388816999999999968e+00
1.002139263377342659e-02 9.411570000000000213e-01
1.004139541348155786e-02 -7.054949999999999832e-01
1.006139819318968738e-02 -2.250598999999999794e+00
1.008140097289781864e-02 -3.164150999999999936e+00
1.010140375260594990e-02 -3.138910000000000089e+00
1.012140653231407943e-02 -2.270389000000000213e+00
1.014140931202221069e-02 -9.404529999999999834e-01
1.016141209173034195e-02 2.589290000000000203e-01
1.018141487143847147e-02 5.904399999999999649e-01
1.020141765114660273e-02 1.164300000000000057e-02
1.022142043085473226e-02 -1.062572000000000072e+00
1.024142321056286352e-02 -2.012201999999999824e+00
1.026142599027099478e-02 -2.673277000000000125e+00
1.028142876997912430e-02 -2.824205000000000076e+00
1.030143154968725556e-02 -2.368044999999999956e+00
1.032143432939538509e-02 -1.181769999999999987e+00
1.034143710910351635e-02 1.408339999999999870e-01
1.036143988881164761e-02 3.867579999999999907e-01
1.038144266851977714e-02 -3.250589999999999868e-01
1.040144544822790840e-02 -1.143680999999999948e+00
1.042144822793603966e-02 -1.699378999999999973e+00
1.044145100764416918e-02 -1.611002000000000045e+00
1.046145378735230044e-02 -1.039730999999999961e+00
1.048145656706042997e-02 -8.499999999999999778e-01
1.050145934676856123e-02 -9.687440000000000495e-01
1.052146212647669249e-02 -8.505840000000000067e-01
1.054146490618482201e-02 -9.233230000000000048e-01
1.056146768589295327e-02 -1.366765000000000008e+00
1.058147046560108280e-02 -1.722413999999999890e+00
1.060147324530921406e-02 -1.954126999999999947e+00
1.062147602501734532e-02 -1.823963000000000001e+00
1.064147880472547485e-02 -1.164185999999999943e+00
1.066148158443360611e-02 -5.730600000000000138e-01
1.068148436414173737e-02 -4.794919999999999738e-01
1.070148714384986689e-02 -8.110669999999999824e-01
1.072148992355799815e-02 -1.398819000000000035e+00
1.074149270326612768e-02 -1.902541999999999955e+00
1.076149548297425894e-02 -1.982029000000000041e+00
1.078149826268239020e-02 -1.462928000000000006e+00
1.080150104239051972e-02 -8.881539999999999990e-01
1.082150382209865098e-02 -6.185460000000000402e-01
1.084150660180678051e-02 -3.659379999999999855e-01
1.086150938151491177e-02 -1.054800000000000043e-01
1.088151216122304303e-02 -3.231769999999999921e-01
1.090151494093117256e-02 -9.642020000000000035e-01
1.092151772063930382e-02 -1.797293999999999947e+00
1.094152050034743508e-02 -2.516897000000000162e+00
1.096152328005556460e-02 -2.316199999999999815e+00
1.098152605976369586e-02 -1.340095999999999954e+00
1.100152883947182539e-02 -5.649490000000000345e-01
1.102153161917995665e-02 -1.448659999999999948e-01
1.104153439888808791e-02 -1.238429999999999948e-01
1.106153717859621743e-02 -7.944560000000000510e-01
1.108153995830434869e-02 -1.649545000000000039e+00
1.110154273801247822e-02 -2.092986999999999931e+00
1.112154551772060948e-02 -2.449673999999999907e+00
1.114154829742874074e-02 -2.540516000000000219e+00
1.116155107713687027e-02 -1.884827000000000030e+00
1.118155385684500153e-02 -8.501950000000000340e-01
1.120155663655313279e-02 1.585000000000000037e-03
1.122155941626126231e-02 4.962880000000000069e-01
1.124156219596939357e-02 2.779409999999999936e-01
1.126156497567752310e-02 -6.221790000000000376e-01
1.128156775538565436e-02 -1.452287000000000106e+00
1.130157053509378562e-02 -1.804561000000000082e+00
1.132157331480191514e-02 -1.876327000000000078e+00
1.134157609451004640e-02 -1.929599999999999982e+00
1.136157887421817593e-02 -1.772377000000000091e+00
1.138158165392630719e-02 -1.447224999999999984e+00
1.140158443363443845e-02 -9.788019999999999499e-01
1.142158721334256798e-02 -5.590439999999999854e-01
1.144158999305069924e-02 -6.204920000000000435e-01
1.146159277275883050e-02 -1.063479999999999981e+00
1.148159555246696002e-02 -1.487455999999999889e+00
1.150159833217509128e-02 -1.658498999999999945e+00
1.152160111188322081e-02 -1.797813000000000105e+00
1.154160389159135207e-02 -1.820394000000000068e+00
1.156160667129948333e-02 -1.498161999999999994e+00
1.158160945100761285e-02 -1.118894000000000055e+00
1.160161223071574411e-02 -8.269649999999999501e-01
1.162161501042387364e-02 -5.693610000000000060e-01
1.164161779013200490e-02 -3.900770000000000071e-01
1.166162056984013616e-02 -5.948620000000000019e-01
1.168162334954826569e-02 -1.102932000000000023e+00
1.170162612925639695e-02 -1.838108000000000075e+00
1.172162890896452821e-02 -2.257086999999999843e+00
1.174163168867265773e-02 -1.864842000000000111e+00
1.176163446838078899e-02 -1.039860999999999924e+00
1.178163724808891852e-02 -4.670329999999999759e-01
1.180164002779704978e-02 -4.120730000000000226e-01
1.182164280750518104e-02 -6.905710000000000459e-01
1.184164558721331056e-02 -1.102997000000000005e+00
1.186164836692144182e-02 -1.529307999999999890e+00
1.188165114662957135e-02 -2.000068000000000179e+00
1.190165392633770261e-02 -2.204852999999999952e+00
1.192165670604583387e-02 -2.046787000000000134e+00
1.194165948575396340e-02 -1.370592999999999950e+00
1.196166226546209466e-02 -5.443139999999999645e-01
1.198166504517022592e-02 -2.508929999999999771e-01
1.200166782487835544e-02 -5.429519999999999902e-01
1.202167060458648670e-02 -1.028245999999999993e+00
1.204167338429461623e-02 -1.549617999999999940e+00
1.206167616400274749e-02 -1.813385999999999942e+00
1.208167894371087875e-02 -1.556756000000000029e+00
1.210168172341900827e-02 -1.067244000000000081e+00
1.212168450312713953e-02 -6.644210000000000393e-01
1.214168728283526906e-02 -6.469669999999999588e-01
1.216169006254340032e-02 -1.078209999999999891e+00
1.218169284225153158e-02 -1.538910999999999918e+00
1.220169562195966111e-02 -1.721051000000000109e+00
1.222169840166779237e-02 -1.736299999999999955e+00
1.224170118137592363e-02 -1.535471999999999948e+00
1.226170396108405315e-02 -9.922330000000000316e-01
1.228170674079218441e-02 -2.926150000000000140e-01
1.230170952050031394e-02 2.682599999999999915e-02
1.232171230020844520e-02 -4.227150000000000074e-01
1.234171507991657646e-02 -1.525025999999999993e+00
1.236171785962470598e-02 -2.548691999999999958e+00
1.238172063933283724e-02 -2.909012999999999849e+00
1.240172341904096677e-02 -2.420084999999999820e+00
1.242172619874909803e-02 -1.399791999999999925e+00
1.244172897845722929e-02 -4.461390000000000078e-01
1.246173175816535882e-02 1.432350000000000012e-01
1.248173453787349008e-02 3.531460000000000155e-01
1.250173731758162134e-02 -5.090900000000000286e-02
1.252174009728975086e-02 -9.409720000000000306e-01
1.254174287699788212e-02 -1.871785000000000032e+00
1.256174565670601165e-02 -2.509306000000000036e+00
1.258174843641414291e-02 -2.513263999999999943e+00
1.260175121612227417e-02 -1.882362000000000091e+00
1.262175399583040369e-02 -1.071914999999999951e+00
1.264175677553853495e-02 -4.517200000000000104e-01
1.266175955524666448e-02 -2.722410000000000108e-01
1.268176233495479574e-02 -7.158769999999999856e-01
1.270176511466292700e-02 -1.364168999999999965e+00
1.272176789437105653e-02 -1.696458999999999939e+00
1.274177067407918779e-02 -1.695225999999999900e+00
1.276177345378731905e-02 -1.538782000000000094e+00
1.278177623349544857e-02 -1.371046999999999905e+00
1.280177901320357983e-02 -1.184106000000000103e+00
1.282178179291170936e-02 -9.430490000000000261e-01
1.284178457261984062e-02 -7.837499999999999467e-01
1.286178735232797188e-02 -7.104270000000000307e-01
1.288179013203610140e-02 -9.448659999999999837e-01
1.290179291174423266e-02 -1.354695999999999900e+00
1.292179569145236219e-02 -1.653178999999999954e+00
1.294179847116049345e-02 -1.632608999999999977e+00
1.296180125086862471e-02 -1.420166999999999957e+00
1.298180403057675424e-02 -1.221999999999999975e+00
1.300180681028488550e-02 -1.132001000000000035e+00
1.302180958999301676e-02 -1.147119999999999918e+00
1.304181236970114628e-02 -1.101504000000000039e+00
1.306181514940927754e-02 -9.052839999999999776e-01
1.308181792911740707e-02 -8.113270000000000204e-01
1.310182070882553833e-02 -1.038432999999999939e+00
1.312182348853366959e-02 -1.325496000000000008e+00
1.314182626824179911e-02 -1.564411999999999914e+00
1.316182904794993037e-02 -1.529633000000000020e+00
1.318183182765805990e-02 -1.290780999999999956e+00
1.320183460736619116e-02 -1.040315000000000101e+00
1.322183738707432242e-02 -1.006509000000000098e+00
1.324184016678245195e-02 -1.015981999999999941e+00
1.326184294649058321e-02 -1.051021999999999901e+00
1.328184572619871447e-02 -1.148937000000000097e+00
1.330184850590684399e-02 -1.298567999999999945e+00
1.332185128561497525e-02 -1.545400000000000107e+00
1.334185406532310478e-02 -1.687049999999999939e+00
1.336185684503123604e-02 -1.630468000000000028e+00
1.338185962473936730e-02 -1.395250000000000101e+00
1.340186240444749682e-02 -1.170285000000000020e+00
1.342186518415562808e-02 -9.736759999999999859e-01
1.344186796386375761e-02 -8.597979999999999512e-01
1.346187074357188887e-02 -9.231930000000000414e-01
1.348187352328002013e-02 -1.104228999999999905e+00
1.350187630298814966e-02 -1.246723000000000026e+00
1.352187908269628092e-02 -1.277220000000000022e+00
1.354188186240441218e-02 -1.314659999999999940e+00
1.356188464211254170e-02 -1.305965000000000042e+00
1.358188742182067296e-02 -1.240364000000000022e+00
1.360189020152880249e-02 -1.238156999999999952e+00
1.362189298123693375e-02 -1.248410000000000020e+00
1.364189576094506501e-02 -1.281436999999999937e+00
1.366189854065319453e-02 -1.304926999999999948e+00
1.368190132036132579e-02 -1.300124999999999975e+00
1.370190410006945532e-02 -1.041612999999999900e+00
1.372190687977758658e-02 -9.161200000000000454e-01
1.374190965948571784e-02 -9.420749999999999957e-01
1.376191243919384737e-02 -1.120711000000000013e+00
1.378191521890197863e-02 -1.402063999999999977e+00
1.380191799861010989e-02 -1.632155000000000022e+00
1.382192077831823941e-02 -1.651232000000000033e+00
1.384192355802637067e-02 -1.615479000000000109e+00
1.386192633773450020e-02 -1.421011000000000024e+00
1.388192911744263146e-02 -9.865230000000000388e-01
1.390193189715076272e-02 -5.496999999999999664e-01
1.392193467685889224e-02 -3.436819999999999875e-01
1.394193745656702350e-02 -5.901899999999999924e-01
1.396194023627515303e-02 -1.172685999999999895e+00
1.398194301598328429e-02 -1.785095000000000098e+00
1.400194579569141555e-02 -2.135876999999999803e+00
1.402194857539954508e-02 -2.061710999999999849e+00
1.404195135510767634e-02 -1.571096000000000048e+00
1.406195413481580760e-02 -9.525869999999999616e-01
1.408195691452393712e-02 -4.205090000000000217e-01
1.410195969423206838e-02 -1.864590000000000136e-01
1.412196247394019791e-02 -4.220659999999999967e-01
1.414196525364832917e-02 -1.001837000000000089e+00
1.416196803335646043e-02 -1.667194000000000065e+00
1.418197081306458995e-02 -2.159755999999999787e+00
1.420197359277272121e-02 -2.289466000000000001e+00
1.422197637248085074e-02 -1.878922999999999899e+00
1.424197915218898200e-02 -1.127458999999999989e+00
1.426198193189711326e-02 -4.329669999999999908e-01
1.428198471160524279e-02 -1.600499999999999978e-01
1.430198749131337405e-02 -4.529529999999999945e-01
1.432199027102150531e-02 -1.026364000000000054e+00
1.434199305072963483e-02 -1.524377000000000093e+00
1.436199583043776609e-02 -1.730005000000000015e+00
1.438199861014589562e-02 -1.641758000000000051e+00
1.440200138985402688e-02 -1.372474999999999890e+00
1.442200416956215814e-02 -1.077496000000000009e+00
1.444200694927028766e-02 -8.725159999999999583e-01
1.446200972897841892e-02 -7.171100000000000252e-01
1.448201250868654845e-02 -7.904330000000000522e-01
1.450201528839467971e-02 -1.077884999999999982e+00
1.452201806810281097e-02 -1.424060000000000104e+00
1.454202084781094050e-02 -1.549876999999999949e+00
1.456202362751907176e-02 -1.393628000000000089e+00
1.458202640722720302e-02 -1.156528999999999918e+00
1.460202918693533254e-02 -9.316280000000000117e-01
1.462203196664346380e-02 -9.198190000000000532e-01
1.464203474635159333e-02 -1.128238000000000074e+00
1.466203752605972459e-02 -1.310831999999999997e+00
1.468204030576785585e-02 -1.299800999999999984e+00
1.470204308547598537e-02 -1.162304000000000004e+00
1.472204586518411663e-02 -1.026688999999999963e+00
1.474204864489224616e-02 -9.924929999999999586e-01
1.476205142460037742e-02 -1.063998999999999917e+00
1.478205420430850868e-02 -1.114092000000000082e+00
1.480205698401663821e-02 -1.158865000000000034e+00
1.482205976372476947e-02 -1.174827000000000066e+00
1.484206254343290073e-02 -1.184301000000000048e+00
1.486206532314103025e-02 -1.161655000000000104e+00
1.488206810284916151e-02 -1.115520000000000067e+00
1.490207088255729104e-02 -9.625799999999999912e-01
1.492207366226542230e-02 -8.324150000000000160e-01
1.494207644197355356e-02 -9.146929999999999783e-01
1.496207922168168308e-02 -1.145628000000000091e+00
1.498208200138981434e-02 -1.363261000000000056e+00
1.500208478109794387e-02 -1.429705999999999921e+00
1.502208756080607513e-02 -1.353917000000000037e+00
1.504209034051420639e-02 -1.174892000000000047e+00
1.506209312022233592e-02 -1.055887999999999938e+00
1.508209589993046718e-02 -1.069579000000000057e+00
1.510209867963859844e-02 -1.130055000000000032e+00
1.512210145934672796e-02 -1.113118999999999970e+00
1.514210423905485922e-02 -1.066011000000000042e+00
1.516210701876298875e-02 -1.091121999999999925e+00
1.518210979847112001e-02 -1.155296000000000101e+00
1.520211257817925127e-02 -1.205713999999999952e+00
1.522211535788738079e-02 -1.264502000000000015e+00
1.524211813759551205e-02 -1.276570999999999900e+00
1.526212091730364158e-02 -1.227062000000000097e+00
1.528212369701177284e-02 -1.200652000000000053e+00
1.530212647671990410e-02 -1.082038000000000055e+00
1.532212925642803363e-02 -8.690120000000000067e-01
1.534213203613616489e-02 -6.792160000000000419e-01
1.536213481584429441e-02 -6.014800000000000146e-01
1.538213759555242567e-02 -7.699289999999999745e-01
1.540214037526055693e-02 -1.133494000000000002e+00
1.542214315496868646e-02 -1.526648000000000005e+00
1.544214593467681772e-02 -1.717416999999999971e+00
1.546214871438494898e-02 -1.716963000000000017e+00
1.548215149409307850e-02 -1.429575999999999958e+00
1.550215427380120976e-02 -1.010337000000000041e+00
1.552215705350933929e-02 -6.949830000000000174e-01
1.554215983321747055e-02 -5.504139999999999588e-01
1.556216261292560181e-02 -6.441759999999999708e-01
1.558216539263373134e-02 -9.285139999999999505e-01
1.560216817234186260e-02 -1.344249000000000027e+00
1.562217095204999212e-02 -1.640266000000000002e+00
1.564217373175812512e-02 -1.671996000000000038e+00
1.566217651146625464e-02 -1.411083000000000087e+00
1.568217929117438417e-02 -9.956080000000000485e-01
1.570218207088251369e-02 -6.188700000000000312e-01
1.572218485059064669e-02 -5.053170000000000162e-01
1.574218763029877621e-02 -6.958269999999999733e-01
1.576219041000690574e-02 -1.032269000000000103e+00
1.578219318971503873e-02 -1.313816000000000095e+00
1.580219596942316826e-02 -1.467535000000000034e+00
1.582219874913129778e-02 -1.506272999999999973e+00
1.584220152883943078e-02 -1.323029999999999928e+00
1.586220430854756031e-02 -1.017798999999999898e+00
1.588220708825568983e-02 -7.352790000000000159e-01
1.590220986796382283e-02 -6.778530000000000388e-01
1.592221264767195235e-02 -9.016499999999999515e-01
1.594221542738008188e-02 -1.239325000000000010e+00
1.596221820708821140e-02 -1.555717000000000017e+00
1.598222098679634440e-02 -1.667129000000000083e+00
1.600222376650447392e-02 -1.484080999999999984e+00
1.602222654621260345e-02 -1.150949000000000000e+00
1.604222932592073644e-02 -8.365679999999999783e-01
1.606223210562886597e-02 -6.171830000000000371e-01
1.608223488533699549e-02 -5.702690000000000259e-01
1.610223766504512849e-02 -7.139309999999999823e-01
1.612224044475325802e-02 -9.920390000000000041e-01
1.614224322446138754e-02 -1.245813999999999977e+00
1.616224600416952054e-02 -1.383310999999999957e+00
1.618224878387765006e-02 -1.398560000000000025e+00
1.620225156358577959e-02 -1.277090000000000058e+00
1.622225434329390911e-02 -1.116883000000000070e+00
1.624225712300204211e-02 -1.006898000000000071e+00
1.626225990271017163e-02 -1.017798999999999898e+00
1.628226268241830116e-02 -1.118635000000000046e+00
1.630226546212643415e-02 -1.202339999999999964e+00
1.632226824183456368e-02 -1.203961999999999977e+00
1.634227102154269320e-02 -1.097741000000000078e+00
1.636227380125082620e-02 -9.776340000000000030e-01
1.638227658095895573e-02 -9.215710000000000290e-01
1.640227936066708525e-02 -1.000669000000000031e+00
1.642228214037521825e-02 -1.152895000000000003e+00
1.644228492008334777e-02 -1.336268000000000011e+00
1.646228769979147730e-02 -1.480966999999999922e+00
1.648229047949960682e-02 -1.500108999999999915e+00
1.650229325920773982e-02 -1.362546999999999953e+00
1.652229603891586934e-02 -1.070033999999999930e+00
1.654229881862399887e-02 -7.393020000000000147e-01
1.656230159833213186e-02 -5.248479999999999812e-01
1.658230437804026139e-02 -5.837010000000000254e-01
1.660230715774839091e-02 -8.263810000000000322e-01
1.662230993745652391e-02 -1.144395000000000051e+00
1.664231271716465344e-02 -1.395639999999999992e+00
1.666231549687278296e-02 -1.492712000000000039e+00
1.668231827658091596e-02 -1.437621999999999955e+00
1.670232105628904548e-02 -1.297854000000000063e+00
1.672232383599717501e-02 -1.126355999999999913e+00
1.674232661570530453e-02 -9.420100000000000140e-01
1.676232939541343753e-02 -8.686869999999999870e-01
1.678233217512156705e-02 -9.255290000000000461e-01
1.680233495482969658e-02 -1.039536999999999933e+00
1.682233773453782957e-02 -1.151791999999999927e+00
1.684234051424595910e-02 -1.254574000000000078e+00
1.686234329395408862e-02 -1.254313999999999929e+00
1.688234607366222162e-02 -1.173659000000000008e+00
1.690234885337035114e-02 -1.107928000000000024e+00
1.692235163307848067e-02 -1.043365000000000098e+00
1.694235441278661367e-02 -1.016501000000000099e+00
1.696235719249474319e-02 -1.013127000000000111e+00
1.698235997220287272e-02 -1.007741999999999916e+00
1.700236275191100224e-02 -1.025390999999999941e+00
1.702236553161913524e-02 -1.138749999999999929e+00
1.704236831132726476e-02 -1.316346999999999934e+00
1.706237109103539429e-02 -1.369229999999999947e+00
1.708237387074352728e-02 -1.335747999999999935e+00
1.710237665045165681e-02 -1.170090000000000074e+00
1.712237943015978633e-02 -1.029090000000000060e+00
1.714238220986791933e-02 -9.340289999999999981e-01
1.716238498957604885e-02 -9.403880000000000017e-01
1.718238776928417838e-02 -9.806829999999999714e-01
1.720239054899231138e-02 -1.114416999999999991e+00
1.722239332870044090e-02 -1.312063999999999897e+00
1.724239610840857043e-02 -1.496539999999999981e+00
1.726239888811669995e-02 -1.557404000000000011e+00
1.728240166782483295e-02 -1.347234000000000043e+00
1.730240444753296247e-02 -9.911950000000000482e-01
1.732240722724109200e-02 -6.597490000000000299e-01
1.734241000694922499e-02 -5.666360000000000285e-01
1.736241278665735452e-02 -7.472830000000000306e-01
1.738241556636548404e-02 -1.022535999999999889e+00
1.740241834607361704e-02 -1.332503999999999911e+00
1.742242112578174656e-02 -1.489208000000000087e+00
1.744242390548987609e-02 -1.518277000000000099e+00
1.746242668519800909e-02 -1.396808000000000050e+00
1.748242946490613861e-02 -1.214733000000000063e+00
1.750243224461426814e-02 -9.677710000000000479e-01
1.752243502432239766e-02 -8.150899999999999812e-01
1.754243780403053066e-02 -8.479229999999999823e-01
1.756244058373866018e-02 -1.052708999999999895e+00
1.758244336344678971e-02 -1.310767000000000015e+00
1.760244614315492270e-02 -1.438595000000000068e+00
1.762244892286305223e-02 -1.372668999999999917e+00
1.764245170257118175e-02 -1.109744999999999981e+00
1.766245448227931475e-02 -9.194940000000000335e-01
1.768245726198744427e-02 -8.643399999999999972e-01
1.770246004169557380e-02 -1.001058000000000003e+00
1.772246282140370680e-02 -1.190334999999999921e+00
1.774246560111183632e-02 -1.304991999999999930e+00
1.776246838081996585e-02 -1.297465000000000090e+00
1.778247116052809537e-02 -1.233030999999999988e+00
1.780247394023622837e-02 -1.156204000000000010e+00
1.782247671994435789e-02 -1.066594999999999960e+00
1.784247949965248742e-02 -9.703009999999999691e-01
1.786248227936062041e-02 -9.621260000000000367e-01
1.788248505906874994e-02 -1.086449999999999916e+00
1.790248783877687946e-02 -1.304343000000000030e+00
1.792249061848501246e-02 -1.472920999999999925e+00
1.794249339819314198e-02 -1.477592999999999934e+00
1.796249617790127151e-02 -1.240558000000000050e+00
1.798249895760940451e-02 -9.506409999999999583e-01
1.800250173731753403e-02 -7.653219999999999468e-01
1.802250451702566356e-02 -7.709669999999999579e-01
1.804250729673379308e-02 -9.232580000000000231e-01
1.806251007644192608e-02 -1.131612000000000062e+00
1.808251285615005560e-02 -1.278712000000000071e+00
1.810251563585818513e-02 -1.347104000000000079e+00
1.812251841556631812e-02 -1.319007000000000041e+00
1.814252119527444765e-02 -1.236080999999999985e+00
1.816252397498257717e-02 -1.139399000000000051e+00
1.818252675469071017e-02 -1.048815000000000053e+00
1.820252953439883969e-02 -1.008520000000000083e+00
1.822253231410696922e-02 -1.082816999999999918e+00
1.824253509381510222e-02 -1.285136000000000056e+00
1.826253787352323174e-02 -1.432171000000000083e+00
1.828254065323136127e-02 -1.450015000000000054e+00
1.830254343293949079e-02 -1.277349999999999985e+00
1.832254621264762379e-02 -1.066335000000000033e+00
1.834254899235575331e-02 -9.312390000000000390e-01
1.836255177206388284e-02 -9.062569999999999792e-01
1.838255455177201583e-02 -9.742600000000000149e-01
1.840255733148014536e-02 -1.079053000000000040e+00
1.842256011118827488e-02 -1.206882000000000010e+00
1.844256289089640788e-02 -1.286629000000000023e+00
1.846256567060453740e-02 -1.353657000000000110e+00
1.848256845031266693e-02 -1.270407000000000064e+00
1.850257123002079993e-02 -1.131871999999999989e+00
1.852257400972892945e-02 -1.003848000000000074e+00
1.854257678943705898e-02 -8.883480000000000265e-01
1.856257956914518850e-02 -8.681029999999999580e-01
1.858258234885332150e-02 -9.433080000000000354e-01
1.860258512856145102e-02 -1.085995999999999961e+00
1.862258790826958055e-02 -1.226736999999999966e+00
1.864259068797771354e-02 -1.358200000000000074e+00
1.866259346768584307e-02 -1.418805000000000094e+00
1.868259624739397259e-02 -1.434636999999999940e+00
1.870259902710210559e-02 -1.353267999999999915e+00
1.872260180681023511e-02 -1.236860000000000070e+00
1.874260458651836464e-02 -1.109809999999999963e+00
1.876260736622649763e-02 -9.687440000000000495e-01
1.878261014593462716e-02 -8.841959999999999820e-01
1.880261292564275669e-02 -8.998979999999999757e-01
1.882261570535088621e-02 -9.678360000000000296e-01
1.884261848505901921e-02 -1.071266999999999969e+00
1.886262126476714873e-02 -1.174827000000000066e+00
1.888262404447527826e-02 -1.274364999999999970e+00
1.890262682418341125e-02 -1.263268999999999975e+00
1.892262960389154078e-02 -1.198511000000000104e+00
1.894263238359967030e-02 -1.130897999999999959e+00
1.896263516330780330e-02 -1.085930999999999980e+00
1.898263794301593282e-02 -1.102541999999999911e+00
1.900264072272406235e-02 -1.155880000000000019e+00
1.902264350243219534e-02 -1.195786000000000016e+00
1.904264628214032487e-02 -1.229851999999999945e+00
1.906264906184845440e-02 -1.210579999999999989e+00
1.908265184155658392e-02 -1.161915000000000031e+00
1.910265462126471692e-02 -1.123370999999999897e+00
1.912265740097284644e-02 -1.084958000000000089e+00
1.914266018068097597e-02 -1.062181999999999960e+00
1.916266296038910896e-02 -1.095339999999999980e+00
1.918266574009723849e-02 -1.206102999999999925e+00
1.920266851980536801e-02 -1.282540999999999931e+00
1.922267129951350101e-02 -1.289028999999999980e+00
1.924267407922163053e-02 -1.196693999999999924e+00
1.926267685892976006e-02 -1.001837000000000089e+00
1.928267963863789305e-02 -8.497400000000000508e-01
1.930268241834602258e-02 -8.323500000000000343e-01
1.932268519805415211e-02 -9.304599999999999538e-01
1.934268797776228163e-02 -1.101763999999999966e+00
1.936269075747041463e-02 -1.253276000000000057e+00
1.938269353717854415e-02 -1.329194999999999904e+00
1.940269631688667368e-02 -1.358459000000000083e+00
1.942269909659480667e-02 -1.302071999999999896e+00
1.944270187630293620e-02 -1.226866999999999930e+00
1.946270465601106572e-02 -1.143032000000000048e+00
1.948270743571919872e-02 -1.106759999999999966e+00
1.950271021542732824e-02 -1.161265999999999909e+00
1.952271299513545777e-02 -1.246008999999999922e+00
1.954271577484359076e-02 -1.330556999999999990e+00
1.956271855455172029e-02 -1.314594999999999958e+00
1.958272133425984982e-02 -1.161005999999999982e+00
1.960272411396797934e-02 -9.575829999999999620e-01
1.962272689367611234e-02 -7.957539999999999614e-01
1.964272967338424186e-02 -8.126889999999999947e-01
1.966273245309237139e-02 -9.745840000000000058e-01
1.968273523280050438e-02 -1.201430999999999916e+00
1.970273801250863391e-02 -1.354565999999999937e+00
1.972274079221676343e-02 -1.373707999999999929e+00
1.974274357192489643e-02 -1.302591000000000054e+00
1.976274635163302595e-02 -1.158994999999999997e+00
1.978274913134115548e-02 -9.773739999999999650e-01
1.980275191104928847e-02 -8.338430000000000009e-01
1.982275469075741800e-02 -7.969870000000000010e-01
1.984275747046554753e-02 -9.546639999999999571e-01
1.986276025017367705e-02 -1.198836000000000013e+00
1.988276302988181005e-02 -1.439114000000000004e+00
1.990276580958993957e-02 -1.554484999999999895e+00
1.992276858929806910e-02 -1.465068999999999955e+00
1.994277136900620209e-02 -1.257559000000000093e+00
1.996277414871433162e-02 -1.023962999999999957e+00
1.998277692842246114e-02 -9.178070000000000395e-01
2.000277970813059414e-02 -8.756300000000000194e-01
2.002278248783872366e-02 -9.314989999999999659e-01
2.004278526754685319e-02 -1.000474000000000085e+00
2.006278804725498618e-02 -1.069385000000000030e+00
2.008279082696311571e-02 -1.144134999999999902e+00
2.010279360667124524e-02 -1.179044999999999899e+00
2.012279638637937476e-02 -1.146212000000000009e+00
2.014279916608750776e-02 -1.133623999999999965e+00
2.016280194579563728e-02 -1.110913000000000039e+00
2.018280472550376681e-02 -1.137062999999999935e+00
2.020280750521189980e-02 -1.210904999999999898e+00
2.022281028492002933e-02 -1.265279999999999960e+00
2.024281306462815885e-02 -1.236404999999999976e+00
2.026281584433629185e-02 -1.168468000000000062e+00
2.028281862404442137e-02 -1.090343999999999980e+00
2.030282140375255090e-02 -1.047906999999999922e+00
2.032282418346068389e-02 -1.039406999999999970e+00
2.034282696316881342e-02 -1.059846000000000066e+00
2.036282974287694295e-02 -1.087229000000000001e+00
2.038283252258507247e-02 -1.106954999999999911e+00
2.040283530229320547e-02 -1.130767999999999995e+00
2.042283808200133499e-02 -1.188453999999999899e+00
2.044284086170946452e-02 -1.204611000000000098e+00
2.046284364141759751e-02 -1.184560000000000057e+00
2.048284642112572704e-02 -1.135310999999999959e+00
2.050284920083385656e-02 -1.080999999999999961e+00
2.052285198054198956e-02 -1.045960000000000001e+00
2.054285476025011908e-02 -1.044402999999999970e+00
2.056285753995824861e-02 -1.015787999999999913e+00
2.058286031966638160e-02 -1.010207000000000077e+00
2.060286309937451113e-02 -1.062376999999999905e+00
2.062286587908264066e-02 -1.146147000000000027e+00
2.064286865879077018e-02 -1.247891000000000084e+00
2.066287143849890318e-02 -1.331336000000000075e+00
2.068287421820703270e-02 -1.320046000000000053e+00
2.070287699791516223e-02 -1.278323000000000098e+00
2.072287977762329522e-02 -1.195591000000000070e+00
2.074288255733142475e-02 -1.128821999999999992e+00
2.076288533703955427e-02 -1.086256000000000110e+00
2.078288811674768727e-02 -1.057444999999999968e+00
2.080289089645581679e-02 -1.056796999999999986e+00
2.082289367616394632e-02 -1.070227999999999957e+00
2.084289645587207931e-02 -1.104165000000000063e+00
2.086289923558020884e-02 -1.131027999999999922e+00
2.088290201528833837e-02 -1.133688000000000029e+00
2.090290479499646789e-02 -1.132845000000000102e+00
2.092290757470460089e-02 -1.121618999999999922e+00
2.094291035441273041e-02 -1.158085999999999949e+00
2.096291313412085994e-02 -1.201950000000000074e+00
2.098291591382899293e-02 -1.235562000000000049e+00
2.100291869353712246e-02 -1.201756000000000046e+00
2.102292147324525198e-02 -1.101698999999999984e+00
2.104292425295338498e-02 -9.685489999999999933e-01
2.106292703266151450e-02 -9.252690000000000081e-01
2.108292981236964403e-02 -9.579729999999999634e-01
2.110293259207777702e-02 -1.057835000000000081e+00
2.112293537178590655e-02 -1.182353999999999905e+00
2.114293815149403608e-02 -1.304083000000000103e+00
2.116294093120216560e-02 -1.371825999999999990e+00
2.118294371091029860e-02 -1.365661999999999932e+00
2.120294649061842812e-02 -1.243738000000000010e+00
2.122294927032655765e-02 -1.076847000000000110e+00
2.124295205003469064e-02 -9.028180000000000094e-01
2.126295482974282017e-02 -8.159990000000000299e-01
2.128295760945094969e-02 -8.814699999999999758e-01
2.130296038915908269e-02 -1.029932999999999987e+00
2.132296316886721221e-02 -1.212657000000000096e+00
2.134296594857534174e-02 -1.306613999999999942e+00
2.136296872828347473e-02 -1.308105999999999991e+00
2.138297150799160426e-02 -1.240038999999999891e+00
2.140297428769973379e-02 -1.130314000000000041e+00
2.142297706740786331e-02 -1.055433999999999983e+00
2.144297984711599631e-02 -1.026170000000000027e+00
2.146298262682412583e-02 -1.066529999999999978e+00
2.148298540653225536e-02 -1.141863999999999990e+00
2.150298818624038835e-02 -1.218107000000000051e+00
2.152299096594851788e-02 -1.239001000000000019e+00
2.154299374565664740e-02 -1.210970000000000102e+00
2.156299652536478040e-02 -1.085217000000000098e+00
2.158299930507290992e-02 -9.446059999999999457e-01
2.160300208478103945e-02 -8.963299999999999601e-01
2.162300486448917244e-02 -9.250749999999999806e-01
2.164300764419730197e-02 -1.062896000000000063e+00
2.166301042390543150e-02 -1.204739999999999922e+00
2.168301320361356102e-02 -1.279166000000000025e+00
2.170301598332169402e-02 -1.295843000000000078e+00
2.172301876302982354e-02 -1.194552999999999976e+00
2.174302154273795307e-02 -1.095793999999999935e+00
2.176302432244608606e-02 -1.012283999999999962e+00
2.178302710215421559e-02 -9.481749999999999901e-01
2.180302988186234511e-02 -9.784119999999999484e-01
2.182303266157047811e-02 -1.054850000000000065e+00
2.184303544127860763e-02 -1.156659000000000104e+00
2.186303822098673716e-02 -1.220312999999999981e+00
2.188304100069487015e-02 -1.220831999999999917e+00
2.190304378040299968e-02 -1.187025999999999915e+00
2.192304656011112921e-02 -1.137516999999999889e+00
2.194304933981925873e-02 -1.091121999999999925e+00
2.196305211952739173e-02 -1.099363000000000090e+00
2.198305489923552125e-02 -1.107604000000000033e+00
2.200305767894365078e-02 -1.107213999999999920e+00
2.202306045865178377e-02 -1.110978000000000021e+00
2.204306323835991330e-02 -1.091121999999999925e+00
2.206306601806804282e-02 -1.054070999999999980e+00
2.208306879777617582e-02 -1.027403000000000066e+00
2.210307157748430534e-02 -1.050178000000000056e+00
2.212307435719243487e-02 -1.104878000000000027e+00
2.214307713690056786e-02 -1.175216000000000038e+00
2.216307991660869739e-02 -1.240299000000000040e+00
2.218308269631682692e-02 -1.272807000000000022e+00
2.220308547602495644e-02 -1.222259999999999902e+00
2.222308825573308944e-02 -1.176709000000000005e+00
2.224309103544121896e-02 -1.104619000000000018e+00
2.226309381514934849e-02 -1.042521000000000031e+00
2.228309659485748148e-02 -1.014164999999999983e+00
2.230309937456561101e-02 -9.862640000000000295e-01
2.232310215427374053e-02 -1.017605000000000093e+00
2.234310493398187353e-02 -1.049009999999999998e+00
2.236310771369000305e-02 -1.116818000000000088e+00
2.238311049339813258e-02 -1.171777000000000069e+00
2.240311327310626557e-02 -1.190334999999999921e+00
2.242311605281439510e-02 -1.171777000000000069e+00
2.244311883252252462e-02 -1.159124000000000043e+00
2.246312161223065415e-02 -1.123955000000000037e+00
2.248312439193878715e-02 -1.109809999999999963e+00
2.250312717164691667e-02 -1.068411999999999917e+00
2.252312995135504620e-02 -1.019031999999999938e+00
2.254313273106317919e-02 -1.002030999999999894e+00
2.256313551077130872e-02 -1.036875999999999909e+00
2.258313829047943824e-02 -1.113833000000000073e+00
2.260314107018757124e-02 -1.204091000000000022e+00
2.262314384989570076e-02 -1.231797999999999949e+00
2.264314662960383029e-02 -1.208828000000000014e+00
2.266314940931196328e-02 -1.130055000000000032e+00
2.268315218902009281e-02 -1.084958000000000089e+00
2.270315496872822233e-02 -1.057185999999999959e+00
2.272315774843635186e-02 -1.084893000000000107e+00
2.274316052814448486e-02 -1.088980999999999977e+00
2.276316330785261438e-02 -1.123761000000000010e+00
2.278316608756074391e-02 -1.127005000000000035e+00
2.280316886726887690e-02 -1.138360000000000039e+00
2.282317164697700643e-02 -1.122203000000000062e+00
2.284317442668513595e-02 -1.057835000000000081e+00
2.286317720639326895e-02 -9.813969999999999638e-01
2.288317998610139847e-02 -9.664730000000000265e-01
2.290318276580952800e-02 -1.034864999999999924e+00
2.292318554551766099e-02 -1.163731000000000071e+00
2.294318832522579052e-02 -1.277673999999999976e+00
2.296319110493392004e-02 -1.306872999999999951e+00
2.298319388464204957e-02 -1.229592000000000018e+00
2.300319666435018257e-02 -1.111691999999999902e+00
2.302319944405831209e-02 -1.026299000000000072e+00
2.304320222376644162e-02 -9.704310000000000436e-01
2.306320500347457461e-02 -9.828900000000000414e-01
2.308320778318270414e-02 -1.029219000000000106e+00
2.310321056289083366e-02 -1.096832000000000029e+00
2.312321334259896666e-02 -1.197473000000000010e+00
2.314321612230709618e-02 -1.268135999999999930e+00
2.316321890201522571e-02 -1.276894999999999891e+00
2.318322168172335870e-02 -1.187156000000000100e+00
2.320322446143148823e-02 -1.057055999999999996e+00
2.322322724113961775e-02 -9.695880000000000054e-01
2.324323002084774728e-02 -9.766599999999999726e-01
2.326323280055588028e-02 -1.041678000000000104e+00
2.328323558026400980e-02 -1.101439000000000057e+00
2.330323835997213933e-02 -1.141539999999999999e+00
2.332324113968027232e-02 -1.111366999999999994e+00
2.334324391938840185e-02 -1.082621999999999973e+00
2.336324669909653137e-02 -1.051411000000000096e+00
2.338324947880466437e-02 -1.032788000000000039e+00
2.340325225851279389e-02 -1.052902999999999922e+00
2.342325503822092342e-02 -1.075873999999999997e+00
2.344325781792905641e-02 -1.135569999999999968e+00
2.346326059763718594e-02 -1.196628999999999943e+00
2.348326337734531546e-02 -1.190206000000000097e+00
2.350326615705344499e-02 -1.190725000000000033e+00
2.352326893676157799e-02 -1.114287000000000027e+00
2.354327171646970751e-02 -1.021886999999999990e+00
2.356327449617783704e-02 -9.852260000000000462e-01
2.358327727588597003e-02 -9.790609999999999591e-01
2.360328005559409956e-02 -1.056796999999999986e+00
2.362328283530222908e-02 -1.110587999999999909e+00
2.364328561501036208e-02 -1.143421999999999938e+00
2.366328839471849160e-02 -1.125836999999999977e+00
2.368329117442662113e-02 -1.090473000000000026e+00
2.370329395413475412e-02 -1.048491000000000062e+00
2.372329673384288365e-02 -1.032073999999999936e+00
2.374329951355101317e-02 -1.006183999999999967e+00
2.376330229325914270e-02 -1.028829999999999911e+00
2.378330507296727570e-02 -1.052189999999999959e+00
2.380330785267540522e-02 -1.113833000000000073e+00
2.382331063238353475e-02 -1.128562000000000065e+00
2.384331341209166774e-02 -1.150428999999999924e+00
2.386331619179979727e-02 -1.106306000000000012e+00
2.388331897150792679e-02 -1.097285999999999984e+00
2.390332175121605979e-02 -1.095728999999999953e+00
2.392332453092418931e-02 -1.107344000000000106e+00
2.394332731063231884e-02 -1.121490000000000098e+00
2.396333009034045183e-02 -1.137710999999999917e+00
2.398333287004858136e-02 -1.131677000000000044e+00
2.400333564975671088e-02 -1.113963000000000036e+00
2.402333842946484041e-02 -1.058872999999999953e+00
2.404334120917297341e-02 -1.010726000000000013e+00
2.406334398888110293e-02 -9.806190000000000184e-01
2.408334676858923246e-02 -9.903520000000000101e-01
2.410334954829736545e-02 -9.924279999999999768e-01
2.412335232800549498e-02 -1.029284000000000088e+00
2.414335510771362450e-02 -1.062311999999999923e+00
2.416335788742175750e-02 -1.081649000000000083e+00
2.418336066712988702e-02 -1.101763999999999966e+00
2.420336344683801655e-02 -1.116362999999999994e+00
2.422336622654614954e-02 -1.119153999999999982e+00
2.424336900625427907e-02 -1.078468999999999900e+00
2.426337178596240859e-02 -1.042845999999999940e+00
2.428337456567053812e-02 -1.008261000000000074e+00
2.430337734537867111e-02 -9.734159999999999480e-01
2.432338012508680064e-02 -1.020264999999999977e+00
2.434338290479493017e-02 -1.047323000000000004e+00
2.436338568450306316e-02 -1.105852000000000057e+00
2.438338846421119269e-02 -1.151532999999999918e+00
2.440339124391932221e-02 -1.178784999999999972e+00
2.442339402362745521e-02 -1.156852999999999909e+00
2.444339680333558473e-02 -1.119542999999999955e+00
2.446339958304371426e-02 -1.044143999999999961e+00
2.448340236275184725e-02 -9.732859999999999845e-01
2.450340514245997678e-02 -9.279950000000000143e-01
2.452340792216810630e-02 -9.409720000000000306e-01
2.454341070187623583e-02 -9.882750000000000146e-01
2.456341348158436882e-02 -1.067179000000000100e+00
2.458341626129249835e-02 -1.147250000000000103e+00
2.460341904100062788e-02 -1.176838999999999968e+00
2.462342182070876087e-02 -1.138036000000000048e+00
2.464342460041689040e-02 -1.074640999999999957e+00
2.466342738012501992e-02 -1.054330999999999907e+00
2.468343015983315292e-02 -1.049139999999999961e+00
2.470343293954128244e-02 -1.076521999999999979e+00
2.472343571924941197e-02 -1.103126000000000051e+00
2.474343849895754496e-02 -1.141475000000000017e+00
2.476344127866567449e-02 -1.173010000000000108e+00
2.478344405837380401e-02 -1.094756000000000062e+00
2.480344683808193354e-02 -1.060559999999999947e+00
2.482344961779006653e-02 -1.035578000000000110e+00
2.484345239749819606e-02 -9.108000000000000540e-01
2.486345517720632559e-02 -1.068411999999999917e+00
2.488345795691445858e-02 -1.082427000000000028e+00
2.490346073662258811e-02 -1.140956000000000081e+00
2.492346351633071763e-02 -1.085995999999999961e+00
2.494346629603885063e-02 -1.163926000000000016e+00
2.496346907574698015e-02 -1.094691000000000081e+00
2.498347185545510968e-02 -1.019420999999999911e+00
2.500347463516324267e-02 -1.070033999999999930e+00
2.502347741487137220e-02 -8.581109999999999571e-01
2.504348019457950172e-02 -9.308499999999999552e-01
2.506348297428763125e-02 -1.211424000000000056e+00
2.508348575399576424e-02 -1.182743000000000100e+00
2.510348853370389377e-02 -1.183586999999999945e+00
2.512349131341202330e-02 -1.230436000000000085e+00
2.514349409312015629e-02 -1.100400999999999962e+00
2.516349687282828582e-02 -1.055109999999999992e+00
2.518349965253641534e-02 -1.061274000000000051e+00
2.520350243224454834e-02 -1.017605000000000093e+00
2.522350521195267786e-02 -1.117661000000000016e+00
2.524350799166080739e-02 -1.155945000000000000e+00
2.526351077136894038e-02 -1.077949999999999964e+00
2.528351355107706991e-02 -1.029219000000000106e+00
2.530351633078519943e-02 -9.908059999999999645e-01
2.532351911049332896e-02 -1.005924999999999958e+00
2.534352189020146195e-02 -1.017020999999999953e+00
2.536352466990959148e-02 -1.036680999999999964e+00
2.538352744961772101e-02 -1.044532999999999934e+00
2.540353022932585400e-02 -1.086514999999999898e+00
2.542353300903398353e-02 -1.168274000000000035e+00
2.544353578874211305e-02 -1.212331999999999965e+00
2.546353856845024605e-02 -1.197343000000000046e+00
2.548354134815837557e-02 -1.092939000000000105e+00
2.550354412786650510e-02 -1.007676999999999934e+00
2.552354690757463809e-02 -1.009883000000000086e+00
2.554354968728276762e-02 -1.052254000000000023e+00
2.556355246699089714e-02 -1.079442000000000013e+00
2.558355524669902667e-02 -1.090343999999999980e+00
2.560355802640715966e-02 -1.117531000000000052e+00
2.562356080611528919e-02 -1.148028999999999966e+00
2.564356358582341872e-02 -1.197019000000000055e+00
2.566356636553155171e-02 -1.185923000000000060e+00
2.568356914523968124e-02 -1.132130999999999998e+00
2.570357192494781076e-02 -1.076912000000000091e+00
2.572357470465594376e-02 -1.058742999999999990e+00
2.574357748436407328e-02 -1.075029999999999930e+00
2.576358026407220281e-02 -1.086514999999999898e+00
2.578358304378033580e-02 -1.080090999999999912e+00
2.580358582348846533e-02 -1.065555999999999948e+00
2.582358860319659485e-02 -1.081193999999999988e+00
2.584359138290472438e-02 -1.110848000000000058e+00
2.586359416261285737e-02 -1.154841999999999924e+00
2.588359694232098690e-02 -1.152246000000000103e+00
2.590359972202911643e-02 -1.181121000000000087e+00
2.592360250173724942e-02 -1.114740999999999982e+00
2.594360528144537895e-02 -1.120257000000000058e+00
2.596360806115350847e-02 -1.127005000000000035e+00
2.598361084086164147e-02 -1.116168999999999967e+00
2.600361362056977099e-02 -1.103969999999999896e+00
2.602361640027790052e-02 -1.059652000000000038e+00
2.604361917998603351e-02 -1.045765999999999973e+00
2.606362195969416304e-02 -1.044597999999999915e+00
2.608362473940229256e-02 -1.042715999999999976e+00
2.610362751911042209e-02 -1.061598000000000042e+00
2.612363029881855508e-02 -1.062116999999999978e+00
2.614363307852668461e-02 -1.096961999999999993e+00
2.616363585823481414e-02 -1.138749999999999929e+00
2.618363863794294713e-02 -1.181510999999999978e+00
2.620364141765107666e-02 -1.181381000000000014e+00
2.622364419735920618e-02 -1.165677999999999992e+00
2.624364697706733918e-02 -1.138425000000000020e+00
2.626364975677546870e-02 -1.085412000000000043e+00
2.628365253648359823e-02 -1.049528999999999934e+00
2.630365531619173122e-02 -1.014685000000000059e+00
2.632365809589986075e-02 -1.026753999999999944e+00
2.634366087560799027e-02 -1.058742999999999990e+00
2.636366365531611980e-02 -1.117207000000000061e+00
2.638366643502425279e-02 -1.144265000000000088e+00
2.640366921473238232e-02 -1.153609000000000107e+00
2.642367199444051185e-02 -1.119283000000000028e+00
2.644367477414864484e-02 -1.102282999999999902e+00
2.646367755385677437e-02 -1.094236999999999904e+00
2.648368033356490389e-02 -1.101115000000000066e+00
2.650368311327303689e-02 -1.087358999999999964e+00
2.652368589298116641e-02 -1.091706000000000065e+00
2.654368867268929594e-02 -1.088980999999999977e+00
2.656369145239742893e-02 -1.095469999999999944e+00
2.658369423210555846e-02 -1.072564000000000073e+00
2.660369701181368798e-02 -1.037460000000000049e+00
2.662369979152181751e-02 -1.009752999999999901e+00
2.664370257122995050e-02 -1.034864999999999924e+00
2.666370535093808003e-02 -1.095145000000000035e+00
2.668370813064620956e-02 -1.153024999999999967e+00
2.670371091035434255e-02 -1.179044999999999899e+00
2.672371369006247208e-02 -1.168922000000000017e+00
2.674371646977060160e-02 -1.117596000000000034e+00
2.676371924947873460e-02 -1.060754999999999892e+00
2.678372202918686412e-02 -1.017020999999999953e+00
2.680372480889499365e-02 -9.915850000000000497e-01
2.682372758860312664e-02 -9.952830000000000288e-01
2.684373036831125617e-02 -1.015981999999999941e+00
2.686373314801938569e-02 -1.074122000000000021e+00
2.688373592772751522e-02 -1.131027999999999922e+00
2.690373870743564821e-02 -1.163926000000000016e+00
2.692374148714377774e-02 -1.139399000000000051e+00
2.694374426685190727e-02 -1.075809000000000015e+00
2.696374704656004026e-02 -1.038823000000000052e+00
2.698374982626816979e-02 -1.033501999999999921e+00
2.700375260597629931e-02 -1.072953999999999963e+00
2.702375538568443231e-02 -1.107213999999999920e+00
2.704375816539256183e-02 -1.129536000000000096e+00
2.706376094510069136e-02 -1.129275999999999947e+00
2.708376372480882435e-02 -1.119348000000000010e+00
2.710376650451695388e-02 -1.119996999999999909e+00
2.712376928422508340e-02 -1.071331000000000033e+00
2.714377206393321293e-02 -1.029803000000000024e+00
2.716377484364134592e-02 -1.015398000000000023e+00
2.718377762334947545e-02 -1.025390999999999941e+00
2.720378040305760498e-02 -1.095404999999999962e+00
2.722378318276573797e-02 -1.120322000000000040e+00
2.724378596247386750e-02 -1.117142000000000079e+00
2.726378874218199702e-02 -1.087293999999999983e+00
2.728379152189013002e-02 -1.055757999999999974e+00
2.730379430159825954e-02 -1.056732000000000005e+00
2.732379708130638907e-02 -1.046415000000000095e+00
2.734379986101452206e-02 -1.074705999999999939e+00
2.736380264072265159e-02 -1.074510999999999994e+00
2.738380542043078111e-02 -1.099232999999999905e+00
2.740380820013891064e-02 -1.115324999999999900e+00
2.742381097984704363e-02 -1.120775999999999994e+00
2.744381375955517316e-02 -1.143356999999999957e+00
2.746381653926330269e-02 -1.125448000000000004e+00
2.748381931897143568e-02 -1.106565000000000021e+00
2.750382209867956521e-02 -1.108900999999999915e+00
2.752382487838769473e-02 -1.100270999999999999e+00
2.754382765809582773e-02 -1.069450000000000012e+00
2.756383043780395725e-02 -1.064387999999999890e+00
2.758383321751208678e-02 -1.054200999999999944e+00
2.760383599722021977e-02 -1.047063000000000077e+00
2.762383877692834930e-02 -1.047517999999999949e+00
2.764384155663647882e-02 -1.063285000000000036e+00
2.766384433634460835e-02 -1.065231999999999957e+00
2.768384711605274134e-02 -1.069644000000000039e+00
2.770384989576087087e-02 -1.072109999999999896e+00
2.772385267546900040e-02 -1.086580000000000101e+00
2.774385545517713339e-02 -1.084568999999999894e+00
2.776385823488526292e-02 -1.076457999999999915e+00
2.778386101459339244e-02 -1.070033999999999930e+00
2.780386379430152544e-02 -1.063739999999999908e+00
2.782386657400965496e-02 -1.080610000000000070e+00
2.784386935371778449e-02 -1.111431999999999976e+00
2.786387213342591748e-02 -1.096767000000000047e+00
2.788387491313404701e-02 -1.084503999999999913e+00
2.790387769284217653e-02 -1.074446000000000012e+00
2.792388047255030606e-02 -1.072499000000000091e+00
2.794388325225843905e-02 -1.095469999999999944e+00
2.796388603196656858e-02 -1.090084000000000053e+00
2.798388881167469810e-02 -1.077171000000000101e+00
2.800389159138283110e-02 -1.066594999999999960e+00
2.802389437109096063e-02 -1.039860999999999924e+00
2.804389715079909015e-02 -1.031360999999999972e+00
2.806389993050722315e-02 -1.025260999999999978e+00
2.808390271021535267e-02 -1.017605000000000093e+00
2.810390548992348220e-02 -1.022990000000000066e+00
2.812390826963161519e-02 -1.041808000000000067e+00
2.814391104933974472e-02 -1.095339999999999980e+00
2.816391382904787424e-02 -1.123242000000000074e+00
2.818391660875600377e-02 -1.122657999999999934e+00
2.820391938846413676e-02 -1.100270999999999999e+00
2.822392216817226629e-02 -1.083401000000000058e+00
2.824392494788039581e-02 -1.044791999999999943e+00
2.826392772758852881e-02 -1.051865000000000050e+00
2.828393050729665834e-02 -1.059652000000000038e+00
2.830393328700478786e-02 -1.075873999999999997e+00
2.832393606671292086e-02 -1.101698999999999984e+00
2.834393884642105038e-02 -1.079960999999999949e+00
2.836394162612917991e-02 -1.081649000000000083e+00
2.838394440583731290e-02 -1.054589999999999916e+00
2.840394718554544243e-02 -1.033436999999999939e+00
2.842394996525357195e-02 -1.016501000000000099e+00
2.844395274496170148e-02 -9.962560000000000304e-01
2.846395552466983447e-02 -1.023898999999999893e+00
2.848395830437796400e-02 -1.046349999999999891e+00
2.850396108408609352e-02 -1.067113999999999896e+00
2.852396386379422652e-02 -1.076197999999999988e+00
2.854396664350235605e-02 -1.055174000000000056e+00
2.856396942321048557e-02 -1.001576999999999940e+00
2.858397220291861857e-02 -9.829550000000000232e-01
2.860397498262674809e-02 -9.757519999999999527e-01
2.862397776233487762e-02 -1.023898999999999893e+00
2.864398054204301061e-02 -1.048491000000000062e+00
2.866398332175114014e-02 -1.096702000000000066e+00
2.868398610145926966e-02 -1.114676000000000000e+00
2.870398888116739919e-02 -1.113313999999999915e+00
2.872399166087553218e-02 -1.110978000000000021e+00
2.874399444058366171e-02 -1.077755000000000019e+00
2.876399722029179123e-02 -1.053552000000000044e+00
