# time(s), 	 	 acceleration(g)
0.000000000000000000e+00 6.201789999999999914e+00
2.000277970813066735e-05 6.443107000000000362e+00
4.000555941626133470e-05 6.679882000000000097e+00
6.000833912439200544e-05 6.941249000000000002e+00
8.001111883252266940e-05 7.239797000000000260e+00
1.000138985406533334e-04 7.532051000000000052e+00
1.200166782487840109e-04 7.872385999999999662e+00
1.400194579569146748e-04 8.196823999999999444e+00
1.600222376650453388e-04 8.547800999999999760e+00
1.800250173731760028e-04 8.922072999999999254e+00
2.000277970813066667e-04 9.303286999999999196e+00
2.200305767894373307e-04 9.722137000000000029e+00
2.400333564975680217e-04 1.019302599999999970e+01
2.600361362056986857e-04 1.070576800000000084e+01
2.800389159138293497e-04 1.126529400000000081e+01
3.000416956219600136e-04 1.191455900000000057e+01
3.200444753300906776e-04 1.263695300000000010e+01
3.400472550382213415e-04 1.343351299999999959e+01
3.600500347463520055e-04 1.441162899999999958e+01
3.800528144544826695e-04 1.542367999999999917e+01
4.000555941626133334e-04 1.646759199999999979e+01
4.200583738707439974e-04 1.788720299999999952e+01
4.400611535788746614e-04 1.933030300000000068e+01
4.600639332870053253e-04 2.094892400000000166e+01
4.800667129951360435e-04 2.305919899999999956e+01
5.000694927032666532e-04 2.561577000000000126e+01
5.200722724113973714e-04 2.893548499999999990e+01
5.400750521195279812e-04 3.318380599999999703e+01
5.600778318276586993e-04 3.956556599999999690e+01
5.800806115357893091e-04 4.959822700000000140e+01
6.000833912439200273e-04 6.612127099999999302e+01
6.200861709520506370e-04 9.272499200000000030e+01
6.400889506601813552e-04 1.328870420000000081e+02
6.600917303683120733e-04 1.863703869999999938e+02
6.800945100764426831e-04 2.529410420000000101e+02
7.000972897845734013e-04 3.261301020000000221e+02
7.201000694927040110e-04 3.971160330000000158e+02
7.401028492008347292e-04 4.544707020000000171e+02
7.601056289089653389e-04 4.876063330000000065e+02
7.801084086170960571e-04 4.922080970000000093e+02
8.001111883252266669e-04 4.706776780000000144e+02
8.201139680333573850e-04 4.325529030000000148e+02
8.401167477414879948e-04 3.871534500000000207e+02
8.601195274496187130e-04 3.384344780000000128e+02
8.801223071577493227e-04 2.920502260000000092e+02
9.001250868658800409e-04 2.489130790000000104e+02
9.201278665740106506e-04 2.003744939999999986e+02
9.401306462821413688e-04 1.473550309999999968e+02
9.601334259902720870e-04 9.370103100000000040e+01
9.801362056984026967e-04 5.090960599999999658e+01
1.000138985406533306e-03 1.738912600000000097e+01
1.020141765114664133e-03 -1.634230999999999989e+00
1.040144544822794743e-03 -7.202106999999999815e+00
1.060147324530925353e-03 -1.594260999999999928e+00
1.080150104239055962e-03 1.610052299999999903e+01
1.100152883947186789e-03 3.827657399999999654e+01
1.120155663655317399e-03 5.789800000000000324e+01
1.140158443363448008e-03 7.098965800000000570e+01
1.160161223071578618e-03 6.322793300000000016e+01
1.180164002779709445e-03 5.219723499999999916e+01
1.200166782487840055e-03 2.176676799999999901e+01
1.220169562195970664e-03 -7.653139999999999610e+00
1.240172341904101274e-03 -2.506696099999999916e+01
1.260175121612232101e-03 -4.412684999999999746e+01
1.280177901320362710e-03 -4.238928899999999800e+01
1.300180681028493320e-03 -2.445351300000000094e+01
1.320183460736624147e-03 -8.566952000000000567e+00
1.340186240444754756e-03 7.981526999999999816e+00
1.360189020152885366e-03 2.428174599999999828e+01
1.380191799861015976e-03 2.964256500000000116e+01
1.400194579569146803e-03 2.645723299999999867e+01
1.420197359277277412e-03 6.678907999999999845e+00
1.440200138985408022e-03 6.849109000000000336e+00
1.460202918693538632e-03 3.897371999999999836e+00
1.480205698401669458e-03 -4.764084999999999681e+00
1.500208478109800068e-03 8.637475999999999487e+00
1.520211257817930678e-03 1.166655899999999946e+01
1.540214037526061288e-03 1.270845899999999951e+01
1.560216817234192114e-03 2.217977700000000141e+01
1.580219596942322724e-03 1.452680400000000027e+01
1.600222376650453334e-03 7.076084999999999958e+00
1.620225156358584160e-03 -1.245748999999999995e+00
1.640227936066714770e-03 7.108270000000000088e+00
1.660230715774845380e-03 8.148742000000000374e+00
1.680233495482975990e-03 7.769800000000000317e-02
1.700236275191106816e-03 6.096477000000000146e+00
1.720239054899237426e-03 6.193800000000000416e-01
1.740241834607368036e-03 -1.082672799999999924e+01
1.760244614315498645e-03 -1.389428900000000056e+01
1.780247394023629472e-03 -2.725042799999999943e+01
1.800250173731760082e-03 -3.318511300000000119e+01
1.820252953439890692e-03 -2.665378700000000123e+01
1.840255733148021301e-03 -1.384283300000000061e+01
1.860258512856152128e-03 -2.030565000000000175e+00
1.880261292564282738e-03 2.129166100000000128e+01
1.900264072272413347e-03 3.324006299999999925e+01
1.920266851980544174e-03 3.881857999999999720e+01
1.940269631688674784e-03 4.229272699999999929e+01
1.960272411396805393e-03 2.438731800000000050e+01
1.980275191104936220e-03 1.663973899999999873e+01
2.000277970813066613e-03 -1.122333000000000025e+00
2.020280750521197440e-03 -1.361605100000000057e+01
2.040283530229328266e-03 -1.735182500000000161e+01
2.060286309937458659e-03 -2.156848099999999846e+01
2.080289089645589486e-03 -1.629837500000000006e+01
2.100291869353719879e-03 -1.089654699999999998e+01
2.120294649061850705e-03 -7.521808000000000050e+00
2.140297428769981532e-03 -5.621964000000000183e+00
2.160300208478111925e-03 -6.202643000000000129e+00
2.180302988186242751e-03 -2.898047000000000040e+00
2.200305767894373578e-03 -9.289021999999999224e+00
2.220308547602503971e-03 -9.406273000000000550e+00
2.240311327310634797e-03 -7.291650999999999883e+00
2.260314107018765624e-03 -4.130003000000000313e+00
2.280316886726896017e-03 1.452666000000000013e+00
2.300319666435026843e-03 2.455569000000000113e+00
2.320322446143157236e-03 7.929292000000000229e+00
2.340325225851288063e-03 6.274658999999999764e+00
2.360328005559418890e-03 9.506774999999999309e+00
2.380330785267549282e-03 9.609362000000000847e+00
2.400333564975680109e-03 3.104509999999999881e+00
2.420336344683810936e-03 9.920173999999999381e+00
2.440339124391941329e-03 7.941101999999999883e+00
2.460341904100072155e-03 2.589043000000000205e+00
2.480344683808202548e-03 -2.279474000000000000e+00
2.500347463516333375e-03 -9.628059000000000367e+00
2.520350243224464201e-03 -1.562114300000000000e+01
2.540353022932594594e-03 -1.566422799999999960e+01
2.560355802640725421e-03 -2.049790000000000134e+01
2.580358582348856247e-03 -1.312361899999999970e+01
2.600361362056986640e-03 -1.471907500000000013e+01
2.620364141765117467e-03 -3.994841999999999782e+00
2.640366921473248293e-03 -4.035396999999999679e+00
2.660369701181378686e-03 -8.895809999999999551e-01
2.680372480889509513e-03 4.134269999999999889e-01
2.700375260597639906e-03 -5.963791999999999760e+00
2.720378040305770732e-03 7.586289999999999978e-01
2.740380820013901559e-03 1.644798999999999900e+00
2.760383599722031952e-03 5.630583999999999811e+00
2.780386379430162778e-03 1.106725699999999968e+01
2.800389159138293605e-03 1.328011899999999912e+01
2.820391938846423998e-03 8.788857999999999393e+00
2.840394718554554825e-03 1.533322000000000074e+00
2.860397498262685217e-03 -4.229749999999999899e-01
2.880400277970816044e-03 5.149759999999999893e-01
2.900403057678946871e-03 -7.395146999999999693e+00
2.920405837387077264e-03 -9.573683000000000831e+00
2.940408617095208090e-03 -1.186817399999999978e+01
2.960411396803338917e-03 -9.058346000000000231e+00
2.980414176511469310e-03 -1.172451299999999996e+01
3.000416956219600136e-03 -8.357884000000000313e+00
3.020419735927730963e-03 -1.459098700000000015e+01
3.040422515635861356e-03 -1.997477599999999853e+01
3.060425295343992182e-03 -1.044700600000000001e+01
3.080428075052122575e-03 -8.641961999999999477e+00
3.100430854760253402e-03 -4.526660999999999824e+00
3.120433634468384228e-03 4.865364999999999718e+00
3.140436414176514621e-03 1.153769199999999984e+01
3.160439193884645448e-03 1.363356100000000026e+01
3.180441973592776275e-03 1.114590100000000028e+01
3.200444753300906667e-03 9.533573000000000519e+00
3.220447533009037494e-03 9.061179999999999790e-01
3.240450312717168321e-03 -3.102702999999999989e+00
3.260453092425298714e-03 -2.309841000000000033e+00
3.280455872133429540e-03 -7.046895000000000131e+00
3.300458651841559933e-03 -6.033286000000000371e+00
3.320461431549690760e-03 3.664944000000000202e+00
3.340464211257821586e-03 2.702465999999999813e+00
3.360466990965951979e-03 -2.850484999999999935e+00
3.380469770674082806e-03 -5.700931999999999888e+00
3.400472550382213632e-03 -1.340633399999999931e+01
3.420475330090344025e-03 -1.995388300000000115e+01
3.440478109798474852e-03 -1.747348900000000071e+01
3.460480889506605245e-03 -1.487831000000000081e+01
3.480483669214736071e-03 -1.281709000000000032e+01
3.500486448922866898e-03 -4.266850999999999949e+00
3.520489228630997291e-03 7.327329999999999899e+00
3.540492008339128117e-03 8.713912999999999798e+00
3.560494788047258944e-03 9.965011000000000507e+00
3.580497567755389337e-03 1.047930999999999990e+01
3.600500347463520164e-03 2.075263000000000080e+00
3.620503127171650990e-03 -6.241910000000000514e-01
3.640505906879781383e-03 -2.707732000000000028e+00
3.660508686587912210e-03 -4.308314000000000199e+00
3.680511466296042603e-03 -1.591406000000000098e+00
3.700514246004173429e-03 -5.569030000000000369e-01
3.720517025712304256e-03 -7.240529999999999466e-01
3.740519805420434649e-03 3.850060000000000149e-01
3.760522585128565475e-03 -8.273540000000000338e-01
3.780525364836696302e-03 -8.936039999999999539e-01
3.800528144544826695e-03 -3.679294000000000064e+00
3.820530924252957521e-03 -5.569924000000000319e+00
3.840533703961088348e-03 -1.034876599999999947e+01
3.860536483669218741e-03 -1.044213899999999917e+01
3.880539263377349567e-03 -1.154490400000000072e+01
3.900542043085479960e-03 -1.129281600000000019e+01
3.920544822793610787e-03 -1.010452899999999943e+01
3.940547602501741180e-03 -5.239321999999999591e+00
3.960550382209872440e-03 2.741722999999999910e+00
3.980553161918002833e-03 6.968436999999999770e+00
4.000555941626133226e-03 1.490243800000000007e+01
4.020558721334264486e-03 1.083048199999999994e+01
4.040561501042394879e-03 8.162433999999999301e+00
4.060564280750525272e-03 7.218513999999999875e+00
4.080567060458656532e-03 -5.362029999999999852e-01
4.100569840166786925e-03 -4.149930000000000008e-01
4.120572619874917318e-03 -3.803942999999999852e+00
4.140575399583047711e-03 -8.337704000000000448e+00
4.160578179291178971e-03 -6.494571999999999790e+00
4.180580958999309364e-03 -8.811253999999999920e+00
4.200583738707439757e-03 -8.135968999999999340e+00
4.220586518415571017e-03 -5.695157000000000025e+00
4.240589298123701410e-03 -6.371415999999999968e+00
4.260592077831831803e-03 -4.184702999999999840e+00
4.280594857539963063e-03 -1.675111000000000017e+00
4.300597637248093456e-03 8.179359999999999964e-01
4.320600416956223849e-03 6.773890000000000189e-01
4.340603196664355110e-03 -1.180680000000000063e-01
4.360605976372485502e-03 3.128258999999999901e+00
4.380608756080615895e-03 1.023824000000000067e+00
4.400611535788747156e-03 2.114130999999999982e+00
4.420614315496877549e-03 2.924252000000000073e+00
4.440617095205007941e-03 2.906667999999999807e+00
4.460619874913139202e-03 2.535439999999999916e-01
4.480622654621269595e-03 -2.492500000000000160e+00
4.500625434329399988e-03 -3.729776000000000202e+00
4.520628214037531248e-03 -4.286122999999999905e+00
4.540630993745661641e-03 -2.172409000000000034e+00
4.560633773453792034e-03 1.819215999999999944e+00
4.580636553161922427e-03 3.064270000000000049e-01
4.600639332870053687e-03 2.862413999999999792e+00
4.620642112578184080e-03 -1.173853999999999953e+00
4.640644892286314473e-03 -2.239503000000000021e+00
4.660647671994445733e-03 -3.482555000000000067e+00
4.680650451702576126e-03 -9.421587000000000600e+00
4.700653231410706519e-03 -1.041287499999999966e+01
4.720656011118837779e-03 -9.951653999999999556e+00
4.740658790826968172e-03 -4.794269999999999921e-01
4.760661570535098565e-03 6.386395000000000266e+00
4.780664350243229825e-03 5.819083000000000006e+00
4.800667129951360218e-03 8.258921000000000845e+00
4.820669909659490611e-03 5.787677000000000405e+00
4.840672689367621871e-03 6.320329999999999560e-01
4.860675469075752264e-03 -2.125624999999999876e+00
4.880678248783882657e-03 -8.515171999999999741e+00
4.900681028492013917e-03 -8.636058000000000234e+00
4.920683808200144310e-03 -6.654974000000000167e+00
4.940686587908274703e-03 -7.569510000000000405e-01
4.960689367616405096e-03 1.949316000000000049e+00
4.980692147324536356e-03 3.822102000000000110e+00
5.000694927032666749e-03 1.137572000000000028e+00
5.020697706740797142e-03 -8.585650000000000226e-01
5.040700486448928402e-03 3.299159999999999870e-01
5.060703266157058795e-03 -1.028189999999999937e-01
5.080706045865189188e-03 -2.352082999999999924e+00
5.100708825573320448e-03 -2.537790999999999908e+00
5.120711605281450841e-03 -4.885295000000000165e+00
5.140714384989581234e-03 -6.385171999999999848e+00
5.160717164697712495e-03 -5.229003999999999763e+00
5.180719944405842887e-03 -1.358394000000000101e+00
5.200722724113973280e-03 -3.658730000000000038e-01
5.220725503822104541e-03 -6.653949999999999587e-01
5.240728283530234934e-03 -1.798526999999999987e+00
5.260731063238365326e-03 7.231300000000000228e-02
5.280733842946496587e-03 2.755545000000000133e+00
5.300736622654626980e-03 3.646386000000000127e+00
5.320739402362757373e-03 1.804356999999999989e+00
5.340742182070887765e-03 -8.322859999999999703e-01
5.360744961779019026e-03 -5.813000000000000389e-01
5.380747741487149419e-03 -1.953478000000000048e+00
5.400750521195279812e-03 -1.160098000000000074e+00
5.420753300903411072e-03 -2.573284999999999823e+00
5.440756080611541465e-03 -5.999545000000000350e+00
5.460758860319671858e-03 -5.066265999999999714e+00
5.480761640027803118e-03 -2.919589999999999907e+00
5.500764419735933511e-03 -1.918179999999999996e+00
5.520767199444063904e-03 -2.828097999999999779e+00
5.540769979152195164e-03 -4.143693999999999988e+00
5.560772758860325557e-03 -3.126126999999999878e+00
5.580775538568455950e-03 -3.028081999999999940e+00
5.600778318276587210e-03 8.945030000000000481e-01
5.620781097984717603e-03 3.283923999999999843e+00
5.640783877692847996e-03 3.466778000000000137e+00
5.660786657400979256e-03 1.843614000000000086e+00
5.680789437109109649e-03 -4.561970000000000192e-01
5.700792216817240042e-03 -1.248863999999999974e+00
5.720794996525370435e-03 -1.206622000000000083e+00
5.740797776233501695e-03 -1.607952000000000048e+00
5.760800555941632088e-03 -3.156493999999999911e+00
5.780803335649762481e-03 -3.840993999999999797e+00
5.800806115357893741e-03 -3.064614000000000171e+00
5.820808895066024134e-03 -3.355764000000000191e+00
5.840811674774154527e-03 3.015599999999999947e-01
5.860814454482285787e-03 -8.408000000000000543e-03
5.880817234190416180e-03 -2.857298000000000116e+00
5.900820013898546573e-03 -2.952552999999999983e+00
5.920822793606677834e-03 -3.794340000000000046e+00
5.940825573314808226e-03 -2.865473999999999855e+00
5.960828353022938619e-03 -1.189102000000000103e+00
5.980831132731069880e-03 -2.025309000000000026e+00
6.000833912439200273e-03 -2.858206000000000024e+00
6.020836692147330665e-03 -2.544214999999999893e+00
6.040839471855461926e-03 -4.610639999999999739e-01
6.060842251563592319e-03 3.245835000000000026e+00
6.080845031271722712e-03 3.074727000000000210e+00
6.100847810979853972e-03 -2.747060000000000057e-01
6.120850590687984365e-03 -2.345399000000000012e+00
6.140853370396114758e-03 -2.616823999999999817e+00
6.160856150104245151e-03 -7.103620000000000489e-01
6.180858929812376411e-03 -1.019746000000000041e+00
6.200861709520506804e-03 -2.818365000000000009e+00
6.220864489228637197e-03 -3.174014000000000113e+00
6.240867268936768457e-03 -3.273486999999999814e+00
6.260870048644898850e-03 -1.551304999999999934e+00
6.280872828353029243e-03 2.388790000000000080e-01
6.300875608061160503e-03 4.633900000000000241e-01
6.320878387769290896e-03 -2.111609000000000069e+00
6.340881167477421289e-03 -4.820731999999999573e+00
6.360883947185552549e-03 -3.695645999999999987e+00
6.380886726893682942e-03 -1.444499999999999895e+00
6.400889506601813335e-03 3.870819999999999816e-01
6.420892286309944595e-03 2.494307000000000052e+00
6.440895066018074988e-03 1.106751000000000040e+00
6.460897845726205381e-03 -1.054720000000000102e+00
6.480900625434336641e-03 -1.670698000000000016e+00
6.500903405142467034e-03 -1.514903000000000111e+00
6.520906184850597427e-03 -9.041160000000000307e-01
6.540908964558727820e-03 -1.341264000000000012e+00
6.560911744266859080e-03 -1.374746000000000024e+00
6.580914523974989473e-03 4.766920000000000046e-01
6.600917303683119866e-03 1.839785999999999921e+00
6.620920083391251126e-03 1.056786999999999921e+00
6.640922863099381519e-03 -2.133281999999999901e+00
6.660925642807511912e-03 -5.260021000000000058e+00
6.680928422515643172e-03 -5.972227000000000174e+00
6.700931202223773565e-03 -4.008988000000000440e+00
6.720933981931903958e-03 -1.780033999999999894e+00
6.740936761640035219e-03 9.977390000000000425e-01
6.760939541348165611e-03 1.138220999999999927e+00
6.780942321056296004e-03 -8.636260000000000048e-01
6.800945100764427265e-03 -1.221546000000000021e+00
6.820947880472557658e-03 -2.037183000000000188e+00
6.840950660180688050e-03 -2.462521999999999878e+00
6.860953439888819311e-03 -1.030257999999999896e+00
6.880956219596949704e-03 -7.846579999999999666e-01
6.900958999305080097e-03 -2.438200000000000089e-01
6.920961779013210489e-03 7.545410000000000172e-01
6.940964558721341750e-03 1.421130999999999922e+00
6.960967338429472143e-03 7.061349999999999572e-01
6.980970118137602536e-03 -1.911172000000000093e+00
7.000972897845733796e-03 -3.645747000000000071e+00
7.020975677553864189e-03 -3.402677999999999869e+00
7.040978457261994582e-03 -2.471410999999999802e+00
7.060981236970125842e-03 -2.649079999999999768e-01
7.080984016678256235e-03 5.648000000000000242e-02
7.100986796386386628e-03 -1.251330000000000053e+00
7.120989576094517888e-03 -1.513865000000000016e+00
7.140992355802648281e-03 -7.969870000000000010e-01
7.160995135510778674e-03 -2.023168000000000077e+00
7.180997915218909934e-03 -3.146891000000000105e+00
7.201000694927040327e-03 -2.984347999999999779e+00
7.221003474635170720e-03 -3.448358999999999952e+00
7.241006254343301980e-03 -1.841547000000000045e+00
7.261009034051432373e-03 2.538679999999999826e-01
7.281011813759562766e-03 8.170269999999999477e-01
7.301014593467693159e-03 5.219190000000000218e-01
7.321017373175824419e-03 -3.769040000000000168e-01
7.341020152883954812e-03 -1.155426000000000064e+00
7.361022932592085205e-03 -5.575510000000000188e-01
7.381025712300216465e-03 4.338009999999999922e-01
7.401028492008346858e-03 2.666510000000000269e-01
7.421031271716477251e-03 -1.536510999999999960e+00
7.441034051424608511e-03 -2.608518999999999810e+00
7.461036831132738904e-03 -2.588662999999999936e+00
7.481039610840869297e-03 -2.382321000000000133e+00
7.501042390549000557e-03 -1.649026000000000103e+00
7.521045170257130950e-03 -1.703791000000000055e+00
7.541047949965261343e-03 -2.326258000000000159e+00
7.561050729673392604e-03 -1.965352999999999906e+00
7.581053509381522997e-03 -1.357679999999999998e+00
7.601056289089653389e-03 -1.468572999999999906e+00
7.621059068797784650e-03 -1.339317000000000091e+00
7.641061848505915043e-03 -1.343469999999999942e+00
7.661064628214045436e-03 -7.810890000000000333e-01
7.681067407922176696e-03 2.146760000000000057e-01
7.701070187630307089e-03 4.188120000000000176e-01
7.721072967338437482e-03 -2.827000000000000086e-03
7.741075747046567875e-03 -9.087880000000000402e-01
7.761078526754699135e-03 -1.642667000000000099e+00
7.781081306462829528e-03 -2.163390000000000146e+00
7.801084086170959921e-03 -1.921489000000000003e+00
7.821086865879090314e-03 -7.240529999999999466e-01
7.841089645587221574e-03 -6.307450000000000001e-01
7.861092425295352834e-03 -9.514190000000000147e-01
7.881095205003482360e-03 -1.473179999999999934e+00
7.901097984711613620e-03 -1.857445000000000013e+00
7.921100764419744880e-03 -1.743306999999999940e+00
7.941103544127874406e-03 -2.119200999999999890e+00
7.961106323836005666e-03 -2.502882000000000051e+00
7.981109103544136926e-03 -2.165207000000000104e+00
8.001111883252266452e-03 -1.359496999999999955e+00
8.021114662960397712e-03 -2.441439999999999999e-01
8.041117442668528972e-03 -1.274760000000000060e-01
8.061120222376658498e-03 -1.257948000000000066e+00
8.081123002084789758e-03 -2.092792000000000208e+00
8.101125781792921018e-03 -1.539430999999999994e+00
8.121128561501050544e-03 -7.885510000000000019e-01
8.141131341209181804e-03 -6.010259999999999492e-01
8.161134120917313065e-03 1.035230000000000039e-01
8.181136900625442590e-03 3.588560000000000083e-01
8.201139680333573850e-03 -2.159830000000000083e-01
8.221142460041705111e-03 -5.640399999999999858e-01
8.241145239749834636e-03 -1.399467999999999934e+00
8.261148019457965896e-03 -2.569716000000000111e+00
8.281150799166095422e-03 -3.447970000000000201e+00
8.301153578874226682e-03 -3.836646000000000001e+00
8.321156358582357943e-03 -3.261287999999999965e+00
8.341159138290487468e-03 -1.456828999999999930e+00
8.361161917998618728e-03 7.507120000000000459e-01
8.381164697706749989e-03 1.600155999999999912e+00
8.401167477414879514e-03 6.097759999999999847e-01
8.421170257123010774e-03 -1.097545999999999911e+00
8.441173036831142035e-03 -2.603521999999999892e+00
8.461175816539271560e-03 -2.790008999999999961e+00
8.481178596247402821e-03 -2.149763000000000090e+00
8.501181375955534081e-03 -2.270000000000000018e+00
8.521184155663663606e-03 -2.134644999999999904e+00
8.541186935371794867e-03 -4.284250000000000003e-01
8.561189715079926127e-03 1.250151999999999930e+00
8.581192494788055652e-03 1.274680000000000035e+00
8.601195274496186913e-03 -1.054149999999999948e-01
8.621198054204318173e-03 -1.838756999999999975e+00
8.641200833912447699e-03 -3.267322000000000060e+00
8.661203613620578959e-03 -3.144359999999999822e+00
8.681206393328710219e-03 -1.735521000000000091e+00
8.701209173036839745e-03 -4.070119999999999849e-01
8.721211952744971005e-03 1.327879999999999894e-01
8.741214732453102265e-03 -3.119520000000000071e-01
8.761217512161231791e-03 -1.002809999999999979e+00
8.781220291869363051e-03 -1.303628999999999927e+00
8.801223071577494311e-03 -2.051328999999999958e+00
8.821225851285623837e-03 -2.609815999999999914e+00
8.841228630993755097e-03 -2.422940000000000094e+00
8.861231410701886357e-03 -2.042764000000000024e+00
8.881234190410015883e-03 -7.662299999999999667e-01
8.901236970118147143e-03 8.322760000000000158e-01
8.921239749826278403e-03 1.254758999999999958e+00
8.941242529534407929e-03 1.941710000000000103e-01
8.961245309242539189e-03 -1.646106000000000069e+00
8.981248088950670450e-03 -2.226331000000000060e+00
9.001250868658799975e-03 -1.657721000000000000e+00
9.021253648366931235e-03 -1.226412999999999975e+00
9.041256428075062496e-03 -1.395380000000000065e+00
9.061259207783192021e-03 -1.713200000000000056e+00
9.081261987491323281e-03 -1.924149000000000109e+00
9.101264767199452807e-03 -2.113555999999999990e+00
9.121267546907584067e-03 -1.759463999999999917e+00
9.141270326615715328e-03 -1.225633999999999890e+00
9.161273106323844853e-03 -1.166131999999999946e+00
9.181275886031976113e-03 -9.818510000000000293e-01
9.201278665740107374e-03 -4.463989999999999903e-01
9.221281445448236899e-03 3.214810000000000167e-01
9.241284225156368159e-03 5.056969999999999521e-01
9.261287004864499420e-03 -4.042870000000000075e-01
9.281289784572628945e-03 -1.897091000000000083e+00
9.301292564280760206e-03 -2.778977999999999948e+00
9.321295343988891466e-03 -2.634214000000000055e+00
9.341298123697020991e-03 -1.636047999999999947e+00
9.361300903405152252e-03 -6.165990000000000082e-01
9.381303683113283512e-03 -7.560430000000000206e-01
9.401306462821413037e-03 -1.493425000000000002e+00
9.421309242529544298e-03 -1.377146999999999899e+00
9.441312022237675558e-03 -8.327400000000000357e-01
9.461314801945805084e-03 -6.800589999999999691e-01
9.481317581653936344e-03 -1.225438999999999945e+00
9.501320361362067604e-03 -1.865815000000000001e+00
9.521323141070197130e-03 -1.796515000000000084e+00
9.541325920778328390e-03 -1.359626999999999919e+00
9.561328700486459650e-03 -9.212460000000000093e-01
9.581331480194589176e-03 -8.280030000000000445e-01
9.601334259902720436e-03 -1.005535000000000068e+00
9.621337039610851696e-03 -1.097156999999999938e+00
9.641339819318981222e-03 -8.802370000000000472e-01
9.661342599027112482e-03 -4.785829999999999806e-01
9.681345378735243742e-03 -4.512660000000000005e-01
9.701348158443373268e-03 -9.514839999999999964e-01
9.721350938151504528e-03 -2.034327999999999914e+00
9.741353717859635789e-03 -2.686903000000000041e+00
9.761356497567765314e-03 -2.289725999999999928e+00
9.781359277275896574e-03 -1.218690999999999969e+00
9.801362056984027835e-03 7.678999999999999715e-02
9.821364836692157360e-03 2.912429999999999741e-01
9.841367616400288620e-03 -9.732210000000000027e-01
9.861370396108418146e-03 -1.912663999999999920e+00
9.881373175816549406e-03 -1.980212000000000083e+00
9.901375955524680667e-03 -2.252609999999999779e+00
9.921378735232810192e-03 -2.403474000000000110e+00
9.941381514940941452e-03 -1.894301000000000013e+00
9.961384294649072713e-03 -9.223500000000000032e-01
9.981387074357202238e-03 5.026469999999999549e-01
1.000138985406533350e-02 1.391801999999999984e+00
1.002139263377346476e-02 7.679719999999999880e-01
1.004139541348159428e-02 -7.842040000000000122e-01
1.006139819318972554e-02 -2.172149999999999803e+00
1.008140097289785680e-02 -2.849511000000000127e+00
1.010140375260598633e-02 -2.750427999999999873e+00
1.012140653231411759e-02 -1.991177999999999892e+00
1.014140931202224885e-02 -9.124219999999999553e-01
1.016141209173037838e-02 -2.014479999999999882e-01
1.018141487143850964e-02 2.935700000000000115e-02
1.020141765114664090e-02 -1.747150000000000092e-01
1.022142043085477042e-02 -9.735460000000000225e-01
1.024142321056290168e-02 -1.669855000000000089e+00
1.026142599027103294e-02 -2.221724000000000032e+00
1.028142876997916247e-02 -2.785855999999999888e+00
1.030143154968729373e-02 -2.616305000000000103e+00
1.032143432939542499e-02 -1.241467000000000098e+00
1.034143710910355451e-02 3.746800000000000130e-02
1.036143988881168577e-02 5.265199999999999741e-02
1.038144266851981704e-02 -5.153100000000000458e-01
1.040144544822794656e-02 -9.464879999999999960e-01
1.042144822793607782e-02 -1.050956999999999919e+00
1.044145100764420908e-02 -9.136549999999999949e-01
1.046145378735233861e-02 -8.703100000000000280e-01
1.048145656706046987e-02 -1.309922999999999949e+00
1.050145934676860113e-02 -1.441645000000000065e+00
1.052146212647673065e-02 -1.008455000000000101e+00
1.054146490618486191e-02 -9.098910000000000053e-01
1.056146768589299317e-02 -1.391162000000000010e+00
1.058147046560112270e-02 -1.761606000000000005e+00
1.060147324530925396e-02 -1.816046000000000049e+00
1.062147602501738522e-02 -1.485768999999999895e+00
1.064147880472551475e-02 -8.354650000000000132e-01
1.066148158443364601e-02 -4.489299999999999957e-01
1.068148436414177553e-02 -7.267130000000000534e-01
1.070148714384990679e-02 -1.112405000000000088e+00
1.072148992355803805e-02 -1.478566000000000047e+00
1.074149270326616758e-02 -1.858807000000000098e+00
1.076149548297429884e-02 -1.800148999999999999e+00
1.078149826268243010e-02 -1.302265999999999924e+00
1.080150104239055962e-02 -1.114027000000000100e+00
1.082150382209869088e-02 -1.036356999999999973e+00
1.084150660180682214e-02 -4.953239999999999865e-01
1.086150938151495167e-02 9.307699999999999307e-02
1.088151216122308293e-02 -6.447100000000000053e-02
1.090151494093121419e-02 -7.718099999999999961e-01
1.092151772063934372e-02 -1.745708000000000037e+00
1.094152050034747498e-02 -2.363763000000000059e+00
1.096152328005560624e-02 -1.892354000000000092e+00
1.098152605976373576e-02 -1.154452000000000034e+00
1.100152883947186702e-02 -9.549229999999999663e-01
1.102153161917999828e-02 -9.178070000000000395e-01
1.104153439888812781e-02 -8.032160000000000410e-01
1.106153717859625907e-02 -9.255290000000000461e-01
1.108153995830439033e-02 -1.236404999999999976e+00
1.110154273801251985e-02 -1.535992000000000024e+00
1.112154551772065111e-02 -2.053469999999999906e+00
1.114154829742878237e-02 -2.186100000000000154e+00
1.116155107713691190e-02 -1.569148999999999905e+00
1.118155385684504316e-02 -8.064599999999999547e-01
1.120155663655317442e-02 -2.553050000000000042e-01
1.122155941626130395e-02 1.715799999999999964e-02
1.124156219596943521e-02 -3.463419999999999832e-01
1.126156497567756647e-02 -1.008844999999999992e+00
1.128156775538569599e-02 -1.351904999999999912e+00
1.130157053509382725e-02 -1.227775000000000061e+00
1.132157331480195851e-02 -1.286758000000000068e+00
1.134157609451008804e-02 -1.792621999999999938e+00
1.136157887421821930e-02 -2.106548000000000087e+00
1.138158165392635056e-02 -1.880738999999999939e+00
1.140158443363448008e-02 -1.232771999999999979e+00
1.142158721334261134e-02 -6.788260000000000405e-01
1.144158999305074087e-02 -6.172480000000000189e-01
1.146159277275887213e-02 -9.874969999999999581e-01
1.148159555246700339e-02 -1.149391000000000052e+00
1.150159833217513292e-02 -1.113053999999999988e+00
1.152160111188326418e-02 -1.490830000000000100e+00
1.154160389159139544e-02 -1.837588999999999917e+00
1.156160667129952496e-02 -1.861791999999999891e+00
1.158160945100765622e-02 -1.731044000000000027e+00
1.160161223071578748e-02 -1.221675999999999984e+00
1.162161501042391701e-02 -4.923390000000000266e-01
1.164161779013204827e-02 -1.878869999999999985e-01
1.166162056984017953e-02 -3.905310000000000170e-01
1.168162334954830905e-02 -9.940499999999999892e-01
1.170162612925644031e-02 -1.870940999999999965e+00
1.172162890896457157e-02 -2.219581999999999944e+00
1.174163168867270110e-02 -1.677510999999999974e+00
1.176163446838083236e-02 -8.550609999999999600e-01
1.178163724808896362e-02 -5.630669999999999842e-01
1.180164002779709315e-02 -8.069140000000000201e-01
1.182164280750522441e-02 -9.980080000000000062e-01
1.184164558721335567e-02 -1.001187999999999967e+00
1.186164836692148519e-02 -1.298372999999999999e+00
1.188165114662961645e-02 -1.884633000000000003e+00
1.190165392633774771e-02 -2.271491999999999845e+00
1.192165670604587724e-02 -2.003506999999999927e+00
1.194165948575400850e-02 -1.062766000000000099e+00
1.196166226546213976e-02 -2.391479999999999995e-01
1.198166504517026928e-02 -2.270139999999999936e-01
1.200166782487840055e-02 -8.156090000000000284e-01
1.202167060458653181e-02 -1.435610000000000053e+00
1.204167338429466133e-02 -1.839340999999999893e+00
1.206167616400279259e-02 -1.809039000000000064e+00
1.208167894371092385e-02 -1.405567000000000011e+00
1.210168172341905338e-02 -1.059652000000000038e+00
1.212168450312718464e-02 -7.492290000000000338e-01
1.214168728283531590e-02 -7.581189999999999873e-01
1.216169006254344542e-02 -1.020523999999999987e+00
1.218169284225157668e-02 -1.292273999999999923e+00
1.220169562195970794e-02 -1.466820999999999930e+00
1.222169840166783747e-02 -1.580114999999999936e+00
1.224170118137596873e-02 -1.657656000000000018e+00
1.226170396108409825e-02 -1.249122999999999983e+00
1.228170674079222952e-02 -4.326429999999999998e-01
1.230170952050036078e-02 -6.920700000000000462e-02
1.232171230020849030e-02 -6.350919999999999899e-01
1.234171507991662156e-02 -1.684714000000000045e+00
1.236171785962475282e-02 -2.517936000000000174e+00
1.238172063933288235e-02 -2.553104999999999958e+00
1.240172341904101361e-02 -1.764655000000000085e+00
1.242172619874914487e-02 -9.855500000000000371e-01
1.244172897845727439e-02 -5.367870000000000141e-01
1.246173175816540565e-02 -2.298040000000000083e-01
1.248173453787353691e-02 -9.308600000000000207e-02
1.250173731758166644e-02 -3.436819999999999875e-01
1.252174009728979770e-02 -9.746489999999999876e-01
1.254174287699792896e-02 -1.740193000000000101e+00
1.256174565670605849e-02 -2.337937000000000154e+00
1.258174843641418975e-02 -2.294462999999999919e+00
1.260175121612232101e-02 -1.765887999999999902e+00
1.262175399583045053e-02 -1.060300999999999938e+00
1.264175677553858179e-02 -5.095349999999999602e-01
1.266175955524671305e-02 -4.213520000000000043e-01
1.268176233495484258e-02 -8.293009999999999549e-01
1.270176511466297384e-02 -1.277997999999999967e+00
1.272176789437110510e-02 -1.339836000000000027e+00
1.274177067407923462e-02 -1.322835999999999901e+00
1.276177345378736588e-02 -1.410174000000000039e+00
1.278177623349549714e-02 -1.508739000000000052e+00
1.280177901320362667e-02 -1.508413999999999922e+00
1.282178179291175793e-02 -1.323485000000000023e+00
1.284178457261988919e-02 -9.650459999999999594e-01
1.286178735232801872e-02 -7.057550000000000212e-01
1.288179013203614998e-02 -8.200870000000000104e-01
1.290179291174428124e-02 -1.241336999999999913e+00
1.292179569145241076e-02 -1.449106999999999923e+00
1.294179847116054202e-02 -1.373772999999999911e+00
1.296180125086867328e-02 -1.342043000000000097e+00
1.298180403057680281e-02 -1.393304000000000098e+00
1.300180681028493407e-02 -1.411602000000000023e+00
1.302180958999306359e-02 -1.328286000000000078e+00
1.304181236970119485e-02 -1.047582999999999931e+00
1.306181514940932611e-02 -6.920629999999999837e-01
1.308181792911745564e-02 -6.026479999999999615e-01
1.310182070882558690e-02 -7.999070000000000347e-01
1.312182348853371816e-02 -1.128108000000000111e+00
1.314182626824184769e-02 -1.478566000000000047e+00
1.316182904794997895e-02 -1.603410000000000002e+00
1.318183182765811021e-02 -1.487195999999999962e+00
1.320183460736623973e-02 -1.425618000000000052e+00
1.322183738707437099e-02 -1.340875000000000039e+00
1.324184016678250225e-02 -1.167624999999999913e+00
1.326184294649063178e-02 -1.016696000000000044e+00
1.328184572619876304e-02 -9.796449999999999880e-01
1.330184850590689430e-02 -1.113183999999999951e+00
1.332185128561502382e-02 -1.327701999999999938e+00
1.334185406532315508e-02 -1.504585999999999979e+00
1.336185684503128634e-02 -1.534303999999999890e+00
1.338185962473941587e-02 -1.342367000000000088e+00
1.340186240444754713e-02 -1.217848000000000042e+00
1.342186518415567839e-02 -1.121229999999999949e+00
1.344186796386380792e-02 -1.046999000000000013e+00
1.346187074357193918e-02 -1.057315999999999923e+00
1.348187352328007044e-02 -1.129145999999999983e+00
1.350187630298819996e-02 -1.198641000000000068e+00
1.352187908269633122e-02 -1.301098000000000088e+00
1.354188186240446248e-02 -1.395899000000000001e+00
1.356188464211259201e-02 -1.225375000000000103e+00
1.358188742182072327e-02 -1.045765999999999973e+00
1.360189020152885453e-02 -1.036097000000000046e+00
1.362189298123698405e-02 -1.149132000000000042e+00
1.364189576094511532e-02 -1.346843999999999930e+00
1.366189854065324658e-02 -1.464939999999999909e+00
1.368190132036137610e-02 -1.411472000000000060e+00
1.370190410006950736e-02 -1.162368999999999986e+00
1.372190687977763862e-02 -9.632939999999999836e-01
1.374190965948576815e-02 -9.723779999999999646e-01
1.376191243919389941e-02 -1.116168999999999967e+00
1.378191521890203067e-02 -1.312972999999999946e+00
1.380191799861016019e-02 -1.411472000000000060e+00
1.382192077831829145e-02 -1.494073999999999902e+00
1.384192355802642098e-02 -1.620735000000000037e+00
1.386192633773455224e-02 -1.601074000000000108e+00
1.388192911744268350e-02 -1.229008000000000100e+00
1.390193189715081303e-02 -6.439820000000000544e-01
1.392193467685894429e-02 -2.985849999999999893e-01
1.394193745656707555e-02 -4.841639999999999833e-01
1.396194023627520507e-02 -1.034281000000000006e+00
1.398194301598333633e-02 -1.681275000000000075e+00
1.400194579569146759e-02 -2.018885000000000041e+00
1.402194857539959712e-02 -1.853550999999999949e+00
1.404195135510772838e-02 -1.437556999999999974e+00
1.406195413481585964e-02 -1.091836000000000029e+00
1.408195691452398916e-02 -7.250259999999999483e-01
1.410195969423212042e-02 -5.379549999999999610e-01
1.412196247394025168e-02 -6.943340000000000067e-01
1.414196525364838121e-02 -1.020135000000000014e+00
1.416196803335651247e-02 -1.498032000000000030e+00
1.418197081306464373e-02 -1.919672000000000045e+00
1.420197359277277326e-02 -1.947443999999999953e+00
1.422197637248090452e-02 -1.571031000000000066e+00
1.424197915218903578e-02 -9.082689999999999930e-01
1.426198193189716530e-02 -3.880649999999999933e-01
1.428198471160529656e-02 -3.262269999999999892e-01
1.430198749131342782e-02 -7.872540000000000093e-01
1.432199027102155735e-02 -1.295582999999999929e+00
1.434199305072968861e-02 -1.502834000000000003e+00
1.436199583043781987e-02 -1.479668999999999901e+00
1.438199861014594939e-02 -1.372929000000000066e+00
1.440200138985408065e-02 -1.252302999999999944e+00
1.442200416956221191e-02 -1.167818999999999940e+00
1.444200694927034144e-02 -1.001706999999999903e+00
1.446200972897847270e-02 -8.071089999999999653e-01
1.448201250868660396e-02 -8.137929999999999886e-01
1.450201528839473349e-02 -1.120061999999999891e+00
1.452201806810286475e-02 -1.407578999999999914e+00
1.454202084781099601e-02 -1.388501999999999903e+00
1.456202362751912553e-02 -1.176060000000000105e+00
1.458202640722725679e-02 -9.730269999999999753e-01
1.460202918693538632e-02 -9.254639999999999533e-01
1.462203196664351758e-02 -1.080416000000000043e+00
1.464203474635164884e-02 -1.276766000000000068e+00
1.466203752605977836e-02 -1.306678999999999924e+00
1.468204030576790962e-02 -1.130638999999999950e+00
1.470204308547604088e-02 -9.877559999999999674e-01
1.472204586518417041e-02 -9.533009999999999540e-01
1.474204864489230167e-02 -1.045441000000000065e+00
1.476205142460043293e-02 -1.161850000000000049e+00
1.478205420430856246e-02 -1.227127000000000079e+00
1.480205698401669372e-02 -1.199678999999999940e+00
1.482205976372482498e-02 -1.159383999999999970e+00
1.484206254343295450e-02 -1.130962999999999941e+00
1.486206532314108576e-02 -1.060559999999999947e+00
1.488206810284921702e-02 -9.456440000000000401e-01
1.490207088255734655e-02 -7.607789999999999830e-01
1.492207366226547781e-02 -7.262589999999999879e-01
1.494207644197360907e-02 -1.041352999999999973e+00
1.496207922168173859e-02 -1.372668999999999917e+00
1.498208200138986985e-02 -1.442552999999999974e+00
1.500208478109800111e-02 -1.348985000000000101e+00
1.502208756080613064e-02 -1.200328000000000062e+00
1.504209034051426190e-02 -1.089110999999999940e+00
1.506209312022239316e-02 -1.067307999999999923e+00
1.508209589993052269e-02 -1.131351999999999913e+00
1.510209867963865395e-02 -1.158280999999999894e+00
1.512210145934678521e-02 -1.062311999999999923e+00
1.514210423905491473e-02 -1.049919000000000047e+00
1.516210701876304599e-02 -1.154258000000000006e+00
1.518210979847117725e-02 -1.209607000000000099e+00
1.520211257817930678e-02 -1.187740000000000018e+00
1.522211535788743804e-02 -1.175022000000000011e+00
1.524211813759556930e-02 -1.141993999999999954e+00
1.526212091730369882e-02 -1.220637999999999890e+00
1.528212369701183009e-02 -1.277608999999999995e+00
1.530212647671996135e-02 -1.144006000000000078e+00
1.532212925642809087e-02 -8.996389999999999665e-01
1.534213203613622213e-02 -6.162750000000000172e-01
1.536213481584435339e-02 -5.461960000000000148e-01
1.538213759555248292e-02 -8.165829999999999478e-01
1.540214037526061418e-02 -1.276894999999999891e+00
1.542214315496874370e-02 -1.528464999999999963e+00
1.544214593467687496e-02 -1.623655000000000070e+00
1.546214871438500622e-02 -1.566229000000000093e+00
1.548215149409313575e-02 -1.384284000000000070e+00
1.550215427380126701e-02 -1.081908000000000092e+00
1.552215705350939827e-02 -8.026320000000000121e-01
1.554215983321752780e-02 -5.797430000000000083e-01
1.556216261292565906e-02 -5.980410000000000448e-01
1.558216539263379032e-02 -8.617439999999999545e-01
1.560216817234191984e-02 -1.300384999999999902e+00
1.562217095205005110e-02 -1.622681000000000040e+00
1.564217373175818063e-02 -1.662393000000000010e+00
1.566217651146631362e-02 -1.395899000000000001e+00
1.568217929117444315e-02 -1.009104000000000001e+00
1.570218207088257267e-02 -7.228200000000000180e-01
1.572218485059070567e-02 -6.655889999999999862e-01
1.574218763029883519e-02 -7.988039999999999585e-01
1.576219041000696472e-02 -9.568699999999999983e-01
1.578219318971509771e-02 -1.126486000000000098e+00
1.580219596942322724e-02 -1.267876000000000003e+00
1.582219874913135677e-02 -1.386814999999999909e+00
1.584220152883948976e-02 -1.378314999999999957e+00
1.586220430854761929e-02 -1.187999000000000027e+00
1.588220708825574881e-02 -8.610959999999999726e-01
1.590220986796388181e-02 -8.135980000000000434e-01
1.592221264767201133e-02 -9.605679999999999774e-01
1.594221542738014086e-02 -1.283060000000000089e+00
1.596221820708827385e-02 -1.527555999999999914e+00
1.598222098679640338e-02 -1.417961000000000027e+00
1.600222376650453290e-02 -1.182938000000000045e+00
1.602222654621266590e-02 -9.875620000000000509e-01
1.604222932592079542e-02 -8.144409999999999705e-01
1.606223210562892495e-02 -7.216519999999999602e-01
1.608223488533705794e-02 -7.429999999999999938e-01
1.610223766504518747e-02 -8.558400000000000452e-01
1.612224044475331700e-02 -1.047452999999999967e+00
1.614224322446144999e-02 -1.250939999999999941e+00
1.616224600416957952e-02 -1.341134000000000048e+00
1.618224878387770904e-02 -1.361444000000000099e+00
1.620225156358584204e-02 -1.258078000000000030e+00
1.622225434329397156e-02 -1.056861999999999968e+00
1.624225712300210109e-02 -9.649159999999999959e-01
1.626225990271023408e-02 -1.004237999999999964e+00
1.628226268241836361e-02 -1.136543000000000081e+00
1.630226546212649313e-02 -1.230436000000000085e+00
1.632226824183462613e-02 -1.164055999999999980e+00
1.634227102154275565e-02 -1.033762000000000070e+00
1.636227380125088518e-02 -9.255940000000000278e-01
1.638227658095901818e-02 -9.656940000000000524e-01
1.640227936066714770e-02 -1.079053000000000040e+00
1.642228214037527723e-02 -1.196693999999999924e+00
1.644228492008341022e-02 -1.353917000000000037e+00
1.646228769979153975e-02 -1.448263999999999996e+00
1.648229047949966927e-02 -1.452741000000000060e+00
1.650229325920780227e-02 -1.307782000000000000e+00
1.652229603891593179e-02 -9.893779999999999797e-01
1.654229881862406132e-02 -7.073770000000000335e-01
1.656230159833219084e-02 -6.302900000000000169e-01
1.658230437804032384e-02 -7.350189999999999779e-01
1.660230715774845336e-02 -9.481749999999999901e-01
1.662230993745658289e-02 -1.150493999999999906e+00
1.664231271716471589e-02 -1.288640000000000008e+00
1.666231549687284541e-02 -1.335099999999999953e+00
1.668231827658097494e-02 -1.307522000000000073e+00
1.670232105628910793e-02 -1.236145999999999967e+00
1.672232383599723746e-02 -1.117402000000000006e+00
1.674232661570536698e-02 -1.046674000000000104e+00
1.676232939541349998e-02 -1.005859999999999976e+00
1.678233217512162950e-02 -1.055045000000000011e+00
1.680233495482975903e-02 -1.115000999999999909e+00
1.682233773453789202e-02 -1.160746999999999973e+00
1.684234051424602155e-02 -1.137062999999999935e+00
1.686234329395415107e-02 -1.063998999999999917e+00
1.688234607366228407e-02 -1.070618000000000070e+00
1.690234885337041359e-02 -1.152441000000000049e+00
1.692235163307854312e-02 -1.175281000000000020e+00
1.694235441278667612e-02 -1.138878999999999975e+00
1.696235719249480564e-02 -1.027403000000000066e+00
1.698235997220293517e-02 -9.492779999999999552e-01
1.700236275191106816e-02 -1.003135000000000110e+00
1.702236553161919769e-02 -1.191956999999999933e+00
1.704236831132732721e-02 -1.300384999999999902e+00
1.706237109103546021e-02 -1.320888999999999980e+00
1.708237387074358973e-02 -1.279101999999999961e+00
1.710237665045171926e-02 -1.187545000000000073e+00
1.712237943015985225e-02 -1.142317999999999945e+00
1.714238220986798178e-02 -1.026105000000000045e+00
1.716238498957611130e-02 -9.386360000000000259e-01
1.718238776928424430e-02 -8.834170000000000078e-01
1.720239054899237383e-02 -1.014100999999999919e+00
1.722239332870050335e-02 -1.295712999999999893e+00
1.724239610840863635e-02 -1.578557999999999906e+00
1.726239888811676587e-02 -1.650972000000000106e+00
1.728240166782489540e-02 -1.369359999999999911e+00
1.730240444753302839e-02 -9.552479999999999860e-01
1.732240722724115792e-02 -6.655889999999999862e-01
1.734241000694928744e-02 -6.577380000000000448e-01
1.736241278665742044e-02 -8.700499999999999901e-01
1.738241556636554996e-02 -1.057315999999999923e+00
1.740241834607367949e-02 -1.242893999999999943e+00
1.742242112578181248e-02 -1.361378999999999895e+00
1.744242390548994201e-02 -1.420685999999999893e+00
1.746242668519807154e-02 -1.375588999999999951e+00
1.748242946490620453e-02 -1.186830999999999969e+00
1.750243224461433406e-02 -9.624500000000000277e-01
1.752243502432246358e-02 -8.309229999999999672e-01
1.754243780403059658e-02 -8.548019999999999508e-01
1.756244058373872610e-02 -1.115844000000000058e+00
1.758244336344685563e-02 -1.357809999999999961e+00
1.760244614315498862e-02 -1.426851000000000091e+00
1.762244892286311815e-02 -1.294610000000000039e+00
1.764245170257124767e-02 -1.083010999999999946e+00
1.766245448227938067e-02 -9.623850000000000460e-01
1.768245726198751019e-02 -9.816570000000000018e-01
1.770246004169563972e-02 -1.147380000000000067e+00
1.772246282140377271e-02 -1.234977999999999909e+00
1.774246560111190224e-02 -1.258467000000000002e+00
1.776246838082003177e-02 -1.210970000000000102e+00
1.778247116052816476e-02 -1.157372000000000067e+00
1.780247394023629429e-02 -1.122138000000000080e+00
1.782247671994442381e-02 -1.057380999999999904e+00
1.784247949965255681e-02 -9.804890000000000549e-01
1.786248227936068633e-02 -9.972299999999999498e-01
1.788248505906881586e-02 -1.146600999999999981e+00
1.790248783877694885e-02 -1.329909000000000008e+00
1.792249061848507838e-02 -1.456374000000000057e+00
1.794249339819320790e-02 -1.371242000000000072e+00
1.796249617790134090e-02 -1.152506000000000030e+00
1.798249895760947042e-02 -9.051540000000000141e-01
1.800250173731759995e-02 -8.231359999999999788e-01
1.802250451702573295e-02 -8.885429999999999717e-01
1.804250729673386247e-02 -1.011570000000000080e+00
1.806251007644199200e-02 -1.192282000000000064e+00
1.808251285615012499e-02 -1.311285999999999952e+00
1.810251563585825452e-02 -1.338797999999999933e+00
1.812251841556638404e-02 -1.336332000000000075e+00
1.814252119527451357e-02 -1.268848999999999894e+00
1.816252397498264656e-02 -1.160746999999999973e+00
1.818252675469077609e-02 -1.037654999999999994e+00
1.820252953439890561e-02 -9.954129999999999923e-01
1.822253231410703861e-02 -1.058807999999999971e+00
1.824253509381516813e-02 -1.196369999999999933e+00
1.826253787352329766e-02 -1.286108999999999947e+00
1.828254065323143066e-02 -1.279686000000000101e+00
1.830254343293956018e-02 -1.179888000000000048e+00
1.832254621264768971e-02 -1.107604000000000033e+00
1.834254899235582270e-02 -1.066788999999999987e+00
1.836255177206395223e-02 -1.064583000000000057e+00
1.838255455177208175e-02 -1.106435999999999975e+00
1.840255733148021475e-02 -1.138425000000000020e+00
1.842256011118834427e-02 -1.189751000000000003e+00
1.844256289089647380e-02 -1.247826000000000102e+00
1.846256567060460679e-02 -1.250097000000000014e+00
1.848256845031273632e-02 -1.161655000000000104e+00
1.850257123002086584e-02 -1.045117000000000074e+00
1.852257400972899884e-02 -1.000993000000000022e+00
1.854257678943712837e-02 -9.758170000000000455e-01
1.856257956914525789e-02 -9.777639999999999665e-01
1.858258234885339089e-02 -1.024157999999999902e+00
1.860258512856152041e-02 -1.115000999999999909e+00
1.862258790826964994e-02 -1.225568999999999908e+00
1.864259068797778293e-02 -1.305315999999999921e+00
1.866259346768591246e-02 -1.395575000000000010e+00
1.868259624739404198e-02 -1.379353000000000051e+00
1.870259902710217498e-02 -1.309922999999999949e+00
1.872260180681030450e-02 -1.176060000000000105e+00
1.874260458651843403e-02 -1.098713999999999968e+00
1.876260736622656702e-02 -9.761410000000000364e-01
1.878261014593469655e-02 -9.370789999999999953e-01
1.880261292564282607e-02 -9.338999999999999524e-01
1.882261570535095907e-02 -9.850959999999999717e-01
1.884261848505908860e-02 -1.070488000000000106e+00
1.886262126476721812e-02 -1.213435000000000041e+00
1.888262404447535112e-02 -1.311674999999999924e+00
1.890262682418348064e-02 -1.335488999999999926e+00
1.892262960389161017e-02 -1.249643000000000059e+00
1.894263238359974316e-02 -1.097676000000000096e+00
1.896263516330787269e-02 -1.039730999999999961e+00
1.898263794301600221e-02 -1.083205999999999891e+00
1.900264072272413521e-02 -1.132066000000000017e+00
1.902264350243226473e-02 -1.186441999999999997e+00
1.904264628214039426e-02 -1.215122000000000035e+00
1.906264906184852725e-02 -1.176190000000000069e+00
1.908265184155665678e-02 -1.164770000000000083e+00
1.910265462126478631e-02 -1.167364999999999986e+00
1.912265740097291930e-02 -1.108576999999999924e+00
1.914266018068104883e-02 -1.050373000000000001e+00
1.916266296038917835e-02 -1.088851000000000013e+00
1.918266574009731135e-02 -1.187869999999999981e+00
1.920266851980544087e-02 -1.251004999999999923e+00
1.922267129951357040e-02 -1.302526000000000073e+00
1.924267407922170339e-02 -1.214992999999999990e+00
1.926267685892983292e-02 -1.043884000000000034e+00
1.928267963863796244e-02 -9.069709999999999717e-01
1.930268241834609544e-02 -8.771879999999999677e-01
1.932268519805422496e-02 -9.867179999999999840e-01
1.934268797776235449e-02 -1.134077999999999919e+00
1.936269075747048748e-02 -1.227386000000000088e+00
1.938269353717861701e-02 -1.306613999999999942e+00
1.940269631688674654e-02 -1.296491000000000060e+00
1.942269909659487953e-02 -1.251654000000000044e+00
1.944270187630300906e-02 -1.173464999999999980e+00
1.946270465601113858e-02 -1.085217000000000098e+00
1.948270743571927158e-02 -1.077690000000000037e+00
1.950271021542740110e-02 -1.161979000000000095e+00
1.952271299513553063e-02 -1.247500999999999971e+00
1.954271577484366362e-02 -1.343469999999999942e+00
1.956271855455179315e-02 -1.325172000000000017e+00
1.958272133425992267e-02 -1.159642999999999979e+00
1.960272411396805567e-02 -9.794509999999999605e-01
1.962272689367618519e-02 -8.651189999999999714e-01
1.964272967338431472e-02 -8.663520000000000110e-01
1.966273245309244772e-02 -9.900919999999999721e-01
1.968273523280057724e-02 -1.169116999999999962e+00
1.970273801250870677e-02 -1.305315999999999921e+00
1.972274079221683629e-02 -1.326534000000000102e+00
1.974274357192496929e-02 -1.255676999999999932e+00
1.976274635163309881e-02 -1.121035000000000004e+00
1.978274913134122834e-02 -9.657590000000000341e-01
1.980275191104936133e-02 -8.619390000000000107e-01
1.982275469075749086e-02 -8.963299999999999601e-01
1.984275747046562038e-02 -1.037265000000000104e+00
1.986276025017375338e-02 -1.261646999999999963e+00
1.988276302988188290e-02 -1.417637000000000036e+00
1.990276580959001243e-02 -1.450404999999999944e+00
1.992276858929814543e-02 -1.362222999999999962e+00
1.994277136900627495e-02 -1.209022999999999959e+00
1.996277414871440448e-02 -1.034604999999999997e+00
1.998277692842253747e-02 -9.369490000000000318e-01
2.000277970813066700e-02 -9.222850000000000215e-01
2.002278248783879652e-02 -9.266320000000000112e-01
2.004278526754692952e-02 -1.005600000000000049e+00
2.006278804725505904e-02 -1.109096000000000082e+00
2.008279082696318857e-02 -1.184106000000000103e+00
2.010279360667132156e-02 -1.185143999999999975e+00
2.012279638637945109e-02 -1.163537000000000043e+00
2.014279916608758061e-02 -1.158735000000000070e+00
2.016280194579571361e-02 -1.186441999999999997e+00
2.018280472550384314e-02 -1.196628999999999943e+00
2.020280750521197266e-02 -1.202210000000000001e+00
2.022281028492010566e-02 -1.170803999999999956e+00
2.024281306462823518e-02 -1.115715000000000012e+00
2.026281584433636471e-02 -1.085930999999999980e+00
2.028281862404449770e-02 -1.105591999999999908e+00
2.030282140375262723e-02 -1.141799000000000008e+00
2.032282418346075675e-02 -1.147574000000000094e+00
2.034282696316888975e-02 -1.124020000000000019e+00
2.036282974287701927e-02 -1.111626999999999921e+00
2.038283252258514880e-02 -1.115324999999999900e+00
2.040283530229328179e-02 -1.105981000000000103e+00
2.042283808200141132e-02 -1.122592999999999952e+00
2.044284086170954085e-02 -1.110652999999999890e+00
2.046284364141767384e-02 -1.089110999999999940e+00
2.048284642112580337e-02 -1.079183000000000003e+00
2.050284920083393289e-02 -1.104943000000000008e+00
2.052285198054206589e-02 -1.128303000000000056e+00
2.054285476025019541e-02 -1.103969999999999896e+00
2.056285753995832494e-02 -1.044856999999999925e+00
2.058286031966645793e-02 -1.039212000000000025e+00
2.060286309937458746e-02 -1.072305000000000064e+00
2.062286587908271698e-02 -1.187156000000000100e+00
2.064286865879084998e-02 -1.281697000000000086e+00
2.066287143849897950e-02 -1.317450000000000010e+00
2.068287421820710903e-02 -1.252497999999999889e+00
2.070287699791524202e-02 -1.198315999999999937e+00
2.072287977762337155e-02 -1.149585999999999997e+00
2.074288255733150108e-02 -1.130444000000000004e+00
2.076288533703963407e-02 -1.107019999999999893e+00
2.078288811674776360e-02 -1.086710000000000065e+00
2.080289089645589312e-02 -1.111561999999999939e+00
2.082289367616402612e-02 -1.128368000000000038e+00
2.084289645587215564e-02 -1.148352999999999957e+00
2.086289923558028517e-02 -1.166781000000000068e+00
2.088290201528841816e-02 -1.125512999999999986e+00
2.090290479499654769e-02 -1.061339000000000032e+00
2.092290757470467721e-02 -1.042650999999999994e+00
2.094291035441281021e-02 -1.073796999999999890e+00
2.096291313412093973e-02 -1.154258000000000006e+00
2.098291591382906926e-02 -1.203767000000000031e+00
2.100291869353720225e-02 -1.190854000000000079e+00
2.102292147324533178e-02 -1.137386999999999926e+00
2.104292425295346131e-02 -1.024742000000000042e+00
2.106292703266159430e-02 -9.751030000000000530e-01
2.108292981236972383e-02 -1.006963000000000052e+00
2.110293259207785335e-02 -1.098454000000000041e+00
2.112293537178598635e-02 -1.200328000000000062e+00
2.114293815149411587e-02 -1.239908999999999928e+00
2.116294093120224540e-02 -1.274818999999999924e+00
2.118294371091037839e-02 -1.282345999999999986e+00
2.120294649061850792e-02 -1.205000000000000071e+00
2.122294927032663744e-02 -1.041936999999999891e+00
2.124295205003477044e-02 -8.863370000000000415e-01
2.126295482974289996e-02 -8.311819999999999764e-01
2.128295760945102949e-02 -9.015849999999999698e-01
2.130296038915915902e-02 -1.052254000000000023e+00
2.132296316886729201e-02 -1.220377999999999963e+00
2.134296594857542154e-02 -1.302071999999999896e+00
2.136296872828355106e-02 -1.260348999999999942e+00
2.138297150799168406e-02 -1.178914999999999935e+00
2.140297428769981358e-02 -1.091836000000000029e+00
2.142297706740794311e-02 -9.993710000000000093e-01
2.144297984711607610e-02 -1.018253000000000075e+00
2.146298262682420563e-02 -1.079831999999999903e+00
2.148298540653233515e-02 -1.121618999999999922e+00
2.150298818624046815e-02 -1.170025000000000093e+00
2.152299096594859767e-02 -1.201106999999999925e+00
2.154299374565672720e-02 -1.172166999999999959e+00
2.156299652536486020e-02 -1.102867000000000042e+00
2.158299930507298972e-02 -9.839280000000000248e-01
2.160300208478111925e-02 -9.320180000000000131e-01
2.162300486448925224e-02 -9.465529999999999777e-01
2.164300764419738177e-02 -1.055109999999999992e+00
2.166301042390551129e-02 -1.169440999999999953e+00
2.168301320361364429e-02 -1.250226999999999977e+00
2.170301598332177381e-02 -1.225179999999999936e+00
2.172301876302990334e-02 -1.168857999999999953e+00
2.174302154273803633e-02 -1.065881000000000078e+00
2.176302432244616586e-02 -1.026105000000000045e+00
2.178302710215429538e-02 -9.972299999999999498e-01
2.180302988186242838e-02 -1.042327000000000004e+00
2.182303266157055791e-02 -1.100789999999999935e+00
2.184303544127868743e-02 -1.137710999999999917e+00
2.186303822098682043e-02 -1.170738999999999974e+00
2.188304100069494995e-02 -1.179564000000000057e+00
2.190304378040307948e-02 -1.152765000000000040e+00
2.192304656011121247e-02 -1.136349000000000053e+00
2.194304933981934200e-02 -1.088786000000000032e+00
2.196305211952747152e-02 -1.087164000000000019e+00
2.198305489923560452e-02 -1.090084000000000053e+00
2.200305767894373404e-02 -1.104294000000000109e+00
2.202306045865186357e-02 -1.136088999999999904e+00
2.204306323835999656e-02 -1.108900999999999915e+00
2.206306601806812609e-02 -1.078923000000000076e+00
2.208306879777625562e-02 -1.034475000000000033e+00
2.210307157748438861e-02 -1.073018999999999945e+00
2.212307435719251814e-02 -1.143356999999999957e+00
2.214307713690064766e-02 -1.174112999999999962e+00
2.216307991660878066e-02 -1.233030999999999988e+00
2.218308269631691018e-02 -1.240038999999999891e+00
2.220308547602503971e-02 -1.156787999999999927e+00
2.222308825573317270e-02 -1.123761000000000010e+00
2.224309103544130223e-02 -1.109680000000000000e+00
2.226309381514943175e-02 -1.085282000000000080e+00
2.228309659485756475e-02 -1.018189000000000011e+00
2.230309937456569427e-02 -1.013646000000000047e+00
2.232310215427382380e-02 -1.041028999999999982e+00
2.234310493398195679e-02 -1.074446000000000012e+00
2.236310771369008632e-02 -1.103515999999999941e+00
2.238311049339821585e-02 -1.139593000000000078e+00
2.240311327310634884e-02 -1.166196999999999928e+00
2.242311605281447837e-02 -1.147834000000000021e+00
2.244311883252260789e-02 -1.142188999999999899e+00
2.246312161223074089e-02 -1.115390000000000104e+00
2.248312439193887041e-02 -1.117272000000000043e+00
2.250312717164699994e-02 -1.040445000000000064e+00
2.252312995135513293e-02 -1.016111999999999904e+00
2.254313273106326246e-02 -9.924929999999999586e-01
2.256313551077139198e-02 -1.046934000000000031e+00
2.258313829047952498e-02 -1.162109000000000059e+00
2.260314107018765450e-02 -1.229721999999999982e+00
2.262314384989578403e-02 -1.248734000000000011e+00
2.264314662960391702e-02 -1.186830999999999969e+00
2.266314940931204655e-02 -1.098778999999999950e+00
2.268315218902017608e-02 -1.041352999999999973e+00
2.270315496872830907e-02 -1.036097000000000046e+00
2.272315774843643860e-02 -1.055822999999999956e+00
2.274316052814456812e-02 -1.071720999999999924e+00
2.276316330785270112e-02 -1.127394000000000007e+00
2.278316608756083064e-02 -1.169961000000000029e+00
2.280316886726896017e-02 -1.183003000000000027e+00
2.282317164697709316e-02 -1.142578000000000094e+00
2.284317442668522269e-02 -1.065426999999999902e+00
2.286317720639335221e-02 -9.758170000000000455e-01
2.288317998610148174e-02 -9.442819999999999547e-01
2.290318276580961473e-02 -1.013257000000000074e+00
2.292318554551774426e-02 -1.103126000000000051e+00
2.294318832522587379e-02 -1.199095000000000022e+00
2.296319110493400678e-02 -1.241660999999999904e+00
2.298319388464213631e-02 -1.199030000000000040e+00
2.300319666435026583e-02 -1.120646000000000031e+00
2.302319944405839883e-02 -1.026170000000000027e+00
2.304320222376652835e-02 -9.859390000000000098e-01
2.306320500347465788e-02 -1.001902000000000070e+00
2.308320778318279087e-02 -1.049463999999999952e+00
2.310321056289092040e-02 -1.119866999999999946e+00
2.312321334259904992e-02 -1.190984000000000043e+00
2.314321612230718292e-02 -1.212526999999999910e+00
2.316321890201531244e-02 -1.198641000000000068e+00
2.318322168172344197e-02 -1.093588000000000005e+00
2.320322446143157497e-02 -1.018707999999999947e+00
2.322322724113970449e-02 -9.715340000000000087e-01
2.324323002084783402e-02 -9.973600000000000243e-01
2.326323280055596701e-02 -1.068931000000000076e+00
2.328323558026409654e-02 -1.129990000000000050e+00
2.330323835997222606e-02 -1.150169999999999915e+00
2.332324113968035906e-02 -1.137841000000000102e+00
2.334324391938848858e-02 -1.101439000000000057e+00
2.336324669909661811e-02 -1.068087000000000009e+00
2.338324947880475110e-02 -1.016046999999999922e+00
2.340325225851288063e-02 -1.033371999999999957e+00
2.342325503822101015e-02 -1.067763000000000018e+00
2.344325781792914315e-02 -1.119607999999999937e+00
2.346326059763727268e-02 -1.180731999999999893e+00
2.348326337734540220e-02 -1.192736000000000018e+00
2.350326615705353520e-02 -1.152117000000000058e+00
2.352326893676166472e-02 -1.109226000000000045e+00
2.354327171646979425e-02 -1.042327000000000004e+00
2.356327449617792724e-02 -1.067179000000000100e+00
2.358327727588605677e-02 -1.048491000000000062e+00
2.360328005559418629e-02 -1.082362000000000046e+00
2.362328283530231929e-02 -1.101374000000000075e+00
2.364328561501044881e-02 -1.109615000000000018e+00
2.366328839471857834e-02 -1.108252000000000015e+00
2.368329117442671133e-02 -1.087099000000000038e+00
2.370329395413484086e-02 -1.048880000000000035e+00
2.372329673384297039e-02 -1.024092999999999920e+00
2.374329951355110338e-02 -9.992410000000000458e-01
2.376330229325923291e-02 -1.044078999999999979e+00
2.378330507296736243e-02 -1.118179999999999952e+00
2.380330785267549543e-02 -1.144069999999999920e+00
2.382331063238362495e-02 -1.172620999999999913e+00
2.384331341209175448e-02 -1.135895000000000099e+00
2.386331619179988747e-02 -1.098908999999999914e+00
2.388331897150801700e-02 -1.093782999999999950e+00
2.390332175121614652e-02 -1.087877999999999901e+00
2.392332453092427952e-02 -1.088136999999999910e+00
2.394332731063240904e-02 -1.066335000000000033e+00
2.396333009034053857e-02 -1.101180000000000048e+00
2.398333287004867156e-02 -1.023833999999999911e+00
2.400333564975680109e-02 -1.119996999999999909e+00
2.402333842946493062e-02 -1.187610000000000054e+00
2.404334120917306361e-02 -1.084438999999999931e+00
2.406334398888119314e-02 -1.044856999999999925e+00
2.408334676858932266e-02 -1.013387000000000038e+00
2.410334954829745566e-02 -9.904809999999999448e-01
2.412335232800558518e-02 -8.784849999999999604e-01
2.414335510771371471e-02 -1.152441000000000049e+00
2.416335788742184770e-02 -1.048426000000000080e+00
2.418336066712997723e-02 -1.124344999999999928e+00
2.420336344683810675e-02 -1.111237000000000030e+00
2.422336622654623975e-02 -9.474609999999999976e-01
2.424336900625436927e-02 -1.126355999999999913e+00
2.426337178596249880e-02 -1.201430999999999916e+00
2.428337456567063180e-02 -1.029219000000000106e+00
2.430337734537876132e-02 -1.052383999999999986e+00
2.432338012508689085e-02 -1.021562999999999999e+00
2.434338290479502384e-02 -9.934009999999999785e-01
2.436338568450315337e-02 -1.092743999999999938e+00
2.438338846421128289e-02 -1.138684999999999947e+00
2.440339124391941589e-02 -1.145173999999999914e+00
2.442339402362754541e-02 -1.196824000000000110e+00
2.444339680333567494e-02 -1.115844000000000058e+00
2.446339958304380446e-02 -1.003263999999999934e+00
2.448340236275193746e-02 -9.115130000000000177e-01
2.450340514246006698e-02 -9.196239999999999970e-01
2.452340792216819651e-02 -9.854850000000000554e-01
2.454341070187632950e-02 -1.089695000000000080e+00
2.456341348158445903e-02 -1.158539999999999903e+00
2.458341626129258856e-02 -1.159578999999999915e+00
2.460341904100072155e-02 -1.130508999999999986e+00
2.462342182070885108e-02 -1.123436000000000101e+00
2.464342460041698060e-02 -1.100985000000000102e+00
2.466342738012511360e-02 -1.035773000000000055e+00
2.468343015983324312e-02 -9.926230000000000331e-01
2.470343293954137265e-02 -1.002291000000000043e+00
2.472343571924950564e-02 -1.108772000000000091e+00
2.474343849895763517e-02 -1.165872999999999937e+00
2.476344127866576469e-02 -1.184366000000000030e+00
2.478344405837389769e-02 -1.114611000000000018e+00
2.480344683808202721e-02 -1.050243000000000038e+00
2.482344961779015674e-02 -1.048945000000000016e+00
2.484345239749828974e-02 -1.061533000000000060e+00
2.486345517720641926e-02 -1.056537000000000059e+00
2.488345795691454879e-02 -1.064972000000000030e+00
2.490346073662268178e-02 -1.072953999999999963e+00
2.492346351633081131e-02 -1.122786999999999979e+00
2.494346629603894083e-02 -1.124149999999999983e+00
2.496346907574707383e-02 -1.078403999999999918e+00
2.498347185545520335e-02 -9.858740000000000281e-01
2.500347463516333288e-02 -9.335750000000000437e-01
2.502347741487146587e-02 -9.721180000000000376e-01
2.504348019457959540e-02 -1.069125000000000103e+00
2.506348297428772492e-02 -1.139853000000000005e+00
2.508348575399585792e-02 -1.181056000000000106e+00
2.510348853370398745e-02 -1.171777000000000069e+00
2.512349131341211697e-02 -1.153804000000000052e+00
2.514349409312024997e-02 -1.133364000000000038e+00
2.516349687282837949e-02 -1.096182999999999907e+00
2.518349965253650902e-02 -1.056732000000000005e+00
2.520350243224464201e-02 -1.028375999999999957e+00
2.522350521195277154e-02 -1.059652000000000038e+00
2.524350799166090106e-02 -1.092160000000000020e+00
2.526351077136903406e-02 -1.141734000000000027e+00
2.528351355107716358e-02 -1.099298000000000108e+00
2.530351633078529311e-02 -1.053487000000000062e+00
2.532351911049342610e-02 -9.754279999999999617e-01
2.534352189020155563e-02 -9.576480000000000548e-01
2.536352466990968516e-02 -9.830839999999999579e-01
2.538352744961781815e-02 -1.052254000000000023e+00
2.540353022932594768e-02 -1.103969999999999896e+00
2.542353300903407720e-02 -1.140501999999999905e+00
2.544353578874221020e-02 -1.149585999999999997e+00
2.546353856845033972e-02 -1.159318999999999988e+00
2.548354134815846925e-02 -1.111496999999999957e+00
2.550354412786660224e-02 -1.050567000000000029e+00
2.552354690757473177e-02 -9.847059999999999702e-01
2.554354968728286129e-02 -9.926880000000000148e-01
2.556355246699099429e-02 -1.041158999999999946e+00
2.558355524669912381e-02 -1.083595000000000086e+00
2.560355802640725334e-02 -1.108122999999999969e+00
2.562356080611538633e-02 -1.098065000000000069e+00
2.564356358582351586e-02 -1.125253000000000059e+00
2.566356636553164539e-02 -1.151726999999999945e+00
2.568356914523977838e-02 -1.135310999999999959e+00
2.570357192494790791e-02 -1.107148999999999939e+00
2.572357470465603743e-02 -1.076716999999999924e+00
2.574357748436417043e-02 -1.058159000000000072e+00
2.576358026407229995e-02 -1.069774000000000003e+00
2.578358304378042948e-02 -1.080025999999999931e+00
2.580358582348856247e-02 -1.067763000000000018e+00
2.582358860319669200e-02 -1.044856999999999925e+00
2.584359138290482152e-02 -1.068087000000000009e+00
2.586359416261295452e-02 -1.091252000000000111e+00
2.588359694232108404e-02 -1.120192000000000077e+00
2.590359972202921357e-02 -1.131547000000000081e+00
2.592360250173734657e-02 -1.101634000000000002e+00
2.594360528144547609e-02 -1.077105999999999897e+00
2.596360806115360562e-02 -1.122398000000000007e+00
2.598361084086173861e-02 -1.138878999999999975e+00
2.600361362056986814e-02 -1.134336999999999929e+00
2.602361640027799766e-02 -1.099687000000000081e+00
2.604361917998612719e-02 -1.052319000000000004e+00
2.606362195969426018e-02 -1.037265000000000104e+00
2.608362473940238971e-02 -1.045312000000000019e+00
2.610362751911051923e-02 -1.047776999999999958e+00
2.612363029881865223e-02 -1.056991000000000014e+00
2.614363307852678175e-02 -1.051735000000000086e+00
2.616363585823491128e-02 -1.069968999999999948e+00
2.618363863794304428e-02 -1.128497000000000083e+00
2.620364141765117380e-02 -1.185143999999999975e+00
2.622364419735930333e-02 -1.162757999999999958e+00
2.624364697706743632e-02 -1.102606999999999893e+00
2.626364975677556585e-02 -1.027727000000000057e+00
2.628365253648369537e-02 -1.007417000000000007e+00
2.630365531619182837e-02 -1.018253000000000075e+00
2.632365809589995789e-02 -1.074640999999999957e+00
2.634366087560808742e-02 -1.096182999999999907e+00
2.636366365531622041e-02 -1.104943000000000008e+00
2.638366643502434994e-02 -1.099298000000000108e+00
2.640366921473247946e-02 -1.104878000000000027e+00
2.642367199444061246e-02 -1.110394000000000103e+00
2.644367477414874198e-02 -1.075029999999999930e+00
2.646367755385687151e-02 -1.040704000000000073e+00
2.648368033356500451e-02 -1.031231000000000009e+00
2.650368311327313403e-02 -1.067048999999999914e+00
2.652368589298126356e-02 -1.107344000000000106e+00
2.654368867268939655e-02 -1.113637999999999906e+00
2.656369145239752608e-02 -1.090149000000000035e+00
2.658369423210565560e-02 -1.056083000000000105e+00
2.660369701181378860e-02 -1.026753999999999944e+00
2.662369979152191812e-02 -1.032073999999999936e+00
2.664370257123004765e-02 -1.061144000000000087e+00
2.666370535093818064e-02 -1.085088000000000052e+00
2.668370813064631017e-02 -1.111366999999999994e+00
2.670371091035443969e-02 -1.146212000000000009e+00
2.672371369006257269e-02 -1.145563000000000109e+00
2.674371646977070222e-02 -1.092225000000000001e+00
2.676371924947883174e-02 -1.042780999999999958e+00
2.678372202918696474e-02 -9.859390000000000098e-01
2.680372480889509426e-02 -9.791910000000000336e-01
2.682372758860322379e-02 -9.983980000000000077e-01
2.684373036831135678e-02 -1.036745999999999945e+00
2.686373314801948631e-02 -1.080481000000000025e+00
2.688373592772761583e-02 -1.104228999999999905e+00
2.690373870743574883e-02 -1.123955000000000037e+00
2.692374148714387835e-02 -1.097741000000000078e+00
2.694374426685200788e-02 -1.057315999999999923e+00
2.696374704656014087e-02 -1.010790999999999995e+00
2.698374982626827040e-02 -1.008585000000000065e+00
2.700375260597639993e-02 -1.048621000000000025e+00
2.702375538568453292e-02 -1.112015999999999893e+00
2.704375816539266245e-02 -1.145887000000000100e+00
2.706376094510079197e-02 -1.149132000000000042e+00
2.708376372480892497e-02 -1.123112000000000110e+00
2.710376650451705449e-02 -1.097610999999999892e+00
2.712376928422518402e-02 -1.071720999999999924e+00
2.714377206393331701e-02 -1.046674000000000104e+00
2.716377484364144654e-02 -1.030842000000000036e+00
2.718377762334957606e-02 -1.036032999999999982e+00
2.720378040305770906e-02 -1.050178000000000056e+00
2.722378318276583858e-02 -1.076977000000000073e+00
2.724378596247396811e-02 -1.085995999999999961e+00
2.726378874218210110e-02 -1.101893999999999929e+00
2.728379152189023063e-02 -1.070292999999999939e+00
2.730379430159836016e-02 -1.050437999999999983e+00
2.732379708130649315e-02 -1.040834000000000037e+00
2.734379986101462268e-02 -1.075484000000000107e+00
2.736380264072275220e-02 -1.113248999999999933e+00
2.738380542043088520e-02 -1.126096999999999904e+00
2.740380820013901472e-02 -1.121099999999999985e+00
2.742381097984714425e-02 -1.117985999999999924e+00
2.744381375955527724e-02 -1.107733000000000079e+00
2.746381653926340677e-02 -1.098389999999999977e+00
2.748381931897153629e-02 -1.080286000000000080e+00
2.750382209867966929e-02 -1.058678000000000008e+00
2.752382487838779881e-02 -1.056472000000000078e+00
2.754382765809592834e-02 -1.053422000000000081e+00
2.756383043780406134e-02 -1.080999999999999961e+00
2.758383321751219086e-02 -1.073796999999999890e+00
2.760383599722032039e-02 -1.088397000000000059e+00
2.762383877692844991e-02 -1.071266999999999969e+00
2.764384155663658291e-02 -1.067179000000000100e+00
2.766384433634471243e-02 -1.077042000000000055e+00
2.768384711605284196e-02 -1.067372999999999905e+00
2.770384989576097495e-02 -1.057250999999999941e+00
2.772385267546910448e-02 -1.059717000000000020e+00
2.774385545517723400e-02 -1.036356999999999973e+00
2.776385823488536700e-02 -1.063998999999999917e+00
2.778386101459349652e-02 -1.055693999999999910e+00
2.780386379430162605e-02 -1.078338999999999936e+00
2.782386657400975905e-02 -1.081388999999999934e+00
2.784386935371788857e-02 -1.084762999999999922e+00
2.786387213342601810e-02 -1.094302000000000108e+00
2.788387491313415109e-02 -1.089823999999999904e+00
2.790387769284228062e-02 -1.078858000000000095e+00
2.792388047255041014e-02 -1.081453999999999915e+00
2.794388325225854314e-02 -1.074251000000000067e+00
2.796388603196667266e-02 -1.100076999999999972e+00
2.798388881167480219e-02 -1.085671999999999970e+00
2.800389159138293518e-02 -1.062572000000000072e+00
2.802389437109106471e-02 -1.032982999999999985e+00
2.804389715079919423e-02 -9.972950000000000426e-01
2.806389993050732723e-02 -1.004302999999999946e+00
2.808390271021545676e-02 -1.012672999999999934e+00
2.810390548992358628e-02 -1.046349999999999891e+00
2.812390826963171928e-02 -1.081712999999999925e+00
2.814391104933984880e-02 -1.095923999999999898e+00
2.816391382904797833e-02 -1.129340999999999928e+00
2.818391660875611132e-02 -1.119737999999999900e+00
2.820391938846424085e-02 -1.118179999999999952e+00
2.822392216817237037e-02 -1.066659999999999942e+00
2.824392494788050337e-02 -1.032918000000000003e+00
2.826392772758863289e-02 -1.048621000000000025e+00
2.828393050729676242e-02 -1.053358000000000017e+00
2.830393328700489541e-02 -1.084049000000000040e+00
2.832393606671302494e-02 -1.108707000000000109e+00
2.834393884642115446e-02 -1.083401000000000058e+00
2.836394162612928746e-02 -1.062700999999999896e+00
2.838394440583741699e-02 -1.053617000000000026e+00
2.840394718554554651e-02 -1.033371999999999957e+00
2.842394996525367951e-02 -1.005015999999999909e+00
2.844395274496180903e-02 -1.004431999999999992e+00
2.846395552466993856e-02 -1.046478999999999937e+00
2.848395830437807155e-02 -1.057444999999999968e+00
2.850396108408620108e-02 -1.096119000000000065e+00
2.852396386379433060e-02 -1.063350000000000017e+00
2.854396664350246360e-02 -1.038238999999999912e+00
2.856396942321059312e-02 -1.038303999999999894e+00
2.858397220291872265e-02 -9.977489999999999970e-01
2.860397498262685564e-02 -1.013517000000000001e+00
2.862397776233498517e-02 -1.010726000000000013e+00
2.864398054204311470e-02 -1.059391999999999889e+00
2.866398332175124769e-02 -1.103580999999999923e+00
2.868398610145937722e-02 -1.099752000000000063e+00
2.870398888116750674e-02 -1.120840999999999976e+00
2.872399166087563974e-02 -1.100985000000000102e+00
2.874399444058376926e-02 -1.074186000000000085e+00
2.876399722029189879e-02 -1.066205000000000069e+00
