# time(s), 	 	 acceleration(g)
0.000000000000000000e+00 6.184853999999999630e+00
2.000277970813059281e-05 6.403461000000000070e+00
4.000555941626118562e-05 6.633941000000000088e+00
6.000833912439177504e-05 6.912633999999999723e+00
8.001111883252237124e-05 7.176595999999999975e+00
1.000138985406529674e-04 7.465281000000000056e+00
1.200166782487835501e-04 7.782321999999999740e+00
1.400194579569141598e-04 8.094302000000000774e+00
1.600222376650447425e-04 8.454428000000000054e+00
1.800250173731753251e-04 8.804171999999999443e+00
2.000277970813059349e-04 9.206670000000000798e+00
2.200305767894365175e-04 9.588663000000000380e+00
2.400333564975671002e-04 1.008732400000000062e+01
2.600361362056977099e-04 1.057158000000000087e+01
2.800389159138283197e-04 1.111585799999999935e+01
3.000416956219588752e-04 1.176629100000000072e+01
3.200444753300894850e-04 1.241029999999999944e+01
3.400472550382200947e-04 1.320017700000000005e+01
3.600500347463506503e-04 1.407220200000000077e+01
3.800528144544812600e-04 1.501436900000000030e+01
4.000555941626118698e-04 1.617196399999999912e+01
4.200583738707424253e-04 1.725772800000000018e+01
4.400611535788730351e-04 1.866851499999999930e+01
4.600639332870036448e-04 2.030556400000000039e+01
4.800667129951342003e-04 2.208238100000000159e+01
5.000694927032648101e-04 2.442845700000000164e+01
5.200722724113954198e-04 2.721745599999999854e+01
5.400750521195260296e-04 3.098898300000000106e+01
5.600778318276566393e-04 3.607532700000000148e+01
5.800806115357871407e-04 4.393185299999999671e+01
6.000833912439177504e-04 5.665111999999999881e+01
6.200861709520483602e-04 7.757561900000000321e+01
6.400889506601789699e-04 1.098405240000000020e+02
6.600917303683095797e-04 1.564412409999999909e+02
6.800945100764401894e-04 2.165296240000000125e+02
7.000972897845707992e-04 2.885897699999999872e+02
7.201000694927013005e-04 3.635280700000000138e+02
7.401028492008319103e-04 4.321035570000000234e+02
7.601056289089625200e-04 4.782597289999999930e+02
7.801084086170931298e-04 4.966447220000000016e+02
8.001111883252237395e-04 4.831038480000000277e+02
8.201139680333543493e-04 4.479894689999999855e+02
8.401167477414848506e-04 4.017347970000000146e+02
8.601195274496154604e-04 3.537622910000000047e+02
8.801223071577460701e-04 3.054663860000000000e+02
9.001250868658766799e-04 2.635596380000000067e+02
9.201278665740072896e-04 2.190025559999999984e+02
9.401306462821378994e-04 1.701755449999999996e+02
9.601334259902684007e-04 1.168080900000000071e+02
9.801362056983990104e-04 6.987832799999999622e+01
1.000138985406529620e-03 3.156220000000000070e+01
1.020141765114660230e-03 4.993583000000000105e+00
1.040144544822790840e-03 -6.600857999999999670e+00
1.060147324530921449e-03 -6.499762999999999735e+00
1.080150104239052059e-03 5.089680999999999678e+00
1.100152883947182669e-03 2.686135300000000115e+01
1.120155663655313279e-03 4.787721400000000216e+01
1.140158443363443888e-03 6.549380800000000136e+01
1.160161223071574281e-03 6.925618500000000211e+01
1.180164002779704891e-03 5.884990100000000268e+01
1.200166782487835501e-03 3.767539000000000016e+01
1.220169562195966111e-03 4.344446999999999726e+00
1.240172341904096720e-03 -1.732943900000000070e+01
1.260175121612227330e-03 -3.746263299999999674e+01
1.280177901320357940e-03 -4.338031800000000260e+01
1.300180681028488550e-03 -3.077402000000000015e+01
1.320183460736619159e-03 -1.573826500000000017e+01
1.340186240444749769e-03 1.207197000000000076e+00
1.360189020152880379e-03 1.962670999999999921e+01
1.380191799861010989e-03 2.811238600000000076e+01
1.400194579569141598e-03 2.693006899999999959e+01
1.420197359277271991e-03 1.163761900000000082e+01
1.440200138985402601e-03 3.153694999999999915e+00
1.460202918693533211e-03 1.579391999999999907e+00
1.480205698401663821e-03 -1.367542999999999953e+00
1.500208478109794430e-03 3.943700999999999901e+00
1.520211257817925040e-03 1.291648799999999930e+01
1.540214037526055650e-03 1.523245700000000014e+01
1.560216817234186260e-03 2.221819100000000091e+01
1.580219596942316869e-03 1.961477100000000107e+01
1.600222376650447479e-03 1.057845799999999947e+01
1.620225156358578089e-03 -1.527620999999999896e+00
1.640227936066708699e-03 1.922906999999999922e+00
1.660230715774839308e-03 4.810793999999999571e+00
1.680233495482969701e-03 2.465821000000000041e+00
1.700236275191100311e-03 5.052760000000000140e+00
1.720239054899230921e-03 4.444308999999999621e+00
1.740241834607361530e-03 -2.034847000000000072e+00
1.760244614315492140e-03 -1.031126100000000001e+01
1.780247394023622750e-03 -2.012583499999999859e+01
1.800250173731753360e-03 -2.993028599999999884e+01
1.820252953439883969e-03 -3.237038400000000138e+01
1.840255733148014579e-03 -2.246892599999999973e+01
1.860258512856145189e-03 -1.132499999999999929e+01
1.880261292564275799e-03 7.253682999999999659e+00
1.900264072272406408e-03 2.828297500000000042e+01
1.920266851980536801e-03 3.391002799999999695e+01
1.940269631688667411e-03 4.548292599999999908e+01
1.960272411396798021e-03 3.482137399999999872e+01
1.980275191104928847e-03 2.258545499999999961e+01
2.000277970813059240e-03 9.603521999999999892e+00
2.020280750521190067e-03 -7.876678000000000068e+00
2.040283530229320460e-03 -1.515473099999999995e+01
2.060286309937450853e-03 -2.210003999999999991e+01
2.080289089645581679e-03 -1.974968099999999893e+01
2.100291869353712072e-03 -1.419290200000000013e+01
2.120294649061842899e-03 -9.350405000000000300e+00
2.140297428769973292e-03 -6.183047000000000182e+00
2.160300208478104118e-03 -3.485149999999999970e+00
2.180302988186234511e-03 -3.610513000000000083e+00
2.200305767894365338e-03 -5.529563999999999702e+00
2.220308547602495731e-03 -1.071025500000000008e+01
2.240311327310626557e-03 -9.822786999999999935e+00
2.260314107018756950e-03 -7.225207000000000157e+00
2.280316886726887777e-03 -1.880868999999999902e+00
2.300319666435018170e-03 -1.336268000000000011e+00
2.320322446143148563e-03 6.630956000000000294e+00
2.340325225851279389e-03 8.371565999999999619e+00
2.360328005559409782e-03 7.868233000000000033e+00
2.380330785267540609e-03 1.252813599999999994e+01
2.400333564975671002e-03 6.786102999999999774e+00
2.420336344683801828e-03 6.981608999999999732e+00
2.440339124391932221e-03 9.374857999999999691e+00
2.460341904100063048e-03 5.849515000000000242e+00
2.480344683808193441e-03 -2.178962999999999983e+00
2.500347463516324267e-03 -6.313470999999999833e+00
2.520350243224454660e-03 -1.411295999999999928e+01
2.540353022932585487e-03 -1.453414599999999979e+01
2.560355802640715880e-03 -1.870070799999999878e+01
2.580358582348846273e-03 -1.429808500000000038e+01
2.600361362056977099e-03 -1.201845400000000019e+01
2.620364141765107492e-03 -9.387520999999999560e+00
2.640366921473238319e-03 -3.477492999999999945e+00
2.660369701181368712e-03 -5.228226000000000262e+00
2.680372480889499538e-03 -1.205330000000000013e-01
2.700375260597629931e-03 -5.548187000000000424e+00
2.720378040305760758e-03 -3.095499999999999918e+00
2.740380820013891151e-03 -8.891270000000000007e-01
2.760383599722021977e-03 3.261407999999999863e+00
2.780386379430152370e-03 9.449414000000000868e+00
2.800389159138283197e-03 1.606035800000000080e+01
2.820391938846413590e-03 1.174001100000000086e+01
2.840394718554543983e-03 5.558364000000000082e+00
2.860397498262674809e-03 6.199639999999999596e-01
2.880400277970805202e-03 6.952329999999999899e-01
2.900403057678936029e-03 -5.274295999999999651e+00
2.920405837387066422e-03 -8.488243999999999900e+00
2.940408617095197248e-03 -1.306041899999999956e+01
2.960411396803327641e-03 -1.067463099999999976e+01
2.980414176511458468e-03 -8.404797999999999547e+00
3.000416956219588861e-03 -6.972014999999999851e+00
3.020419735927719687e-03 -1.049619000000000035e+01
3.040422515635850080e-03 -1.846094899999999939e+01
3.060425295343980907e-03 -1.436005199999999959e+01
3.080428075052111300e-03 -1.202318999999999960e+01
3.100430854760241692e-03 -8.534703000000000372e+00
3.120433634468372519e-03 1.828160000000000063e-01
3.140436414176502912e-03 5.700922000000000267e+00
3.160439193884633739e-03 1.350495399999999968e+01
3.180441973592764131e-03 1.263649799999999956e+01
3.200444753300894958e-03 1.084612000000000087e+01
3.220447533009025351e-03 5.832189999999999763e+00
3.240450312717156178e-03 3.132400000000000184e-01
3.260453092425286570e-03 -2.369212999999999791e+00
3.280455872133417397e-03 -5.079568000000000083e+00
3.300458651841547790e-03 -5.226733000000000295e+00
3.320461431549678617e-03 -6.215950000000000086e-01
3.340464211257809009e-03 3.434073999999999849e+00
3.360466990965939402e-03 5.907500000000000251e-02
3.380469770674070229e-03 -5.873727999999999838e+00
3.400472550382200622e-03 -9.681592000000000198e+00
3.420475330090331448e-03 -1.695270100000000113e+01
3.440478109798461841e-03 -1.885851500000000058e+01
3.460480889506592668e-03 -1.655325300000000155e+01
3.480483669214723061e-03 -1.396287500000000037e+01
3.500486448922853887e-03 -9.023630999999999958e+00
3.520489228630984280e-03 1.688857000000000053e+00
3.540492008339115107e-03 9.364540999999999116e+00
3.560494788047245500e-03 8.476425000000000765e+00
3.580497567755376326e-03 1.101158299999999990e+01
3.600500347463506719e-03 6.091091999999999729e+00
3.620503127171637112e-03 -5.354250000000000398e-01
3.640505906879767939e-03 -1.967363999999999891e+00
3.660508686587898332e-03 -3.551790000000000003e+00
3.680511466296029158e-03 -1.696523000000000003e+00
3.700514246004159551e-03 4.472329999999999917e-01
3.720517025712290378e-03 -6.432679999999999509e-01
3.740519805420420771e-03 -2.958600000000000119e-01
3.760522585128551597e-03 -6.210759999999999614e-01
3.780525364836681990e-03 -1.591795000000000071e+00
3.800528144544812817e-03 -1.561363000000000056e+00
3.820530924252943210e-03 -4.373007000000000311e+00
3.840533703961073603e-03 -7.799396999999999913e+00
3.860536483669204429e-03 -1.067573400000000028e+01
3.880539263377334822e-03 -1.008162399999999970e+01
3.900542043085465649e-03 -1.275888600000000039e+01
3.920544822793596042e-03 -1.111048100000000005e+01
3.940547602501726435e-03 -7.932870999999999562e+00
3.960550382209857695e-03 -1.432440000000000102e-01
3.980553161917988088e-03 3.308841000000000143e+00
4.000555941626118481e-03 1.146871600000000058e+01
4.020558721334248874e-03 1.462257800000000074e+01
4.040561501042380134e-03 7.847729000000000177e+00
4.060564280750510527e-03 7.972896999999999679e+00
4.080567060458640920e-03 3.523423999999999889e+00
4.100569840166771313e-03 -2.089806999999999970e+00
4.120572619874901706e-03 -1.408098000000000072e+00
4.140575399583032966e-03 -5.510680999999999941e+00
4.160578179291163359e-03 -7.178423000000000442e+00
4.180580958999293752e-03 -7.119698999999999778e+00
4.200583738707424145e-03 -6.250659999999999883e+00
4.220586518415555405e-03 -5.225694999999999979e+00
4.240589298123685798e-03 -6.303412999999999933e+00
4.260592077831816191e-03 -4.857003999999999877e+00
4.280594857539946584e-03 -4.246540999999999677e+00
4.300597637248077844e-03 -3.117431999999999981e+00
4.320600416956208237e-03 1.689950000000000063e-01
4.340603196664338630e-03 -1.550332000000000043e+00
4.360605976372469023e-03 -5.013000000000000095e-02
4.380608756080599415e-03 2.771571999999999925e+00
4.400611535788730676e-03 1.772237999999999980e+00
4.420614315496861069e-03 4.103519999999999612e+00
4.440617095204991462e-03 4.872308000000000305e+00
4.460619874913121854e-03 3.007827999999999946e+00
4.480622654621253115e-03 -6.828490000000000393e-01
4.500625434329383508e-03 -3.877914999999999779e+00
4.520628214037513901e-03 -4.226295999999999609e+00
4.540630993745644294e-03 -4.215460000000000207e+00
4.560633773453775554e-03 6.777790000000000203e-01
4.580636553161905947e-03 2.062805000000000000e+00
4.600639332870036340e-03 1.970534000000000008e+00
4.620642112578166733e-03 2.613894999999999857e+00
4.640644892286297125e-03 -2.130685999999999858e+00
4.660647671994428386e-03 -2.984477000000000046e+00
4.680650451702558779e-03 -8.268340000000000245e+00
4.700653231410689172e-03 -1.301726799999999962e+01
4.720656011118819564e-03 -1.275836699999999979e+01
4.740658790826950825e-03 -7.226829000000000391e+00
4.760661570535081218e-03 2.578530999999999906e+00
4.780664350243211611e-03 7.204367999999999661e+00
4.800667129951342003e-03 8.327766999999999697e+00
4.820669909659473264e-03 1.008589699999999922e+01
4.840672689367603657e-03 4.355348000000000219e+00
4.860675469075734050e-03 1.807795999999999959e+00
4.880678248783864442e-03 -4.717041000000000039e+00
4.900681028491994835e-03 -9.133551000000000641e+00
4.920683808200126096e-03 -7.491699999999999804e+00
4.940686587908256489e-03 -3.868116999999999805e+00
4.960689367616386881e-03 6.984129999999999505e-01
4.980692147324517274e-03 3.420837000000000128e+00
5.000694927032648535e-03 8.477099999999999913e-02
5.020697706740778928e-03 -2.253778000000000059e+00
5.040700486448909320e-03 -2.787154000000000131e+00
5.060703266157039713e-03 -2.040621999999999936e+00
5.080706045865170974e-03 1.047499999999999994e-02
5.100708825573301367e-03 -8.302739999999999565e-01
5.120711605281431759e-03 -1.818252999999999897e+00
5.140714384989562152e-03 -4.503690999999999889e+00
5.160717164697692545e-03 -4.482277999999999984e+00
5.180719944405823806e-03 -2.121926999999999897e+00
5.200722724113954198e-03 -8.265109999999999957e-01
5.220725503822084591e-03 -1.432690000000000019e+00
5.240728283530214984e-03 -1.738115999999999994e+00
5.260731063238346245e-03 -1.945950999999999986e+00
5.280733842946476637e-03 2.243905999999999956e+00
5.300736622654607030e-03 3.637627000000000166e+00
5.320739402362737423e-03 2.982066999999999801e+00
5.340742182070868684e-03 -1.207724999999999937e+00
5.360744961778999076e-03 -2.020376999999999867e+00
5.380747741487129469e-03 -2.727847000000000133e+00
5.400750521195259862e-03 -2.090002000000000137e+00
5.420753300903390255e-03 -3.072010999999999825e+00
5.440756080611521515e-03 -4.303707000000000171e+00
5.460758860319651908e-03 -4.492010999999999754e+00
5.480761640027782301e-03 -2.009475999999999818e+00
5.500764419735912694e-03 1.143801000000000068e+00
5.520767199444043954e-03 1.008899999999999908e+00
5.540769979152174347e-03 -2.812784999999999869e+00
5.560772758860304740e-03 -3.683187000000000211e+00
5.580775538568435133e-03 -5.091442999999999941e+00
5.600778318276566393e-03 -3.087454000000000143e+00
5.620781097984696786e-03 2.403069999999999928e-01
5.640783877692827179e-03 1.008186000000000027e+00
5.660786657400957572e-03 2.399820000000000009e-01
5.680789437109087965e-03 -1.376109000000000027e+00
5.700792216817219225e-03 -8.991850000000000120e-01
5.720794996525349618e-03 1.586780000000000135e-01
5.740797776233480011e-03 7.017870000000000497e-01
5.760800555941610404e-03 6.840999999999999859e-03
5.780803335649741664e-03 -1.508674000000000071e+00
5.800806115357872057e-03 -2.803894999999999804e+00
5.820808895066002450e-03 -1.147315000000000085e+00
5.840811674774132843e-03 -6.276300000000000212e-01
5.860814454482264103e-03 3.083089999999999997e-01
5.880817234190394496e-03 -2.445260999999999907e+00
5.900820013898524889e-03 -4.925329999999999764e+00
5.920822793606655282e-03 -5.629685000000000272e+00
5.940825573314785675e-03 -5.607752999999999766e+00
5.960828353022916935e-03 -4.027155999999999736e+00
5.980831132731047328e-03 -2.079165999999999848e+00
6.000833912439177721e-03 -2.453955999999999804e+00
6.020836692147308114e-03 -7.409240000000000270e-01
6.040839471855439374e-03 1.316078000000000081e+00
6.060842251563569767e-03 4.090023000000000408e+00
6.080845031271700160e-03 4.184823999999999877e+00
6.100847810979830553e-03 7.647929999999999451e-01
6.120850590687961813e-03 -2.954953999999999859e+00
6.140853370396092206e-03 -3.840019999999999989e+00
6.160856150104222599e-03 -1.874120999999999926e+00
6.180858929812352992e-03 -5.843500000000000361e-01
6.200861709520483385e-03 -1.224012000000000100e+00
6.220864489228614645e-03 -2.603587000000000096e+00
6.240867268936745038e-03 -3.877720000000000056e+00
6.260870048644875431e-03 -2.761718000000000117e+00
6.280872828353005824e-03 -1.044597999999999915e+00
6.300875608061137084e-03 -6.558559999999999945e-01
6.320878387769267477e-03 -2.151256000000000057e+00
6.340881167477397870e-03 -3.943776000000000170e+00
6.360883947185528263e-03 -3.573786999999999825e+00
6.380886726893659523e-03 -1.146341999999999972e+00
6.400889506601789916e-03 1.848999999999999977e+00
6.420892286309920309e-03 2.826531999999999822e+00
6.440895066018050702e-03 1.772237999999999980e+00
6.460897845726181095e-03 -5.201109999999999900e-01
6.480900625434312355e-03 -2.313668999999999976e+00
6.500903405142442748e-03 -2.103758000000000017e+00
6.520906184850573141e-03 -1.546632999999999925e+00
6.540908964558703534e-03 -1.803328000000000042e+00
6.560911744266834794e-03 -1.979627999999999943e+00
6.580914523974965187e-03 -6.883650000000000047e-01
6.600917303683095580e-03 1.222769999999999913e+00
6.620920083391225973e-03 1.149705999999999895e+00
6.640922863099357233e-03 -1.340095999999999954e+00
6.660925642807487626e-03 -4.170817000000000441e+00
6.680928422515618019e-03 -5.431258999999999837e+00
6.700931202223748412e-03 -4.060444000000000386e+00
6.720933981931878805e-03 -1.101698999999999984e+00
6.740936761640010065e-03 1.107658999999999949e+00
6.760939541348140458e-03 2.039445000000000174e+00
6.780942321056270851e-03 5.238650000000000251e-01
6.800945100764401244e-03 -1.678614000000000051e+00
6.820947880472532504e-03 -2.776057999999999915e+00
6.840950660180662897e-03 -3.569568999999999992e+00
6.860953439888793290e-03 -3.441285999999999845e+00
6.880956219596923683e-03 -1.779255000000000031e+00
6.900958999305054943e-03 -7.012770000000000392e-01
6.920961779013185336e-03 7.742019999999999458e-01
6.940964558721315729e-03 2.456672000000000189e+00
6.960967338429446122e-03 1.811495000000000077e+00
6.980970118137576515e-03 -6.786320000000000130e-01
7.000972897845707775e-03 -3.053517999999999954e+00
7.020975677553838168e-03 -4.116051999999999822e+00
7.040978457261968561e-03 -3.481905999999999946e+00
7.060981236970098954e-03 -1.330232999999999999e+00
7.080984016678230214e-03 4.499580000000000246e-01
7.100986796386360607e-03 5.498800000000000215e-02
7.120989576094491000e-03 -4.896139999999999937e-01
7.140992355802621393e-03 -7.577949999999999964e-01
7.160995135510752653e-03 -1.998315999999999981e+00
7.180997915218883046e-03 -3.640232000000000134e+00
7.201000694927013439e-03 -4.152260000000000062e+00
7.221003474635143832e-03 -3.793301000000000034e+00
7.241006254343274225e-03 -2.531496999999999886e+00
7.261009034051405485e-03 -1.863940000000000041e-01
7.281011813759535878e-03 1.322567000000000048e+00
7.301014593467666271e-03 1.738626000000000005e+00
7.321017373175796664e-03 4.193959999999999910e-01
7.341020152883927924e-03 -1.397650999999999977e+00
7.361022932592058317e-03 -1.471946999999999894e+00
7.381025712300188710e-03 -7.997119999999999784e-01
7.401028492008319103e-03 -6.072549999999999892e-01
7.421031271716450363e-03 -9.445409999999999640e-01
7.441034051424580756e-03 -2.065799000000000163e+00
7.461036831132711149e-03 -2.091429000000000205e+00
7.481039610840841542e-03 -1.814165000000000028e+00
7.501042390548971935e-03 -1.562335999999999947e+00
7.521045170257103195e-03 -1.820264000000000104e+00
7.541047949965233588e-03 -2.084162000000000070e+00
7.561050729673363981e-03 -1.662198000000000064e+00
7.581053509381494374e-03 -1.373901999999999957e+00
7.601056289089625634e-03 -1.329649000000000081e+00
7.621059068797756027e-03 -1.415820000000000078e+00
7.641061848505886420e-03 -1.839082000000000106e+00
7.661064628214016813e-03 -1.432625999999999955e+00
7.681067407922147205e-03 -1.716650000000000120e-01
7.701070187630278466e-03 7.879000000000000586e-03
7.721072967338408859e-03 -6.700669999999999682e-01
7.741075747046539252e-03 -1.004367000000000010e+00
7.761078526754669644e-03 -1.228879000000000055e+00
7.781081306462800905e-03 -1.709630999999999901e+00
7.801084086170931298e-03 -1.399922000000000111e+00
7.821086865879062558e-03 -6.489129999999999621e-01
7.841089645587192083e-03 -2.941730000000000178e-01
7.861092425295323344e-03 -8.202159999999999451e-01
7.881095205003452869e-03 -1.260868000000000100e+00
7.901097984711584130e-03 -1.918633999999999951e+00
7.921100764419715390e-03 -2.139771000000000090e+00
7.941103544127844915e-03 -2.161637999999999948e+00
7.961106323835976176e-03 -2.549666000000000210e+00
7.981109103544105701e-03 -2.418721999999999817e+00
8.001111883252236961e-03 -9.906110000000000193e-01
8.021114662960368222e-03 -1.742700000000000152e-02
8.041117442668497747e-03 9.255700000000000038e-02
8.061120222376629008e-03 -1.115455000000000085e+00
8.081123002084760268e-03 -2.624350999999999878e+00
8.101125781792889793e-03 -2.653551000000000215e+00
8.121128561501021054e-03 -1.521261999999999892e+00
8.141131341209150579e-03 -7.225610000000000088e-01
8.161134120917281840e-03 8.989700000000000468e-02
8.181136900625413100e-03 7.361779999999999990e-01
8.201139680333542625e-03 5.910889999999999755e-01
8.221142460041673886e-03 -1.827099999999999905e-02
8.241145239749803411e-03 -1.008389999999999898e+00
8.261148019457934671e-03 -2.420929000000000109e+00
8.281150799166065932e-03 -3.516360999999999848e+00
8.301153578874195457e-03 -4.000617000000000090e+00
8.321156358582326718e-03 -3.325007999999999964e+00
8.341159138290457978e-03 -1.640719999999999956e+00
8.361161917998587503e-03 4.768870000000000053e-01
8.381164697706718764e-03 1.669130999999999920e+00
8.401167477414848289e-03 8.534289999999999932e-01
8.421170257122979549e-03 -1.126486000000000098e+00
8.441173036831110810e-03 -2.850159999999999805e+00
8.461175816539240335e-03 -3.211389000000000049e+00
8.481178596247371596e-03 -2.572182000000000190e+00
8.501181375955501121e-03 -2.103304000000000062e+00
8.521184155663632381e-03 -1.814683999999999964e+00
8.541186935371763642e-03 -7.178889999999999993e-01
8.561189715079893167e-03 9.339549999999999796e-01
8.581192494788024427e-03 1.325615999999999906e+00
8.601195274496155688e-03 9.314100000000000157e-02
8.621198054204285213e-03 -1.670633000000000035e+00
8.641200833912416474e-03 -2.951515000000000111e+00
8.661203613620545999e-03 -3.142867999999999995e+00
8.681206393328677259e-03 -2.069757000000000069e+00
8.701209173036808520e-03 -3.735299999999999732e-01
8.721211952744938045e-03 5.513130000000000530e-01
8.741214732453069305e-03 3.348479999999999790e-01
8.761217512161198831e-03 -6.583869999999999445e-01
8.781220291869330091e-03 -1.515422000000000047e+00
8.801223071577461352e-03 -2.342674000000000145e+00
8.821225851285590877e-03 -3.144554999999999989e+00
8.841228630993722137e-03 -3.071816000000000102e+00
8.861231410701853398e-03 -2.384916000000000036e+00
8.881234190409982923e-03 -1.330103000000000035e+00
8.901236970118114183e-03 4.897340000000000027e-01
8.921239749826243709e-03 1.610862000000000016e+00
8.941242529534374969e-03 9.674369999999999914e-01
8.961245309242506230e-03 -7.591569999999999707e-01
8.981248088950635755e-03 -2.019144999999999968e+00
9.001250868658767015e-03 -2.201414000000000204e+00
9.021253648366896541e-03 -1.853161999999999976e+00
9.041256428075027801e-03 -1.594195999999999946e+00
9.061259207783159061e-03 -1.582840000000000025e+00
9.081261987491288587e-03 -1.375264999999999960e+00
9.101264767199419847e-03 -1.217848000000000042e+00
9.121267546907551108e-03 -1.383764999999999912e+00
9.141270326615680633e-03 -1.487910000000000066e+00
9.161273106323811893e-03 -1.351515999999999940e+00
9.181275886031941419e-03 -1.255676999999999932e+00
9.201278665740072679e-03 -1.068540999999999963e+00
9.221281445448203939e-03 -3.591250000000000275e-01
9.241284225156333465e-03 1.299980000000000024e-01
9.261287004864464725e-03 -9.665500000000000480e-02
9.281289784572594251e-03 -1.231862999999999930e+00
9.301292564280725511e-03 -2.615721000000000185e+00
9.321295343988856771e-03 -2.844968999999999859e+00
9.341298123696986297e-03 -2.090002000000000137e+00
9.361300903405117557e-03 -1.079247999999999985e+00
9.381303683113248817e-03 -5.440549999999999553e-01
9.401306462821378343e-03 -7.827760000000000273e-01
9.421309242529509603e-03 -8.397480000000000500e-01
9.441312022237639129e-03 -4.922750000000000181e-01
9.461314801945770389e-03 -7.465039999999999454e-01
9.481317581653901649e-03 -1.588486000000000065e+00
9.501320361362031175e-03 -2.383748000000000200e+00
9.521323141070162435e-03 -2.297318000000000193e+00
9.541325920778291961e-03 -1.484925000000000050e+00
9.561328700486423221e-03 -7.678519999999999790e-01
9.581331480194554481e-03 -5.704639999999999711e-01
9.601334259902684007e-03 -6.618260000000000254e-01
9.621337039610815267e-03 -5.367870000000000141e-01
9.641339819318946527e-03 -5.363980000000000414e-01
9.661342599027076053e-03 -8.145710000000000450e-01
9.681345378735207313e-03 -1.077236000000000082e+00
9.701348158443336839e-03 -1.440412000000000026e+00
9.721350938151468099e-03 -1.973203999999999958e+00
9.741353717859599359e-03 -2.389717999999999787e+00
9.761356497567728885e-03 -2.331253999999999937e+00
9.781359277275860145e-03 -1.512761999999999940e+00
9.801362056983989671e-03 -2.254569999999999907e-01
9.821364836692120931e-03 3.637230000000000185e-01
9.841367616400252191e-03 -4.743009999999999726e-01
9.861370396108381717e-03 -1.507765000000000022e+00
9.881373175816512977e-03 -1.965742000000000100e+00
9.901375955524644237e-03 -2.206735000000000113e+00
9.921378735232773763e-03 -2.368888999999999800e+00
9.941381514940905023e-03 -2.011228000000000016e+00
9.961384294649034549e-03 -9.227389999999999759e-01
9.981387074357165809e-03 4.310109999999999775e-01
1.000138985406529707e-02 1.288500999999999896e+00
1.002139263377342659e-02 8.975530000000000452e-01
1.004139541348155786e-02 -7.821919999999999984e-01
1.006139819318968738e-02 -2.159495999999999860e+00
1.008140097289781864e-02 -2.827709000000000028e+00
1.010140375260594990e-02 -3.014780000000000015e+00
1.012140653231407943e-02 -2.406524000000000107e+00
1.014140931202221069e-02 -1.177032999999999996e+00
1.016141209173034195e-02 -1.171699999999999998e-02
1.018141487143847147e-02 4.716960000000000042e-01
1.020141765114660273e-02 1.410929999999999962e-01
1.022142043085473226e-02 -8.533089999999999842e-01
1.024142321056286352e-02 -1.833177000000000056e+00
1.026142599027099478e-02 -2.387382000000000115e+00
1.028142876997912430e-02 -2.666138999999999815e+00
1.030143154968725556e-02 -2.496068000000000175e+00
1.032143432939538509e-02 -1.443073000000000050e+00
1.034143710910351635e-02 5.641499999999999987e-02
1.036143988881164761e-02 5.202959999999999807e-01
1.038144266851977714e-02 -1.937270000000000103e-01
1.040144544822790840e-02 -1.159383999999999970e+00
1.042144822793603966e-02 -1.558052999999999910e+00
1.044145100764416918e-02 -1.445537999999999990e+00
1.046145378735230044e-02 -1.114416999999999991e+00
1.048145656706042997e-02 -1.040769000000000055e+00
1.050145934676856123e-02 -1.188843000000000094e+00
1.052146212647669249e-02 -9.676409999999999734e-01
1.054146490618482201e-02 -8.433159999999999545e-01
1.056146768589295327e-02 -1.273781000000000052e+00
1.058147046560108280e-02 -1.696652999999999967e+00
1.060147324530921406e-02 -1.859650999999999943e+00
1.062147602501734532e-02 -1.767185999999999924e+00
1.064147880472547485e-02 -1.109096000000000082e+00
1.066148158443360611e-02 -3.971489999999999743e-01
1.068148436414173737e-02 -3.530260000000000065e-01
1.070148714384986689e-02 -6.803190000000000071e-01
1.072148992355799815e-02 -1.268394999999999939e+00
1.074149270326612768e-02 -1.897351000000000010e+00
1.076149548297425894e-02 -1.957956000000000030e+00
1.078149826268239020e-02 -1.578881999999999897e+00
1.080150104239051972e-02 -1.242763999999999980e+00
1.082150382209865098e-02 -1.061857999999999969e+00
1.084150660180678051e-02 -7.520200000000000218e-01
1.086150938151491177e-02 -2.273380000000000123e-01
1.088151216122304303e-02 -5.552999999999999776e-03
1.090151494093117256e-02 -4.984390000000000209e-01
1.092151772063930382e-02 -1.488299000000000039e+00
1.094152050034743508e-02 -2.245731999999999839e+00
1.096152328005556460e-02 -2.056715000000000071e+00
1.098152605976369586e-02 -1.309144000000000085e+00
1.100152883947182539e-02 -8.609010000000000273e-01
1.102153161917995665e-02 -7.400799999999999601e-01
1.104153439888808791e-02 -7.298280000000000323e-01
1.106153717859621743e-02 -8.392290000000000028e-01
1.108153995830434869e-02 -1.228814000000000073e+00
1.110154273801247822e-02 -1.673488000000000087e+00
1.112154551772060948e-02 -1.946210999999999913e+00
1.114154829742874074e-02 -2.230742999999999920e+00
1.116155107713687027e-02 -1.951013000000000108e+00
1.118155385684500153e-02 -1.083401000000000058e+00
1.120155663655313279e-02 -3.174020000000000175e-01
1.122155941626126231e-02 1.383679999999999910e-01
1.124156219596939357e-02 1.072219999999999979e-01
1.126156497567752310e-02 -7.526040000000000507e-01
1.128156775538565436e-02 -1.537744000000000000e+00
1.130157053509378562e-02 -1.609120000000000106e+00
1.132157331480191514e-02 -1.457996999999999987e+00
1.134157609451004640e-02 -1.609185000000000088e+00
1.136157887421817593e-02 -1.746032999999999946e+00
1.138158165392630719e-02 -1.546958000000000055e+00
1.140158443363443845e-02 -1.078858000000000095e+00
1.142158721334256798e-02 -5.378899999999999793e-01
1.144158999305069924e-02 -5.821439999999999948e-01
1.146159277275883050e-02 -1.186441999999999997e+00
1.148159555246696002e-02 -1.617490000000000094e+00
1.150159833217509128e-02 -1.577909000000000006e+00
1.152160111188322081e-02 -1.590108000000000077e+00
1.154160389159135207e-02 -1.693993000000000082e+00
1.156160667129948333e-02 -1.594649999999999901e+00
1.158160945100761285e-02 -1.264955999999999969e+00
1.160161223071574411e-02 -9.136549999999999949e-01
1.162161501042387364e-02 -6.162100000000000355e-01
1.164161779013200490e-02 -4.680710000000000148e-01
1.166162056984013616e-02 -5.859069999999999556e-01
1.168162334954826569e-02 -9.707559999999999523e-01
1.170162612925639695e-02 -1.653178999999999954e+00
1.172162890896452821e-02 -2.166374999999999940e+00
1.174163168867265773e-02 -1.871331000000000078e+00
1.176163446838078899e-02 -1.090019000000000071e+00
1.178163724808891852e-02 -5.262109999999999843e-01
1.180164002779704978e-02 -5.663110000000000088e-01
1.182164280750518104e-02 -8.808209999999999651e-01
1.184164558721331056e-02 -1.080934999999999979e+00
1.186164836692144182e-02 -1.288963999999999999e+00
1.188165114662957135e-02 -1.755376999999999965e+00
1.190165392633770261e-02 -2.193887000000000143e+00
1.192165670604583387e-02 -2.104925999999999853e+00
1.194165948575396340e-02 -1.352554000000000034e+00
1.196166226546209466e-02 -5.397070000000000478e-01
1.198166504517022592e-02 -2.862560000000000104e-01
1.200166782487835544e-02 -6.568289999999999962e-01
1.202167060458648670e-02 -1.131936000000000053e+00
1.204167338429461623e-02 -1.473699000000000092e+00
1.206167616400274749e-02 -1.720466999999999969e+00
1.208167894371087875e-02 -1.581866999999999912e+00
1.210168172341900827e-02 -1.201235999999999970e+00
1.212168450312713953e-02 -8.267050000000000232e-01
1.214168728283526906e-02 -6.387260000000000160e-01
1.216169006254340032e-02 -8.407860000000000333e-01
1.218169284225153158e-02 -1.358783999999999992e+00
1.220169562195966111e-02 -1.670762999999999998e+00
1.222169840166779237e-02 -1.707035000000000080e+00
1.224170118137592363e-02 -1.648830999999999936e+00
1.226170396108405315e-02 -1.305056999999999912e+00
1.228170674079218441e-02 -5.944720000000000004e-01
1.230170952050031394e-02 -4.760000000000000342e-02
1.232171230020844520e-02 -2.119600000000000095e-01
1.234171507991657646e-02 -1.137062999999999935e+00
1.236171785962470598e-02 -2.220880000000000187e+00
1.238172063933283724e-02 -2.634344000000000019e+00
1.240172341904096677e-02 -2.272400999999999893e+00
1.242172619874909803e-02 -1.554095000000000004e+00
1.244172897845722929e-02 -8.544119999999999493e-01
1.246173175816535882e-02 -3.179219999999999824e-01
1.248173453787349008e-02 -2.177999999999999815e-03
1.250173731758162134e-02 -1.621910000000000018e-01
1.252174009728975086e-02 -7.741460000000000008e-01
1.254174287699788212e-02 -1.607563000000000075e+00
1.256174565670601165e-02 -2.183374999999999844e+00
1.258174843641414291e-02 -2.245601999999999876e+00
1.260175121612227417e-02 -1.812218000000000107e+00
1.262175399583040369e-02 -1.110394000000000103e+00
1.264175677553853495e-02 -6.108890000000000153e-01
1.266175955524666448e-02 -4.482809999999999850e-01
1.268176233495479574e-02 -6.821359999999999646e-01
1.270176511466292700e-02 -1.268979000000000079e+00
1.272176789437105653e-02 -1.654217000000000048e+00
1.274177067407918779e-02 -1.683027000000000051e+00
1.276177345378731905e-02 -1.510880000000000001e+00
1.278177623349544857e-02 -1.424773999999999985e+00
1.280177901320357983e-02 -1.277479000000000031e+00
1.282178179291170936e-02 -1.129601000000000077e+00
1.284178457261984062e-02 -9.297469999999999901e-01
1.286178735232797188e-02 -7.986739999999999950e-01
1.288179013203610140e-02 -9.211819999999999453e-01
1.290179291174423266e-02 -1.213824999999999932e+00
1.292179569145236219e-02 -1.397326999999999986e+00
1.294179847116049345e-02 -1.377405999999999908e+00
1.296180125086862471e-02 -1.269368000000000052e+00
1.298180403057675424e-02 -1.205259000000000080e+00
1.300180681028488550e-02 -1.226153000000000048e+00
1.302180958999301676e-02 -1.284162999999999943e+00
1.304181236970114628e-02 -1.214863000000000026e+00
1.306181514940927754e-02 -1.102087999999999957e+00
1.308181792911740707e-02 -1.032399000000000067e+00
1.310182070882553833e-02 -1.106176000000000048e+00
1.312182348853366959e-02 -1.258337999999999957e+00
1.314182626824179911e-02 -1.413418999999999981e+00
1.316182904794993037e-02 -1.433403999999999900e+00
1.318183182765805990e-02 -1.235367000000000104e+00
1.320183460736619116e-02 -9.984629999999999894e-01
1.322183738707432242e-02 -9.344829999999999526e-01
1.324184016678245195e-02 -9.772440000000000015e-01
1.326184294649058321e-02 -1.006183999999999967e+00
1.328184572619871447e-02 -1.107863000000000042e+00
1.330184850590684399e-02 -1.317514999999999992e+00
1.332185128561497525e-02 -1.590886000000000022e+00
1.334185406532310478e-02 -1.742917999999999967e+00
1.336185684503123604e-02 -1.649998999999999993e+00
1.338185962473936730e-02 -1.382273000000000085e+00
1.340186240444749682e-02 -1.141021000000000063e+00
1.342186518415562808e-02 -1.076781999999999906e+00
1.344186796386375761e-02 -1.062181999999999960e+00
1.346187074357188887e-02 -1.026299000000000072e+00
1.348187352328002013e-02 -9.909360000000000390e-01
1.350187630298814966e-02 -1.073342999999999936e+00
1.352187908269628092e-02 -1.197408000000000028e+00
1.354188186240441218e-02 -1.242569999999999952e+00
1.356188464211254170e-02 -1.222649000000000097e+00
1.358188742182067296e-02 -1.137971000000000066e+00
1.360189020152880249e-02 -1.137516999999999889e+00
1.362189298123693375e-02 -1.343469999999999942e+00
1.364189576094506501e-02 -1.481810000000000072e+00
1.366189854065319453e-02 -1.471103999999999967e+00
1.368190132036132579e-02 -1.412446000000000090e+00
1.370190410006945532e-02 -1.189880999999999966e+00
1.372190687977758658e-02 -9.058680000000000065e-01
1.374190965948571784e-02 -8.492859999999999854e-01
1.376191243919384737e-02 -1.022016999999999953e+00
1.378191521890197863e-02 -1.265279999999999960e+00
1.380191799861010989e-02 -1.484405999999999892e+00
1.382192077831823941e-02 -1.510037000000000074e+00
1.384192355802637067e-02 -1.532488000000000072e+00
1.386192633773450020e-02 -1.483108000000000093e+00
1.388192911744263146e-02 -1.222714000000000079e+00
1.390193189715076272e-02 -7.668139999999999956e-01
1.392193467685889224e-02 -4.547689999999999788e-01
1.394193745656702350e-02 -5.463259999999999783e-01
1.396194023627515303e-02 -1.068151999999999990e+00
1.398194301598328429e-02 -1.704115000000000046e+00
1.400194579569141555e-02 -2.012007000000000101e+00
1.402194857539954508e-02 -1.899297000000000013e+00
1.404195135510767634e-02 -1.530216999999999938e+00
1.406195413481580760e-02 -1.084114000000000022e+00
1.408195691452393712e-02 -7.082199999999999607e-01
1.410195969423206838e-02 -4.453610000000000069e-01
1.412196247394019791e-02 -4.619719999999999938e-01
1.414196525364832917e-02 -8.640799999999999592e-01
1.416196803335646043e-02 -1.472596000000000016e+00
1.418197081306458995e-02 -1.890732000000000079e+00
1.420197359277272121e-02 -2.035106999999999999e+00
1.422197637248085074e-02 -1.848815000000000097e+00
1.424197915218898200e-02 -1.308950000000000058e+00
1.426198193189711326e-02 -7.078309999999999880e-01
1.428198471160524279e-02 -3.907900000000000262e-01
1.430198749131337405e-02 -5.626130000000000297e-01
1.432199027102150531e-02 -1.039730999999999961e+00
1.434199305072963483e-02 -1.418414999999999981e+00
1.436199583043776609e-02 -1.558637000000000050e+00
1.438199861014589562e-02 -1.486027999999999905e+00
1.440200138985402688e-02 -1.343923999999999896e+00
1.442200416956215814e-02 -1.180731999999999893e+00
1.444200694927028766e-02 -9.997599999999999820e-01
1.446200972897841892e-02 -8.330640000000000267e-01
1.448201250868654845e-02 -8.162580000000000391e-01
1.450201528839467971e-02 -1.096119000000000065e+00
1.452201806810281097e-02 -1.438465000000000105e+00
1.454202084781094050e-02 -1.547865999999999964e+00
1.456202362751907176e-02 -1.339706999999999981e+00
1.458202640722720302e-02 -1.067633000000000054e+00
1.460202918693533254e-02 -9.248800000000000354e-01
1.462203196664346380e-02 -9.197539999999999605e-01
1.464203474635159333e-02 -1.058289000000000035e+00
1.466203752605972459e-02 -1.244191999999999965e+00
1.468204030576785585e-02 -1.305380999999999903e+00
1.470204308547598537e-02 -1.213759999999999950e+00
1.472204586518411663e-02 -1.109939999999999927e+00
1.474204864489224616e-02 -1.051476000000000077e+00
1.476205142460037742e-02 -1.056602000000000041e+00
1.478205420430850868e-02 -1.099687000000000081e+00
1.480205698401663821e-02 -1.158539999999999903e+00
1.482205976372476947e-02 -1.148158000000000012e+00
1.484206254343290073e-02 -1.182288999999999923e+00
1.486206532314103025e-02 -1.201561000000000101e+00
1.488206810284916151e-02 -1.132455999999999907e+00
1.490207088255729104e-02 -9.898979999999999446e-01
1.492207366226542230e-02 -8.406559999999999588e-01
1.494207644197355356e-02 -9.431140000000000079e-01
1.496207922168168308e-02 -1.136349000000000053e+00
1.498208200138981434e-02 -1.235432000000000086e+00
1.500208478109794387e-02 -1.235042999999999891e+00
1.502208756080607513e-02 -1.270016999999999951e+00
1.504209034051420639e-02 -1.168209000000000053e+00
1.506209312022233592e-02 -1.087358999999999964e+00
1.508209589993046718e-02 -1.084114000000000022e+00
1.510209867963859844e-02 -1.100335999999999981e+00
1.512210145934672796e-02 -1.144913999999999987e+00
1.514210423905485922e-02 -1.211618000000000084e+00
1.516210701876298875e-02 -1.223038999999999987e+00
1.518210979847112001e-02 -1.183586999999999945e+00
1.520211257817925127e-02 -1.152246000000000103e+00
1.522211535788738079e-02 -1.131871999999999989e+00
1.524211813759551205e-02 -1.192671000000000037e+00
1.526212091730364158e-02 -1.239001000000000019e+00
1.528212369701177284e-02 -1.220768000000000075e+00
1.530212647671990410e-02 -1.113898000000000055e+00
1.532212925642803363e-02 -9.283190000000000053e-01
1.534213203613616489e-02 -7.081560000000000077e-01
1.536213481584429441e-02 -6.503409999999999469e-01
1.538213759555242567e-02 -8.021779999999999466e-01
1.540214037526055693e-02 -1.136867999999999990e+00
1.542214315496868646e-02 -1.410693999999999892e+00
1.544214593467681772e-02 -1.591665000000000108e+00
1.546214871438494898e-02 -1.622033000000000058e+00
1.548215149409307850e-02 -1.515487000000000029e+00
1.550215427380120976e-02 -1.191762999999999906e+00
1.552215705350933929e-02 -8.011390000000000455e-01
1.554215983321747055e-02 -5.332829999999999515e-01
1.556216261292560181e-02 -6.267859999999999543e-01
1.558216539263373134e-02 -8.976269999999999527e-01
1.560216817234186260e-02 -1.295517999999999947e+00
1.562217095204999212e-02 -1.535666999999999893e+00
1.564217373175812512e-02 -1.619372000000000034e+00
1.566217651146625464e-02 -1.419129000000000085e+00
1.568217929117438417e-02 -1.095404999999999962e+00
1.570218207088251369e-02 -7.679820000000000535e-01
1.572218485059064669e-02 -6.032969999999999722e-01
1.574218763029877621e-02 -7.050410000000000288e-01
1.576219041000690574e-02 -9.665380000000000082e-01
1.578219318971503873e-02 -1.193904000000000076e+00
1.580219596942316826e-02 -1.362611999999999934e+00
1.582219874913129778e-02 -1.419907999999999948e+00
1.584220152883943078e-02 -1.322446000000000010e+00
1.586220430854756031e-02 -1.095339999999999980e+00
1.588220708825568983e-02 -8.025670000000000304e-01
1.590220986796382283e-02 -6.975789999999999491e-01
1.592221264767195235e-02 -9.207920000000000549e-01
1.594221542738008188e-02 -1.277414000000000049e+00
1.596221820708821140e-02 -1.490439999999999987e+00
1.598222098679634440e-02 -1.486288000000000054e+00
1.600222376650447392e-02 -1.350152999999999937e+00
1.602222654621260345e-02 -1.160098000000000074e+00
1.604222932592073644e-02 -9.549879999999999480e-01
1.606223210562886597e-02 -7.358630000000000448e-01
1.608223488533699549e-02 -6.329510000000000414e-01
1.610223766504512849e-02 -7.135409999999999808e-01
1.612224044475325802e-02 -9.602439999999999864e-01
1.614224322446138754e-02 -1.214603000000000099e+00
1.616224600416952054e-02 -1.383829999999999893e+00
1.618224878387765006e-02 -1.369944000000000051e+00
1.620225156358577959e-02 -1.257233999999999963e+00
1.622225434329390911e-02 -1.105396999999999963e+00
1.624225712300204211e-02 -1.013711000000000029e+00
1.626225990271017163e-02 -9.946340000000000181e-01
1.628226268241830116e-02 -1.105917000000000039e+00
1.630226546212643415e-02 -1.188258999999999954e+00
1.632226824183456368e-02 -1.151467999999999936e+00
1.634227102154269320e-02 -1.083464999999999900e+00
1.636227380125082620e-02 -1.022666000000000075e+00
1.638227658095895573e-02 -1.025520999999999905e+00
1.640227936066708525e-02 -1.089110999999999940e+00
1.642228214037521825e-02 -1.125318000000000040e+00
1.644228492008334777e-02 -1.238093000000000110e+00
1.646228769979147730e-02 -1.368970999999999938e+00
1.648229047949960682e-02 -1.449237000000000108e+00
1.650229325920773982e-02 -1.380325999999999942e+00
1.652229603891586934e-02 -1.125057999999999891e+00
1.654229881862399887e-02 -8.091859999999999609e-01
1.656230159833213186e-02 -6.367140000000000022e-01
1.658230437804026139e-02 -6.809030000000000360e-01
1.660230715774839091e-02 -8.257320000000000215e-01
1.662230993745652391e-02 -1.017668999999999935e+00
1.664231271716465344e-02 -1.242115999999999998e+00
1.666231549687278296e-02 -1.355928000000000022e+00
1.668231827658091596e-02 -1.391162000000000010e+00
1.670232105628904548e-02 -1.339901000000000009e+00
1.672232383599717501e-02 -1.190919000000000061e+00
1.674232661570530453e-02 -1.050373000000000001e+00
1.676232939541343753e-02 -9.334449999999999692e-01
1.678233217512156705e-02 -9.181970000000000409e-01
1.680233495482969658e-02 -1.010920999999999959e+00
1.682233773453782957e-02 -1.108187999999999951e+00
1.684234051424595910e-02 -1.187286000000000064e+00
1.686234329395408862e-02 -1.205519000000000007e+00
1.688234607366222162e-02 -1.133882999999999974e+00
1.690234885337035114e-02 -1.116103999999999985e+00
1.692235163307848067e-02 -1.137775999999999899e+00
1.694235441278661367e-02 -1.134532000000000096e+00
1.696235719249474319e-02 -1.064324000000000048e+00
1.698235997220287272e-02 -1.007352000000000025e+00
1.700236275191100224e-02 -1.002809999999999979e+00
1.702236553161913524e-02 -1.084308999999999967e+00
1.704236831132726476e-02 -1.180018000000000011e+00
1.706237109103539429e-02 -1.265020999999999951e+00
1.708237387074352728e-02 -1.225503999999999927e+00
1.710237665045165681e-02 -1.155491000000000046e+00
1.712237943015978633e-02 -1.077625999999999973e+00
1.714238220986791933e-02 -9.953480000000000105e-01
1.716238498957604885e-02 -9.813969999999999638e-01
1.718238776928417838e-02 -1.005989999999999940e+00
1.720239054899231138e-02 -1.099167999999999923e+00
1.722239332870044090e-02 -1.263852999999999893e+00
1.724239610840857043e-02 -1.444954000000000072e+00
1.726239888811669995e-02 -1.526842000000000033e+00
1.728240166782483295e-02 -1.383571000000000106e+00
1.730240444753296247e-02 -1.063803999999999972e+00
1.732240722724109200e-02 -7.396260000000000057e-01
1.734241000694922499e-02 -6.314579999999999638e-01
1.736241278665735452e-02 -7.529930000000000234e-01
1.738241556636548404e-02 -9.887939999999999507e-01
1.740241834607361704e-02 -1.211359000000000075e+00
1.742242112578174656e-02 -1.419583000000000039e+00
1.744242390548987609e-02 -1.504780999999999924e+00
1.746242668519800909e-02 -1.421594999999999942e+00
1.748242946490613861e-02 -1.201756000000000046e+00
1.750243224461426814e-02 -9.749079999999999968e-01
1.752243502432239766e-02 -8.103540000000000187e-01
1.754243780403053066e-02 -8.473389999999999533e-01
1.756244058373866018e-02 -1.033825999999999912e+00
1.758244336344678971e-02 -1.221740999999999966e+00
1.760244614315492270e-02 -1.375264999999999960e+00
1.762244892286305223e-02 -1.338927999999999896e+00
1.764245170257118175e-02 -1.176060000000000105e+00
1.766245448227931475e-02 -1.001576999999999940e+00
1.768245726198744427e-02 -9.069709999999999717e-01
1.770246004169557380e-02 -9.655000000000000249e-01
1.772246282140370680e-02 -1.137647000000000075e+00
1.774246560111183632e-02 -1.276505999999999919e+00
1.776246838081996585e-02 -1.293571000000000026e+00
1.778247116052809537e-02 -1.231668999999999903e+00
1.780247394023622837e-02 -1.153674000000000088e+00
1.782247671994435789e-02 -1.065361999999999920e+00
1.784247949965248742e-02 -9.831490000000000506e-01
1.786248227936062041e-02 -9.522629999999999706e-01
1.788248505906874994e-02 -1.066270000000000051e+00
1.790248783877687946e-02 -1.280075000000000074e+00
1.792249061848501246e-02 -1.397262000000000004e+00
1.794249339819314198e-02 -1.397780999999999940e+00
1.796249617790127151e-02 -1.281177999999999928e+00
1.798249895760940451e-02 -1.000474000000000085e+00
1.800250173731753403e-02 -8.381250000000000089e-01
1.802250451702566356e-02 -8.004259999999999708e-01
1.804250729673379308e-02 -8.853640000000000398e-01
1.806251007644192608e-02 -1.051995000000000013e+00
1.808251285615005560e-02 -1.247176999999999980e+00
1.810251563585818513e-02 -1.330103000000000035e+00
1.812251841556631812e-02 -1.295647999999999911e+00
1.814252119527444765e-02 -1.227516000000000052e+00
1.816252397498257717e-02 -1.149585999999999997e+00
1.818252675469071017e-02 -1.051476000000000077e+00
1.820252953439883969e-02 -1.033436999999999939e+00
1.822253231410696922e-02 -1.085023000000000071e+00
1.824253509381510222e-02 -1.180666999999999911e+00
1.826253787352323174e-02 -1.328869999999999996e+00
1.828254065323136127e-02 -1.385712000000000055e+00
1.830254343293949079e-02 -1.298826999999999954e+00
1.832254621264762379e-02 -1.159254000000000007e+00
1.834254899235575331e-02 -1.039017000000000079e+00
1.836255177206388284e-02 -9.551180000000000225e-01
1.838255455177201583e-02 -9.860039999999999916e-01
1.840255733148014536e-02 -1.044921999999999906e+00
1.842256011118827488e-02 -1.160226999999999897e+00
1.844256289089640788e-02 -1.228942999999999897e+00
1.846256567060453740e-02 -1.271638999999999964e+00
1.848256845031266693e-02 -1.229916999999999927e+00
1.850257123002079993e-02 -1.137516999999999889e+00
1.852257400972892945e-02 -1.039536999999999933e+00
1.854257678943705898e-02 -9.898329999999999629e-01
1.856257956914518850e-02 -9.169640000000000013e-01
1.858258234885332150e-02 -9.125510000000000010e-01
1.860258512856145102e-02 -9.948289999999999633e-01
1.862258790826958055e-02 -1.139399000000000051e+00
1.864259068797771354e-02 -1.293182000000000054e+00
1.866259346768584307e-02 -1.412639999999999896e+00
1.868259624739397259e-02 -1.417701000000000100e+00
1.870259902710210559e-02 -1.349763999999999964e+00
1.872260180681023511e-02 -1.237184000000000061e+00
1.874260458651836464e-02 -1.118894000000000055e+00
1.876260736622649763e-02 -1.034021000000000079e+00
1.878261014593462716e-02 -9.556369999999999587e-01
1.880261292564275669e-02 -8.881539999999999990e-01
1.882261570535088621e-02 -9.329910000000000148e-01
1.884261848505901921e-02 -1.026688999999999963e+00
1.886262126476714873e-02 -1.142773000000000039e+00
1.888262404447527826e-02 -1.232901999999999942e+00
1.890262682418341125e-02 -1.219209999999999905e+00
1.892262960389154078e-02 -1.161394999999999955e+00
1.894263238359967030e-02 -1.092354999999999965e+00
1.896263516330780330e-02 -1.063998999999999917e+00
1.898263794301593282e-02 -1.105202999999999935e+00
1.900264072272406235e-02 -1.171648000000000023e+00
1.902264350243219534e-02 -1.199548999999999976e+00
1.904264628214032487e-02 -1.201820000000000110e+00
1.906264906184845440e-02 -1.191893000000000091e+00
1.908265184155658392e-02 -1.161785000000000068e+00
1.910265462126471692e-02 -1.135310999999999959e+00
1.912265740097284644e-02 -1.091576000000000102e+00
1.914266018068097597e-02 -1.077431000000000028e+00
1.916266296038910896e-02 -1.089630000000000098e+00
1.918266574009723849e-02 -1.179303999999999908e+00
1.920266851980536801e-02 -1.271120000000000028e+00
1.922267129951350101e-02 -1.300839000000000079e+00
1.924267407922163053e-02 -1.223557999999999923e+00
1.926267685892976006e-02 -1.029932999999999987e+00
1.928267963863789305e-02 -8.576570000000000027e-01
1.930268241834602258e-02 -8.154799999999999827e-01
1.932268519805415211e-02 -9.048950000000000049e-01
1.934268797776228163e-02 -1.027466999999999908e+00
1.936269075747041463e-02 -1.158930000000000016e+00
1.938269353717854415e-02 -1.272223000000000104e+00
1.940269631688667368e-02 -1.321992000000000056e+00
1.942269909659480667e-02 -1.330038000000000054e+00
1.944270187630293620e-02 -1.294349999999999890e+00
1.946270465601106572e-02 -1.199939000000000089e+00
1.948270743571919872e-02 -1.138036000000000048e+00
1.950271021542732824e-02 -1.132130999999999998e+00
1.952271299513545777e-02 -1.212331999999999965e+00
1.954271577484359076e-02 -1.294091000000000102e+00
1.956271855455172029e-02 -1.309080000000000021e+00
1.958272133425984982e-02 -1.188843000000000094e+00
1.960272411396797934e-02 -1.018253000000000075e+00
1.962272689367611234e-02 -8.568780000000000285e-01
1.964272967338424186e-02 -8.518170000000000464e-01
1.966273245309237139e-02 -9.523279999999999523e-01
1.968273523280050438e-02 -1.132910000000000084e+00
1.970273801250863391e-02 -1.293765999999999972e+00
1.972274079221676343e-02 -1.327247999999999983e+00
1.974274357192489643e-02 -1.274170000000000025e+00
1.976274635163302595e-02 -1.164185999999999943e+00
1.978274913134115548e-02 -1.007352000000000025e+00
1.980275191104928847e-02 -8.562290000000000179e-01
1.982275469075741800e-02 -8.354650000000000132e-01
1.984275747046554753e-02 -9.272810000000000219e-01
1.986276025017367705e-02 -1.152441000000000049e+00
1.988276302988181005e-02 -1.389216000000000006e+00
1.990276580958993957e-02 -1.486288000000000054e+00
1.992276858929806910e-02 -1.452026999999999957e+00
1.994277136900620209e-02 -1.291560000000000041e+00
1.996277414871433162e-02 -1.102476999999999929e+00
1.998277692842246114e-02 -9.534310000000000285e-01
2.000277970813059414e-02 -9.041160000000000307e-01
2.002278248783872366e-02 -9.218950000000000200e-01
2.004278526754685319e-02 -9.863939999999999930e-01
2.006278804725498618e-02 -1.029608999999999996e+00
2.008279082696311571e-02 -1.094171999999999922e+00
2.010279360667124524e-02 -1.123305999999999916e+00
2.012279638637937476e-02 -1.119542999999999955e+00
2.014279916608750776e-02 -1.097156999999999938e+00
2.016280194579563728e-02 -1.098260000000000014e+00
2.018280472550376681e-02 -1.127264999999999961e+00
2.020280750521189980e-02 -1.159578999999999915e+00
2.022281028492002933e-02 -1.225829000000000057e+00
2.024281306462815885e-02 -1.206557000000000102e+00
2.026281584433629185e-02 -1.169505999999999935e+00
2.028281862404442137e-02 -1.123046999999999906e+00
2.030282140375255090e-02 -1.078144999999999909e+00
2.032282418346068389e-02 -1.077560999999999991e+00
2.034282696316881342e-02 -1.072240000000000082e+00
2.036282974287694295e-02 -1.086319999999999952e+00
2.038283252258507247e-02 -1.099622000000000099e+00
2.040283530229320547e-02 -1.116687999999999903e+00
2.042283808200133499e-02 -1.119737999999999900e+00
2.044284086170946452e-02 -1.149197000000000024e+00
2.046284364141759751e-02 -1.143941000000000097e+00
2.048284642112572704e-02 -1.133169000000000093e+00
2.050284920083385656e-02 -1.110198999999999936e+00
2.052285198054198956e-02 -1.090927999999999898e+00
2.054285476025011908e-02 -1.053163000000000071e+00
2.056285753995824861e-02 -1.009168999999999983e+00
2.058286031966638160e-02 -9.974239999999999773e-01
2.060286309937451113e-02 -1.024936999999999987e+00
2.062286587908264066e-02 -1.117531000000000052e+00
2.064286865879077018e-02 -1.218755999999999950e+00
2.066287143849890318e-02 -1.269498000000000015e+00
2.068287421820703270e-02 -1.282799999999999940e+00
2.070287699791516223e-02 -1.255546999999999969e+00
2.072287977762329522e-02 -1.197861999999999982e+00
2.074288255733142475e-02 -1.144395000000000051e+00
2.076288533703955427e-02 -1.087488000000000010e+00
2.078288811674768727e-02 -1.074316000000000049e+00
2.080289089645581679e-02 -1.078988000000000058e+00
2.082289367616394632e-02 -1.116818000000000088e+00
2.084289645587207931e-02 -1.143875999999999893e+00
2.086289923558020884e-02 -1.132325999999999944e+00
2.088290201528833837e-02 -1.107474000000000069e+00
2.090290479499646789e-02 -1.099167999999999923e+00
2.092290757470460089e-02 -1.111691999999999902e+00
2.094291035441273041e-02 -1.156917999999999891e+00
2.096291313412085994e-02 -1.201756000000000046e+00
2.098291591382899293e-02 -1.218237000000000014e+00
2.100291869353712246e-02 -1.193645000000000067e+00
2.102292147324525198e-02 -1.103904999999999914e+00
2.104292425295338498e-02 -1.019681000000000060e+00
2.106292703266151450e-02 -9.452549999999999564e-01
2.108292981236964403e-02 -9.399340000000000472e-01
2.110293259207777702e-02 -1.031166000000000027e+00
2.112293537178590655e-02 -1.153674000000000088e+00
2.114293815149403608e-02 -1.264242000000000088e+00
2.116294093120216560e-02 -1.342691000000000079e+00
2.118294371091029860e-02 -1.348141999999999951e+00
2.120294649061842812e-02 -1.267031999999999936e+00
2.122294927032655765e-02 -1.083725000000000049e+00
2.124295205003469064e-02 -9.494730000000000114e-01
2.126295482974282017e-02 -8.885429999999999717e-01
2.128295760945094969e-02 -9.008070000000000244e-01
2.130296038915908269e-02 -1.019811000000000023e+00
2.132296316886721221e-02 -1.152571000000000012e+00
2.134296594857534174e-02 -1.229721999999999982e+00
2.136296872828347473e-02 -1.270731000000000055e+00
2.138297150799160426e-02 -1.230760000000000076e+00
2.140297428769973379e-02 -1.158280999999999894e+00
2.142297706740786331e-02 -1.074770000000000003e+00
2.144297984711599631e-02 -1.033956000000000097e+00
2.146298262682412583e-02 -1.072759000000000018e+00
2.148298540653225536e-02 -1.133299000000000056e+00
2.150298818624038835e-02 -1.190334999999999921e+00
2.152299096594851788e-02 -1.213629999999999987e+00
2.154299374565664740e-02 -1.166585999999999901e+00
2.156299652536478040e-02 -1.081649000000000083e+00
2.158299930507290992e-02 -9.943750000000000089e-01
2.160300208478103945e-02 -9.298119999999999719e-01
2.162300486448917244e-02 -9.446059999999999457e-01
2.164300764419730197e-02 -9.996310000000000473e-01
2.166301042390543150e-02 -1.139788000000000023e+00
2.168301320361356102e-02 -1.218107000000000051e+00
2.170301598332169402e-02 -1.278582000000000107e+00
2.172301876302982354e-02 -1.228099999999999969e+00
2.174302154273795307e-02 -1.139528000000000096e+00
2.176302432244608606e-02 -1.037330000000000085e+00
2.178302710215421559e-02 -9.817219999999999835e-01
2.180302988186234511e-02 -9.843169999999999975e-01
2.182303266157047811e-02 -1.036940999999999891e+00
2.184303544127860763e-02 -1.110587999999999909e+00
2.186303822098673716e-02 -1.164639999999999898e+00
2.188304100069487015e-02 -1.184301000000000048e+00
2.190304378040299968e-02 -1.185923000000000060e+00
2.192304656011112921e-02 -1.158346000000000098e+00
2.194304933981925873e-02 -1.124799000000000104e+00
2.196305211952739173e-02 -1.098260000000000014e+00
2.198305489923552125e-02 -1.103256000000000014e+00
2.200305767894365078e-02 -1.079897000000000107e+00
2.202306045865178377e-02 -1.097935000000000105e+00
2.204306323835991330e-02 -1.094951000000000008e+00
2.206306601806804282e-02 -1.078858000000000095e+00
2.208306879777617582e-02 -1.046349999999999891e+00
2.210307157748430534e-02 -1.035253999999999897e+00
2.212307435719243487e-02 -1.103061000000000069e+00
2.214307713690056786e-02 -1.154258000000000006e+00
2.216307991660869739e-02 -1.213370000000000060e+00
2.218308269631682692e-02 -1.254574000000000078e+00
2.220308547602495644e-02 -1.216485000000000039e+00
2.222308825573308944e-02 -1.170025000000000093e+00
2.224309103544121896e-02 -1.109096000000000082e+00
2.226309381514934849e-02 -1.082362000000000046e+00
2.228309659485748148e-02 -1.052513999999999950e+00
2.230309937456561101e-02 -1.021368000000000054e+00
2.232310215427374053e-02 -1.030386999999999942e+00
2.234310493398187353e-02 -1.052902999999999922e+00
2.236310771369000305e-02 -1.104228999999999905e+00
2.238311049339813258e-02 -1.132714999999999916e+00
2.240311327310626557e-02 -1.154906999999999906e+00
2.242311605281439510e-02 -1.155426000000000064e+00
2.244311883252252462e-02 -1.136673000000000044e+00
2.246312161223065415e-02 -1.115779000000000076e+00
2.248312439193878715e-02 -1.125383000000000022e+00
2.250312717164691667e-02 -1.096182999999999907e+00
2.252312995135504620e-02 -1.049009999999999998e+00
2.254313273106317919e-02 -1.023703999999999947e+00
2.256313551077130872e-02 -1.012868000000000102e+00
2.258313829047943824e-02 -1.087034000000000056e+00
2.260314107018757124e-02 -1.160163000000000055e+00
2.262314384989570076e-02 -1.206363000000000074e+00
2.264314662960383029e-02 -1.210970000000000102e+00
2.266314940931196328e-02 -1.138619999999999965e+00
2.268315218902009281e-02 -1.089369999999999949e+00
2.270315496872822233e-02 -1.076781999999999906e+00
2.272315774843635186e-02 -1.077690000000000037e+00
2.274316052814448486e-02 -1.108381999999999978e+00
2.276316330785261438e-02 -1.125642000000000031e+00
2.278316608756074391e-02 -1.147899000000000003e+00
2.280316886726887690e-02 -1.151726999999999945e+00
2.282317164697700643e-02 -1.125253000000000059e+00
2.284317442668513595e-02 -1.056732000000000005e+00
2.286317720639326895e-02 -1.002421000000000006e+00
2.288317998610139847e-02 -9.625799999999999912e-01
2.290318276580952800e-02 -1.000669000000000031e+00
2.292318554551766099e-02 -1.102606999999999893e+00
2.294318832522579052e-02 -1.228618999999999906e+00
2.296319110493392004e-02 -1.290132000000000057e+00
2.298319388464204957e-02 -1.256780000000000008e+00
2.300319666435018257e-02 -1.154906999999999906e+00
2.302319944405831209e-02 -1.026558999999999999e+00
2.304320222376644162e-02 -9.669919999999999627e-01
2.306320500347457461e-02 -9.821109999999999562e-01
2.308320778318270414e-02 -1.026688999999999963e+00
2.310321056289083366e-02 -1.107669000000000015e+00
2.312321334259896666e-02 -1.177097999999999978e+00
2.314321612230709618e-02 -1.238093000000000110e+00
2.316321890201522571e-02 -1.254509000000000096e+00
2.318322168172335870e-02 -1.203052999999999928e+00
2.320322446143148823e-02 -1.078923000000000076e+00
2.322322724113961775e-02 -1.009883000000000086e+00
2.324323002084774728e-02 -9.897029999999999994e-01
2.326323280055588028e-02 -1.017864000000000102e+00
2.328323558026400980e-02 -1.093523000000000023e+00
2.330323835997213933e-02 -1.127394000000000007e+00
2.332324113968027232e-02 -1.116557999999999939e+00
2.334324391938840185e-02 -1.075549000000000088e+00
2.336324669909653137e-02 -1.027466999999999908e+00
2.338324947880466437e-02 -1.014620000000000077e+00
2.340325225851279389e-02 -1.055433999999999983e+00
2.342325503822092342e-02 -1.093458000000000041e+00
2.344325781792905641e-02 -1.140306999999999960e+00
2.346326059763718594e-02 -1.184431000000000012e+00
2.348326337734531546e-02 -1.184625000000000039e+00
2.350326615705344499e-02 -1.168079000000000089e+00
2.352326893676157799e-02 -1.118699000000000110e+00
2.354327171646970751e-02 -1.064648000000000039e+00
2.356327449617783704e-02 -1.011374999999999913e+00
2.358327727588597003e-02 -1.001122999999999985e+00
2.360328005559409956e-02 -1.045506000000000046e+00
2.362328283530222908e-02 -1.108187999999999951e+00
2.364328561501036208e-02 -1.136023999999999923e+00
2.366328839471849160e-02 -1.140176999999999996e+00
2.368329117442662113e-02 -1.110394000000000103e+00
2.370329395413475412e-02 -1.067827999999999999e+00
2.372329673384288365e-02 -1.028440999999999939e+00
2.374329951355101317e-02 -1.032853000000000021e+00
2.376330229325914270e-02 -1.024027999999999938e+00
2.378330507296727570e-02 -1.053746999999999989e+00
2.380330785267540522e-02 -1.075809000000000015e+00
2.382331063238353475e-02 -1.083855000000000013e+00
2.384331341209166774e-02 -1.103450999999999960e+00
2.386331619179979727e-02 -1.106241000000000030e+00
2.388331897150792679e-02 -1.091901000000000010e+00
2.390332175121605979e-02 -1.098908999999999914e+00
2.392332453092418931e-02 -1.103126000000000051e+00
2.394332731063231884e-02 -1.111561999999999939e+00
2.396333009034045183e-02 -1.118309999999999915e+00
2.398333287004858136e-02 -1.130767999999999995e+00
2.400333564975671088e-02 -1.130444000000000004e+00
2.402333842946484041e-02 -1.103709999999999969e+00
2.404334120917297341e-02 -1.051735000000000086e+00
2.406334398888110293e-02 -1.006898000000000071e+00
2.408334676858923246e-02 -9.881459999999999688e-01
2.410334954829736545e-02 -9.774389999999999468e-01
2.412335232800549498e-02 -9.925580000000000513e-01
2.414335510771362450e-02 -1.011181000000000108e+00
2.416335788742175750e-02 -1.040575000000000028e+00
2.418336066712988702e-02 -1.081453999999999915e+00
2.420336344683801655e-02 -1.100400999999999962e+00
2.422336622654614954e-02 -1.114027000000000100e+00
2.424336900625427907e-02 -1.097806000000000060e+00
2.426337178596240859e-02 -1.049139999999999961e+00
2.428337456567053812e-02 -1.023185000000000011e+00
2.430337734537867111e-02 -9.856800000000000006e-01
2.432338012508680064e-02 -1.013840999999999992e+00
2.434338290479493017e-02 -1.050048000000000092e+00
2.436338568450306316e-02 -1.092225000000000001e+00
2.438338846421119269e-02 -1.145237999999999978e+00
2.440339124391932221e-02 -1.157437000000000049e+00
2.442339402362745521e-02 -1.152635999999999994e+00
2.444339680333558473e-02 -1.140567000000000109e+00
2.446339958304371426e-02 -1.059326999999999908e+00
2.448340236275184725e-02 -1.012996999999999925e+00
2.450340514245997678e-02 -9.432430000000000536e-01
2.452340792216810630e-02 -9.302009999999999446e-01
2.454341070187623583e-02 -9.788019999999999499e-01
2.456341348158436882e-02 -1.055369000000000002e+00
2.458341626129249835e-02 -1.117661000000000016e+00
2.460341904100062788e-02 -1.135440000000000005e+00
2.462342182070876087e-02 -1.104424000000000072e+00
2.464342460041689040e-02 -1.085606999999999989e+00
2.466342738012501992e-02 -1.039860999999999924e+00
2.468343015983315292e-02 -1.045830999999999955e+00
2.470343293954128244e-02 -1.047323000000000004e+00
2.472343571924941197e-02 -1.070098999999999911e+00
2.474343849895754496e-02 -1.114676000000000000e+00
2.476344127866567449e-02 -1.125901999999999958e+00
2.478344405837380401e-02 -1.063544999999999963e+00
2.480344683808193354e-02 -1.163731000000000071e+00
2.482344961779006653e-02 -1.021044000000000063e+00
2.484345239749819606e-02 -1.054915000000000047e+00
2.486345517720632559e-02 -1.040380000000000082e+00
2.488345795691445858e-02 -1.067633000000000054e+00
2.490346073662258811e-02 -1.040964000000000000e+00
2.492346351633071763e-02 -1.104683999999999999e+00
2.494346629603885063e-02 -1.191114000000000006e+00
2.496346907574698015e-02 -1.064194000000000084e+00
2.498347185545510968e-02 -1.103191000000000033e+00
2.500347463516324267e-02 -8.912029999999999674e-01
2.502347741487137220e-02 -8.393580000000000485e-01
2.504348019457950172e-02 -1.071525999999999978e+00
2.506348297428763125e-02 -1.127458999999999989e+00
2.508348575399576424e-02 -1.107409000000000088e+00
2.510348853370389377e-02 -1.170933999999999919e+00
2.512349131341202330e-02 -1.153413999999999939e+00
2.514349409312015629e-02 -1.092808999999999919e+00
2.516349687282828582e-02 -1.083855000000000013e+00
2.518349965253641534e-02 -1.028960000000000097e+00
2.520350243224454834e-02 -1.060300999999999938e+00
2.522350521195267786e-02 -1.140630999999999950e+00
2.524350799166080739e-02 -1.099037999999999959e+00
2.526351077136894038e-02 -1.094951000000000008e+00
2.528351355107706991e-02 -1.050178000000000056e+00
2.530351633078519943e-02 -1.034993999999999970e+00
2.532351911049332896e-02 -1.021303000000000072e+00
2.534352189020146195e-02 -1.029608999999999996e+00
2.536352466990959148e-02 -9.841870000000000340e-01
2.538352744961772101e-02 -1.009687999999999919e+00
2.540353022932585400e-02 -1.065361999999999920e+00
2.542353300903398353e-02 -1.156659000000000104e+00
2.544353578874211305e-02 -1.184690000000000021e+00
2.546353856845024605e-02 -1.157826999999999940e+00
2.548354134815837557e-02 -1.055369000000000002e+00
2.550354412786650510e-02 -1.028051000000000048e+00
2.552354690757463809e-02 -1.025520999999999905e+00
2.554354968728276762e-02 -1.028505999999999920e+00
2.556355246699089714e-02 -1.045117000000000074e+00
2.558355524669902667e-02 -1.061728000000000005e+00
2.560355802640715966e-02 -1.111561999999999939e+00
2.562356080611528919e-02 -1.162044000000000077e+00
2.564356358582341872e-02 -1.198900000000000077e+00
2.566356636553155171e-02 -1.173205000000000053e+00
2.568356914523968124e-02 -1.108641999999999905e+00
2.570357192494781076e-02 -1.092484999999999928e+00
2.572357470465594376e-02 -1.081129000000000007e+00
2.574357748436407328e-02 -1.064387999999999890e+00
2.576358026407220281e-02 -1.046804000000000068e+00
2.578358304378033580e-02 -1.033632000000000106e+00
2.580358582348846533e-02 -1.045441000000000065e+00
2.582358860319659485e-02 -1.069774000000000003e+00
2.584359138290472438e-02 -1.103061000000000069e+00
2.586359416261285737e-02 -1.121099999999999985e+00
2.588359694232098690e-02 -1.137451999999999908e+00
2.590359972202911643e-02 -1.135764999999999914e+00
2.592360250173724942e-02 -1.153024999999999967e+00
2.594360528144537895e-02 -1.159772999999999943e+00
2.596360806115350847e-02 -1.147769000000000039e+00
2.598361084086164147e-02 -1.115065999999999891e+00
2.600361362056977099e-02 -1.098454000000000041e+00
2.602361640027790052e-02 -1.067372999999999905e+00
2.604361917998603351e-02 -1.057315999999999923e+00
2.606362195969416304e-02 -1.048556000000000044e+00
2.608362473940229256e-02 -1.030192999999999914e+00
2.610362751911042209e-02 -1.033956000000000097e+00
2.612363029881855508e-02 -1.054589999999999916e+00
2.614363307852668461e-02 -1.104619000000000018e+00
2.616363585823481414e-02 -1.155945000000000000e+00
2.618363863794294713e-02 -1.186701999999999924e+00
2.620364141765107666e-02 -1.185014999999999930e+00
2.622364419735920618e-02 -1.167559999999999931e+00
2.624364697706733918e-02 -1.136414000000000035e+00
2.626364975677546870e-02 -1.102022999999999975e+00
2.628365253648359823e-02 -1.037654999999999994e+00
2.630365531619173122e-02 -9.946989999999999998e-01
2.632365809589986075e-02 -9.988519999999999621e-01
2.634366087560799027e-02 -1.066853999999999969e+00
2.636366365531611980e-02 -1.128821999999999992e+00
2.638366643502425279e-02 -1.158280999999999894e+00
2.640366921473238232e-02 -1.139788000000000023e+00
2.642367199444051185e-02 -1.114805999999999964e+00
2.644367477414864484e-02 -1.104554000000000036e+00
2.646367755385677437e-02 -1.118894000000000055e+00
2.648368033356490389e-02 -1.091186999999999907e+00
2.650368311327303689e-02 -1.071785999999999905e+00
2.652368589298116641e-02 -1.061209000000000069e+00
2.654368867268929594e-02 -1.067892000000000063e+00
2.656369145239742893e-02 -1.084762999999999922e+00
2.658369423210555846e-02 -1.083010999999999946e+00
2.660369701181368798e-02 -1.037849000000000022e+00
2.662369979152181751e-02 -1.023055000000000048e+00
2.664370257122995050e-02 -1.037395000000000067e+00
2.666370535093808003e-02 -1.115324999999999900e+00
2.668370813064620956e-02 -1.156659000000000104e+00
2.670371091035434255e-02 -1.175216000000000038e+00
2.672371369006247208e-02 -1.167883999999999922e+00
2.674371646977060160e-02 -1.107409000000000088e+00
2.676371924947873460e-02 -1.077884999999999982e+00
2.678372202918686412e-02 -1.031749999999999945e+00
2.680372480889499365e-02 -9.972950000000000426e-01
2.682372758860312664e-02 -1.008780000000000010e+00
2.684373036831125617e-02 -1.024677000000000060e+00
2.686373314801938569e-02 -1.061079000000000105e+00
2.688373592772751522e-02 -1.131416999999999895e+00
2.690373870743564821e-02 -1.148352999999999957e+00
2.692374148714377774e-02 -1.140501999999999905e+00
2.694374426685190727e-02 -1.081064999999999943e+00
2.696374704656004026e-02 -1.033890999999999893e+00
2.698374982626816979e-02 -1.032658000000000076e+00
2.700375260597629931e-02 -1.048426000000000080e+00
2.702375538568443231e-02 -1.081453999999999915e+00
2.704375816539256183e-02 -1.113637999999999906e+00
2.706376094510069136e-02 -1.121164999999999967e+00
2.708376372480882435e-02 -1.132260999999999962e+00
2.710376650451695388e-02 -1.123825999999999992e+00
2.712376928422508340e-02 -1.108511999999999942e+00
2.714377206393321293e-02 -1.068931000000000076e+00
2.716377484364134592e-02 -1.050243000000000038e+00
2.718377762334947545e-02 -1.066594999999999960e+00
2.720378040305760498e-02 -1.077755000000000019e+00
2.722378318276573797e-02 -1.089045999999999959e+00
2.724378596247386750e-02 -1.067568000000000072e+00
2.726378874218199702e-02 -1.070162999999999975e+00
2.728379152189013002e-02 -1.047258000000000022e+00
2.730379430159825954e-02 -1.047063000000000077e+00
2.732379708130638907e-02 -1.033047999999999966e+00
2.734379986101452206e-02 -1.049528999999999934e+00
2.736380264072265159e-02 -1.069450000000000012e+00
2.738380542043078111e-02 -1.107928000000000024e+00
2.740380820013891064e-02 -1.141928999999999972e+00
2.742381097984704363e-02 -1.121944000000000052e+00
2.744381375955517316e-02 -1.114027000000000100e+00
2.746381653926330269e-02 -1.090278999999999998e+00
2.748381931897143568e-02 -1.087812999999999919e+00
2.750382209867956521e-02 -1.091706000000000065e+00
2.752382487838769473e-02 -1.094236999999999904e+00
2.754382765809582773e-02 -1.084373999999999949e+00
2.756383043780395725e-02 -1.079506999999999994e+00
2.758383321751208678e-02 -1.066076000000000024e+00
2.760383599722021977e-02 -1.083401000000000058e+00
2.762383877692834930e-02 -1.085412000000000043e+00
2.764384155663647882e-02 -1.074186000000000085e+00
2.766384433634460835e-02 -1.058872999999999953e+00
2.768384711605274134e-02 -1.059717000000000020e+00
2.770384989576087087e-02 -1.071137000000000006e+00
2.772385267546900040e-02 -1.062507000000000090e+00
2.774385545517713339e-02 -1.058483999999999980e+00
2.776385823488526292e-02 -1.028699999999999948e+00
2.778386101459339244e-02 -1.026299000000000072e+00
2.780386379430152544e-02 -1.035188999999999915e+00
2.782386657400965496e-02 -1.086384999999999934e+00
2.784386935371778449e-02 -1.111885999999999930e+00
2.786387213342591748e-02 -1.111496999999999957e+00
2.788387491313404701e-02 -1.104748999999999981e+00
2.790387769284217653e-02 -1.105591999999999908e+00
2.792388047255030606e-02 -1.087552999999999992e+00
2.794388325225843905e-02 -1.113248999999999933e+00
2.796388603196656858e-02 -1.093976999999999977e+00
2.798388881167469810e-02 -1.086580000000000101e+00
2.800389159138283110e-02 -1.049009999999999998e+00
2.802389437109096063e-02 -1.042067000000000077e+00
2.804389715079909015e-02 -1.033371999999999957e+00
2.806389993050722315e-02 -1.013581000000000065e+00
2.808390271021535267e-02 -1.017020999999999953e+00
2.810390548992348220e-02 -1.023444000000000020e+00
2.812390826963161519e-02 -1.050437999999999983e+00
2.814391104933974472e-02 -1.101698999999999984e+00
2.816391382904787424e-02 -1.125253000000000059e+00
2.818391660875600377e-02 -1.135245999999999977e+00
2.820391938846413676e-02 -1.105072999999999972e+00
2.822392216817226629e-02 -1.077301000000000064e+00
2.824392494788039581e-02 -1.054200999999999944e+00
2.826392772758852881e-02 -1.029932999999999987e+00
2.828393050729665834e-02 -1.039600999999999997e+00
2.830393328700478786e-02 -1.052383999999999986e+00
2.832393606671292086e-02 -1.094886000000000026e+00
2.834393884642105038e-02 -1.099752000000000063e+00
2.836394162612917991e-02 -1.103320999999999996e+00
2.838394440583731290e-02 -1.090602999999999989e+00
2.840394718554544243e-02 -1.068022000000000027e+00
2.842394996525357195e-02 -1.058678000000000008e+00
2.844395274496170148e-02 -1.045700999999999992e+00
2.846395552466983447e-02 -1.045312000000000019e+00
2.848395830437796400e-02 -1.044467999999999952e+00
2.850396108408609352e-02 -1.044987000000000110e+00
2.852396386379422652e-02 -1.023509000000000002e+00
2.854396664350235605e-02 -1.021238000000000090e+00
2.856396942321048557e-02 -9.987869999999999804e-01
2.858397220291861857e-02 -9.769849999999999923e-01
2.860397498262674809e-02 -9.743239999999999679e-01
2.862397776233487762e-02 -1.029738000000000042e+00
2.864398054204301061e-02 -1.081388999999999934e+00
2.866398332175114014e-02 -1.116883000000000070e+00
2.868398610145926966e-02 -1.125901999999999958e+00
2.870398888116739919e-02 -1.139853000000000005e+00
2.872399166087553218e-02 -1.089175999999999922e+00
2.874399444058366171e-02 -1.085865999999999998e+00
2.876399722029179123e-02 -1.052967999999999904e+00
