# time(s), 	 	 acceleration(g)
0.000000000000000000e+00 6.064487999999999879e+00
2.000277970813064702e-05 6.262265000000000192e+00
4.000555941626129404e-05 6.520907000000000231e+00
6.000833912439193767e-05 6.748338000000000392e+00
8.001111883252258808e-05 7.008408000000000193e+00
1.000138985406532385e-04 7.293588999999999878e+00
1.200166782487838753e-04 7.575395000000000323e+00
1.400194579569145393e-04 7.920338000000000100e+00
1.600222376650451762e-04 8.247761000000000564e+00
1.800250173731758130e-04 8.605615999999999488e+00
2.000277970813064770e-04 8.968337999999999255e+00
2.200305767894371138e-04 9.387316999999999467e+00
2.400333564975677507e-04 9.812459999999999738e+00
2.600361362056984147e-04 1.031430100000000039e+01
2.800389159138290786e-04 1.085033800000000070e+01
3.000416956219596884e-04 1.145736100000000057e+01
3.200444753300903523e-04 1.209968300000000063e+01
3.400472550382210163e-04 1.279514900000000033e+01
3.600500347463516260e-04 1.360144200000000048e+01
3.800528144544822900e-04 1.450435300000000005e+01
4.000555941626129540e-04 1.549213699999999960e+01
4.200583738707435637e-04 1.662818899999999900e+01
4.400611535788742277e-04 1.800283299999999898e+01
4.600639332870048916e-04 1.944800899999999899e+01
4.800667129951355014e-04 2.125097600000000142e+01
5.000694927032662196e-04 2.331297400000000053e+01
5.200722724113968293e-04 2.592820400000000092e+01
5.400750521195274391e-04 2.908076799999999906e+01
5.600778318276581572e-04 3.325310600000000250e+01
5.800806115357887670e-04 3.944208499999999873e+01
6.000833912439193767e-04 4.909976100000000088e+01
6.200861709520500949e-04 6.562436200000000497e+01
6.400889506601807047e-04 9.213685099999999295e+01
6.600917303683113144e-04 1.324521009999999990e+02
6.800945100764420326e-04 1.883347939999999880e+02
7.000972897845726423e-04 2.582928410000000099e+02
7.201000694927032521e-04 3.391096329999999739e+02
7.401028492008339702e-04 4.186350320000000238e+02
7.601056289089645800e-04 4.834815580000000068e+02
7.801084086170951898e-04 5.180032539999999699e+02
8.001111883252259079e-04 5.155917709999999943e+02
8.201139680333565177e-04 4.820694740000000138e+02
8.401167477414871274e-04 4.321273699999999849e+02
8.601195274496178456e-04 3.788634109999999851e+02
8.801223071577484553e-04 3.288322160000000167e+02
9.001250868658790651e-04 2.825898080000000050e+02
9.201278665740097833e-04 2.412549150000000111e+02
9.401306462821403930e-04 1.931475719999999967e+02
9.601334259902710028e-04 1.400573170000000118e+02
9.801362056984016125e-04 8.802414500000000430e+01
1.000138985406532439e-03 4.454218600000000094e+01
1.020141765114663049e-03 1.043752300000000055e+01
1.040144544822793659e-03 -7.117297999999999902e+00
1.060147324530924268e-03 -1.158727499999999999e+01
1.080150104239054878e-03 -5.608985999999999805e+00
1.100152883947185488e-03 1.481795499999999954e+01
1.120155663655316314e-03 3.865947599999999795e+01
1.140158443363446924e-03 5.859995399999999677e+01
1.160161223071577534e-03 7.524355900000000474e+01
1.180164002779708144e-03 6.995009299999999541e+01
1.200166782487838753e-03 5.509615399999999852e+01
1.220169562195969363e-03 2.394082699999999875e+01
1.240172341904100190e-03 -4.056225999999999665e+00
1.260175121612230800e-03 -2.956250299999999953e+01
1.280177901320361409e-03 -5.061749100000000112e+01
1.300180681028492019e-03 -4.962406200000000212e+01
1.320183460736622629e-03 -3.881125699999999767e+01
1.340186240444753455e-03 -1.919184299999999865e+01
1.360189020152884065e-03 8.027727000000000501e+00
1.380191799861014675e-03 1.932329500000000166e+01
1.400194579569145285e-03 3.701885800000000160e+01
1.420197359277275894e-03 3.361349200000000081e+01
1.440200138985406504e-03 1.885506699999999825e+01
1.460202918693537331e-03 1.947973899999999858e+01
1.480205698401667940e-03 5.893639000000000294e+00
1.500208478109798550e-03 6.657301000000000357e+00
1.520211257817929160e-03 5.588148000000000337e+00
1.540214037526059770e-03 6.990238999999999869e+00
1.560216817234190380e-03 1.416336899999999943e+01
1.580219596942321206e-03 9.226331000000000060e+00
1.600222376650451816e-03 6.862540000000000084e+00
1.620225156358582426e-03 -3.083830000000000182e-01
1.640227936066713035e-03 -6.787149999999999572e+00
1.660230715774843645e-03 3.291320999999999941e+00
1.680233495482974255e-03 9.530393999999999366e+00
1.700236275191105081e-03 1.006837699999999991e+01
1.720239054899235691e-03 7.766748999999999903e+00
1.740241834607366301e-03 5.355850000000000222e+00
1.760244614315496911e-03 -1.070947600000000044e+01
1.780247394023627520e-03 -1.367140000000000022e+01
1.800250173731758130e-03 -2.619950899999999905e+01
1.820252953439888957e-03 -4.252685100000000062e+01
1.840255733148019567e-03 -2.676234399999999880e+01
1.860258512856150176e-03 -2.407645099999999871e+01
1.880261292564280786e-03 4.685755999999999588e+00
1.900264072272411396e-03 2.957397900000000135e+01
1.920266851980542006e-03 2.780546700000000016e+01
1.940269631688672832e-03 5.915052599999999927e+01
1.960272411396803225e-03 3.734517699999999962e+01
1.980275191104934052e-03 2.977545500000000089e+01
2.000277970813064878e-03 2.515149999999999864e+01
2.020280750521195271e-03 -1.288230199999999925e+01
2.040283530229326098e-03 -1.582287799999999933e+01
2.060286309937456491e-03 -2.183705099999999888e+01
2.080289089645587317e-03 -3.324824900000000127e+01
2.100291869353718144e-03 -1.901119600000000176e+01
2.120294649061848537e-03 -1.972450500000000062e+01
2.140297428769979363e-03 -2.829266000000000059e+00
2.160300208478109756e-03 -8.136877000000000137e+00
2.180302988186240583e-03 -4.419791000000000025e+00
2.200305767894370976e-03 7.250892999999999589e+00
2.220308547602501802e-03 -9.441701999999999373e+00
2.240311327310632629e-03 4.469739999999999824e-01
2.260314107018763022e-03 -9.800140999999999991e+00
2.280316886726893848e-03 -2.488931000000000004e+00
2.300319666435024241e-03 3.707309999999999772e-01
2.320322446143155068e-03 6.329943000000000097e+00
2.340325225851285895e-03 7.118002999999999858e+00
2.360328005559416287e-03 8.361039999999999583e-01
2.380330785267547114e-03 9.047760000000000247e+00
2.400333564975677507e-03 -8.711599999999999899e-02
2.420336344683808334e-03 3.396310000000000162e+00
2.440339124391938726e-03 1.805915500000000051e+01
2.460341904100069553e-03 2.552960000000000229e-01
2.480344683808200380e-03 1.048560400000000037e+01
2.500347463516330773e-03 1.171184000000000003e+00
2.520350243224461599e-03 -8.830526000000000764e+00
2.540353022932591992e-03 -1.323165700000000022e+01
2.560355802640722819e-03 -2.115722299999999834e+01
2.580358582348853645e-03 -2.402038800000000052e+01
2.600361362056984038e-03 -2.630858500000000078e+01
2.620364141765114865e-03 -1.529962500000000070e+01
2.640366921473245258e-03 -3.999579000000000217e+00
2.660369701181376084e-03 -2.308000000000000156e-03
2.680372480889506911e-03 6.343309999999999782e+00
2.700375260597637304e-03 2.355188000000000059e+00
2.720378040305768130e-03 -3.847559999999999869e-01
2.740380820013898523e-03 4.678163999999999767e+00
2.760383599722029350e-03 4.142127999999999588e+00
2.780386379430159743e-03 9.339104999999999990e+00
2.800389159138290569e-03 5.724217000000000333e+00
2.820391938846421396e-03 7.169782999999999795e+00
2.840394718554551789e-03 5.941914999999999836e+00
2.860397498262682615e-03 1.012208999999999914e+00
2.880400277970813008e-03 -3.777339000000000002e+00
2.900403057678943835e-03 -3.884403999999999968e+00
2.920405837387074661e-03 -1.162056300000000064e+01
2.940408617095205054e-03 -1.116440300000000008e+01
2.960411396803335881e-03 -5.145429000000000030e+00
2.980414176511466274e-03 -4.305265000000000342e+00
3.000416956219597100e-03 -4.796657999999999866e+00
3.020419735927727493e-03 -7.663327999999999918e+00
3.040422515635858320e-03 -1.338589499999999965e+01
3.060425295343989147e-03 -2.064097699999999946e+01
3.080428075052119540e-03 -1.437997299999999967e+01
3.100430854760250366e-03 -8.481170999999999793e+00
3.120433634468380759e-03 -1.213369400000000020e+01
3.140436414176511586e-03 5.876500000000000057e-01
3.160439193884642412e-03 1.232250699999999988e+01
3.180441973592772805e-03 1.363122500000000059e+01
3.200444753300903632e-03 1.815596800000000144e+01
3.220447533009034025e-03 1.532453199999999960e+01
3.240450312717164851e-03 3.450814999999999966e+00
3.260453092425295678e-03 -1.432440000000000102e-01
3.280455872133426071e-03 -5.967440000000000522e-01
3.300458651841556897e-03 -7.382882999999999640e+00
3.320461431549687290e-03 -7.597207000000000043e+00
3.340464211257818117e-03 -3.155209999999999959e-01
3.360466990965948510e-03 -7.964990000000000236e+00
3.380469770674079336e-03 -7.908796999999999855e+00
3.400472550382210163e-03 -5.365528000000000297e+00
3.420475330090340556e-03 -1.679405099999999962e+01
3.440478109798471382e-03 -1.709688200000000080e+01
3.460480889506601775e-03 -1.579024000000000072e+01
3.480483669214732602e-03 -1.185895999999999972e+01
3.500486448922863428e-03 -4.942135999999999640e+00
3.520489228630993821e-03 6.453424000000000049e+00
3.540492008339124648e-03 9.499313000000000784e+00
3.560494788047255041e-03 8.539365999999999346e+00
3.580497567755385867e-03 8.342496999999999829e+00
3.600500347463516260e-03 2.135543999999999887e+00
3.620503127171647087e-03 -4.006717000000000084e+00
3.640505906879777914e-03 -3.631212000000000106e+00
3.660508686587908306e-03 -8.003144000000000702e+00
3.680511466296039133e-03 -3.976090000000000124e+00
3.700514246004169526e-03 2.948455000000000048e+00
3.720517025712300353e-03 6.846059000000000339e+00
3.740519805420431179e-03 8.436389000000000138e+00
3.760522585128561572e-03 3.593049000000000159e+00
3.780525364836692399e-03 -5.336729999999999530e-01
3.800528144544822792e-03 -7.523430000000000284e+00
3.820530924252953618e-03 -8.738903999999999783e+00
3.840533703961084011e-03 -1.189568599999999954e+01
3.860536483669214838e-03 -1.584370700000000021e+01
3.880539263377345664e-03 -1.158020299999999914e+01
3.900542043085476057e-03 -1.378443399999999919e+01
3.920544822793606450e-03 -8.289232999999999407e+00
3.940547602501737710e-03 7.347500000000000142e-01
3.960550382209868103e-03 2.456932000000000116e+00
3.980553161917998496e-03 6.191666999999999810e+00
4.000555941626129756e-03 1.200546699999999944e+01
4.020558721334260149e-03 1.081932100000000041e+01
4.040561501042390542e-03 9.154305000000000803e+00
4.060564280750520935e-03 9.118228000000000222e+00
4.080567060458652195e-03 -5.395780000000000021e-01
4.100569840166782588e-03 -5.416788999999999632e+00
4.120572619874912981e-03 -3.171094000000000079e+00
4.140575399583044242e-03 -6.227624999999999744e+00
4.160578179291174634e-03 -4.071279999999999788e+00
4.180580958999305027e-03 -1.715081000000000078e+00
4.200583738707436288e-03 -6.220032999999999923e+00
4.220586518415566681e-03 -5.428792999999999758e+00
4.240589298123697073e-03 -4.219612999999999836e+00
4.260592077831827466e-03 -5.106626000000000332e+00
4.280594857539958727e-03 -6.242029999999999745e+00
4.300597637248089120e-03 -1.843104999999999993e+00
4.320600416956219512e-03 -2.102784999999999904e+00
4.340603196664350773e-03 -4.597128999999999799e+00
4.360605976372481166e-03 2.871239000000000097e+00
4.380608756080611559e-03 1.386222000000000065e+00
4.400611535788741951e-03 -2.118299999999999905e-01
4.420614315496873212e-03 3.263354999999999784e+00
4.440617095205003605e-03 2.383802999999999894e+00
4.460619874913133998e-03 3.784402000000000044e+00
4.480622654621265258e-03 5.340730999999999895e+00
4.500625434329395651e-03 2.579114999999999824e+00
4.520628214037526044e-03 -3.756120999999999821e+00
4.540630993745657304e-03 -4.915403000000000411e+00
4.560633773453787697e-03 -3.176480000000000192e+00
4.580636553161918090e-03 -1.723516999999999966e+00
4.600639332870048483e-03 4.369688000000000017e+00
4.620642112578179743e-03 2.613440999999999903e+00
4.640644892286310136e-03 -2.105185999999999780e+00
4.660647671994440529e-03 -1.522100000000000015e-02
4.680650451702571789e-03 -7.289380000000000415e+00
4.700653231410702182e-03 -1.162166599999999939e+01
4.720656011118832575e-03 -1.368573999999999913e+01
4.740658790826962968e-03 -1.392134700000000080e+01
4.760661570535094228e-03 -5.002676000000000123e+00
4.780664350243224621e-03 5.339368999999999588e+00
4.800667129951355014e-03 1.223523400000000017e+01
4.820669909659486274e-03 1.399810000000000088e+01
4.840672689367616667e-03 1.203135699999999986e+01
4.860675469075747060e-03 3.858569000000000138e+00
4.880678248783877453e-03 -6.057553999999999661e+00
4.900681028492008713e-03 -7.329869999999999663e+00
4.920683808200139106e-03 -8.528798000000000101e+00
4.940686587908269499e-03 -6.603129000000000026e+00
4.960689367616400759e-03 -1.021692000000000045e+00
4.980692147324531152e-03 -8.380700000000000649e-02
5.000694927032661545e-03 3.075950000000000073e-01
5.020697706740792805e-03 7.573959999999999582e-01
5.040700486448923198e-03 -5.869459999999999678e-01
5.060703266157053591e-03 -3.967264999999999819e+00
5.080706045865183984e-03 -2.196092999999999851e+00
5.100708825573315244e-03 -1.960355999999999987e+00
5.120711605281445637e-03 -2.655562000000000200e+00
5.140714384989576030e-03 -1.881460000000000077e-01
5.160717164697707290e-03 -3.635104999999999809e+00
5.180719944405837683e-03 -5.009878999999999749e+00
5.200722724113968076e-03 -2.401008000000000031e+00
5.220725503822098469e-03 -3.270306999999999853e+00
5.240728283530229729e-03 -2.385304999999999787e+00
5.260731063238360122e-03 9.300620000000000553e-01
5.280733842946490515e-03 3.272114999999999885e+00
5.300736622654621776e-03 3.402928000000000175e+00
5.320739402362752168e-03 5.544284000000000212e+00
5.340742182070882561e-03 2.886617000000000210e+00
5.360744961779013822e-03 -1.259505000000000097e+00
5.380747741487144215e-03 -8.265749999999999487e-01
5.400750521195274607e-03 -4.552162000000000042e+00
5.420753300903405000e-03 -8.736309000000000324e+00
5.440756080611536261e-03 -6.511118999999999879e+00
5.460758860319666654e-03 -5.722279999999999589e+00
5.480761640027797046e-03 -3.489433000000000007e+00
5.500764419735928307e-03 8.088520000000000154e-01
5.520767199444058700e-03 -2.917069999999999941e-01
5.540769979152189093e-03 -2.856065000000000076e+00
5.560772758860319485e-03 2.818990000000000107e-01
5.580775538568450746e-03 -4.348489999999999855e-01
5.600778318276581139e-03 -8.653129999999999988e-01
5.620781097984711532e-03 5.111470000000000180e-01
5.640783877692842792e-03 -1.210515000000000008e+00
5.660786657400973185e-03 -2.902913999999999994e+00
5.680789437109103578e-03 -1.318748000000000031e+00
5.700792216817233971e-03 -6.839520000000000044e-01
5.720794996525365231e-03 -6.606579999999999675e-01
5.740797776233495624e-03 -6.122600000000000264e-02
5.760800555941626017e-03 -6.253589999999999982e-01
5.780803335649757277e-03 -2.635965999999999809e+00
5.800806115357887670e-03 -2.241589999999999971e-01
5.820808895066018063e-03 7.996379999999999599e-01
5.840811674774149323e-03 -1.806896999999999975e+00
5.860814454482279716e-03 -5.001910000000000522e-01
5.880817234190410109e-03 -1.582775999999999961e+00
5.900820013898540502e-03 -3.469901999999999820e+00
5.920822793606671762e-03 -2.023102999999999874e+00
5.940825573314802155e-03 -3.671441999999999872e+00
5.960828353022932548e-03 -7.532060000000000421e+00
5.980831132731063808e-03 -6.334430000000000227e+00
6.000833912439194201e-03 -4.418103999999999587e+00
6.020836692147324594e-03 -1.568435000000000024e+00
6.040839471855454987e-03 2.238715000000000011e+00
6.060842251563586247e-03 4.765113999999999628e+00
6.080845031271716640e-03 3.428104999999999958e+00
6.100847810979847033e-03 3.197754000000000207e+00
6.120850590687978293e-03 2.318709999999999938e-01
6.140853370396108686e-03 -2.753541999999999934e+00
6.160856150104239079e-03 -2.579060000000000130e+00
6.180858929812370339e-03 -2.430401999999999951e+00
6.200861709520500732e-03 -3.556850999999999985e+00
6.220864489228631125e-03 -2.801039999999999974e+00
6.240867268936761518e-03 -1.827272000000000007e+00
6.260870048644892778e-03 -1.316087000000000007e+00
6.280872828353023171e-03 -6.165990000000000082e-01
6.300875608061153564e-03 -1.068800999999999890e+00
6.320878387769284824e-03 -2.436891000000000140e+00
6.340881167477415217e-03 -3.202954000000000079e+00
6.360883947185545610e-03 -4.193658000000000108e+00
6.380886726893676003e-03 -3.595070000000000210e+00
6.400889506601807263e-03 -7.919899999999999718e-01
6.420892286309937656e-03 9.102059999999999595e-01
6.440895066018068049e-03 2.399182000000000148e+00
6.460897845726199309e-03 3.251351000000000102e+00
6.480900625434329702e-03 8.632269999999999666e-01
6.500903405142460095e-03 -1.924279000000000073e+00
6.520906184850591356e-03 -2.049771999999999927e+00
6.540908964558721748e-03 -2.383099000000000078e+00
6.560911744266852141e-03 -2.338651000000000035e+00
6.580914523974982534e-03 1.341499999999999915e-01
6.600917303683113795e-03 1.455975999999999937e+00
6.620920083391244187e-03 7.356580000000000341e-01
6.640922863099374580e-03 -7.537199999999999456e-02
6.660925642807505841e-03 -3.159155000000000157e+00
6.680928422515636234e-03 -6.166954999999999742e+00
6.700931202223766626e-03 -5.501857000000000220e+00
6.720933981931897019e-03 -3.809848000000000123e+00
6.740936761640028280e-03 -2.547914000000000012e+00
6.760939541348158673e-03 1.893707000000000029e+00
6.780942321056289065e-03 3.509602999999999806e+00
6.800945100764420326e-03 5.964099999999999957e-01
6.820947880472550719e-03 9.612600000000000311e-02
6.840950660180681112e-03 -2.386862999999999957e+00
6.860953439888811504e-03 -4.729499999999999815e+00
6.880956219596942765e-03 -2.317172999999999927e+00
6.900958999305073158e-03 -4.991530000000000133e-01
6.920961779013203551e-03 -3.418649999999999745e-01
6.940964558721334811e-03 6.437129999999999797e-01
6.960967338429465204e-03 1.093514000000000097e+00
6.980970118137595597e-03 -3.650400000000000172e-02
7.000972897845726857e-03 -1.570966000000000085e+00
7.020975677553857250e-03 -3.134886999999999979e+00
7.040978457261987643e-03 -4.560208000000000261e+00
7.060981236970118036e-03 -2.898826000000000125e+00
7.080984016678249296e-03 -1.412329999999999974e-01
7.100986796386379689e-03 1.489133000000000040e+00
7.120989576094510082e-03 2.559064999999999923e+00
7.140992355802641342e-03 4.831810000000000271e-01
7.160995135510771735e-03 -2.567120000000000068e+00
7.180997915218902128e-03 -4.515111000000000097e+00
7.201000694927032521e-03 -5.796901000000000082e+00
7.221003474635163781e-03 -5.676144999999999996e+00
7.241006254343294174e-03 -3.656908000000000047e+00
7.261009034051424567e-03 -1.201106999999999925e+00
7.281011813759555827e-03 1.345018000000000047e+00
7.301014593467686220e-03 3.678180999999999923e+00
7.321017373175816613e-03 2.732899000000000189e+00
7.341020152883947873e-03 2.650290000000000146e-01
7.361022932592078266e-03 -2.046930000000000138e-01
7.381025712300208659e-03 -1.789442999999999895e+00
7.401028492008339052e-03 -2.617926999999999893e+00
7.421031271716470312e-03 -8.689470000000000249e-01
7.441034051424600705e-03 -1.882881000000000027e+00
7.461036831132731098e-03 -4.049737000000000364e+00
7.481039610840862358e-03 -3.281013999999999875e+00
7.501042390548992751e-03 -2.467776999999999887e+00
7.521045170257123144e-03 -2.008763000000000076e+00
7.541047949965253537e-03 9.378999999999999837e-02
7.561050729673384797e-03 3.108389999999999764e-01
7.581053509381515190e-03 -1.157113000000000058e+00
7.601056289089645583e-03 -1.280723999999999974e+00
7.621059068797776843e-03 -1.683934999999999960e+00
7.641061848505907236e-03 -2.781184999999999796e+00
7.661064628214037629e-03 -1.746097999999999928e+00
7.681067407922168022e-03 -8.745920000000000361e-01
7.701070187630299282e-03 -1.078079999999999927e+00
7.721072967338429675e-03 1.122829999999999939e-01
7.741075747046560068e-03 1.085013000000000005e+00
7.761078526754691329e-03 -3.939050000000000051e-01
7.781081306462821721e-03 -1.189102000000000103e+00
7.801084086170952114e-03 -1.568759999999999932e+00
7.821086865879083375e-03 -2.717400000000000038e+00
7.841089645587212900e-03 -2.026996000000000020e+00
7.861092425295344160e-03 -3.259029999999999982e-01
7.881095205003475421e-03 -2.566030000000000255e-01
7.901097984711604946e-03 -1.318294000000000077e+00
7.921100764419736207e-03 -2.170332999999999846e+00
7.941103544127867467e-03 -3.024512999999999785e+00
7.961106323835996992e-03 -3.124959000000000042e+00
7.981109103544128253e-03 -1.713589000000000029e+00
8.001111883252259513e-03 -7.740160000000000373e-01
8.021114662960389038e-03 -1.924939999999999984e-01
8.041117442668520299e-03 2.183740000000000125e-01
8.061120222376651559e-03 -3.192840000000000122e-01
8.081123002084781085e-03 -1.094951000000000008e+00
8.101125781792912345e-03 -1.886838999999999933e+00
8.121128561501041870e-03 -2.862553999999999821e+00
8.141131341209173131e-03 -2.825762000000000107e+00
8.161134120917304391e-03 -1.474153999999999964e+00
8.181136900625433916e-03 2.779409999999999936e-01
8.201139680333565177e-03 1.820060000000000011e+00
8.221142460041696437e-03 1.585685999999999929e+00
8.241145239749825963e-03 9.203799999999999482e-02
8.261148019457957223e-03 -1.464809999999999945e+00
8.281150799166088483e-03 -3.589034999999999975e+00
8.301153578874218009e-03 -4.771157999999999788e+00
8.321156358582349269e-03 -3.776625000000000121e+00
8.341159138290480529e-03 -2.328139000000000181e+00
8.361161917998610055e-03 -8.681029999999999580e-01
8.381164697706741315e-03 1.092605000000000048e+00
8.401167477414872575e-03 1.528715000000000046e+00
8.421170257123002101e-03 4.375000000000000000e-01
8.441173036831133361e-03 -9.796449999999999880e-01
8.461175816539262887e-03 -2.748222000000000165e+00
8.481178596247394147e-03 -4.050774999999999793e+00
8.501181375955525407e-03 -3.210091999999999945e+00
8.521184155663654933e-03 -1.540534000000000070e+00
8.541186935371786193e-03 -4.501620000000000066e-01
8.561189715079917453e-03 1.189416999999999947e+00
8.581192494788046979e-03 1.474987999999999966e+00
8.601195274496178239e-03 1.480360000000000009e-01
8.621198054204309499e-03 -8.359189999999999676e-01
8.641200833912439025e-03 -2.220101999999999798e+00
8.661203613620570285e-03 -3.758716000000000168e+00
8.681206393328701545e-03 -3.462568999999999786e+00
8.701209173036831071e-03 -1.895599000000000034e+00
8.721211952744962331e-03 -5.046680000000000055e-01
8.741214732453093592e-03 6.723930000000000184e-01
8.761217512161223117e-03 9.331110000000000237e-01
8.781220291869354377e-03 -3.812600000000000017e-02
8.801223071577483903e-03 -1.359367999999999910e+00
8.821225851285615163e-03 -2.891169000000000100e+00
8.841228630993746423e-03 -3.762090000000000156e+00
8.861231410701875949e-03 -2.810060000000000002e+00
8.881234190410007209e-03 -1.698600000000000110e+00
8.901236970118138470e-03 -5.412000000000000144e-01
8.921239749826267995e-03 8.823039999999999772e-01
8.941242529534399255e-03 1.145423999999999998e+00
8.961245309242530516e-03 4.729929999999999968e-01
8.981248088950660041e-03 -5.094699999999999784e-01
9.001250868658791301e-03 -1.799241000000000090e+00
9.021253648366922562e-03 -2.862035000000000107e+00
9.041256428075052087e-03 -2.588404000000000149e+00
9.061259207783183348e-03 -1.694058000000000064e+00
9.081261987491314608e-03 -1.156724000000000085e+00
9.101264767199444133e-03 -8.755009999999999737e-01
9.121267546907575394e-03 -1.277997999999999967e+00
9.141270326615704919e-03 -1.607952000000000048e+00
9.161273106323836179e-03 -1.572133999999999920e+00
9.181275886031967440e-03 -1.462474000000000052e+00
9.201278665740096965e-03 -1.278388000000000080e+00
9.221281445448228226e-03 -4.445169999999999955e-01
9.241284225156359486e-03 2.280300000000000035e-02
9.261287004864489011e-03 -5.309479999999999755e-01
9.281289784572620272e-03 -8.019180000000000197e-01
9.301292564280751532e-03 -1.259570000000000078e+00
9.321295343988881058e-03 -2.162415999999999894e+00
9.341298123697012318e-03 -2.211406999999999901e+00
9.361300903405143578e-03 -1.622746000000000022e+00
9.381303683113273104e-03 -1.096961999999999993e+00
9.401306462821404364e-03 -5.726050000000000306e-01
9.421309242529533889e-03 -4.714459999999999762e-01
9.441312022237665150e-03 -1.107278999999999902e+00
9.461314801945796410e-03 -1.927848000000000006e+00
9.481317581653925936e-03 -2.124327000000000076e+00
9.501320361362057196e-03 -1.969181000000000070e+00
9.521323141070188456e-03 -1.609054999999999902e+00
9.541325920778317982e-03 -1.065166999999999975e+00
9.561328700486449242e-03 -8.204759999999999831e-01
9.581331480194580502e-03 -3.915040000000000187e-01
9.601334259902710028e-03 -1.756880000000000108e-01
9.621337039610841288e-03 -6.404130000000000100e-01
9.641339819318972548e-03 -1.017020999999999953e+00
9.661342599027102074e-03 -1.157113000000000058e+00
9.681345378735233334e-03 -1.166976000000000013e+00
9.701348158443364594e-03 -1.376627999999999963e+00
9.721350938151494120e-03 -1.556691000000000047e+00
9.741353717859625380e-03 -1.873472000000000026e+00
9.761356497567754906e-03 -2.144572000000000145e+00
9.781359277275886166e-03 -1.870940999999999965e+00
9.801362056984017426e-03 -1.069255000000000067e+00
9.821364836692146952e-03 -4.948199999999999821e-02
9.841367616400278212e-03 2.547760000000000025e-01
9.861370396108409472e-03 -6.084230000000000471e-01
9.881373175816538998e-03 -1.851474999999999982e+00
9.901375955524670258e-03 -2.875401000000000096e+00
9.921378735232801518e-03 -3.416498999999999953e+00
9.941381514940931044e-03 -2.480106000000000144e+00
9.961384294649062304e-03 -1.007805999999999980e+00
9.981387074357193565e-03 1.175390000000000046e-01
1.000138985406532309e-02 1.324643000000000015e+00
1.002139263377345435e-02 1.872554000000000052e+00
1.004139541348158561e-02 9.264930000000000110e-01
1.006139819318971514e-02 -9.950240000000000196e-01
1.008140097289784640e-02 -3.017634999999999845e+00
1.010140375260597592e-02 -4.330245999999999817e+00
1.012140653231410718e-02 -3.968757000000000090e+00
1.014140931202223844e-02 -2.373105999999999938e+00
1.016141209173036797e-02 -4.666440000000000032e-01
1.018141487143849923e-02 1.192012999999999989e+00
1.020141765114663049e-02 1.449033000000000015e+00
1.022142043085476001e-02 2.312220000000000109e-01
1.024142321056289127e-02 -1.304667000000000021e+00
1.026142599027102253e-02 -2.595930000000000071e+00
1.028142876997915206e-02 -3.266284000000000187e+00
1.030143154968728332e-02 -2.882214999999999971e+00
1.032143432939541458e-02 -2.011747000000000174e+00
1.034143710910354411e-02 -8.157389999999999919e-01
1.036143988881167537e-02 3.942200000000000149e-01
1.038144266851980663e-02 7.651820000000000288e-01
1.040144544822793615e-02 4.798000000000000181e-02
1.042144822793606741e-02 -1.291041000000000105e+00
1.044145100764419694e-02 -2.255011000000000099e+00
1.046145378735232820e-02 -2.167218000000000089e+00
1.048145656706045946e-02 -1.194099000000000022e+00
1.050145934676858898e-02 -6.209470000000000267e-01
1.052146212647672024e-02 -6.541690000000000005e-01
1.054146490618485150e-02 -8.628479999999999484e-01
1.056146768589298103e-02 -1.173205000000000053e+00
1.058147046560111229e-02 -1.436388999999999916e+00
1.060147324530924355e-02 -1.592119000000000062e+00
1.062147602501737308e-02 -1.734223000000000070e+00
1.064147880472550434e-02 -1.775231999999999921e+00
1.066148158443363560e-02 -1.341588000000000003e+00
1.068148436414176512e-02 -8.010099999999999998e-01
1.070148714384989638e-02 -6.695470000000000033e-01
1.072148992355802764e-02 -7.804400000000000226e-01
1.074149270326615717e-02 -1.189362000000000030e+00
1.076149548297428843e-02 -1.625861000000000001e+00
1.078149826268241795e-02 -1.655839000000000061e+00
1.080150104239054921e-02 -1.108641999999999905e+00
1.082150382209868048e-02 -6.858990000000000364e-01
1.084150660180681000e-02 -5.633259999999999934e-01
1.086150938151494126e-02 -6.423600000000000421e-01
1.088151216122307252e-02 -9.468769999999999687e-01
1.090151494093120205e-02 -1.205065000000000053e+00
1.092151772063933331e-02 -1.219275000000000109e+00
1.094152050034746457e-02 -1.451767000000000030e+00
1.096152328005559409e-02 -1.870487000000000011e+00
1.098152605976372535e-02 -1.744410999999999934e+00
1.100152883947185661e-02 -1.208050000000000068e+00
1.102153161917998614e-02 -5.112870000000000470e-01
1.104153439888811740e-02 -1.360419999999999963e-01
1.106153717859624866e-02 -4.262190000000000145e-01
1.108153995830437819e-02 -1.225764000000000076e+00
1.110154273801250945e-02 -1.914481000000000099e+00
1.112154551772063897e-02 -2.201414000000000204e+00
1.114154829742877023e-02 -2.279732999999999787e+00
1.116155107713690149e-02 -1.976642999999999928e+00
1.118155385684503102e-02 -1.347752999999999979e+00
1.120155663655316228e-02 -6.984219999999999873e-01
1.122155941626129354e-02 -9.392999999999999960e-02
1.124156219596942306e-02 2.157139999999999891e-01
1.126156497567755432e-02 -5.421800000000000230e-02
1.128156775538568558e-02 -6.983580000000000343e-01
1.130157053509381511e-02 -1.448263999999999996e+00
1.132157331480194637e-02 -1.945691999999999977e+00
1.134157609451007763e-02 -1.997406999999999933e+00
1.136157887421820716e-02 -1.884438000000000057e+00
1.138158165392633842e-02 -1.513020999999999949e+00
1.140158443363446794e-02 -1.201691000000000065e+00
1.142158721334259920e-02 -1.056796999999999986e+00
1.144158999305073046e-02 -8.293009999999999549e-01
1.146159277275885999e-02 -7.088689999999999714e-01
1.148159555246699125e-02 -8.978220000000000089e-01
1.150159833217512251e-02 -1.301811999999999969e+00
1.152160111188325203e-02 -1.644288999999999890e+00
1.154160389159138329e-02 -1.870681999999999956e+00
1.156160667129951455e-02 -1.698795000000000055e+00
1.158160945100764408e-02 -1.286173999999999928e+00
1.160161223071577534e-02 -8.590839999999999588e-01
1.162161501042390660e-02 -5.737729999999999775e-01
1.164161779013203613e-02 -4.707970000000000210e-01
1.166162056984016739e-02 -6.250989999999999602e-01
1.168162334954829865e-02 -9.618010000000000170e-01
1.170162612925642817e-02 -1.470390000000000086e+00
1.172162890896455943e-02 -2.148789999999999978e+00
1.174163168867268896e-02 -2.317498000000000058e+00
1.176163446838082022e-02 -1.811244999999999994e+00
1.178163724808895148e-02 -8.884779999999999900e-01
1.180164002779708100e-02 -1.114490000000000064e-01
1.182164280750521226e-02 1.008629999999999943e-01
1.184164558721334352e-02 -3.662630000000000052e-01
1.186164836692147305e-02 -1.260609000000000091e+00
1.188165114662960431e-02 -2.115047999999999817e+00
1.190165392633773557e-02 -2.472125000000000128e+00
1.192165670604586510e-02 -2.337873000000000090e+00
1.194165948575399636e-02 -1.876066999999999929e+00
1.196166226546212762e-02 -1.026170000000000027e+00
1.198166504517025714e-02 -1.121629999999999988e-01
1.200166782487838840e-02 2.611999999999999877e-01
1.202167060458651966e-02 -1.406489999999999962e-01
1.204167338429464919e-02 -1.047193000000000040e+00
1.206167616400278045e-02 -1.995330999999999966e+00
1.208167894371090997e-02 -2.433775999999999939e+00
1.210168172341904123e-02 -2.097463999999999995e+00
1.212168450312717249e-02 -1.376303000000000054e+00
1.214168728283530202e-02 -6.150419999999999776e-01
1.216169006254343328e-02 -4.331619999999999915e-01
1.218169284225156454e-02 -7.481910000000000505e-01
1.220169562195969407e-02 -1.209802000000000044e+00
1.222169840166782533e-02 -1.592897999999999925e+00
1.224170118137595659e-02 -1.710215000000000041e+00
1.226170396108408611e-02 -1.385451999999999906e+00
1.228170674079221737e-02 -7.624659999999999771e-01
1.230170952050034863e-02 -3.039060000000000095e-01
1.232171230020847816e-02 -2.266900000000000026e-01
1.234171507991660942e-02 -7.626610000000000333e-01
1.236171785962474068e-02 -1.651556000000000024e+00
1.238172063933287020e-02 -2.521114999999999995e+00
1.240172341904100146e-02 -2.825112999999999985e+00
1.242172619874913099e-02 -2.279344000000000037e+00
1.244172897845726225e-02 -1.174242999999999926e+00
1.246173175816539351e-02 -1.512249999999999983e-01
1.248173453787352304e-02 3.035720000000000085e-01
1.250173731758165430e-02 1.735369999999999968e-01
1.252174009728978556e-02 -5.306880000000000486e-01
1.254174287699791508e-02 -1.435416000000000025e+00
1.256174565670604634e-02 -2.165725999999999818e+00
1.258174843641417760e-02 -2.501453999999999844e+00
1.260175121612230713e-02 -2.199596999999999802e+00
1.262175399583043839e-02 -1.447484999999999911e+00
1.264175677553856965e-02 -6.302259999999999529e-01
1.266175955524669917e-02 -1.840579999999999994e-01
1.268176233495483043e-02 -3.266809999999999992e-01
1.270176511466296169e-02 -8.991850000000000120e-01
1.272176789437109122e-02 -1.380001999999999951e+00
1.274177067407922248e-02 -1.677316999999999947e+00
1.276177345378735201e-02 -1.699767999999999946e+00
1.278177623349548327e-02 -1.542221000000000064e+00
1.280177901320361453e-02 -1.321148999999999907e+00
1.282178179291174405e-02 -1.213435000000000041e+00
1.284178457261987531e-02 -1.164379999999999971e+00
1.286178735232800657e-02 -1.070422999999999902e+00
1.288179013203613610e-02 -9.703659999999999508e-01
1.290179291174426736e-02 -9.416860000000000230e-01
1.292179569145239862e-02 -1.176709000000000005e+00
1.294179847116052814e-02 -1.388436999999999921e+00
1.296180125086865940e-02 -1.345026999999999973e+00
1.298180403057679067e-02 -1.202015000000000056e+00
1.300180681028492019e-02 -1.027792000000000039e+00
1.302180958999305145e-02 -1.090862999999999916e+00
1.304181236970118271e-02 -1.225829000000000057e+00
1.306181514940931224e-02 -1.151987000000000094e+00
1.308181792911744350e-02 -8.725810000000000510e-01
1.310182070882557302e-02 -8.609660000000000091e-01
1.312182348853370428e-02 -1.226671999999999985e+00
1.314182626824183554e-02 -1.634036999999999962e+00
1.316182904794996507e-02 -1.873537000000000008e+00
1.318183182765809633e-02 -1.677770999999999901e+00
1.320183460736622759e-02 -1.182158999999999960e+00
1.322183738707435711e-02 -7.745360000000000023e-01
1.324184016678248837e-02 -5.669600000000000195e-01
1.326184294649061964e-02 -5.093400000000000150e-01
1.328184572619874916e-02 -7.284650000000000292e-01
1.330184850590688042e-02 -1.051865000000000050e+00
1.332185128561501168e-02 -1.483821999999999974e+00
1.334185406532314121e-02 -1.783797000000000077e+00
1.336185684503127247e-02 -1.963405999999999985e+00
1.338185962473940199e-02 -1.878403000000000045e+00
1.340186240444753325e-02 -1.465329000000000104e+00
1.342186518415566451e-02 -1.014294999999999947e+00
1.344186796386379404e-02 -6.717539999999999623e-01
1.346187074357192530e-02 -7.313199999999999701e-01
1.348187352328005656e-02 -1.076197999999999988e+00
1.350187630298818608e-02 -1.343015999999999988e+00
1.352187908269631735e-02 -1.306937999999999933e+00
1.354188186240444861e-02 -1.084049000000000040e+00
1.356188464211257813e-02 -1.010467000000000004e+00
1.358188742182070939e-02 -1.005015999999999909e+00
1.360189020152884065e-02 -1.084438999999999931e+00
1.362189298123697018e-02 -1.172036999999999995e+00
1.364189576094510144e-02 -1.224596000000000018e+00
1.366189854065323270e-02 -1.378249999999999975e+00
1.368190132036136222e-02 -1.656098000000000070e+00
1.370190410006949348e-02 -1.553511000000000086e+00
1.372190687977762301e-02 -1.212981000000000087e+00
1.374190965948575427e-02 -9.776340000000000030e-01
1.376191243919388553e-02 -8.343620000000000481e-01
1.378191521890201506e-02 -9.209870000000000001e-01
1.380191799861014632e-02 -1.202987999999999946e+00
1.382192077831827758e-02 -1.535601999999999911e+00
1.384192355802640710e-02 -1.685947000000000084e+00
1.386192633773453836e-02 -1.586669000000000107e+00
1.388192911744266962e-02 -1.254313999999999929e+00
1.390193189715079915e-02 -8.630419999999999758e-01
1.392193467685893041e-02 -5.489209999999999923e-01
1.394193745656706167e-02 -4.539259999999999962e-01
1.396194023627519119e-02 -7.066630000000000411e-01
1.398194301598332245e-02 -1.095858999999999916e+00
1.400194579569145371e-02 -1.682312999999999947e+00
1.402194857539958324e-02 -2.121407000000000043e+00
1.404195135510771450e-02 -2.104211999999999971e+00
1.406195413481584403e-02 -1.589912999999999910e+00
1.408195691452397529e-02 -8.851689999999999836e-01
1.410195969423210655e-02 -3.819009999999999905e-01
1.412196247394023607e-02 -3.096809999999999841e-01
1.414196525364836733e-02 -6.392449999999999521e-01
1.416196803335649859e-02 -1.117920999999999943e+00
1.418197081306462812e-02 -1.690812999999999899e+00
1.420197359277275938e-02 -2.034587999999999841e+00
1.422197637248089064e-02 -2.004284999999999872e+00
1.424197915218902016e-02 -1.487455999999999889e+00
1.426198193189715142e-02 -8.499999999999999778e-01
1.428198471160528268e-02 -3.769040000000000168e-01
1.430198749131341221e-02 -2.667249999999999899e-01
1.432199027102154347e-02 -6.727269999999999639e-01
1.434199305072967473e-02 -1.304343000000000030e+00
1.436199583043780426e-02 -1.855628000000000055e+00
1.438199861014593552e-02 -2.045684000000000058e+00
1.440200138985406504e-02 -1.747913999999999968e+00
1.442200416956219630e-02 -1.181186000000000069e+00
1.444200694927032756e-02 -7.302819999999999867e-01
1.446200972897845709e-02 -5.347110000000000474e-01
1.448201250868658835e-02 -5.862319999999999753e-01
1.450201528839471961e-02 -7.984790000000000498e-01
1.452201806810284913e-02 -1.095274999999999999e+00
1.454202084781098039e-02 -1.468507999999999925e+00
1.456202362751911165e-02 -1.624044000000000043e+00
1.458202640722724118e-02 -1.523921999999999999e+00
1.460202918693537244e-02 -1.259311000000000069e+00
1.462203196664350370e-02 -9.682250000000000023e-01
1.464203474635163323e-02 -9.470070000000000432e-01
1.466203752605976449e-02 -1.146989999999999954e+00
1.468204030576789575e-02 -1.223557999999999923e+00
1.470204308547602527e-02 -1.129145999999999983e+00
1.472204586518415653e-02 -1.059457000000000093e+00
1.474204864489228606e-02 -9.492129999999999734e-01
1.476205142460041732e-02 -9.801640000000000352e-01
1.478205420430854858e-02 -1.136349000000000053e+00
1.480205698401667810e-02 -1.276245999999999992e+00
1.482205976372480936e-02 -1.299736000000000002e+00
1.484206254343294062e-02 -1.269433000000000034e+00
1.486206532314107015e-02 -1.155426000000000064e+00
1.488206810284920141e-02 -9.420100000000000140e-01
1.490207088255733267e-02 -8.405909999999999771e-01
1.492207366226546220e-02 -8.249530000000000474e-01
1.494207644197359346e-02 -8.592790000000000150e-01
1.496207922168172472e-02 -1.064194000000000084e+00
1.498208200138985424e-02 -1.388891000000000098e+00
1.500208478109798550e-02 -1.580829000000000040e+00
1.502208756080611676e-02 -1.521131999999999929e+00
1.504209034051424629e-02 -1.235951000000000022e+00
1.506209312022237755e-02 -8.915279999999999871e-01
1.508209589993050707e-02 -7.731729999999999992e-01
1.510209867963863833e-02 -9.385710000000000441e-01
1.512210145934676959e-02 -1.165029000000000092e+00
1.514210423905489912e-02 -1.233614999999999906e+00
1.516210701876303038e-02 -1.254834000000000005e+00
1.518210979847116164e-02 -1.235432000000000086e+00
1.520211257817929117e-02 -1.148093000000000030e+00
1.522211535788742243e-02 -1.113053999999999988e+00
1.524211813759555369e-02 -1.111820999999999948e+00
1.526212091730368321e-02 -1.135958999999999941e+00
1.528212369701181447e-02 -1.191502999999999979e+00
1.530212647671994573e-02 -1.282799999999999940e+00
1.532212925642807526e-02 -1.154581999999999997e+00
1.534213203613620652e-02 -9.356510000000000105e-01
1.536213481584433604e-02 -7.280109999999999637e-01
1.538213759555246730e-02 -6.156260000000000066e-01
1.540214037526059856e-02 -7.169149999999999689e-01
1.542214315496872809e-02 -1.127523999999999971e+00
1.544214593467685935e-02 -1.570642000000000094e+00
1.546214871438499061e-02 -1.804561000000000082e+00
1.548215149409312014e-02 -1.722998000000000030e+00
1.550215427380125140e-02 -1.329453999999999914e+00
1.552215705350938266e-02 -8.714779999999999749e-01
1.554215983321751218e-02 -6.243859999999999966e-01
1.556216261292564344e-02 -5.498300000000000409e-01
1.558216539263377470e-02 -7.091290000000000093e-01
1.560216817234190423e-02 -1.042391999999999985e+00
1.562217095205003549e-02 -1.497838000000000003e+00
1.564217373175816675e-02 -1.769781999999999966e+00
1.566217651146629627e-02 -1.663431000000000104e+00
1.568217929117442580e-02 -1.265279999999999960e+00
1.570218207088255880e-02 -7.715509999999999868e-01
1.572218485059068832e-02 -4.162259999999999849e-01
1.574218763029881785e-02 -5.085610000000000408e-01
1.576219041000695084e-02 -8.730350000000000055e-01
1.578219318971508037e-02 -1.214472999999999914e+00
1.580219596942320989e-02 -1.495371999999999924e+00
1.582219874913134289e-02 -1.583879000000000037e+00
1.584220152883947241e-02 -1.422048999999999896e+00
1.586220430854760194e-02 -1.115131000000000094e+00
1.588220708825573493e-02 -8.455869999999999775e-01
1.590220986796386446e-02 -6.297059999999999880e-01
1.592221264767199398e-02 -6.707149999999999501e-01
1.594221542738012698e-02 -9.130059999999999842e-01
1.596221820708825651e-02 -1.313426999999999900e+00
1.598222098679638603e-02 -1.691721999999999948e+00
1.600222376650451903e-02 -1.771598000000000006e+00
1.602222654621264855e-02 -1.464096000000000064e+00
1.604222932592077808e-02 -1.039277000000000006e+00
1.606223210562891107e-02 -7.483210000000000139e-01
1.608223488533704060e-02 -6.117970000000000352e-01
1.610223766504517012e-02 -6.153009999999999868e-01
1.612224044475330312e-02 -7.634400000000000075e-01
1.614224322446143264e-02 -9.577130000000000365e-01
1.616224600416956217e-02 -1.191178999999999988e+00
1.618224878387769516e-02 -1.346324999999999994e+00
1.620225156358582469e-02 -1.408357999999999999e+00
1.622225434329395422e-02 -1.294739000000000084e+00
1.624225712300208374e-02 -1.108707000000000109e+00
1.626225990271021674e-02 -9.826949999999999852e-01
1.628226268241834626e-02 -1.011700000000000044e+00
1.630226546212647579e-02 -1.084697999999999940e+00
1.632226824183460878e-02 -1.201171999999999906e+00
1.634227102154273831e-02 -1.250161999999999995e+00
1.636227380125086783e-02 -1.127523999999999971e+00
1.638227658095900083e-02 -1.001902000000000070e+00
1.640227936066713035e-02 -1.002356000000000025e+00
1.642228214037525988e-02 -1.139073999999999920e+00
1.644228492008339287e-02 -1.264113000000000042e+00
1.646228769979152240e-02 -1.327377999999999947e+00
1.648229047949965193e-02 -1.258596999999999966e+00
1.650229325920778492e-02 -1.211098999999999926e+00
1.652229603891591445e-02 -1.162887999999999922e+00
1.654229881862404397e-02 -1.023833999999999911e+00
1.656230159833217697e-02 -8.422779999999999712e-01
1.658230437804030649e-02 -6.942700000000000538e-01
1.660230715774843602e-02 -7.569510000000000405e-01
1.662230993745656901e-02 -9.595949999999999758e-01
1.664231271716469854e-02 -1.247565999999999953e+00
1.666231549687282806e-02 -1.382662000000000058e+00
1.668231827658096106e-02 -1.366309999999999913e+00
1.670232105628909058e-02 -1.249772000000000105e+00
1.672232383599722011e-02 -1.153609000000000107e+00
1.674232661570535310e-02 -1.084438999999999931e+00
1.676232939541348263e-02 -1.043560000000000043e+00
1.678233217512161216e-02 -1.090991999999999962e+00
1.680233495482974515e-02 -1.112146000000000079e+00
1.682233773453787468e-02 -1.099298000000000108e+00
1.684234051424600420e-02 -1.123305999999999916e+00
1.686234329395413373e-02 -1.181121000000000087e+00
1.688234607366226672e-02 -1.158994999999999997e+00
1.690234885337039625e-02 -1.076133000000000006e+00
1.692235163307852577e-02 -1.028116000000000030e+00
1.694235441278665877e-02 -1.010531999999999986e+00
1.696235719249478829e-02 -1.062181999999999960e+00
1.698235997220291782e-02 -1.116622999999999921e+00
1.700236275191105081e-02 -1.106176000000000048e+00
1.702236553161918034e-02 -1.063868999999999954e+00
1.704236831132730987e-02 -1.122981999999999925e+00
1.706237109103544286e-02 -1.241660999999999904e+00
1.708237387074357239e-02 -1.334645000000000081e+00
1.710237665045170191e-02 -1.318813000000000013e+00
1.712237943015983491e-02 -1.141928999999999972e+00
1.714238220986796443e-02 -9.824349999999999472e-01
1.716238498957609396e-02 -8.538280000000000314e-01
1.718238776928422695e-02 -8.108079999999999732e-01
1.720239054899235648e-02 -9.372089999999999588e-01
1.722239332870048600e-02 -1.157567000000000013e+00
1.724239610840861900e-02 -1.410887999999999920e+00
1.726239888811674852e-02 -1.593093000000000092e+00
1.728240166782487805e-02 -1.572848000000000024e+00
1.730240444753301104e-02 -1.309468999999999994e+00
1.732240722724114057e-02 -9.164449999999999541e-01
1.734241000694927010e-02 -5.576160000000000005e-01
1.736241278665740309e-02 -4.570409999999999751e-01
1.738241556636553262e-02 -6.566349999999999687e-01
1.740241834607366214e-02 -1.090538000000000007e+00
1.742242112578179514e-02 -1.471103999999999967e+00
1.744242390548992466e-02 -1.669011000000000022e+00
1.746242668519805419e-02 -1.628910999999999998e+00
1.748242946490618718e-02 -1.367737999999999898e+00
1.750243224461431671e-02 -1.048556000000000044e+00
1.752243502432244623e-02 -7.605849999999999556e-01
1.754243780403057576e-02 -6.529359999999999609e-01
1.756244058373870875e-02 -7.949749999999999872e-01
1.758244336344683828e-02 -1.102932000000000023e+00
1.760244614315496781e-02 -1.398365000000000080e+00
1.762244892286310080e-02 -1.479279999999999928e+00
1.764245170257123033e-02 -1.350023999999999891e+00
1.766245448227935985e-02 -1.079442000000000013e+00
1.768245726198749285e-02 -8.662870000000000292e-01
1.770246004169562237e-02 -8.313770000000000326e-01
1.772246282140375190e-02 -9.670570000000000555e-01
1.774246560111188489e-02 -1.160357000000000083e+00
1.776246838082001442e-02 -1.313361999999999918e+00
1.778247116052814394e-02 -1.322446000000000010e+00
1.780247394023627694e-02 -1.235627000000000031e+00
1.782247671994440646e-02 -1.098778999999999950e+00
1.784247949965253599e-02 -1.006118999999999986e+00
1.786248227936066899e-02 -9.444110000000000005e-01
1.788248505906879851e-02 -9.691980000000000040e-01
1.790248783877692804e-02 -1.124992999999999910e+00
1.792249061848506103e-02 -1.334710000000000063e+00
1.794249339819319056e-02 -1.466950999999999894e+00
1.796249617790132008e-02 -1.396547999999999901e+00
1.798249895760945308e-02 -1.153413999999999939e+00
1.800250173731758260e-02 -8.891270000000000007e-01
1.802250451702571213e-02 -7.975710000000000299e-01
1.804250729673384512e-02 -8.779660000000000242e-01
1.806251007644197465e-02 -1.037265000000000104e+00
1.808251285615010417e-02 -1.179759000000000002e+00
1.810251563585823717e-02 -1.241141999999999967e+00
1.812251841556636670e-02 -1.220637999999999890e+00
1.814252119527449622e-02 -1.163602000000000025e+00
1.816252397498262922e-02 -1.101698999999999984e+00
1.818252675469075874e-02 -1.068540999999999963e+00
1.820252953439888827e-02 -1.045636000000000010e+00
1.822253231410701779e-02 -1.107019999999999893e+00
1.824253509381515079e-02 -1.238612000000000046e+00
1.826253787352328031e-02 -1.369555000000000078e+00
1.828254065323140984e-02 -1.397391999999999967e+00
1.830254343293954283e-02 -1.335747999999999935e+00
1.832254621264767236e-02 -1.112729999999999997e+00
1.834254899235580188e-02 -9.481100000000000083e-01
1.836255177206393488e-02 -9.091120000000000312e-01
1.838255455177206441e-02 -9.846420000000000172e-01
1.840255733148019393e-02 -1.101569000000000020e+00
1.842256011118832693e-02 -1.136738000000000026e+00
1.844256289089645645e-02 -1.180536999999999948e+00
1.846256567060458598e-02 -1.197797000000000001e+00
1.848256845031271897e-02 -1.265670000000000073e+00
1.850257123002084850e-02 -1.238612000000000046e+00
1.852257400972897802e-02 -1.142643000000000075e+00
1.854257678943711102e-02 -1.005211000000000077e+00
1.856257956914524054e-02 -9.135250000000000314e-01
1.858258234885337007e-02 -8.929550000000000542e-01
1.860258512856150306e-02 -9.453850000000000309e-01
1.862258790826963259e-02 -1.052383999999999986e+00
1.864259068797776212e-02 -1.176384000000000096e+00
1.866259346768589511e-02 -1.305315999999999921e+00
1.868259624739402464e-02 -1.413742999999999972e+00
1.870259902710215416e-02 -1.473764000000000074e+00
1.872260180681028716e-02 -1.418479999999999963e+00
1.874260458651841668e-02 -1.284227999999999925e+00
1.876260736622654621e-02 -1.064842999999999984e+00
1.878261014593467920e-02 -8.719970000000000221e-01
1.880261292564280873e-02 -8.243690000000000184e-01
1.882261570535093825e-02 -8.892569999999999641e-01
1.884261848505906778e-02 -1.013646000000000047e+00
1.886262126476720077e-02 -1.127458999999999989e+00
1.888262404447533030e-02 -1.213889999999999914e+00
1.890262682418345982e-02 -1.228553999999999924e+00
1.892262960389159282e-02 -1.194099000000000022e+00
1.894263238359972235e-02 -1.139853000000000005e+00
1.896263516330785187e-02 -1.055433999999999983e+00
1.898263794301598487e-02 -1.032010000000000094e+00
1.900264072272411439e-02 -1.062181999999999960e+00
1.902264350243224392e-02 -1.180666999999999911e+00
1.904264628214037691e-02 -1.285914999999999919e+00
1.906264906184850644e-02 -1.318033999999999928e+00
1.908265184155663596e-02 -1.233549999999999924e+00
1.910265462126476896e-02 -1.104554000000000036e+00
1.912265740097289848e-02 -1.012024000000000035e+00
1.914266018068102801e-02 -9.509649999999999492e-01
1.916266296038916100e-02 -1.005080999999999891e+00
1.918266574009729053e-02 -1.107733000000000079e+00
1.920266851980542006e-02 -1.242569999999999952e+00
1.922267129951355305e-02 -1.332243999999999984e+00
1.924267407922168258e-02 -1.356252999999999931e+00
1.926267685892981210e-02 -1.266642999999999963e+00
1.928267963863794510e-02 -1.055693999999999910e+00
1.930268241834607462e-02 -8.311819999999999764e-01
1.932268519805420415e-02 -7.587679999999999980e-01
1.934268797776233714e-02 -8.407860000000000333e-01
1.936269075747046667e-02 -1.007028000000000034e+00
1.938269353717859619e-02 -1.198186999999999891e+00
1.940269631688672919e-02 -1.327507999999999910e+00
1.942269909659485871e-02 -1.321798000000000028e+00
1.944270187630298824e-02 -1.266253999999999991e+00
1.946270465601112123e-02 -1.211748000000000047e+00
1.948270743571925076e-02 -1.151726999999999945e+00
1.950271021542738029e-02 -1.147054999999999936e+00
1.952271299513550981e-02 -1.183586999999999945e+00
1.954271577484364281e-02 -1.228618999999999906e+00
1.956271855455177233e-02 -1.283060000000000089e+00
1.958272133425990186e-02 -1.249967000000000050e+00
1.960272411396803485e-02 -1.121553999999999940e+00
1.962272689367616438e-02 -9.283190000000000053e-01
1.964272967338429390e-02 -8.140519999999999978e-01
1.966273245309242690e-02 -8.389689999999999648e-01
1.968273523280055642e-02 -1.014555000000000096e+00
1.970273801250868595e-02 -1.257298999999999944e+00
1.972274079221681894e-02 -1.399272999999999989e+00
1.974274357192494847e-02 -1.377146999999999899e+00
1.976274635163307800e-02 -1.227255999999999903e+00
1.978274913134121099e-02 -1.052578999999999931e+00
1.980275191104934052e-02 -8.576570000000000027e-01
1.982275469075747004e-02 -7.728479999999999794e-01
1.984275747046560304e-02 -8.171019999999999950e-01
1.986276025017373256e-02 -1.001902000000000070e+00
1.988276302988186209e-02 -1.232577000000000034e+00
1.990276580958999508e-02 -1.452026999999999957e+00
1.992276858929812461e-02 -1.526194000000000051e+00
1.994277136900625413e-02 -1.422763000000000000e+00
1.996277414871438713e-02 -1.208309000000000077e+00
1.998277692842251665e-02 -1.016177000000000108e+00
2.000277970813064618e-02 -9.201430000000000442e-01
2.002278248783877918e-02 -9.348729999999999540e-01
2.004278526754690870e-02 -1.003978000000000037e+00
2.006278804725503823e-02 -1.054785000000000084e+00
2.008279082696317122e-02 -1.079312999999999967e+00
2.010279360667130075e-02 -1.073603000000000085e+00
2.012279638637943027e-02 -1.061339000000000032e+00
2.014279916608756327e-02 -1.084958000000000089e+00
2.016280194579569279e-02 -1.089369999999999949e+00
2.018280472550382232e-02 -1.101180000000000048e+00
2.020280750521195184e-02 -1.140112000000000014e+00
2.022281028492008484e-02 -1.203182999999999891e+00
2.024281306462821436e-02 -1.217263999999999902e+00
2.026281584433634389e-02 -1.179303999999999908e+00
2.028281862404447689e-02 -1.134466999999999892e+00
2.030282140375260641e-02 -1.079766999999999921e+00
2.032282418346073594e-02 -1.072564000000000073e+00
2.034282696316886893e-02 -1.084114000000000022e+00
2.036282974287699846e-02 -1.117337000000000025e+00
2.038283252258512798e-02 -1.124799000000000104e+00
2.040283530229326098e-02 -1.099037999999999959e+00
2.042283808200139050e-02 -1.084697999999999940e+00
2.044284086170952003e-02 -1.102606999999999893e+00
2.046284364141765302e-02 -1.136154000000000108e+00
2.048284642112578255e-02 -1.174633000000000038e+00
2.050284920083391207e-02 -1.181834999999999969e+00
2.052285198054204507e-02 -1.137647000000000075e+00
2.054285476025017460e-02 -1.072240000000000082e+00
2.056285753995830412e-02 -1.003459000000000101e+00
2.058286031966643712e-02 -9.203379999999999894e-01
2.060286309937456664e-02 -9.044410000000000505e-01
2.062286587908269617e-02 -9.830189999999999761e-01
2.064286865879082916e-02 -1.107863000000000042e+00
2.066287143849895869e-02 -1.275986999999999982e+00
2.068287421820708821e-02 -1.381818999999999908e+00
2.070287699791522121e-02 -1.369294999999999929e+00
2.072287977762335073e-02 -1.314855000000000107e+00
2.074288255733148026e-02 -1.187999000000000027e+00
2.076288533703961325e-02 -1.093847000000000014e+00
2.078288811674774278e-02 -1.034345999999999988e+00
2.080289089645587230e-02 -1.024677000000000060e+00
2.082289367616400183e-02 -1.042586000000000013e+00
2.084289645587213483e-02 -1.100789999999999935e+00
2.086289923558026435e-02 -1.119996999999999909e+00
2.088290201528839388e-02 -1.105526999999999926e+00
2.090290479499652687e-02 -1.073147999999999991e+00
2.092290757470465640e-02 -1.058354000000000017e+00
2.094291035441278592e-02 -1.081712999999999925e+00
2.096291313412091892e-02 -1.148158000000000012e+00
2.098291591382904844e-02 -1.226153000000000048e+00
2.100291869353717797e-02 -1.267940999999999985e+00
2.102292147324531096e-02 -1.223557999999999923e+00
2.104292425295344049e-02 -1.087229000000000001e+00
2.106292703266157001e-02 -9.510950000000000237e-01
2.108292981236970301e-02 -8.843250000000000277e-01
2.110293259207783254e-02 -9.082040000000000113e-01
2.112293537178596206e-02 -1.043234999999999912e+00
2.114293815149409506e-02 -1.198252000000000095e+00
2.116294093120222458e-02 -1.308950000000000058e+00
2.118294371091035411e-02 -1.378508999999999984e+00
2.120294649061848710e-02 -1.355280000000000040e+00
2.122294927032661663e-02 -1.223881999999999914e+00
2.124295205003474615e-02 -1.066011000000000042e+00
2.126295482974287915e-02 -9.065170000000000172e-01
2.128295760945100867e-02 -8.451980000000000048e-01
2.130296038915913820e-02 -9.122919999999999918e-01
2.132296316886727119e-02 -1.062442000000000109e+00
2.134296594857540072e-02 -1.195915999999999979e+00
2.136296872828353025e-02 -1.239780000000000104e+00
2.138297150799166324e-02 -1.190984000000000043e+00
2.140297428769979277e-02 -1.112470000000000070e+00
2.142297706740792229e-02 -1.059457000000000093e+00
2.144297984711605529e-02 -1.059587000000000057e+00
2.146298262682418481e-02 -1.086384999999999934e+00
2.148298540653231434e-02 -1.149391000000000052e+00
2.150298818624044386e-02 -1.212916000000000105e+00
2.152299096594857686e-02 -1.255352999999999941e+00
2.154299374565670638e-02 -1.262100999999999917e+00
2.156299652536483591e-02 -1.165094000000000074e+00
2.158299930507296890e-02 -1.019227000000000105e+00
2.160300208478109843e-02 -8.799780000000000380e-01
2.162300486448922796e-02 -8.359839999999999494e-01
2.164300764419736095e-02 -9.039859999999999562e-01
2.166301042390549048e-02 -1.072694000000000036e+00
2.168301320361362000e-02 -1.203182999999999891e+00
2.170301598332175300e-02 -1.265474999999999905e+00
2.172301876302988252e-02 -1.243673000000000028e+00
2.174302154273801205e-02 -1.169246999999999925e+00
2.176302432244614504e-02 -1.084179000000000004e+00
2.178302710215427457e-02 -1.031749999999999945e+00
2.180302988186240409e-02 -9.909360000000000390e-01
2.182303266157053709e-02 -9.839280000000000248e-01
2.184303544127866661e-02 -1.020979000000000081e+00
2.186303822098679614e-02 -1.099687000000000081e+00
2.188304100069492913e-02 -1.189297000000000049e+00
2.190304378040305866e-02 -1.198056999999999928e+00
2.192304656011118819e-02 -1.175799999999999956e+00
2.194304933981932118e-02 -1.150493999999999906e+00
2.196305211952745071e-02 -1.111626999999999921e+00
2.198305489923558023e-02 -1.124864000000000086e+00
2.200305767894371323e-02 -1.119348000000000010e+00
2.202306045865184275e-02 -1.085801000000000016e+00
2.204306323835997228e-02 -1.053552000000000044e+00
2.206306601806810527e-02 -9.985920000000000352e-01
2.208306879777623480e-02 -9.765960000000000196e-01
2.210307157748436432e-02 -1.001576999999999940e+00
2.212307435719249732e-02 -1.057509999999999950e+00
2.214307713690062684e-02 -1.109356000000000009e+00
2.216307991660875637e-02 -1.170220000000000038e+00
2.218308269631688590e-02 -1.197408000000000028e+00
2.220308547602501889e-02 -1.201495999999999897e+00
2.222308825573314842e-02 -1.195071999999999912e+00
2.224309103544127794e-02 -1.151921999999999890e+00
2.226309381514941094e-02 -1.114287000000000027e+00
2.228309659485754046e-02 -1.064842999999999984e+00
2.230309937456566999e-02 -1.043949000000000016e+00
2.232310215427380298e-02 -1.065426999999999902e+00
2.234310493398193251e-02 -1.049139999999999961e+00
2.236310771369006203e-02 -1.066464999999999996e+00
2.238311049339819503e-02 -1.082168000000000019e+00
2.240311327310632455e-02 -1.082556999999999992e+00
2.242311605281445408e-02 -1.122333000000000025e+00
2.244311883252258707e-02 -1.154841999999999924e+00
2.246312161223071660e-02 -1.161005999999999982e+00
2.248312439193884613e-02 -1.158670000000000089e+00
2.250312717164697912e-02 -1.091706000000000065e+00
2.252312995135510865e-02 -1.037265000000000104e+00
2.254313273106323817e-02 -9.798400000000000443e-01
2.256313551077137117e-02 -9.856800000000000006e-01
2.258313829047950069e-02 -1.022666000000000075e+00
2.260314107018763022e-02 -1.095663999999999971e+00
2.262314384989576321e-02 -1.159318999999999988e+00
2.264314662960389274e-02 -1.213435000000000041e+00
2.266314940931202226e-02 -1.201756000000000046e+00
2.268315218902015526e-02 -1.141604999999999981e+00
2.270315496872828478e-02 -1.083660000000000068e+00
2.272315774843641431e-02 -1.041482999999999937e+00
2.274316052814454731e-02 -1.070227999999999957e+00
2.276316330785267683e-02 -1.114805999999999964e+00
2.278316608756080636e-02 -1.157437000000000049e+00
2.280316886726893588e-02 -1.161070999999999964e+00
2.282317164697706888e-02 -1.136543000000000081e+00
2.284317442668519840e-02 -1.067438000000000109e+00
2.286317720639332793e-02 -9.888590000000000435e-01
2.288317998610146092e-02 -9.294219999999999704e-01
2.290318276580959045e-02 -9.272810000000000219e-01
2.292318554551771997e-02 -1.022535999999999889e+00
2.294318832522585297e-02 -1.171388000000000096e+00
2.296319110493398249e-02 -1.270926000000000000e+00
2.298319388464211202e-02 -1.283708999999999989e+00
2.300319666435024502e-02 -1.211942999999999993e+00
2.302319944405837454e-02 -1.087293999999999983e+00
2.304320222376650407e-02 -9.704960000000000253e-01
2.306320500347463706e-02 -9.399340000000000472e-01
2.308320778318276659e-02 -9.635529999999999928e-01
2.310321056289089611e-02 -1.048102000000000089e+00
2.312321334259902911e-02 -1.153543999999999903e+00
2.314321612230715863e-02 -1.248345000000000038e+00
2.316321890201528816e-02 -1.274883999999999906e+00
2.318322168172342115e-02 -1.219470000000000054e+00
2.320322446143155068e-02 -1.122203000000000062e+00
2.322322724113968020e-02 -1.015463000000000005e+00
2.324323002084781320e-02 -9.420100000000000140e-01
2.326323280055594273e-02 -9.864579999999999460e-01
2.328323558026407225e-02 -1.071007000000000042e+00
2.330323835997220525e-02 -1.114222000000000046e+00
2.332324113968033477e-02 -1.137126999999999999e+00
2.334324391938846430e-02 -1.096182999999999907e+00
2.336324669909659729e-02 -1.047387999999999986e+00
2.338324947880472682e-02 -1.021433000000000035e+00
2.340325225851285634e-02 -1.008000999999999925e+00
2.342325503822098934e-02 -1.042327000000000004e+00
2.344325781792911886e-02 -1.094367000000000090e+00
2.346326059763724839e-02 -1.146276999999999990e+00
2.348326337734537791e-02 -1.198056999999999928e+00
2.350326615705351091e-02 -1.198641000000000068e+00
2.352326893676164044e-02 -1.163667000000000007e+00
2.354327171646976996e-02 -1.080934999999999979e+00
2.356327449617790296e-02 -1.024742000000000042e+00
2.358327727588603248e-02 -1.014814000000000105e+00
2.360328005559416201e-02 -1.018124000000000029e+00
2.362328283530229500e-02 -1.057509999999999950e+00
2.364328561501042453e-02 -1.080610000000000070e+00
2.366328839471855405e-02 -1.065620999999999929e+00
2.368329117442668705e-02 -1.063350000000000017e+00
2.370329395413481657e-02 -1.031879999999999908e+00
2.372329673384294610e-02 -1.026688999999999963e+00
2.374329951355107909e-02 -1.045312000000000019e+00
2.376330229325920862e-02 -1.043430000000000080e+00
2.378330507296733815e-02 -1.053293000000000035e+00
2.380330785267547114e-02 -1.066659999999999942e+00
2.382331063238360067e-02 -1.086449999999999916e+00
2.384331341209173019e-02 -1.057965000000000044e+00
2.386331619179986319e-02 -1.058678000000000008e+00
2.388331897150799271e-02 -1.051215999999999928e+00
2.390332175121612224e-02 -1.060624999999999929e+00
2.392332453092425523e-02 -1.086319999999999952e+00
2.394332731063238476e-02 -1.131807000000000007e+00
2.396333009034051428e-02 -1.154581999999999997e+00
2.398333287004864728e-02 -1.146860999999999908e+00
2.400333564975677680e-02 -1.099558000000000035e+00
2.402333842946490633e-02 -1.053876999999999953e+00
2.404334120917303932e-02 -1.017344999999999944e+00
2.406334398888116885e-02 -9.902220000000000466e-01
2.408334676858929838e-02 -9.784119999999999484e-01
2.410334954829743137e-02 -9.681600000000000206e-01
2.412335232800556090e-02 -9.730269999999999753e-01
2.414335510771369042e-02 -9.917789999999999662e-01
2.416335788742181995e-02 -1.033177999999999930e+00
2.418336066712995294e-02 -1.077820000000000000e+00
2.420336344683808247e-02 -1.075094999999999912e+00
2.422336622654621199e-02 -1.099428000000000072e+00
2.424336900625434499e-02 -1.091965999999999992e+00
2.426337178596247451e-02 -9.930120000000000058e-01
2.428337456567060404e-02 -1.124864000000000086e+00
2.430337734537873703e-02 -1.041871999999999909e+00
2.432338012508686656e-02 -9.863290000000000113e-01
2.434338290479499609e-02 -9.807479999999999531e-01
2.436338568450312908e-02 -1.063998999999999917e+00
2.438338846421125861e-02 -1.017994000000000065e+00
2.440339124391938813e-02 -1.138425000000000020e+00
2.442339402362752113e-02 -1.267811000000000021e+00
2.444339680333565065e-02 -1.103515999999999941e+00
2.446339958304378018e-02 -1.144006000000000078e+00
2.448340236275191317e-02 -9.440220000000000278e-01
2.450340514246004270e-02 -8.544770000000000421e-01
2.452340792216817222e-02 -1.017020999999999953e+00
2.454341070187630522e-02 -1.005535000000000068e+00
2.456341348158443474e-02 -1.017668999999999935e+00
2.458341626129256427e-02 -1.101439000000000057e+00
2.460341904100069726e-02 -1.099493000000000054e+00
2.462342182070882679e-02 -1.087099000000000038e+00
2.464342460041695632e-02 -1.054785000000000084e+00
2.466342738012508931e-02 -1.016631000000000062e+00
2.468343015983321884e-02 -1.016566000000000081e+00
2.470343293954134836e-02 -1.057444999999999968e+00
2.472343571924948136e-02 -1.066270000000000051e+00
2.474343849895761088e-02 -1.077496000000000009e+00
2.476344127866574041e-02 -1.115390000000000104e+00
2.478344405837386993e-02 -1.176773999999999987e+00
2.480344683808200293e-02 -1.184690000000000021e+00
2.482344961779013245e-02 -1.121294999999999931e+00
2.484345239749826198e-02 -9.888590000000000435e-01
2.486345517720639497e-02 -9.163149999999999906e-01
2.488345795691452450e-02 -9.741300000000000514e-01
2.490346073662265403e-02 -1.080805000000000016e+00
2.492346351633078702e-02 -1.145497999999999905e+00
2.494346629603891655e-02 -1.157502000000000031e+00
2.496346907574704607e-02 -1.089760000000000062e+00
2.498347185545517907e-02 -1.065685999999999911e+00
2.500347463516330859e-02 -1.035903000000000018e+00
2.502347741487143812e-02 -1.018124000000000029e+00
2.504348019457957111e-02 -9.809430000000000094e-01
2.506348297428770064e-02 -1.013581000000000065e+00
2.508348575399583016e-02 -1.074964999999999948e+00
2.510348853370396316e-02 -1.136608000000000063e+00
2.512349131341209268e-02 -1.174827000000000066e+00
2.514349409312022221e-02 -1.118959000000000037e+00
2.516349687282835521e-02 -1.076847000000000110e+00
2.518349965253648473e-02 -1.049074999999999980e+00
2.520350243224461426e-02 -1.059196999999999944e+00
2.522350521195274725e-02 -1.094367000000000090e+00
2.524350799166087678e-02 -1.109420000000000073e+00
2.526351077136900630e-02 -1.095663999999999971e+00
2.528351355107713930e-02 -1.090149000000000035e+00
2.530351633078526882e-02 -1.067763000000000018e+00
2.532351911049339835e-02 -1.022601000000000093e+00
2.534352189020153134e-02 -9.913250000000000117e-01
2.536352466990966087e-02 -9.553770000000000318e-01
2.538352744961779039e-02 -9.874319999999999764e-01
2.540353022932592339e-02 -1.069320000000000048e+00
2.542353300903405292e-02 -1.131416999999999895e+00
2.544353578874218244e-02 -1.162109000000000059e+00
2.546353856845031197e-02 -1.143356999999999957e+00
2.548354134815844496e-02 -1.094236999999999904e+00
2.550354412786657449e-02 -1.066076000000000024e+00
2.552354690757470401e-02 -1.043430000000000080e+00
2.554354968728283701e-02 -1.030971000000000082e+00
2.556355246699096653e-02 -1.023703999999999947e+00
2.558355524669909606e-02 -1.036486999999999936e+00
2.560355802640722905e-02 -1.066788999999999987e+00
2.562356080611535858e-02 -1.113378999999999897e+00
2.564356358582348810e-02 -1.129664999999999919e+00
2.566356636553162110e-02 -1.113833000000000073e+00
2.568356914523975063e-02 -1.090473000000000026e+00
2.570357192494788015e-02 -1.090214000000000016e+00
2.572357470465601315e-02 -1.104943000000000008e+00
2.574357748436414267e-02 -1.087552999999999992e+00
2.576358026407227220e-02 -1.088071999999999928e+00
2.578358304378040519e-02 -1.061663000000000023e+00
2.580358582348853472e-02 -1.039017000000000079e+00
2.582358860319666424e-02 -1.057639999999999914e+00
2.584359138290479724e-02 -1.076912000000000091e+00
2.586359416261292676e-02 -1.091252000000000111e+00
2.588359694232105629e-02 -1.085282000000000080e+00
2.590359972202918928e-02 -1.095793999999999935e+00
2.592360250173731881e-02 -1.100011999999999990e+00
2.594360528144544834e-02 -1.106630000000000003e+00
2.596360806115358133e-02 -1.116753000000000107e+00
2.598361084086171086e-02 -1.099037999999999959e+00
2.600361362056984038e-02 -1.101245000000000029e+00
2.602361640027797338e-02 -1.106176000000000048e+00
2.604361917998610290e-02 -1.100270999999999999e+00
2.606362195969423243e-02 -1.089239999999999986e+00
2.608362473940236542e-02 -1.051345999999999892e+00
2.610362751911049495e-02 -1.003589000000000064e+00
2.612363029881862447e-02 -1.002744999999999997e+00
2.614363307852675400e-02 -1.031944999999999890e+00
2.616363585823488699e-02 -1.081973000000000074e+00
2.618363863794301652e-02 -1.117011999999999894e+00
2.620364141765114604e-02 -1.139528000000000096e+00
2.622364419735927904e-02 -1.165872999999999937e+00
2.624364697706740857e-02 -1.175216000000000038e+00
2.626364975677553809e-02 -1.144849000000000006e+00
2.628365253648367109e-02 -1.087877999999999901e+00
2.630365531619180061e-02 -1.017864000000000102e+00
2.632365809589993014e-02 -9.939850000000000074e-01
2.634366087560806313e-02 -1.031425999999999954e+00
2.636366365531619266e-02 -1.072694000000000036e+00
2.638366643502432218e-02 -1.104228999999999905e+00
2.640366921473245518e-02 -1.097480999999999929e+00
2.642367199444058470e-02 -1.081777999999999906e+00
2.644367477414871423e-02 -1.082038000000000055e+00
2.646367755385684722e-02 -1.080481000000000025e+00
2.648368033356497675e-02 -1.077755000000000019e+00
2.650368311327310628e-02 -1.064648000000000039e+00
2.652368589298123927e-02 -1.071266999999999969e+00
2.654368867268936880e-02 -1.087293999999999983e+00
2.656369145239749832e-02 -1.120905999999999958e+00
2.658369423210563132e-02 -1.109356000000000009e+00
2.660369701181376084e-02 -1.057574999999999932e+00
2.662369979152189037e-02 -1.006963000000000052e+00
2.664370257123002336e-02 -9.878860000000000419e-01
2.666370535093815289e-02 -1.033762000000000070e+00
2.668370813064628241e-02 -1.112470000000000070e+00
2.670371091035441541e-02 -1.145693000000000072e+00
2.672371369006254493e-02 -1.151596999999999982e+00
2.674371646977067446e-02 -1.124538999999999955e+00
2.676371924947880399e-02 -1.097935000000000105e+00
2.678372202918693698e-02 -1.073731999999999909e+00
2.680372480889506651e-02 -1.029155000000000042e+00
2.682372758860319603e-02 -9.881459999999999688e-01
2.684373036831132903e-02 -9.832140000000000324e-01
2.686373314801945855e-02 -1.025260999999999978e+00
2.688373592772758808e-02 -1.089369999999999949e+00
2.690373870743572107e-02 -1.108576999999999924e+00
2.692374148714385060e-02 -1.092030999999999974e+00
2.694374426685198012e-02 -1.039212000000000025e+00
2.696374704656011312e-02 -1.023768999999999929e+00
2.698374982626824264e-02 -1.030451999999999924e+00
2.700375260597637217e-02 -1.059002999999999917e+00
2.702375538568450516e-02 -1.079442000000000013e+00
2.704375816539263469e-02 -1.103580999999999923e+00
2.706376094510076422e-02 -1.139917999999999987e+00
2.708376372480889721e-02 -1.117531000000000052e+00
2.710376650451702674e-02 -1.088786000000000032e+00
2.712376928422515626e-02 -1.053552000000000044e+00
2.714377206393328926e-02 -1.025779999999999914e+00
2.716377484364141878e-02 -1.011570000000000080e+00
2.718377762334954831e-02 -1.028116000000000030e+00
2.720378040305768130e-02 -1.062637000000000054e+00
2.722378318276581083e-02 -1.089889000000000108e+00
2.724378596247394035e-02 -1.102217999999999920e+00
2.726378874218207335e-02 -1.089369999999999949e+00
2.728379152189020287e-02 -1.072240000000000082e+00
2.730379430159833240e-02 -1.049009999999999998e+00
2.732379708130646540e-02 -1.027727000000000057e+00
2.734379986101459492e-02 -1.023444000000000020e+00
2.736380264072272445e-02 -1.022405999999999926e+00
2.738380542043085744e-02 -1.053811999999999971e+00
2.740380820013898697e-02 -1.060559999999999947e+00
2.742381097984711649e-02 -1.061857999999999969e+00
2.744381375955524602e-02 -1.078729000000000049e+00
2.746381653926337901e-02 -1.090408000000000044e+00
2.748381931897150854e-02 -1.100141999999999953e+00
2.750382209867963806e-02 -1.098519000000000023e+00
2.752382487838777106e-02 -1.095210000000000017e+00
2.754382765809590058e-02 -1.088851000000000013e+00
2.756383043780403011e-02 -1.079831999999999903e+00
2.758383321751216311e-02 -1.059133000000000102e+00
2.760383599722029263e-02 -1.047128000000000059e+00
2.762383877692842216e-02 -1.035578000000000110e+00
2.764384155663655515e-02 -1.018189000000000011e+00
2.766384433634468468e-02 -1.044728000000000101e+00
2.768384711605281420e-02 -1.050308000000000019e+00
2.770384989576094720e-02 -1.062052999999999914e+00
2.772385267546907672e-02 -1.076392999999999933e+00
2.774385545517720625e-02 -1.053746999999999989e+00
2.776385823488533924e-02 -1.036097000000000046e+00
2.778386101459346877e-02 -1.041936999999999891e+00
2.780386379430159829e-02 -1.048167000000000071e+00
2.782386657400973129e-02 -1.065620999999999929e+00
2.784386935371786082e-02 -1.095015000000000072e+00
2.786387213342599034e-02 -1.065296999999999938e+00
2.788387491313412334e-02 -1.051800000000000068e+00
2.790387769284225286e-02 -1.063544999999999963e+00
2.792388047255038239e-02 -1.054850000000000065e+00
2.794388325225851538e-02 -1.061079000000000105e+00
2.796388603196664491e-02 -1.080805000000000016e+00
2.798388881167477443e-02 -1.085606999999999989e+00
2.800389159138290743e-02 -1.105137999999999954e+00
2.802389437109103695e-02 -1.116818000000000088e+00
2.804389715079916648e-02 -1.079312999999999967e+00
2.806389993050729947e-02 -1.045117000000000074e+00
2.808390271021542900e-02 -9.942450000000000454e-01
2.810390548992355852e-02 -9.928169999999999495e-01
2.812390826963168805e-02 -9.942450000000000454e-01
2.814391104933982105e-02 -1.013581000000000065e+00
2.816391382904795057e-02 -1.046869000000000050e+00
2.818391660875608010e-02 -1.080090999999999912e+00
2.820391938846421309e-02 -1.084893000000000107e+00
2.822392216817234262e-02 -1.096832000000000029e+00
2.824392494788047214e-02 -1.083855000000000013e+00
2.826392772758860514e-02 -1.066205000000000069e+00
2.828393050729673466e-02 -1.056732000000000005e+00
2.830393328700486419e-02 -1.084438999999999931e+00
2.832393606671299718e-02 -1.096247999999999889e+00
2.834393884642112671e-02 -1.087877999999999901e+00
2.836394162612925623e-02 -1.063479999999999981e+00
2.838394440583738923e-02 -1.027792000000000039e+00
2.840394718554551876e-02 -1.010207000000000077e+00
2.842394996525364828e-02 -9.952180000000000470e-01
2.844395274496178128e-02 -1.003263999999999934e+00
2.846395552466991080e-02 -1.028699999999999948e+00
2.848395830437804033e-02 -1.058159000000000072e+00
2.850396108408617332e-02 -1.070683000000000051e+00
2.852396386379430285e-02 -1.080286000000000080e+00
2.854396664350243237e-02 -1.072694000000000036e+00
2.856396942321056537e-02 -1.021303000000000072e+00
2.858397220291869489e-02 -9.759470000000000089e-01
2.860397498262682442e-02 -9.452549999999999564e-01
2.862397776233495741e-02 -9.568050000000000166e-01
2.864398054204308694e-02 -9.876260000000000039e-01
2.866398332175121647e-02 -1.032464000000000048e+00
2.868398610145934946e-02 -1.075744000000000034e+00
2.870398888116747899e-02 -1.094821000000000044e+00
2.872399166087560851e-02 -1.102217999999999920e+00
2.874399444058373804e-02 -1.103839999999999932e+00
2.876399722029187103e-02 -1.093004000000000087e+00
