# time(s), 	 	 acceleration(g)
0.000000000000000000e+00 6.176743000000000094e+00
2.000277970813066735e-05 6.403914999999999580e+00
4.000555941626133470e-05 6.631929999999999659e+00
6.000833912439200544e-05 6.912504000000000204e+00
8.001111883252266940e-05 7.181268000000000207e+00
1.000138985406533334e-04 7.475404000000000160e+00
1.200166782487840109e-04 7.829106000000000343e+00
1.400194579569146748e-04 8.153349000000000402e+00
1.600222376650453388e-04 8.481550999999999618e+00
1.800250173731760028e-04 8.854006000000000043e+00
2.000277970813066667e-04 9.229250999999999650e+00
2.200305767894373307e-04 9.622664000000000328e+00
2.400333564975680217e-04 1.009906900000000007e+01
2.600361362056986857e-04 1.061129200000000061e+01
2.800389159138293497e-04 1.117205000000000048e+01
3.000416956219600136e-04 1.181047900000000084e+01
3.200444753300906776e-04 1.246104200000000084e+01
3.400472550382213415e-04 1.333572700000000033e+01
3.600500347463520055e-04 1.420470199999999927e+01
3.800528144544826695e-04 1.509126099999999937e+01
4.000555941626133334e-04 1.627202099999999874e+01
4.200583738707439974e-04 1.740177900000000122e+01
4.400611535788746614e-04 1.884734500000000068e+01
4.600639332870053253e-04 2.057212200000000024e+01
4.800667129951360435e-04 2.245619900000000158e+01
5.000694927032666532e-04 2.484549000000000163e+01
5.200722724113973714e-04 2.780339100000000130e+01
5.400750521195279812e-04 3.171273899999999912e+01
5.600778318276586993e-04 3.729093100000000049e+01
5.800806115357893091e-04 4.584564799999999707e+01
6.000833912439200273e-04 5.981250899999999859e+01
6.200861709520506370e-04 8.277071499999999560e+01
6.400889506601813552e-04 1.181574269999999984e+02
6.600917303683120733e-04 1.679824089999999899e+02
6.800945100764426831e-04 2.319556129999999996e+02
7.000972897845734013e-04 3.065979609999999980e+02
7.201000694927040110e-04 3.826407770000000141e+02
7.401028492008347292e-04 4.482035979999999995e+02
7.601056289089653389e-04 4.892976929999999811e+02
7.801084086170960571e-04 5.003111959999999954e+02
8.001111883252266669e-04 4.801893559999999752e+02
8.201139680333573850e-04 4.413107830000000149e+02
8.401167477414879948e-04 3.935672650000000203e+02
8.601195274496187130e-04 3.450181680000000028e+02
8.801223071577493227e-04 2.973600430000000188e+02
9.001250868658800409e-04 2.553865260000000035e+02
9.201278665740106506e-04 2.097471180000000004e+02
9.401306462821413688e-04 1.591402410000000032e+02
9.601334259902720870e-04 1.055088879999999989e+02
9.801362056984026967e-04 6.008503699999999981e+01
1.000138985406533306e-03 2.355656199999999956e+01
1.020141765114664133e-03 4.618329999999999935e-01
1.040144544822794743e-03 -8.441784000000000177e+00
1.060147324530925353e-03 -5.641041000000000416e+00
1.080150104239055962e-03 8.475256999999999152e+00
1.100152883947186789e-03 3.195016299999999987e+01
1.120155663655317399e-03 5.250629500000000149e+01
1.140158443363448008e-03 6.994898999999999489e+01
1.160161223071578618e-03 6.788809500000000696e+01
1.180164002779709445e-03 5.697146999999999650e+01
1.200166782487840055e-03 3.194023500000000126e+01
1.220169562195970664e-03 -1.418414999999999981e+00
1.240172341904101274e-03 -2.137297399999999925e+01
1.260175121612232101e-03 -4.182651899999999756e+01
1.280177901320362710e-03 -4.551674200000000070e+01
1.300180681028493320e-03 -2.944940400000000125e+01
1.320183460736624147e-03 -1.184397099999999980e+01
1.340186240444754756e-03 3.948827999999999783e+00
1.360189020152885366e-03 2.303622899999999873e+01
1.380191799861015976e-03 2.826655900000000088e+01
1.400194579569146803e-03 2.851682999999999879e+01
1.420197359277277412e-03 1.007330900000000007e+01
1.440200138985408022e-03 2.206789999999999807e+00
1.460202918693538632e-03 3.033587999999999951e+00
1.480205698401669458e-03 -3.813676000000000066e+00
1.500208478109800068e-03 5.472843000000000124e+00
1.520211257817930678e-03 1.401678800000000003e+01
1.540214037526061288e-03 1.418276999999999965e+01
1.560216817234192114e-03 2.359692300000000031e+01
1.580219596942322724e-03 1.603887999999999892e+01
1.600222376650453334e-03 1.009692800000000013e+01
1.620225156358584160e-03 -1.922787000000000024e+00
1.640227936066714770e-03 1.993505000000000082e+00
1.660230715774845380e-03 9.572376000000000218e+00
1.680233495482975990e-03 4.843489999999999740e-01
1.700236275191106816e-03 4.749475999999999587e+00
1.720239054899237426e-03 4.037398999999999738e+00
1.740241834607368036e-03 -6.258251999999999704e+00
1.760244614315498645e-03 -1.210202899999999993e+01
1.780247394023629472e-03 -2.295318200000000175e+01
1.800250173731760082e-03 -3.332494599999999707e+01
1.820252953439890692e-03 -3.253072199999999725e+01
1.840255733148021301e-03 -1.834136099999999914e+01
1.860258512856152128e-03 -7.757155000000000022e+00
1.880261292564282738e-03 1.253138099999999966e+01
1.900264072272413347e-03 3.281517900000000054e+01
1.920266851980544174e-03 3.801124899999999940e+01
1.940269631688674784e-03 4.522616599999999920e+01
1.960272411396805393e-03 3.165440500000000057e+01
1.980275191104936220e-03 2.081168699999999916e+01
2.000277970813066613e-03 2.597672999999999899e+00
2.020280750521197440e-03 -1.093567400000000056e+01
2.040283530229328266e-03 -1.589088100000000026e+01
2.060286309937458659e-03 -2.272510199999999969e+01
2.080289089645589486e-03 -1.905233399999999833e+01
2.100291869353719879e-03 -1.258472800000000014e+01
2.120294649061850705e-03 -8.646959000000000728e+00
2.140297428769981532e-03 -5.088847000000000342e+00
2.160300208478111925e-03 -3.667289999999999939e+00
2.180302988186242751e-03 -3.164280999999999899e+00
2.200305767894373578e-03 -8.042790000000000106e+00
2.220308547602503971e-03 -1.155269000000000013e+01
2.240311327310634797e-03 -9.035246000000000777e+00
2.260314107018765624e-03 -7.557366000000000028e+00
2.280316886726896017e-03 2.489369999999999916e-01
2.300319666435026843e-03 3.787119999999999931e-01
2.320322446143157236e-03 8.359431999999999974e+00
2.340325225851288063e-03 8.518796000000000035e+00
2.360328005559418890e-03 8.481355999999999895e+00
2.380330785267549282e-03 1.235086300000000037e+01
2.400333564975680109e-03 4.237123000000000417e+00
2.420336344683810936e-03 7.391699000000000019e+00
2.440339124391941329e-03 9.442989999999999995e+00
2.460341904100072155e-03 4.918377999999999695e+00
2.480344683808202548e-03 -1.844143000000000088e+00
2.500347463516333375e-03 -8.049084000000000572e+00
2.520350243224464201e-03 -1.524168000000000056e+01
2.540353022932594594e-03 -1.425642700000000040e+01
2.560355802640725421e-03 -2.052729400000000126e+01
2.580358582348856247e-03 -1.330991099999999960e+01
2.600361362056986640e-03 -1.406890199999999957e+01
2.620364141765117467e-03 -7.270044000000000395e+00
2.640366921473248293e-03 -3.480738000000000110e+00
2.660369701181378686e-03 -4.960045000000000037e+00
2.680372480889509513e-03 1.002216999999999913e+00
2.700375260597639906e-03 -7.445110999999999812e+00
2.720378040305770732e-03 -8.830280000000000351e-01
2.740380820013901559e-03 1.160997000000000057e+00
2.760383599722031952e-03 5.002602000000000437e+00
2.780386379430162778e-03 1.070181000000000004e+01
2.800389159138293605e-03 1.549525099999999966e+01
2.820391938846423998e-03 1.162853499999999940e+01
2.840394718554554825e-03 3.539645999999999848e+00
2.860397498262685217e-03 -6.887539999999999774e-01
2.880400277970816044e-03 3.188849999999999740e-01
2.900403057678946871e-03 -7.219496000000000357e+00
2.920405837387077264e-03 -8.678558999999999912e+00
2.940408617095208090e-03 -1.310895499999999991e+01
2.960411396803338917e-03 -1.003873300000000057e+01
2.980414176511469310e-03 -8.454242999999999952e+00
3.000416956219600136e-03 -7.163562999999999903e+00
3.020419735927730963e-03 -1.120112899999999989e+01
3.040422515635861356e-03 -1.979069000000000145e+01
3.060425295343992182e-03 -1.444544400000000017e+01
3.080428075052122575e-03 -1.139105499999999971e+01
3.100430854760253402e-03 -7.304240000000000066e+00
3.120433634468384228e-03 1.242235999999999896e+00
3.140436414176514621e-03 8.201625999999999195e+00
3.160439193884645448e-03 1.509625800000000062e+01
3.180441973592776275e-03 1.238291800000000009e+01
3.200444753300906667e-03 1.126769499999999979e+01
3.220447533009037494e-03 5.046920000000000073e+00
3.240450312717168321e-03 -1.918439000000000005e+00
3.260453092425298714e-03 -2.647126999999999786e+00
3.280455872133429540e-03 -4.599010999999999960e+00
3.300458651841559933e-03 -6.618701999999999863e+00
3.320461431549690760e-03 -2.250020000000000076e-01
3.340464211257821586e-03 4.418095000000000105e+00
3.360466990965951979e-03 -1.390514000000000028e+00
3.380469770674082806e-03 -6.352144000000000013e+00
3.400472550382213632e-03 -9.720005000000000450e+00
3.420475330090344025e-03 -1.849942700000000073e+01
3.440478109798474852e-03 -1.946923699999999968e+01
3.460480889506605245e-03 -1.524778000000000056e+01
3.480483669214736071e-03 -1.394412299999999938e+01
3.500486448922866898e-03 -8.910208000000000794e+00
3.520489228630997291e-03 4.736432999999999893e+00
3.540492008339128117e-03 9.864046000000000092e+00
3.560494788047258944e-03 8.485379000000000005e+00
3.580497567755389337e-03 1.179269999999999996e+01
3.600500347463520164e-03 5.405554000000000414e+00
3.620503127171650990e-03 -2.036728999999999790e+00
3.640505906879781383e-03 -1.762903000000000109e+00
3.660508686587912210e-03 -3.061822999999999961e+00
3.680511466296042603e-03 -2.202256999999999909e+00
3.700514246004173429e-03 5.127699999999999481e-01
3.720517025712304256e-03 7.088500000000000356e-02
3.740519805420434649e-03 -1.030062999999999951e+00
3.760522585128565475e-03 1.540710000000000135e-01
3.780525364836696302e-03 -2.288882000000000083e+00
3.800528144544826695e-03 -2.466219999999999857e+00
3.820530924252957521e-03 -4.048764000000000252e+00
3.840533703961088348e-03 -8.809761999999999205e+00
3.860536483669218741e-03 -1.123636300000000077e+01
3.880539263377349567e-03 -9.795275000000000176e+00
3.900542043085479960e-03 -1.336279500000000020e+01
3.920544822793610787e-03 -1.142401800000000023e+01
3.940547602501741180e-03 -6.898432999999999815e+00
3.960550382209872440e-03 1.451238999999999946e+00
3.980553161918002833e-03 4.541705999999999577e+00
4.000555941626133226e-03 1.310635000000000083e+01
4.020558721334264486e-03 1.378059700000000021e+01
4.040561501042394879e-03 6.987383999999999595e+00
4.060564280750525272e-03 7.881535000000000402e+00
4.080567060458656532e-03 3.377882000000000051e+00
4.100569840166786925e-03 -1.993967999999999963e+00
4.120572619874917318e-03 -9.459689999999999488e-01
4.140575399583047711e-03 -6.047755999999999688e+00
4.160578179291178971e-03 -7.315984000000000265e+00
4.180580958999309364e-03 -7.203987999999999836e+00
4.200583738707439757e-03 -6.860668000000000433e+00
4.220586518415571017e-03 -5.882812000000000374e+00
4.240589298123701410e-03 -6.182656999999999847e+00
4.260592077831831803e-03 -5.240359999999999907e+00
4.280594857539963063e-03 -5.202854999999999563e+00
4.300597637248093456e-03 -2.098631999999999831e+00
4.320600416956223849e-03 4.777950000000000252e-01
4.340603196664355110e-03 -2.063527999999999807e+00
4.360605976372485502e-03 1.316597000000000017e+00
4.380608756080615895e-03 2.960135000000000183e+00
4.400611535788747156e-03 2.188232000000000177e+00
4.420614315496877549e-03 5.174684000000000061e+00
4.440617095205007941e-03 4.553514999999999979e+00
4.460619874913139202e-03 2.121202999999999950e+00
4.480622654621269595e-03 -1.026623999999999981e+00
4.500625434329399988e-03 -3.728543999999999858e+00
4.520628214037531248e-03 -5.288960999999999579e+00
4.540630993745661641e-03 -3.703173000000000048e+00
4.560633773453792034e-03 1.696774000000000004e+00
4.580636553161922427e-03 1.561741999999999964e+00
4.600639332870053687e-03 3.118201000000000001e+00
4.620642112578184080e-03 2.378611999999999949e+00
4.640644892286314473e-03 -2.874103999999999992e+00
4.660647671994445733e-03 -3.081354999999999844e+00
4.680650451702576126e-03 -9.422041000000000111e+00
4.700653231410706519e-03 -1.439580499999999930e+01
4.720656011118837779e-03 -1.310493199999999980e+01
4.740658790826968172e-03 -5.919863000000000319e+00
4.760661570535098565e-03 4.029157999999999795e+00
4.780664350243229825e-03 8.182679000000000258e+00
4.800667129951360218e-03 9.670616000000000767e+00
4.820669909659490611e-03 9.493472999999999828e+00
4.840672689367621871e-03 4.000412999999999997e+00
4.860675469075752264e-03 1.348132000000000108e+00
4.880678248783882657e-03 -6.367263000000000339e+00
4.900681028492013917e-03 -8.829487999999999559e+00
4.920683808200144310e-03 -7.786290000000000155e+00
4.940686587908274703e-03 -3.775847000000000175e+00
4.960689367616405096e-03 1.181826000000000043e+00
4.980692147324536356e-03 3.312733999999999845e+00
5.000694927032666749e-03 -4.026000000000000134e-01
5.020697706740797142e-03 -1.633647000000000071e+00
5.040700486448928402e-03 -2.240152000000000143e+00
5.060703266157058795e-03 -1.608082000000000011e+00
5.080706045865189188e-03 1.216919999999999946e-01
5.100708825573320448e-03 -9.737400000000000500e-01
5.120711605281450841e-03 -2.913945000000000007e+00
5.140714384989581234e-03 -5.019872000000000334e+00
5.160717164697712495e-03 -4.946418999999999677e+00
5.180719944405842887e-03 -2.314188999999999830e+00
5.200722724113973280e-03 -4.513999999999999783e-03
5.220725503822104541e-03 -4.234289999999999998e-01
5.240728283530234934e-03 -1.759854000000000029e+00
5.260731063238365326e-03 -1.376821999999999990e+00
5.280733842946496587e-03 2.556794000000000011e+00
5.300736622654626980e-03 3.125792999999999822e+00
5.320739402362757373e-03 2.351164999999999949e+00
5.340742182070887765e-03 -1.187349999999999905e+00
5.360744961779019026e-03 -2.789555000000000007e+00
5.380747741487149419e-03 -2.802077999999999847e+00
5.400750521195279812e-03 -1.620020999999999933e+00
5.420753300903411072e-03 -3.369196000000000080e+00
5.440756080611541465e-03 -3.734643000000000157e+00
5.460758860319671858e-03 -3.683187000000000211e+00
5.480761640027803118e-03 -1.695875000000000021e+00
5.500764419735933511e-03 1.162099999999999911e+00
5.520767199444063904e-03 3.404929999999999901e-01
5.540769979152195164e-03 -3.601103999999999861e+00
5.560772758860325557e-03 -4.506156999999999968e+00
5.580775538568455950e-03 -5.114802000000000071e+00
5.600778318276587210e-03 -2.877997000000000138e+00
5.620781097984717603e-03 3.435429999999999873e-01
5.640783877692847996e-03 1.716498999999999997e+00
5.660786657400979256e-03 5.465759999999999508e-01
5.680789437109109649e-03 -9.772440000000000015e-01
5.700792216817240042e-03 -2.847640000000000171e-01
5.720794996525370435e-03 2.287569999999999881e-01
5.740797776233501695e-03 1.877479999999999982e-01
5.760800555941632088e-03 -4.084400000000000253e-01
5.780803335649762481e-03 -2.356755000000000155e+00
5.800806115357893741e-03 -2.849641000000000091e+00
5.820808895066024134e-03 -1.125512999999999986e+00
5.840811674774154527e-03 -5.089510000000000423e-01
5.860814454482285787e-03 5.518319999999999892e-01
5.880817234190416180e-03 -2.280057999999999918e+00
5.900820013898546573e-03 -4.819434000000000218e+00
5.920822793606677834e-03 -5.674133000000000315e+00
5.940825573314808226e-03 -5.535727999999999760e+00
5.960828353022938619e-03 -4.249526000000000359e+00
5.980831132731069880e-03 -2.144832000000000072e+00
6.000833912439200273e-03 -2.458368999999999804e+00
6.020836692147330665e-03 -1.122268000000000043e+00
6.040839471855461926e-03 1.558432999999999957e+00
6.060842251563592319e-03 4.376371999999999929e+00
6.080845031271722712e-03 4.131745999999999697e+00
6.100847810979853972e-03 1.005265999999999993e+00
6.120850590687984365e-03 -2.986035000000000217e+00
6.140853370396114758e-03 -3.489173000000000080e+00
6.160856150104245151e-03 -1.558508000000000004e+00
6.180858929812376411e-03 -6.895980000000000443e-01
6.200861709520506804e-03 -1.899750999999999967e+00
6.220864489228637197e-03 -3.064289000000000041e+00
6.240867268936768457e-03 -3.875579000000000107e+00
6.260870048644898850e-03 -2.859179000000000137e+00
6.280872828353029243e-03 -7.482560000000000322e-01
6.300875608061160503e-03 -3.249940000000000051e-01
6.320878387769290896e-03 -2.590479999999999894e+00
6.340881167477421289e-03 -3.890502999999999822e+00
6.360883947185552549e-03 -3.343176000000000148e+00
6.380886726893682942e-03 -9.955429999999999557e-01
6.400889506601813335e-03 2.137944000000000067e+00
6.420892286309944595e-03 2.922825000000000006e+00
6.440895066018074988e-03 1.637011999999999912e+00
6.460897845726205381e-03 -8.932149999999999812e-01
6.480900625434336641e-03 -2.434295000000000098e+00
6.500903405142467034e-03 -2.192914000000000030e+00
6.520906184850597427e-03 -1.605680999999999914e+00
6.540908964558727820e-03 -1.658369999999999900e+00
6.560911744266859080e-03 -1.977292000000000050e+00
6.580914523974989473e-03 -2.926799999999999957e-01
6.600917303683119866e-03 1.818308000000000035e+00
6.620920083391251126e-03 1.355853999999999893e+00
6.640922863099381519e-03 -1.287925999999999904e+00
6.660925642807511912e-03 -4.525362999999999580e+00
6.680928422515643172e-03 -5.798392999999999908e+00
6.700931202223773565e-03 -3.975764999999999993e+00
6.720933981931903958e-03 -1.112081000000000097e+00
6.740936761640035219e-03 8.518069999999999808e-01
6.760939541348165611e-03 1.643240999999999952e+00
6.780942321056296004e-03 -6.492499999999999660e-02
6.800945100764427265e-03 -1.996758000000000033e+00
6.820947880472557658e-03 -2.681452000000000169e+00
6.840950660180688050e-03 -3.316377999999999826e+00
6.860953439888819311e-03 -2.884421000000000124e+00
6.880956219596949704e-03 -9.083339999999999748e-01
6.900958999305080097e-03 6.653799999999999992e-02
6.920961779013210489e-03 1.018113999999999963e+00
6.940964558721341750e-03 2.470753000000000199e+00
6.960967338429472143e-03 1.362212999999999896e+00
6.980970118137602536e-03 -1.665313000000000043e+00
7.000972897845733796e-03 -3.729191999999999840e+00
7.020975677553864189e-03 -4.080688999999999567e+00
7.040978457261994582e-03 -3.467694999999999972e+00
7.060981236970125842e-03 -9.680950000000000388e-01
7.080984016678256235e-03 1.043679999999999941e+00
7.100986796386386628e-03 -1.197550000000000003e-01
7.120989576094517888e-03 -7.401450000000000529e-01
7.140992355802648281e-03 -8.397480000000000500e-01
7.160995135510778674e-03 -2.218933999999999962e+00
7.180997915218909934e-03 -3.740352999999999817e+00
7.201000694927040327e-03 -3.979722999999999900e+00
7.221003474635170720e-03 -3.726466999999999974e+00
7.241006254343301980e-03 -2.294656999999999947e+00
7.261009034051432373e-03 3.346529999999999783e-01
7.281011813759562766e-03 1.656219000000000108e+00
7.301014593467693159e-03 1.481996000000000091e+00
7.321017373175824419e-03 2.772279999999999744e-01
7.341020152883954812e-03 -1.546567999999999943e+00
7.361022932592085205e-03 -1.711837000000000053e+00
7.381025712300216465e-03 -7.694090000000000096e-01
7.401028492008346858e-03 -4.877969999999999806e-01
7.421031271716477251e-03 -1.353398000000000101e+00
7.441034051424608511e-03 -2.341375999999999902e+00
7.461036831132738904e-03 -1.949974000000000096e+00
7.481039610840869297e-03 -1.745384000000000047e+00
7.501042390549000557e-03 -1.355085000000000095e+00
7.521045170257130950e-03 -1.403815999999999953e+00
7.541047949965261343e-03 -1.986440999999999901e+00
7.561050729673392604e-03 -1.698730000000000073e+00
7.581053509381522997e-03 -1.688671999999999951e+00
7.601056289089653389e-03 -1.717546999999999935e+00
7.621059068797784650e-03 -1.746161999999999992e+00
7.641061848505915043e-03 -2.041790000000000216e+00
7.661064628214045436e-03 -1.210450000000000026e+00
7.681067407922176696e-03 1.030039999999999983e-01
7.701070187630307089e-03 2.363480000000000025e-01
7.721072967338437482e-03 -8.419599999999999307e-02
7.741075747046567875e-03 -4.792969999999999731e-01
7.761078526754699135e-03 -1.220768000000000075e+00
7.781081306462829528e-03 -1.731951999999999936e+00
7.801084086170959921e-03 -1.713783999999999974e+00
7.821086865879090314e-03 -1.172944999999999904e+00
7.841089645587221574e-03 -6.493020000000000458e-01
7.861092425295352834e-03 -1.035319000000000100e+00
7.881095205003482360e-03 -1.647793000000000063e+00
7.901097984711613620e-03 -1.760761999999999938e+00
7.921100764419744880e-03 -1.619501999999999997e+00
7.941103544127874406e-03 -1.956852999999999954e+00
7.961106323836005666e-03 -2.305168999999999802e+00
7.981109103544136926e-03 -2.057946999999999971e+00
8.001111883252266452e-03 -9.860689999999999733e-01
8.021114662960397712e-03 -1.047659999999999980e-01
8.041117442668528972e-03 -1.303310000000000024e-01
8.061120222376658498e-03 -1.705867000000000022e+00
8.081123002084789758e-03 -3.111267999999999923e+00
8.101125781792921018e-03 -2.578085999999999878e+00
8.121128561501050544e-03 -1.328546000000000005e+00
8.141131341209181804e-03 -4.886409999999999920e-01
8.161134120917313065e-03 4.927190000000000181e-01
8.181136900625442590e-03 1.013247999999999927e+00
8.201139680333573850e-03 7.597319999999999629e-01
8.221142460041705111e-03 1.399900000000000033e-01
8.241145239749834636e-03 -1.074251000000000067e+00
8.261148019457965896e-03 -2.810254000000000030e+00
8.281150799166095422e-03 -3.927229000000000081e+00
8.301153578874226682e-03 -4.294038999999999717e+00
8.321156358582357943e-03 -3.514543999999999890e+00
8.341159138290487468e-03 -1.533395999999999981e+00
8.361161917998618728e-03 6.908860000000000001e-01
8.381164697706749989e-03 1.717473000000000027e+00
8.401167477414879514e-03 9.417410000000000503e-01
8.421170257123010774e-03 -9.375980000000000425e-01
8.441173036831142035e-03 -2.695793000000000106e+00
8.461175816539271560e-03 -3.113020000000000120e+00
8.481178596247402821e-03 -2.539673000000000069e+00
8.501181375955534081e-03 -2.220944999999999947e+00
8.521184155663663606e-03 -1.923435000000000006e+00
8.541186935371794867e-03 -5.944720000000000004e-01
8.561189715079926127e-03 1.186496999999999913e+00
8.581192494788055652e-03 1.414902000000000104e+00
8.601195274496186913e-03 -5.034000000000000280e-03
8.621198054204318173e-03 -1.788404000000000105e+00
8.641200833912447699e-03 -3.024512999999999785e+00
8.661203613620578959e-03 -3.246169000000000082e+00
8.681206393328710219e-03 -2.046721999999999930e+00
8.701209173036839745e-03 -2.887219999999999787e-01
8.721211952744971005e-03 5.267849999999999477e-01
8.741214732453102265e-03 2.082519999999999927e-01
8.761217512161231791e-03 -7.363819999999999810e-01
8.781220291869363051e-03 -1.656293000000000015e+00
8.801223071577494311e-03 -2.393027000000000015e+00
8.821225851285623837e-03 -3.006733999999999796e+00
8.841228630993755097e-03 -2.986489000000000171e+00
8.861231410701886357e-03 -2.240282000000000107e+00
8.881234190410015883e-03 -1.001772000000000107e+00
8.901236970118147143e-03 5.969940000000000246e-01
8.921239749826278403e-03 1.440662000000000109e+00
8.941242529534407929e-03 8.706249999999999822e-01
8.961245309242539189e-03 -8.135329999999999506e-01
8.981248088950670450e-03 -2.013694000000000095e+00
9.001250868658799975e-03 -1.914091999999999905e+00
9.021253648366931235e-03 -1.649156000000000066e+00
9.041256428075062496e-03 -1.695419999999999927e+00
9.061259207783192021e-03 -1.684973000000000054e+00
9.081261987491323281e-03 -1.558378000000000041e+00
9.101264767199452807e-03 -1.540599000000000052e+00
9.121267546907584067e-03 -1.692499999999999893e+00
9.141270326615715328e-03 -1.606783999999999990e+00
9.161273106323844853e-03 -1.339965999999999990e+00
9.181275886031976113e-03 -1.106889999999999930e+00
9.201278665740107374e-03 -6.574780000000000069e-01
9.221281445448236899e-03 -6.194000000000000200e-02
9.241284225156368159e-03 1.434940000000000104e-01
9.261287004864499420e-03 -2.149449999999999972e-01
9.281289784572628945e-03 -1.479668999999999901e+00
9.301292564280760206e-03 -2.661531999999999787e+00
9.321295343988891466e-03 -2.685346000000000011e+00
9.341298123697020991e-03 -1.850502000000000091e+00
9.361300903405152252e-03 -8.767340000000000133e-01
9.381303683113283512e-03 -5.342569999999999819e-01
9.401306462821413037e-03 -8.617439999999999545e-01
9.421309242529544298e-03 -9.584270000000000289e-01
9.441312022237675558e-03 -7.597409999999999997e-01
9.461314801945805084e-03 -9.780879999999999574e-01
9.481317581653936344e-03 -1.725853000000000081e+00
9.501320361362067604e-03 -2.369277999999999995e+00
9.521323141070197130e-03 -2.082279999999999909e+00
9.541325920778328390e-03 -1.347687999999999997e+00
9.561328700486459650e-03 -7.396260000000000057e-01
9.581331480194589176e-03 -5.996629999999999461e-01
9.601334259902720436e-03 -7.440379999999999772e-01
9.621337039610851696e-03 -6.398289999999999811e-01
9.641339819318981222e-03 -5.005150000000000432e-01
9.661342599027112482e-03 -7.075719999999999787e-01
9.681345378735243742e-03 -9.820459999999999745e-01
9.701348158443373268e-03 -1.363261000000000056e+00
9.721350938151504528e-03 -1.893132999999999955e+00
9.741353717859635789e-03 -2.287325000000000053e+00
9.761356497567765314e-03 -2.174549999999999983e+00
9.781359277275896574e-03 -1.337371000000000087e+00
9.801362056984027835e-03 -1.749739999999999907e-01
9.821364836692157360e-03 1.694489999999999885e-01
9.841367616400288620e-03 -7.182129999999999903e-01
9.861370396108418146e-03 -1.830127000000000059e+00
9.881373175816549406e-03 -2.240866000000000025e+00
9.901375955524680667e-03 -2.357079000000000146e+00
9.921378735232810192e-03 -2.430401999999999951e+00
9.941381514940941452e-03 -1.864257999999999971e+00
9.961384294649072713e-03 -5.493109999999999937e-01
9.981387074357202238e-03 8.754260000000000375e-01
1.000138985406533350e-02 1.576211999999999946e+00
1.002139263377346476e-02 9.242219999999999880e-01
1.004139541348159428e-02 -9.135900000000000132e-01
1.006139819318972554e-02 -2.465765999999999902e+00
1.008140097289785680e-02 -3.073049000000000142e+00
1.010140375260598633e-02 -3.105623000000000022e+00
1.012140653231411759e-02 -2.426248999999999878e+00
1.014140931202224885e-02 -1.041352999999999973e+00
1.016141209173037838e-02 2.164280000000000093e-01
1.018141487143850964e-02 6.614269999999999872e-01
1.020141765114664090e-02 2.561390000000000056e-01
1.022142043085477042e-02 -7.892649999999999944e-01
1.024142321056290168e-02 -1.889823999999999948e+00
1.026142599027103294e-02 -2.512420000000000098e+00
1.028142876997916247e-02 -2.819144000000000094e+00
1.030143154968729373e-02 -2.726808999999999816e+00
1.032143432939542499e-02 -1.578232999999999997e+00
1.034143710910355451e-02 -2.599200000000000121e-02
1.036143988881168577e-02 4.066130000000000022e-01
1.038144266851981704e-02 -2.289609999999999979e-01
1.040144544822794656e-02 -1.018642999999999965e+00
1.042144822793607782e-02 -1.270470999999999906e+00
1.044145100764420908e-02 -1.045052000000000092e+00
1.046145378735233861e-02 -8.376710000000000544e-01
1.048145656706046987e-02 -1.058872999999999953e+00
1.050145934676860113e-02 -1.317903999999999964e+00
1.052146212647673065e-02 -1.070292999999999939e+00
1.054146490618486191e-02 -9.789320000000000244e-01
1.056146768589299317e-02 -1.483562000000000047e+00
1.058147046560112270e-02 -1.838432999999999984e+00
1.060147324530925396e-02 -1.848815000000000097e+00
1.062147602501738522e-02 -1.628781000000000034e+00
1.064147880472551475e-02 -9.497320000000000206e-01
1.066148158443364601e-02 -3.633430000000000271e-01
1.068148436414177553e-02 -4.111650000000000027e-01
1.070148714384990679e-02 -8.378659999999999997e-01
1.072148992355803805e-02 -1.391162000000000010e+00
1.074149270326616758e-02 -1.916687000000000030e+00
1.076149548297429884e-02 -2.012137000000000064e+00
1.078149826268243010e-02 -1.536769999999999969e+00
1.080150104239055962e-02 -1.094495999999999913e+00
1.082150382209869088e-02 -9.290329999999999977e-01
1.084150660180682214e-02 -6.718830000000000080e-01
1.086150938151495167e-02 -1.630999999999999950e-01
1.088151216122308293e-02 2.942200000000000024e-02
1.090151494093121419e-02 -5.587189999999999657e-01
1.092151772063934372e-02 -1.509841999999999906e+00
1.094152050034747498e-02 -2.160404999999999909e+00
1.096152328005560624e-02 -1.921683000000000030e+00
1.098152605976373576e-02 -1.182549000000000072e+00
1.100152883947186702e-02 -8.539579999999999949e-01
1.102153161917999828e-02 -9.431779999999999609e-01
1.104153439888812781e-02 -9.706259999999999888e-01
1.106153717859625907e-02 -1.012802999999999898e+00
1.108153995830439033e-02 -1.481290999999999913e+00
1.110154273801251985e-02 -1.844532000000000060e+00
1.112154551772065111e-02 -1.961718999999999991e+00
1.114154829742878237e-02 -2.056973999999999858e+00
1.116155107713691190e-02 -1.599256999999999929e+00
1.118155385684504316e-02 -6.685740000000000016e-01
1.120155663655317442e-02 -1.363010000000000055e-01
1.122155941626130395e-02 9.424499999999999544e-02
1.124156219596943521e-02 -4.098099999999999660e-02
1.126156497567756647e-02 -9.141089999999999494e-01
1.128156775538569599e-02 -1.664209000000000049e+00
1.130157053509382725e-02 -1.621707999999999927e+00
1.132157331480195851e-02 -1.447289999999999965e+00
1.134157609451008804e-02 -1.632155000000000022e+00
1.136157887421821930e-02 -1.754143999999999926e+00
1.138158165392635056e-02 -1.467146000000000061e+00
1.140158443363448008e-02 -1.007093000000000016e+00
1.142158721334261134e-02 -5.448979999999999935e-01
1.144158999305074087e-02 -6.744139999999999580e-01
1.146159277275887213e-02 -1.310442000000000107e+00
1.148159555246700339e-02 -1.609378999999999893e+00
1.150159833217513292e-02 -1.573560999999999988e+00
1.152160111188326418e-02 -1.634880000000000111e+00
1.154160389159139544e-02 -1.759789000000000048e+00
1.156160667129952496e-02 -1.633127999999999913e+00
1.158160945100765622e-02 -1.229527000000000037e+00
1.160161223071578748e-02 -7.692149999999999821e-01
1.162161501042391701e-02 -4.674869999999999859e-01
1.164161779013204827e-02 -3.352470000000000172e-01
1.166162056984017953e-02 -5.259509999999999463e-01
1.168162334954830905e-02 -9.655650000000000066e-01
1.170162612925644031e-02 -1.712291000000000007e+00
1.172162890896457157e-02 -2.226525000000000087e+00
1.174163168867270110e-02 -1.939397999999999955e+00
1.176163446838083236e-02 -1.095793999999999935e+00
1.178163724808896362e-02 -5.175809999999999578e-01
1.180164002779709315e-02 -6.076449999999999907e-01
1.182164280750522441e-02 -9.053489999999999593e-01
1.184164558721335567e-02 -1.063479999999999981e+00
1.186164836692148519e-02 -1.370462999999999987e+00
1.188165114662961645e-02 -1.928042000000000034e+00
1.190165392633774771e-02 -2.265003999999999795e+00
1.192165670604587724e-02 -2.034003999999999923e+00
1.194165948575400850e-02 -1.219988999999999990e+00
1.196166226546213976e-02 -3.408919999999999728e-01
1.198166504517026928e-02 -1.815930000000000044e-01
1.200166782487840055e-02 -6.474210000000000242e-01
1.202167060458653181e-02 -1.080286000000000080e+00
1.204167338429466133e-02 -1.472790999999999961e+00
1.206167616400279259e-02 -1.762644000000000100e+00
1.208167894371092385e-02 -1.620281000000000082e+00
1.210168172341905338e-02 -1.205389000000000044e+00
1.212168450312718464e-02 -8.195029999999999815e-01
1.214168728283531590e-02 -6.701960000000000139e-01
1.216169006254344542e-02 -9.344829999999999526e-01
1.218169284225157668e-02 -1.429640999999999940e+00
1.220169562195970794e-02 -1.672449999999999992e+00
1.222169840166783747e-02 -1.626055999999999946e+00
1.224170118137596873e-02 -1.530605999999999911e+00
1.226170396108409825e-02 -1.185403999999999902e+00
1.228170674079222952e-02 -4.695639999999999814e-01
1.230170952050036078e-02 -3.384399999999999908e-02
1.232171230020849030e-02 -3.562049999999999939e-01
1.234171507991662156e-02 -1.344443000000000055e+00
1.236171785962475282e-02 -2.341247000000000078e+00
1.238172063933288235e-02 -2.625713999999999881e+00
1.240172341904101361e-02 -2.135942000000000007e+00
1.242172619874914487e-02 -1.391551999999999900e+00
1.244172897845727439e-02 -7.023810000000000331e-01
1.246173175816540565e-02 -2.237049999999999872e-01
1.248173453787353691e-02 1.151300000000000066e-02
1.250173731758166644e-02 -2.462209999999999954e-01
1.252174009728979770e-02 -9.813969999999999638e-01
1.254174287699792896e-02 -1.748498000000000108e+00
1.256174565670605849e-02 -2.198752999999999957e+00
1.258174843641418975e-02 -2.175912999999999986e+00
1.260175121612232101e-02 -1.658759000000000094e+00
1.262175399583045053e-02 -1.001382999999999912e+00
1.264175677553858179e-02 -5.179700000000000415e-01
1.266175955524671305e-02 -4.357570000000000054e-01
1.268176233495484258e-02 -7.319039999999999990e-01
1.270176511466297384e-02 -1.369359999999999911e+00
1.272176789437110510e-02 -1.715211000000000041e+00
1.274177067407923462e-02 -1.611909999999999954e+00
1.276177345378736588e-02 -1.482458999999999971e+00
1.278177623349549714e-02 -1.425164000000000097e+00
1.280177901320362667e-02 -1.284227999999999925e+00
1.282178179291175793e-02 -1.099882000000000026e+00
1.284178457261988919e-02 -9.489530000000000465e-01
1.286178735232801872e-02 -7.692799999999999638e-01
1.288179013203614998e-02 -8.733589999999999964e-01
1.290179291174428124e-02 -1.192217000000000082e+00
1.292179569145241076e-02 -1.331401000000000057e+00
1.294179847116054202e-02 -1.290651999999999910e+00
1.296180125086867328e-02 -1.269951999999999970e+00
1.298180403057680281e-02 -1.279490999999999934e+00
1.300180681028493407e-02 -1.303563999999999945e+00
1.302180958999306359e-02 -1.309922999999999949e+00
1.304181236970119485e-02 -1.228099999999999969e+00
1.306181514940932611e-02 -1.111172000000000049e+00
1.308181792911745564e-02 -1.023185000000000011e+00
1.310182070882558690e-02 -1.084308999999999967e+00
1.312182348853371816e-02 -1.218301999999999996e+00
1.314182626824184769e-02 -1.404983000000000093e+00
1.316182904794997895e-02 -1.418868999999999936e+00
1.318183182765811021e-02 -1.200523000000000007e+00
1.320183460736623973e-02 -1.002680000000000016e+00
1.322183738707437099e-02 -9.752979999999999983e-01
1.324184016678250225e-02 -9.721180000000000376e-01
1.326184294649063178e-02 -1.019355999999999929e+00
1.328184572619876304e-02 -1.106630000000000003e+00
1.330184850590689430e-02 -1.344702999999999982e+00
1.332185128561502382e-02 -1.633582000000000090e+00
1.334185406532315508e-02 -1.693993000000000082e+00
1.336185684503128634e-02 -1.638708999999999971e+00
1.338185962473941587e-02 -1.356641999999999904e+00
1.340186240444754713e-02 -1.136673000000000044e+00
1.342186518415567839e-02 -1.070683000000000051e+00
1.344186796386380792e-02 -9.884699999999999598e-01
1.346187074357193918e-02 -9.257889999999999731e-01
1.348187352328007044e-02 -9.856150000000000189e-01
1.350187630298819996e-02 -1.137256999999999962e+00
1.352187908269633122e-02 -1.294349999999999890e+00
1.354188186240446248e-02 -1.341328999999999994e+00
1.356188464211259201e-02 -1.225764000000000076e+00
1.358188742182072327e-02 -1.092225000000000001e+00
1.360189020152885453e-02 -1.102022999999999975e+00
1.362189298123698405e-02 -1.299152000000000085e+00
1.364189576094511532e-02 -1.407448999999999950e+00
1.366189854065324658e-02 -1.388241999999999976e+00
1.368190132036137610e-02 -1.370203999999999978e+00
1.370190410006950736e-02 -1.161785000000000068e+00
1.372190687977763862e-02 -9.401289999999999925e-01
1.374190965948576815e-02 -9.296820000000000084e-01
1.376191243919389941e-02 -1.085477000000000025e+00
1.378191521890203067e-02 -1.330297999999999981e+00
1.380191799861016019e-02 -1.446771000000000029e+00
1.382192077831829145e-02 -1.523274000000000017e+00
1.384192355802642098e-02 -1.522949000000000108e+00
1.386192633773455224e-02 -1.462409000000000070e+00
1.388192911744268350e-02 -1.179044999999999899e+00
1.390193189715081303e-02 -6.693529999999999758e-01
1.392193467685894429e-02 -3.967600000000000016e-01
1.394193745656707555e-02 -5.668299999999999450e-01
1.396194023627520507e-02 -1.118894000000000055e+00
1.398194301598333633e-02 -1.748043999999999931e+00
1.400194579569146759e-02 -2.029072000000000209e+00
1.402194857539959712e-02 -1.890473000000000070e+00
1.404195135510772838e-02 -1.498680999999999930e+00
1.406195413481585964e-02 -1.021886999999999990e+00
1.408195691452398916e-02 -6.250989999999999602e-01
1.410195969423212042e-02 -3.646409999999999929e-01
1.412196247394025168e-02 -4.506169999999999898e-01
1.414196525364838121e-02 -9.448010000000000019e-01
1.416196803335651247e-02 -1.581931999999999894e+00
1.418197081306464373e-02 -1.982418000000000013e+00
1.420197359277277326e-02 -2.054962999999999873e+00
1.422197637248090452e-02 -1.771403999999999979e+00
1.424197915218903578e-02 -1.170220000000000038e+00
1.426198193189716530e-02 -5.860370000000000301e-01
1.428198471160529656e-02 -3.467970000000000219e-01
1.430198749131342782e-02 -6.082940000000000014e-01
1.432199027102155735e-02 -1.107278999999999902e+00
1.434199305072968861e-02 -1.476229999999999931e+00
1.436199583043781987e-02 -1.579725999999999964e+00
1.438199861014594939e-02 -1.499589999999999979e+00
1.440200138985408065e-02 -1.339317000000000091e+00
1.442200416956221191e-02 -1.122268000000000043e+00
1.444200694927034144e-02 -9.699769999999999781e-01
1.446200972897847270e-02 -8.536979999999999569e-01
1.448201250868660396e-02 -8.724509999999999765e-01
1.450201528839473349e-02 -1.147184999999999899e+00
1.452201806810286475e-02 -1.451896999999999993e+00
1.454202084781099601e-02 -1.476359999999999895e+00
1.456202362751912553e-02 -1.251719000000000026e+00
1.458202640722725679e-02 -1.028051000000000048e+00
1.460202918693538632e-02 -9.119669999999999721e-01
1.462203196664351758e-02 -9.638780000000000125e-01
1.464203474635164884e-02 -1.116039000000000003e+00
1.466203752605977836e-02 -1.270796000000000037e+00
1.468204030576790962e-02 -1.297010999999999914e+00
1.470204308547604088e-02 -1.197926999999999964e+00
1.472204586518417041e-02 -1.063285000000000036e+00
1.474204864489230167e-02 -9.927529999999999966e-01
1.476205142460043293e-02 -1.039925999999999906e+00
1.478205420430856246e-02 -1.138749999999999929e+00
1.480205698401669372e-02 -1.204739999999999922e+00
1.482205976372482498e-02 -1.210061000000000053e+00
1.484206254343295450e-02 -1.230501000000000067e+00
1.486206532314108576e-02 -1.177357999999999905e+00
1.488206810284921702e-02 -1.064583000000000057e+00
1.490207088255734655e-02 -9.019749999999999712e-01
1.492207366226547781e-02 -7.992580000000000240e-01
1.494207644197360907e-02 -9.125510000000000010e-01
1.496207922168173859e-02 -1.140112000000000014e+00
1.498208200138986985e-02 -1.260998000000000063e+00
1.500208478109800111e-02 -1.273001999999999967e+00
1.502208756080613064e-02 -1.268199999999999994e+00
1.504209034051426190e-02 -1.198315999999999937e+00
1.506209312022239316e-02 -1.101828999999999947e+00
1.508209589993052269e-02 -1.087877999999999901e+00
1.510209867963865395e-02 -1.131936000000000053e+00
1.512210145934678521e-02 -1.156659000000000104e+00
1.514210423905491473e-02 -1.212331999999999965e+00
1.516210701876304599e-02 -1.181834999999999969e+00
1.518210979847117725e-02 -1.141799000000000008e+00
1.520211257817930678e-02 -1.126031999999999922e+00
1.522211535788743804e-02 -1.138619999999999965e+00
1.524211813759556930e-02 -1.174697000000000102e+00
1.526212091730369882e-02 -1.232836999999999961e+00
1.528212369701183009e-02 -1.241986000000000034e+00
1.530212647671996135e-02 -1.111107999999999985e+00
1.532212925642809087e-02 -8.836770000000000458e-01
1.534213203613622213e-02 -6.866130000000000289e-01
1.536213481584435339e-02 -5.975869999999999793e-01
1.538213759555248292e-02 -7.839439999999999742e-01
1.540214037526061418e-02 -1.159124000000000043e+00
1.542214315496874370e-02 -1.484730000000000105e+00
1.544214593467687496e-02 -1.605874999999999941e+00
1.546214871438500622e-02 -1.656811999999999951e+00
1.548215149409313575e-02 -1.501860999999999891e+00
1.550215427380126701e-02 -1.154322999999999988e+00
1.552215705350939827e-02 -7.324239999999999640e-01
1.554215983321752780e-02 -5.256920000000000481e-01
1.556216261292565906e-02 -6.152370000000000339e-01
1.558216539263379032e-02 -9.379229999999999512e-01
1.560216817234191984e-02 -1.319007000000000041e+00
1.562217095205005110e-02 -1.591015999999999986e+00
1.564217373175818063e-02 -1.616776999999999909e+00
1.566217651146631362e-02 -1.435934999999999961e+00
1.568217929117444315e-02 -1.068151999999999990e+00
1.570218207088257267e-02 -7.478019999999999667e-01
1.572218485059070567e-02 -5.854530000000000012e-01
1.574218763029883519e-02 -6.842770000000000241e-01
1.576219041000696472e-02 -9.361709999999999754e-01
1.578219318971509771e-02 -1.207854999999999901e+00
1.580219596942322724e-02 -1.344638000000000000e+00
1.582219874913135677e-02 -1.410174000000000039e+00
1.584220152883948976e-02 -1.298826999999999954e+00
1.586220430854761929e-02 -1.032788000000000039e+00
1.588220708825574881e-02 -7.822569999999999801e-01
1.590220986796388181e-02 -7.457249999999999712e-01
1.592221264767201133e-02 -9.791260000000000518e-01
1.594221542738014086e-02 -1.333218000000000014e+00
1.596221820708827385e-02 -1.539625000000000021e+00
1.598222098679640338e-02 -1.473764000000000074e+00
1.600222376650453290e-02 -1.320435000000000025e+00
1.602222654621266590e-02 -1.131547000000000081e+00
1.604222932592079542e-02 -8.986009999999999831e-01
1.606223210562892495e-02 -6.760359999999999703e-01
1.608223488533705794e-02 -6.152370000000000339e-01
1.610223766504518747e-02 -7.039379999999999526e-01
1.612224044475331700e-02 -9.892490000000000450e-01
1.614224322446144999e-02 -1.261711999999999945e+00
1.616224600416957952e-02 -1.375718999999999914e+00
1.618224878387770904e-02 -1.335228999999999999e+00
1.620225156358584204e-02 -1.220183999999999935e+00
1.622225434329397156e-02 -1.088071999999999928e+00
1.624225712300210109e-02 -1.014035999999999937e+00
1.626225990271023408e-02 -1.036356999999999973e+00
1.628226268241836361e-02 -1.122981999999999925e+00
1.630226546212649313e-02 -1.159642999999999979e+00
1.632226824183462613e-02 -1.146860999999999908e+00
1.634227102154275565e-02 -1.055109999999999992e+00
1.636227380125088518e-02 -1.004431999999999992e+00
1.638227658095901818e-02 -9.836030000000000051e-01
1.640227936066714770e-02 -1.048491000000000062e+00
1.642228214037527723e-02 -1.149650999999999978e+00
1.644228492008341022e-02 -1.318359000000000059e+00
1.646228769979153975e-02 -1.475257000000000041e+00
1.648229047949966927e-02 -1.495111999999999997e+00
1.650229325920780227e-02 -1.365142000000000078e+00
1.652229603891593179e-02 -1.041612999999999900e+00
1.654229881862406132e-02 -7.255449999999999955e-01
1.656230159833219084e-02 -5.750060000000000171e-01
1.658230437804032384e-02 -6.463179999999999481e-01
1.660230715774845336e-02 -8.297550000000000203e-01
1.662230993745658289e-02 -1.066076000000000024e+00
1.664231271716471589e-02 -1.266383999999999954e+00
1.666231549687284541e-02 -1.369294999999999929e+00
1.668231827658097494e-02 -1.382662000000000058e+00
1.670232105628910793e-02 -1.296102000000000087e+00
1.672232383599723746e-02 -1.147119999999999918e+00
1.674232661570536698e-02 -1.005211000000000077e+00
1.676232939541349998e-02 -9.311089999999999645e-01
1.678233217512162950e-02 -9.437619999999999898e-01
1.680233495482975903e-02 -1.050696999999999992e+00
1.682233773453789202e-02 -1.145563000000000109e+00
1.684234051424602155e-02 -1.182484000000000091e+00
1.686234329395415107e-02 -1.147834000000000021e+00
1.688234607366228407e-02 -1.100726000000000093e+00
1.690234885337041359e-02 -1.133882999999999974e+00
1.692235163307854312e-02 -1.147119999999999918e+00
1.694235441278667612e-02 -1.094821000000000044e+00
1.696235719249480564e-02 -1.007157999999999998e+00
1.698235997220293517e-02 -9.944399999999999906e-01
1.700236275191106816e-02 -9.967110000000000136e-01
1.702236553161919769e-02 -1.103709999999999969e+00
1.704236831132732721e-02 -1.242115999999999998e+00
1.706237109103546021e-02 -1.290845999999999938e+00
1.708237387074358973e-02 -1.258661999999999948e+00
1.710237665045171926e-02 -1.170090000000000074e+00
1.712237943015985225e-02 -1.061079000000000105e+00
1.714238220986798178e-02 -9.638780000000000125e-01
1.716238498957611130e-02 -9.373390000000000333e-01
1.718238776928424430e-02 -9.722480000000000011e-01
1.720239054899237383e-02 -1.081777999999999906e+00
1.722239332870050335e-02 -1.281307999999999891e+00
1.724239610840863635e-02 -1.466431999999999958e+00
1.726239888811676587e-02 -1.541376999999999997e+00
1.728240166782489540e-02 -1.371046999999999905e+00
1.730240444753302839e-02 -1.034929999999999906e+00
1.732240722724115792e-02 -6.969300000000000495e-01
1.734241000694928744e-02 -6.079039999999999999e-01
1.736241278665742044e-02 -7.466340000000000199e-01
1.738241556636554996e-02 -1.003589000000000064e+00
1.740241834607367949e-02 -1.262815000000000021e+00
1.742242112578181248e-02 -1.452091999999999938e+00
1.744242390548994201e-02 -1.509128000000000025e+00
1.746242668519807154e-02 -1.401219999999999910e+00
1.748242946490620453e-02 -1.204091000000000022e+00
1.750243224461433406e-02 -9.475909999999999611e-01
1.752243502432246358e-02 -8.104829999999999535e-01
1.754243780403059658e-02 -8.329339999999999522e-01
1.756244058373872610e-02 -1.040964000000000000e+00
1.758244336344685563e-02 -1.251004999999999923e+00
1.760244614315498862e-02 -1.371307000000000054e+00
1.762244892286311815e-02 -1.329453999999999914e+00
1.764245170257124767e-02 -1.142317999999999945e+00
1.766245448227938067e-02 -9.680299999999999461e-01
1.768245726198751019e-02 -9.123569999999999736e-01
1.770246004169563972e-02 -1.002809999999999979e+00
1.772246282140377271e-02 -1.166522000000000059e+00
1.774246560111190224e-02 -1.264242000000000088e+00
1.776246838082003177e-02 -1.252822000000000102e+00
1.778247116052816476e-02 -1.184106000000000103e+00
1.780247394023629429e-02 -1.114092000000000082e+00
1.782247671994442381e-02 -1.039600999999999997e+00
1.784247949965255681e-02 -9.596599999999999575e-01
1.786248227936068633e-02 -9.852260000000000462e-01
1.788248505906881586e-02 -1.117402000000000006e+00
1.790248783877694885e-02 -1.314011000000000040e+00
1.792249061848507838e-02 -1.422957000000000027e+00
1.794249339819320790e-02 -1.414652000000000021e+00
1.796249617790134090e-02 -1.200132999999999894e+00
1.798249895760947042e-02 -9.557670000000000332e-01
1.800250173731759995e-02 -8.030859999999999665e-01
1.802250451702573295e-02 -8.040589999999999682e-01
1.804250729673386247e-02 -8.973029999999999617e-01
1.806251007644199200e-02 -1.087488000000000010e+00
1.808251285615012499e-02 -1.265670000000000073e+00
1.810251563585825452e-02 -1.329518999999999895e+00
1.812251841556638404e-02 -1.295063999999999993e+00
1.814252119527451357e-02 -1.206167999999999907e+00
1.816252397498264656e-02 -1.131936000000000053e+00
1.818252675469077609e-02 -1.048295999999999895e+00
1.820252953439890561e-02 -1.035578000000000110e+00
1.822253231410703861e-02 -1.090602999999999989e+00
1.824253509381516813e-02 -1.217977000000000087e+00
1.826253787352329766e-02 -1.339771000000000045e+00
1.828254065323143066e-02 -1.364039000000000001e+00
1.830254343293956018e-02 -1.272807000000000022e+00
1.832254621264768971e-02 -1.148028999999999966e+00
1.834254899235582270e-02 -1.013061999999999907e+00
1.836255177206395223e-02 -9.676409999999999734e-01
1.838255455177208175e-02 -9.916490000000000027e-01
1.840255733148021475e-02 -1.072888999999999982e+00
1.842256011118834427e-02 -1.155230999999999897e+00
1.844256289089647380e-02 -1.256326000000000054e+00
1.846256567060460679e-02 -1.273716000000000070e+00
1.848256845031273632e-02 -1.219535000000000036e+00
1.850257123002086584e-02 -1.115455000000000085e+00
1.852257400972899884e-02 -1.027012999999999954e+00
1.854257678943712837e-02 -9.559609999999999497e-01
1.856257956914525789e-02 -9.317579999999999751e-01
1.858258234885339089e-02 -9.016499999999999515e-01
1.860258512856152041e-02 -9.899620000000000086e-01
1.862258790826964994e-02 -1.144134999999999902e+00
1.864259068797778293e-02 -1.297074999999999978e+00
1.866259346768591246e-02 -1.414392000000000094e+00
1.868259624739404198e-02 -1.416014000000000106e+00
1.870259902710217498e-02 -1.341328999999999994e+00
1.872260180681030450e-02 -1.233745000000000092e+00
1.874260458651843403e-02 -1.141410000000000036e+00
1.876260736622656702e-02 -1.031036000000000064e+00
1.878261014593469655e-02 -9.322770000000000223e-01
1.880261292564282607e-02 -8.729700000000000237e-01
1.882261570535095907e-02 -9.036619999999999653e-01
1.884261848505908860e-02 -1.014294999999999947e+00
1.886262126476721812e-02 -1.150754000000000055e+00
1.888262404447535112e-02 -1.238027999999999906e+00
1.890262682418348064e-02 -1.215966000000000102e+00
1.892262960389161017e-02 -1.170220000000000038e+00
1.894263238359974316e-02 -1.086449999999999916e+00
1.896263516330787269e-02 -1.062052999999999914e+00
1.898263794301600221e-02 -1.109356000000000009e+00
1.900264072272413521e-02 -1.151078000000000046e+00
1.902264350243226473e-02 -1.165483000000000047e+00
1.904264628214039426e-02 -1.172620999999999913e+00
1.906264906184852725e-02 -1.184884999999999966e+00
1.908265184155665678e-02 -1.161524999999999919e+00
1.910265462126478631e-02 -1.141799000000000008e+00
1.912265740097291930e-02 -1.110263999999999918e+00
1.914266018068104883e-02 -1.081129000000000007e+00
1.916266296038917835e-02 -1.094951000000000008e+00
1.918266574009731135e-02 -1.201106999999999925e+00
1.920266851980544087e-02 -1.280464000000000047e+00
1.922267129951357040e-02 -1.298826999999999954e+00
1.924267407922170339e-02 -1.200328000000000062e+00
1.926267685892983292e-02 -1.000019999999999909e+00
1.928267963863796244e-02 -8.115210000000000479e-01
1.930268241834609544e-02 -7.876429999999999820e-01
1.932268519805422496e-02 -9.077499999999999458e-01
1.934268797776235449e-02 -1.035384000000000082e+00
1.936269075747048748e-02 -1.188973000000000058e+00
1.938269353717861701e-02 -1.281697000000000086e+00
1.940269631688674654e-02 -1.351320999999999994e+00
1.942269909659487953e-02 -1.345286999999999900e+00
1.944270187630300906e-02 -1.278971999999999998e+00
1.946270465601113858e-02 -1.186701999999999924e+00
1.948270743571927158e-02 -1.118699000000000110e+00
1.950271021542740110e-02 -1.136543000000000081e+00
1.952271299513553063e-02 -1.245360000000000023e+00
1.954271577484366362e-02 -1.330427999999999944e+00
1.956271855455179315e-02 -1.319137000000000004e+00
1.958272133425992267e-02 -1.165677999999999992e+00
1.960272411396805567e-02 -9.651100000000000234e-01
1.962272689367618519e-02 -8.293660000000000476e-01
1.964272967338431472e-02 -8.256670000000000398e-01
1.966273245309244772e-02 -9.634880000000000111e-01
1.968273523280057724e-02 -1.152571000000000012e+00
1.970273801250870677e-02 -1.297139999999999960e+00
1.972274079221683629e-02 -1.345482000000000067e+00
1.974274357192496929e-02 -1.285654999999999992e+00
1.976274635163309881e-02 -1.155815000000000037e+00
1.978274913134122834e-02 -9.988519999999999621e-01
1.980275191104936133e-02 -8.561640000000000361e-01
1.982275469075749086e-02 -8.277430000000000065e-01
1.984275747046562038e-02 -9.288380000000000525e-01
1.986276025017375338e-02 -1.181381000000000014e+00
1.988276302988188290e-02 -1.402128000000000041e+00
1.990276580959001243e-02 -1.480058000000000096e+00
1.992276858929814543e-02 -1.430873999999999979e+00
1.994277136900627495e-02 -1.258143000000000011e+00
1.996277414871440448e-02 -1.067503000000000091e+00
1.998277692842253747e-02 -9.477210000000000356e-01
2.000277970813066700e-02 -9.107349999999999612e-01
2.002278248783879652e-02 -9.310439999999999827e-01
2.004278526754692952e-02 -9.914549999999999752e-01
2.006278804725505904e-02 -1.043169999999999931e+00
2.008279082696318857e-02 -1.099558000000000035e+00
2.010279360667132156e-02 -1.139982999999999969e+00
2.012279638637945109e-02 -1.123631000000000046e+00
2.014279916608758061e-02 -1.117790999999999979e+00
2.016280194579571361e-02 -1.123890000000000056e+00
2.018280472550384314e-02 -1.157048000000000076e+00
2.020280750521197266e-02 -1.187934000000000045e+00
2.022281028492010566e-02 -1.204674999999999940e+00
2.024281306462823518e-02 -1.184625000000000039e+00
2.026281584433636471e-02 -1.138360000000000039e+00
2.028281862404449770e-02 -1.076586999999999961e+00
2.030282140375262723e-02 -1.050567000000000029e+00
2.032282418346075675e-02 -1.052059999999999995e+00
2.034282696316888975e-02 -1.078923000000000076e+00
2.036282974287701927e-02 -1.095015000000000072e+00
2.038283252258514880e-02 -1.118179999999999952e+00
2.040283530229328179e-02 -1.119412999999999991e+00
2.042283808200141132e-02 -1.117466999999999988e+00
2.044284086170954085e-02 -1.132390999999999925e+00
2.046284364141767384e-02 -1.126940000000000053e+00
2.048284642112580337e-02 -1.134142999999999901e+00
2.050284920083393289e-02 -1.118374999999999897e+00
2.052285198054206589e-02 -1.070162999999999975e+00
2.054285476025019541e-02 -1.054200999999999944e+00
2.056285753995832494e-02 -1.024807000000000023e+00
2.058286031966645793e-02 -1.001511999999999958e+00
2.060286309937458746e-02 -1.045895999999999937e+00
2.062286587908271698e-02 -1.136867999999999990e+00
2.064286865879084998e-02 -1.211942999999999993e+00
2.066287143849897950e-02 -1.277608999999999995e+00
2.068287421820710903e-02 -1.295323000000000002e+00
2.070287699791524202e-02 -1.244971000000000050e+00
2.072287977762337155e-02 -1.187805000000000000e+00
2.074288255733150108e-02 -1.121879000000000071e+00
2.076288533703963407e-02 -1.068216999999999972e+00
2.078288811674776360e-02 -1.047063000000000077e+00
2.080289089645589312e-02 -1.094495999999999913e+00
2.082289367616402612e-02 -1.123955000000000037e+00
2.084289645587215564e-02 -1.158539999999999903e+00
2.086289923558028517e-02 -1.155556000000000028e+00
2.088290201528841816e-02 -1.103450999999999960e+00
2.090290479499654769e-02 -1.078794000000000031e+00
2.092290757470467721e-02 -1.104228999999999905e+00
2.094291035441281021e-02 -1.126420999999999895e+00
2.096291313412093973e-02 -1.188517999999999963e+00
2.098291591382906926e-02 -1.208957999999999977e+00
2.100291869353720225e-02 -1.173075000000000090e+00
2.102292147324533178e-02 -1.111496999999999957e+00
2.104292425295346131e-02 -1.015074000000000032e+00
2.106292703266159430e-02 -9.440870000000000095e-01
2.108292981236972383e-02 -9.440870000000000095e-01
2.110293259207785335e-02 -1.010402000000000022e+00
2.112293537178598635e-02 -1.148676999999999948e+00
2.114293815149411587e-02 -1.280594000000000010e+00
2.116294093120224540e-02 -1.372733999999999899e+00
2.118294371091037839e-02 -1.350023999999999891e+00
2.120294649061850792e-02 -1.251330000000000053e+00
2.122294927032663744e-02 -1.070683000000000051e+00
2.124295205003477044e-02 -9.229979999999999851e-01
2.126295482974289996e-02 -8.646639999999999882e-01
2.128295760945102949e-02 -9.077499999999999458e-01
2.130296038915915902e-02 -1.030842000000000036e+00
2.132296316886729201e-02 -1.153219999999999912e+00
2.134296594857542154e-02 -1.260544000000000109e+00
2.136296872828355106e-02 -1.283384000000000080e+00
2.138297150799168406e-02 -1.212657000000000096e+00
2.140297428769981358e-02 -1.134662000000000059e+00
2.142297706740794311e-02 -1.061468999999999996e+00
2.144297984711607610e-02 -1.030842000000000036e+00
2.146298262682420563e-02 -1.067113999999999896e+00
2.148298540653233515e-02 -1.155491000000000046e+00
2.150298818624046815e-02 -1.223622999999999905e+00
2.152299096594859767e-02 -1.225049999999999972e+00
2.154299374565672720e-02 -1.185534000000000088e+00
2.156299652536486020e-02 -1.076847000000000110e+00
2.158299930507298972e-02 -9.576480000000000548e-01
2.160300208478111925e-02 -9.154710000000000347e-01
2.162300486448925224e-02 -9.132649999999999935e-01
2.164300764419738177e-02 -1.008326000000000056e+00
2.166301042390551129e-02 -1.130379000000000023e+00
2.168301320361364429e-02 -1.234264000000000028e+00
2.170301598332177381e-02 -1.259441000000000033e+00
2.172301876302990334e-02 -1.207465999999999928e+00
2.174302154273803633e-02 -1.112405000000000088e+00
2.176302432244616586e-02 -1.022275999999999962e+00
2.178302710215429538e-02 -9.683549999999999658e-01
2.180302988186242838e-02 -9.740649999999999586e-01
2.182303266157055791e-02 -1.057770000000000099e+00
2.184303544127868743e-02 -1.120516000000000068e+00
2.186303822098682043e-02 -1.175929999999999920e+00
2.188304100069494995e-02 -1.186182000000000070e+00
2.190304378040307948e-02 -1.185338999999999920e+00
2.192304656011121247e-02 -1.168468000000000062e+00
2.194304933981934200e-02 -1.109356000000000009e+00
2.196305211952747152e-02 -1.082103000000000037e+00
2.198305489923560452e-02 -1.082945999999999964e+00
2.200305767894373404e-02 -1.066853999999999969e+00
2.202306045865186357e-02 -1.089823999999999904e+00
2.204306323835999656e-02 -1.097221999999999920e+00
2.206306601806812609e-02 -1.076586999999999961e+00
2.208306879777625562e-02 -1.038173999999999930e+00
2.210307157748438861e-02 -1.056017999999999901e+00
2.212307435719251814e-02 -1.101180000000000048e+00
2.214307713690064766e-02 -1.150559000000000109e+00
2.216307991660878066e-02 -1.213629999999999987e+00
2.218308269631691018e-02 -1.232123000000000079e+00
2.220308547602503971e-02 -1.208439000000000041e+00
2.222308825573317270e-02 -1.163276999999999894e+00
2.224309103544130223e-02 -1.123955000000000037e+00
2.226309381514943175e-02 -1.071979999999999933e+00
2.228309659485756475e-02 -1.050567000000000029e+00
2.230309937456569427e-02 -1.018836999999999993e+00
2.232310215427382380e-02 -1.036097000000000046e+00
2.234310493398195679e-02 -1.051865000000000050e+00
2.236310771369008632e-02 -1.084958000000000089e+00
2.238311049339821585e-02 -1.134077999999999919e+00
2.240311327310634884e-02 -1.159318999999999988e+00
2.242311605281447837e-02 -1.145432999999999923e+00
2.244311883252260789e-02 -1.131807000000000007e+00
2.246312161223074089e-02 -1.123112000000000110e+00
2.248312439193887041e-02 -1.107669000000000015e+00
2.250312717164699994e-02 -1.068670999999999927e+00
2.252312995135513293e-02 -1.029738000000000042e+00
2.254313273106326246e-02 -9.937909999999999799e-01
2.256313551077139198e-02 -1.019355999999999929e+00
2.258313829047952498e-02 -1.086645000000000083e+00
2.260314107018765450e-02 -1.169961000000000029e+00
2.262314384989578403e-02 -1.222583999999999893e+00
2.264314662960391702e-02 -1.191956999999999933e+00
2.266314940931204655e-02 -1.134336999999999929e+00
2.268315218902017608e-02 -1.081973000000000074e+00
2.270315496872830907e-02 -1.052383999999999986e+00
2.272315774843643860e-02 -1.065361999999999920e+00
2.274316052814456812e-02 -1.086449999999999916e+00
2.276316330785270112e-02 -1.125901999999999958e+00
2.278316608756083064e-02 -1.153674000000000088e+00
2.280316886726896017e-02 -1.147508999999999890e+00
2.282317164697709316e-02 -1.120257000000000058e+00
2.284317442668522269e-02 -1.058029000000000108e+00
2.286317720639335221e-02 -9.814619999999999456e-01
2.288317998610148174e-02 -9.514839999999999964e-01
2.290318276580961473e-02 -9.943750000000000089e-01
2.292318554551774426e-02 -1.100530999999999926e+00
2.294318832522587379e-02 -1.230046999999999890e+00
2.296319110493400678e-02 -1.267292000000000085e+00
2.298319388464213631e-02 -1.229981999999999909e+00
2.300319666435026583e-02 -1.118699000000000110e+00
2.302319944405839883e-02 -1.032658000000000076e+00
2.304320222376652835e-02 -9.614770000000000261e-01
2.306320500347465788e-02 -9.761410000000000364e-01
2.308320778318279087e-02 -1.061598000000000042e+00
2.310321056289092040e-02 -1.110459000000000085e+00
2.312321334259904992e-02 -1.190530000000000088e+00
2.314321612230718292e-02 -1.246917000000000053e+00
2.316321890201531244e-02 -1.231668999999999903e+00
2.318322168172344197e-02 -1.182158999999999960e+00
2.320322446143157497e-02 -1.046934000000000031e+00
2.322322724113970449e-02 -9.800349999999999895e-01
2.324323002084783402e-02 -9.790609999999999591e-01
2.326323280055596701e-02 -1.016177000000000108e+00
2.328323558026409654e-02 -1.097806000000000060e+00
2.330323835997222606e-02 -1.123955000000000037e+00
2.332324113968035906e-02 -1.112859999999999960e+00
2.334324391938848858e-02 -1.077236000000000082e+00
2.336324669909661811e-02 -1.011181000000000108e+00
2.338324947880475110e-02 -1.017798999999999898e+00
2.340325225851288063e-02 -1.043299999999999894e+00
2.342325503822101015e-02 -1.075549000000000088e+00
2.344325781792914315e-02 -1.115909000000000040e+00
2.346326059763727268e-02 -1.165224000000000038e+00
2.348326337734540220e-02 -1.186765999999999988e+00
2.350326615705353520e-02 -1.161850000000000049e+00
2.352326893676166472e-02 -1.142902000000000085e+00
2.354327171646979425e-02 -1.068475999999999981e+00
2.356327449617792724e-02 -1.007611999999999952e+00
2.358327727588605677e-02 -9.911950000000000482e-01
2.360328005559418629e-02 -1.033566999999999902e+00
2.362328283530231929e-02 -1.082945999999999964e+00
2.364328561501044881e-02 -1.128951999999999956e+00
2.366328839471857834e-02 -1.129860000000000086e+00
2.368329117442671133e-02 -1.069450000000000012e+00
2.370329395413484086e-02 -1.026170000000000027e+00
2.372329673384297039e-02 -1.013840999999999992e+00
2.374329951355110338e-02 -1.020718999999999932e+00
2.376330229325923291e-02 -1.040964000000000000e+00
2.378330507296736243e-02 -1.050956999999999919e+00
2.380330785267549543e-02 -1.079831999999999903e+00
2.382331063238362495e-02 -1.090667999999999971e+00
2.384331341209175448e-02 -1.104035000000000100e+00
2.386331619179988747e-02 -1.102476999999999929e+00
2.388331897150801700e-02 -1.099558000000000035e+00
2.390332175121614652e-02 -1.091771000000000047e+00
2.392332453092427952e-02 -1.089304999999999968e+00
2.394332731063240904e-02 -1.115259999999999918e+00
2.396333009034053857e-02 -1.128627000000000047e+00
2.398333287004867156e-02 -1.126225999999999949e+00
2.400333564975680109e-02 -1.118309999999999915e+00
2.402333842946493062e-02 -1.079377999999999949e+00
2.404334120917306361e-02 -1.034086000000000061e+00
2.406334398888119314e-02 -1.032203999999999899e+00
2.408334676858932266e-02 -9.975540000000000518e-01
2.410334954829745566e-02 -1.000928000000000040e+00
2.412335232800558518e-02 -9.921689999999999676e-01
2.414335510771371471e-02 -1.005471000000000004e+00
2.416335788742184770e-02 -1.031036000000000064e+00
2.418336066712997723e-02 -1.057120999999999977e+00
2.420336344683810675e-02 -1.102152999999999938e+00
2.422336622654623975e-02 -1.096247999999999889e+00
2.424336900625436927e-02 -1.076521999999999979e+00
2.426337178596249880e-02 -1.041678000000000104e+00
2.428337456567063180e-02 -1.001967000000000052e+00
2.430337734537876132e-02 -9.937909999999999799e-01
2.432338012508689085e-02 -9.996310000000000473e-01
2.434338290479502384e-02 -1.052837999999999941e+00
2.436338568450315337e-02 -1.109420000000000073e+00
2.438338846421128289e-02 -1.147119999999999918e+00
2.440339124391941589e-02 -1.186312000000000033e+00
2.442339402362754541e-02 -1.160941000000000001e+00
2.444339680333567494e-02 -1.108252000000000015e+00
2.446339958304380446e-02 -1.026429000000000036e+00
2.448340236275193746e-02 -9.678360000000000296e-01
2.450340514246006698e-02 -9.139140000000000041e-01
2.452340792216819651e-02 -9.306550000000000100e-01
2.454341070187632950e-02 -9.851609999999999534e-01
2.456341348158445903e-02 -1.064259000000000066e+00
2.458341626129258856e-02 -1.130055000000000032e+00
2.460341904100072155e-02 -1.149197000000000024e+00
2.462342182070885108e-02 -1.111043000000000003e+00
2.464342460041698060e-02 -1.083725000000000049e+00
2.466342738012511360e-02 -1.028505999999999920e+00
2.468343015983324312e-02 -1.015139000000000014e+00
2.470343293954137265e-02 -1.028116000000000030e+00
2.472343571924950564e-02 -1.094951000000000008e+00
2.474343849895763517e-02 -1.086710000000000065e+00
2.476344127866576469e-02 -1.106176000000000048e+00
2.478344405837389769e-02 -1.223881999999999914e+00
2.480344683808202721e-02 -1.112081000000000097e+00
2.482344961779015674e-02 -1.058807999999999971e+00
2.484345239749828974e-02 -9.939850000000000074e-01
2.486345517720641926e-02 -1.011050999999999922e+00
2.488345795691454879e-02 -9.356510000000000105e-01
2.490346073662268178e-02 -1.136673000000000044e+00
2.492346351633081131e-02 -1.187156000000000100e+00
2.494346629603894083e-02 -1.126290999999999931e+00
2.496346907574707383e-02 -1.129340999999999928e+00
2.498347185545520335e-02 -9.233879999999999866e-01
2.500347463516333288e-02 -9.214409999999999545e-01
2.502347741487146587e-02 -1.080740000000000034e+00
2.504348019457959540e-02 -1.059911000000000048e+00
2.506348297428772492e-02 -1.083010999999999946e+00
2.508348575399585792e-02 -1.162239000000000022e+00
2.510348853370398745e-02 -1.114935999999999927e+00
2.512349131341211697e-02 -1.097285999999999984e+00
2.514349409312024997e-02 -1.124668999999999919e+00
2.516349687282837949e-02 -1.063285000000000036e+00
2.518349965253650902e-02 -1.083205999999999891e+00
2.520350243224464201e-02 -1.084762999999999922e+00
2.522350521195277154e-02 -1.065101999999999993e+00
2.524350799166090106e-02 -1.071396000000000015e+00
2.526351077136903406e-02 -1.084243999999999986e+00
2.528351355107716358e-02 -1.092160000000000020e+00
2.530351633078529311e-02 -1.089954000000000089e+00
2.532351911049342610e-02 -1.064324000000000048e+00
2.534352189020155563e-02 -9.831490000000000506e-01
2.536352466990968516e-02 -9.675110000000000099e-01
2.538352744961781815e-02 -1.020005000000000051e+00
2.540353022932594768e-02 -1.114416999999999991e+00
2.542353300903407720e-02 -1.161655000000000104e+00
2.544353578874221020e-02 -1.132130999999999998e+00
2.546353856845033972e-02 -1.110587999999999909e+00
2.548354134815846925e-02 -1.101374000000000075e+00
2.550354412786660224e-02 -1.059067999999999898e+00
2.552354690757473177e-02 -1.051541000000000059e+00
2.554354968728286129e-02 -1.007741999999999916e+00
2.556355246699099429e-02 -1.020979000000000081e+00
2.558355524669912381e-02 -1.085865999999999998e+00
2.560355802640725334e-02 -1.167624999999999913e+00
2.562356080611538633e-02 -1.186247000000000051e+00
2.564356358582351586e-02 -1.145432999999999923e+00
2.566356636553164539e-02 -1.098713999999999968e+00
2.568356914523977838e-02 -1.104878000000000027e+00
2.570357192494790791e-02 -1.099882000000000026e+00
2.572357470465603743e-02 -1.088915999999999995e+00
2.574357748436417043e-02 -1.070942000000000061e+00
2.576358026407229995e-02 -1.028440999999999939e+00
2.578358304378042948e-02 -1.047258000000000022e+00
2.580358582348856247e-02 -1.091447000000000056e+00
2.582358860319669200e-02 -1.110524000000000067e+00
2.584359138290482152e-02 -1.090149000000000035e+00
2.586359416261295452e-02 -1.102802000000000060e+00
2.588359694232108404e-02 -1.112729999999999997e+00
2.590359972202921357e-02 -1.147574000000000094e+00
2.592360250173734657e-02 -1.144849000000000006e+00
2.594360528144547609e-02 -1.123631000000000046e+00
2.596360806115360562e-02 -1.099167999999999923e+00
2.598361084086173861e-02 -1.089304999999999968e+00
2.600361362056986814e-02 -1.085736000000000034e+00
2.602361640027799766e-02 -1.084438999999999931e+00
2.604361917998612719e-02 -1.060494999999999965e+00
2.606362195969426018e-02 -1.023055000000000048e+00
2.608362473940238971e-02 -1.018448000000000020e+00
2.610362751911051923e-02 -1.012413999999999925e+00
2.612363029881865223e-02 -1.066724000000000006e+00
2.614363307852678175e-02 -1.120646000000000031e+00
2.616363585823491128e-02 -1.143226999999999993e+00
2.618363863794304428e-02 -1.149845000000000006e+00
2.620364141765117380e-02 -1.180601999999999929e+00
2.622364419735930333e-02 -1.164509999999999934e+00
2.624364697706743632e-02 -1.146082000000000045e+00
2.626364975677556585e-02 -1.060300999999999938e+00
2.628365253648369537e-02 -9.984629999999999894e-01
2.630365531619182837e-02 -9.683549999999999658e-01
2.632365809589995789e-02 -1.040121000000000073e+00
2.634366087560808742e-02 -1.105007999999999990e+00
2.636366365531622041e-02 -1.142254000000000103e+00
2.638366643502434994e-02 -1.129925000000000068e+00
2.640366921473247946e-02 -1.129925000000000068e+00
2.642367199444061246e-02 -1.104359000000000091e+00
2.644367477414874198e-02 -1.106111000000000066e+00
2.646367755385687151e-02 -1.078209999999999891e+00
2.648368033356500451e-02 -1.061728000000000005e+00
2.650368311327313403e-02 -1.052189999999999959e+00
2.652368589298126356e-02 -1.073212999999999973e+00
2.654368867268939655e-02 -1.112276000000000042e+00
2.656369145239752608e-02 -1.126225999999999949e+00
2.658369423210565560e-02 -1.079247999999999985e+00
2.660369701181378860e-02 -1.030516999999999905e+00
2.662369979152191812e-02 -1.008650000000000047e+00
2.664370257123004765e-02 -1.043039999999999967e+00
2.666370535093818064e-02 -1.098324999999999996e+00
2.668370813064631017e-02 -1.147445000000000048e+00
2.670371091035443969e-02 -1.161265999999999909e+00
2.672371369006257269e-02 -1.154063000000000061e+00
2.674371646977070222e-02 -1.135958999999999941e+00
2.676371924947883174e-02 -1.083075999999999928e+00
2.678372202918696474e-02 -1.031360999999999972e+00
2.680372480889509426e-02 -9.992410000000000458e-01
2.682372758860322379e-02 -9.916490000000000027e-01
2.684373036831135678e-02 -1.025779999999999914e+00
2.686373314801948631e-02 -1.085217000000000098e+00
2.688373592772761583e-02 -1.126355999999999913e+00
2.690373870743574883e-02 -1.122203000000000062e+00
2.692374148714387835e-02 -1.097676000000000096e+00
2.694374426685200788e-02 -1.078338999999999936e+00
2.696374704656014087e-02 -1.027922000000000002e+00
2.698374982626827040e-02 -1.052383999999999986e+00
2.700375260597639993e-02 -1.040510000000000046e+00
2.702375538568453292e-02 -1.076521999999999979e+00
2.704375816539266245e-02 -1.122721999999999998e+00
2.706376094510079197e-02 -1.143875999999999893e+00
2.708376372480892497e-02 -1.150624000000000091e+00
2.710376650451705449e-02 -1.104165000000000063e+00
2.712376928422518402e-02 -1.070422999999999902e+00
2.714377206393331701e-02 -1.045312000000000019e+00
2.716377484364144654e-02 -1.054461000000000093e+00
2.718377762334957606e-02 -1.062700999999999896e+00
2.720378040305770906e-02 -1.055304000000000020e+00
2.722378318276583858e-02 -1.042975999999999903e+00
2.724378596247396811e-02 -1.073277999999999954e+00
2.726378874218210110e-02 -1.057639999999999914e+00
2.728379152189023063e-02 -1.072044999999999915e+00
2.730379430159836016e-02 -1.059652000000000038e+00
2.732379708130649315e-02 -1.022990000000000066e+00
2.734379986101462268e-02 -1.044987000000000110e+00
2.736380264072275220e-02 -1.088008000000000086e+00
2.738380542043088520e-02 -1.113507999999999942e+00
2.740380820013901472e-02 -1.118440000000000101e+00
2.742381097984714425e-02 -1.108641999999999905e+00
2.744381375955527724e-02 -1.088980999999999977e+00
2.746381653926340677e-02 -1.090927999999999898e+00
2.748381931897153629e-02 -1.101180000000000048e+00
2.750382209867966929e-02 -1.083790000000000031e+00
2.752382487838779881e-02 -1.069838999999999984e+00
2.754382765809592834e-02 -1.059717000000000020e+00
2.756383043780406134e-02 -1.062052999999999914e+00
2.758383321751219086e-02 -1.066724000000000006e+00
2.760383599722032039e-02 -1.080090999999999912e+00
2.762383877692844991e-02 -1.095339999999999980e+00
2.764384155663658291e-02 -1.062311999999999923e+00
2.766384433634471243e-02 -1.056926000000000032e+00
2.768384711605284196e-02 -1.063609999999999944e+00
2.770384989576097495e-02 -1.064129000000000103e+00
2.772385267546910448e-02 -1.048945000000000016e+00
2.774385545517723400e-02 -1.050826999999999956e+00
2.776385823488536700e-02 -1.034410000000000052e+00
2.778386101459349652e-02 -1.019485999999999892e+00
2.780386379430162605e-02 -1.064324000000000048e+00
2.782386657400975905e-02 -1.093976999999999977e+00
2.784386935371788857e-02 -1.116818000000000088e+00
2.786387213342601810e-02 -1.107344000000000106e+00
2.788387491313415109e-02 -1.097806000000000060e+00
2.790387769284228062e-02 -1.106500999999999957e+00
2.792388047255041014e-02 -1.094495999999999913e+00
2.794388325225854314e-02 -1.098195000000000032e+00
2.796388603196667266e-02 -1.092030999999999974e+00
2.798388881167480219e-02 -1.073731999999999909e+00
2.800389159138293518e-02 -1.062961000000000045e+00
2.802389437109106471e-02 -1.058807999999999971e+00
2.804389715079919423e-02 -1.034929999999999906e+00
2.806389993050732723e-02 -1.022535999999999889e+00
2.808390271021545676e-02 -1.011765000000000025e+00
2.810390548992358628e-02 -1.031814999999999927e+00
2.812390826963171928e-02 -1.068087000000000009e+00
2.814391104933984880e-02 -1.096182999999999907e+00
2.816391382904797833e-02 -1.116362999999999994e+00
2.818391660875611132e-02 -1.110459000000000085e+00
2.820391938846424085e-02 -1.095728999999999953e+00
2.822392216817237037e-02 -1.081453999999999915e+00
2.824392494788050337e-02 -1.034151000000000042e+00
2.826392772758863289e-02 -1.029090000000000060e+00
2.828393050729676242e-02 -1.045895999999999937e+00
2.830393328700489541e-02 -1.078338999999999936e+00
2.832393606671302494e-02 -1.109096000000000082e+00
2.834393884642115446e-02 -1.113768000000000091e+00
2.836394162612928746e-02 -1.096508000000000038e+00
2.838394440583741699e-02 -1.059522000000000075e+00
2.840394718554554651e-02 -1.054915000000000047e+00
2.842394996525367951e-02 -1.053163000000000071e+00
2.844395274496180903e-02 -1.028375999999999957e+00
2.846395552466993856e-02 -1.014555000000000096e+00
2.848395830437807155e-02 -1.048361000000000098e+00
2.850396108408620108e-02 -1.055239000000000038e+00
2.852396386379433060e-02 -1.055563999999999947e+00
2.854396664350246360e-02 -1.028894999999999893e+00
2.856396942321059312e-02 -9.783479999999999954e-01
2.858397220291872265e-02 -9.769849999999999923e-01
2.860397498262685564e-02 -9.910649999999999737e-01
2.862397776233498517e-02 -1.016696000000000044e+00
2.864398054204311470e-02 -1.046934000000000031e+00
2.866398332175124769e-02 -1.105202999999999935e+00
2.868398610145937722e-02 -1.101698999999999984e+00
2.870398888116750674e-02 -1.101310000000000011e+00
2.872399166087563974e-02 -1.101957999999999993e+00
2.874399444058376926e-02 -1.071396000000000015e+00
2.876399722029189879e-02 -1.064387999999999890e+00
