# time(s), 	 	 acceleration(g)
0.000000000000000000e+00 6.202048999999999701e+00
2.000277970813059281e-05 6.421433999999999642e+00
4.000555941626118562e-05 6.668525999999999954e+00
6.000833912439177504e-05 6.907962000000000380e+00
8.001111883252237124e-05 7.174714999999999954e+00
1.000138985406529674e-04 7.450033000000000349e+00
1.200166782487835501e-04 7.755133999999999972e+00
1.400194579569141598e-04 8.098325000000000884e+00
1.600222376650447425e-04 8.457413000000000736e+00
1.800250173731753251e-04 8.838108000000000075e+00
2.000277970813059349e-04 9.226979999999999293e+00
2.200305767894365175e-04 9.639210000000000278e+00
2.400333564975671002e-04 1.007817499999999988e+01
2.600361362056977099e-04 1.059474499999999964e+01
2.800389159138283197e-04 1.113824400000000026e+01
3.000416956219588752e-04 1.175629799999999925e+01
3.200444753300894850e-04 1.244060299999999941e+01
3.400472550382200947e-04 1.320588700000000060e+01
3.600500347463506503e-04 1.406298699999999968e+01
3.800528144544812600e-04 1.503701500000000024e+01
4.000555941626118698e-04 1.612505099999999914e+01
4.200583738707424253e-04 1.733929200000000037e+01
4.400611535788730351e-04 1.863548700000000125e+01
4.600639332870036448e-04 2.038329900000000094e+01
4.800667129951342003e-04 2.215550899999999857e+01
5.000694927032648101e-04 2.442190400000000139e+01
5.200722724113954198e-04 2.737071999999999861e+01
5.400750521195260296e-04 3.088081499999999835e+01
5.600778318276566393e-04 3.603133299999999650e+01
5.800806115357871407e-04 4.361727799999999888e+01
6.000833912439177504e-04 5.591659299999999888e+01
6.200861709520483602e-04 7.672046600000000183e+01
6.400889506601789699e-04 1.083360399999999970e+02
6.600917303683095797e-04 1.555755110000000059e+02
6.800945100764401894e-04 2.169286180000000002e+02
7.000972897845707992e-04 2.912329659999999762e+02
7.201000694927013005e-04 3.710948080000000004e+02
7.401028492008319103e-04 4.436119570000000181e+02
7.601056289089625200e-04 4.943791709999999853e+02
7.801084086170931298e-04 5.133316710000000285e+02
8.001111883252237395e-04 4.983207039999999779e+02
8.201139680333543493e-04 4.595567219999999793e+02
8.401167477414848506e-04 4.099356809999999882e+02
8.601195274496154604e-04 3.597644589999999880e+02
8.801223071577460701e-04 3.107534279999999853e+02
9.001250868658766799e-04 2.674778109999999742e+02
9.201278665740072896e-04 2.235542910000000063e+02
9.401306462821378994e-04 1.729943269999999984e+02
9.601334259902684007e-04 1.188508810000000011e+02
9.801362056983990104e-04 7.042980699999999672e+01
1.000138985406529620e-03 3.013746300000000033e+01
1.020141765114660230e-03 3.187111999999999945e+00
1.040144544822790840e-03 -8.814823000000000519e+00
1.060147324530921449e-03 -8.660325999999999524e+00
1.080150104239052059e-03 3.882252999999999954e+00
1.100152883947182669e-03 2.669874499999999884e+01
1.120155663655313279e-03 4.919261500000000353e+01
1.140158443363443888e-03 6.814310299999999643e+01
1.160161223071574281e-03 7.169894399999999735e+01
1.180164002779704891e-03 6.129577499999999901e+01
1.200166782487835501e-03 3.828007800000000316e+01
1.220169562195966111e-03 3.551585999999999910e+00
1.240172341904096720e-03 -1.882250200000000007e+01
1.260175121612227330e-03 -4.028946200000000033e+01
1.280177901320357940e-03 -4.550408900000000045e+01
1.300180681028488550e-03 -3.135145400000000038e+01
1.320183460736619159e-03 -1.546586699999999936e+01
1.340186240444749769e-03 2.703504999999999825e+00
1.360189020152880379e-03 2.121632599999999869e+01
1.380191799861010989e-03 2.985448799999999991e+01
1.400194579569141598e-03 2.706419100000000100e+01
1.420197359277271991e-03 1.041909500000000044e+01
1.440200138985402601e-03 1.462399999999999922e+00
1.460202918693533211e-03 -1.415040999999999993e+00
1.480205698401663821e-03 -2.530912999999999968e+00
1.500208478109794430e-03 3.420707000000000164e+00
1.520211257817925040e-03 1.413702400000000026e+01
1.540214037526055650e-03 1.693491300000000166e+01
1.560216817234186260e-03 2.358667000000000158e+01
1.580219596942316869e-03 2.159702199999999905e+01
1.600222376650447479e-03 1.177193600000000018e+01
1.620225156358578089e-03 -1.259700000000000042e+00
1.640227936066708699e-03 1.653103999999999907e+00
1.660230715774839308e-03 3.197299000000000113e+00
1.680233495482969701e-03 1.773859999999999992e+00
1.700236275191100311e-03 4.384936999999999863e+00
1.720239054899230921e-03 5.677432999999999730e+00
1.740241834607361530e-03 -1.734742000000000006e+00
1.760244614315492140e-03 -1.002841600000000000e+01
1.780247394023622750e-03 -2.155251799999999918e+01
1.800250173731753360e-03 -3.023506300000000024e+01
1.820252953439883969e-03 -3.537850900000000109e+01
1.840255733148014579e-03 -2.249384299999999826e+01
1.860258512856145189e-03 -1.352105599999999974e+01
1.880261292564275799e-03 7.625878000000000156e+00
1.900264072272406408e-03 2.942798200000000008e+01
1.920266851980536801e-03 3.584659800000000018e+01
1.940269631688667411e-03 4.621245700000000056e+01
1.960272411396798021e-03 3.678467799999999954e+01
1.980275191104928847e-03 2.298996400000000051e+01
2.000277970813059240e-03 9.217052000000000689e+00
2.020280750521190067e-03 -8.939211999999999492e+00
2.040283530229320460e-03 -1.567597300000000082e+01
2.060286309937450853e-03 -2.303526499999999899e+01
2.080289089645581679e-03 -1.968187400000000054e+01
2.100291869353712072e-03 -1.399058199999999985e+01
2.120294649061842899e-03 -8.562670000000000670e+00
2.140297428769973292e-03 -5.685424000000000255e+00
2.160300208478104118e-03 -2.125300999999999885e+00
2.180302988186234511e-03 -2.665944000000000091e+00
2.200305767894365338e-03 -6.999463000000000434e+00
2.220308547602495731e-03 -1.275311100000000053e+01
2.240311327310626557e-03 -1.272280800000000056e+01
2.260314107018756950e-03 -8.231612999999999403e+00
2.280316886726887777e-03 -3.087454000000000143e+00
2.300319666435018170e-03 -1.343469999999999942e+00
2.320322446143148563e-03 7.149992000000000125e+00
2.340325225851279389e-03 1.010925600000000024e+01
2.360328005559409782e-03 1.018050299999999986e+01
2.380330785267540609e-03 1.421767999999999965e+01
2.400333564975671002e-03 7.904700000000000060e+00
2.420336344683801828e-03 6.270571000000000339e+00
2.440339124391932221e-03 8.120450999999999198e+00
2.460341904100063048e-03 6.089014999999999844e+00
2.480344683808193441e-03 -3.246557999999999833e+00
2.500347463516324267e-03 -6.849637000000000420e+00
2.520350243224454660e-03 -1.484645000000000081e+01
2.540353022932585487e-03 -1.532713700000000046e+01
2.560355802640715880e-03 -1.876196200000000047e+01
2.580358582348846273e-03 -1.356375199999999914e+01
2.600361362056977099e-03 -1.073478199999999916e+01
2.620364141765107492e-03 -9.601520000000000721e+00
2.640366921473238319e-03 -3.664889000000000063e+00
2.660369701181368712e-03 -5.249639000000000166e+00
2.680372480889499538e-03 -8.113270000000000204e-01
2.700375260597629931e-03 -5.674652000000000029e+00
2.720378040305760758e-03 -3.864678000000000058e+00
2.740380820013891151e-03 -2.135292999999999886e+00
2.760383599722021977e-03 2.332932000000000006e+00
2.780386379430152370e-03 9.589570999999999401e+00
2.800389159138283197e-03 1.773530099999999976e+01
2.820391938846413590e-03 1.292713000000000001e+01
2.840394718554543983e-03 6.079347000000000278e+00
2.860397498262674809e-03 4.771460000000000146e-01
2.880400277970805202e-03 1.032972999999999919e+00
2.900403057678936029e-03 -4.820407000000000330e+00
2.920405837387066422e-03 -8.172306000000000736e+00
2.940408617095197248e-03 -1.358114199999999983e+01
2.960411396803327641e-03 -1.186564300000000038e+01
2.980414176511458468e-03 -7.921060999999999908e+00
3.000416956219588861e-03 -6.448826000000000391e+00
3.020419735927719687e-03 -1.016221400000000052e+01
3.040422515635850080e-03 -1.941207100000000096e+01
3.060425295343980907e-03 -1.540733799999999931e+01
3.080428075052111300e-03 -1.368573999999999913e+01
3.100430854760241692e-03 -9.237370999999999555e+00
3.120433634468372519e-03 5.341179999999999817e-01
3.140436414176502912e-03 6.048720000000000319e+00
3.160439193884633739e-03 1.388590899999999984e+01
3.180441973592764131e-03 1.360098799999999919e+01
3.200444753300894958e-03 1.150057600000000058e+01
3.220447533009025351e-03 6.484309999999999796e+00
3.240450312717156178e-03 1.326579999999999981e-01
3.260453092425286570e-03 -2.951839000000000102e+00
3.280455872133417397e-03 -5.771270000000000344e+00
3.300458651841547790e-03 -5.217259999999999565e+00
3.320461431549678617e-03 -2.342809999999999893e-01
3.340464211257809009e-03 4.381302999999999948e+00
3.360466990965939402e-03 1.602492000000000028e+00
3.380469770674070229e-03 -5.672576000000000285e+00
3.400472550382200622e-03 -9.844004999999999228e+00
3.420475330090331448e-03 -1.699968000000000146e+01
3.440478109798461841e-03 -1.974812400000000068e+01
3.460480889506592668e-03 -1.801848000000000027e+01
3.480483669214723061e-03 -1.487727100000000036e+01
3.500486448922853887e-03 -1.052363800000000005e+01
3.520489228630984280e-03 9.596500000000000030e-01
3.540492008339115107e-03 1.017680400000000063e+01
3.560494788047245500e-03 1.001237899999999925e+01
3.580497567755376326e-03 1.196160300000000021e+01
3.600500347463506719e-03 7.018983999999999668e+00
3.620503127171637112e-03 -2.509580000000000144e-01
3.640505906879767939e-03 -2.718437999999999910e+00
3.660508686587898332e-03 -3.801152999999999782e+00
3.680511466296029158e-03 -6.162100000000000355e-01
3.700514246004159551e-03 -8.536979999999999569e-01
3.720517025712290378e-03 -1.254898000000000069e+00
3.740519805420420771e-03 -1.040520000000000056e-01
3.760522585128551597e-03 1.151264000000000065e+00
3.780525364836681990e-03 -1.544556999999999958e+00
3.800528144544812817e-03 -1.294284999999999908e+00
3.820530924252943210e-03 -3.698564999999999880e+00
3.840533703961073603e-03 -7.047998999999999903e+00
3.860536483669204429e-03 -1.125855499999999942e+01
3.880539263377334822e-03 -9.557266999999999513e+00
3.900542043085465649e-03 -1.303881100000000082e+01
3.920544822793596042e-03 -1.338037899999999958e+01
3.940547602501726435e-03 -9.092282000000000863e+00
3.960550382209857695e-03 -1.132779999999999898e+00
3.980553161917988088e-03 3.360621000000000080e+00
4.000555941626118481e-03 1.128871799999999936e+01
4.020558721334248874e-03 1.581793799999999983e+01
4.040561501042380134e-03 8.722414000000000556e+00
4.060564280750510527e-03 6.954290999999999556e+00
4.080567060458640920e-03 5.018304999999999794e+00
4.100569840166771313e-03 -1.603085000000000093e+00
4.120572619874901706e-03 -1.217913000000000023e+00
4.140575399583032966e-03 -3.360306000000000015e+00
4.160578179291163359e-03 -6.848404000000000380e+00
4.180580958999293752e-03 -6.722328000000000081e+00
4.200583738707424145e-03 -5.213885999999999576e+00
4.220586518415555405e-03 -4.614972999999999992e+00
4.240589298123685798e-03 -7.659175000000000288e+00
4.260592077831816191e-03 -5.972421999999999898e+00
4.280594857539946584e-03 -6.101352999999999582e+00
4.300597637248077844e-03 -5.082163999999999682e+00
4.320600416956208237e-03 -1.159448999999999952e+00
4.340603196664338630e-03 -5.472339999999999982e-01
4.360605976372469023e-03 -1.509776999999999925e+00
4.380608756080599415e-03 4.019101000000000035e+00
4.400611535788730676e-03 3.173096000000000139e+00
4.420614315496861069e-03 4.558122000000000007e+00
4.440617095204991462e-03 6.105561999999999934e+00
4.460619874913121854e-03 3.692715999999999887e+00
4.480622654621253115e-03 -2.229909999999999948e-01
4.500625434329383508e-03 -3.306579000000000157e+00
4.520628214037513901e-03 -4.717884999999999884e+00
4.540630993745644294e-03 -4.381377999999999773e+00
4.560633773453775554e-03 -5.798199999999999882e-02
4.580636553161905947e-03 2.527658999999999878e+00
4.600639332870036340e-03 1.616571999999999898e+00
4.620642112578166733e-03 2.593195999999999835e+00
4.640644892286297125e-03 -6.084880000000000289e-01
4.660647671994428386e-03 -5.082423000000000357e+00
4.680650451702558779e-03 -7.434987999999999708e+00
4.700653231410689172e-03 -1.407513100000000072e+01
4.720656011118819564e-03 -1.410848299999999966e+01
4.740658790826950825e-03 -7.186533999999999978e+00
4.760661570535081218e-03 2.417155999999999860e+00
4.780664350243211611e-03 8.260673000000000599e+00
4.800667129951342003e-03 1.001802400000000048e+01
4.820669909659473264e-03 9.536168999999999230e+00
4.840672689367603657e-03 5.691708000000000212e+00
4.860675469075734050e-03 7.601210000000000466e-01
4.880678248783864442e-03 -4.337189000000000405e+00
4.900681028491994835e-03 -9.391284000000000631e+00
4.920683808200126096e-03 -8.959327999999999292e+00
4.940686587908256489e-03 -5.335614999999999775e+00
4.960689367616386881e-03 3.942200000000000149e-01
4.980692147324517274e-03 3.710366000000000053e+00
5.000694927032648535e-03 1.697486999999999968e+00
5.020697706740778928e-03 -2.112452999999999914e+00
5.040700486448909320e-03 -1.701259999999999994e+00
5.060703266157039713e-03 -2.128026000000000195e+00
5.080706045865170974e-03 9.284390000000000143e-01
5.100708825573301367e-03 3.947390000000000065e-01
5.120711605281431759e-03 -2.665100999999999942e+00
5.140714384989562152e-03 -5.357611999999999597e+00
5.160717164697692545e-03 -6.041915999999999620e+00
5.180719944405823806e-03 -4.291962999999999973e+00
5.200722724113954198e-03 -1.479929000000000050e+00
5.220725503822084591e-03 -1.293117000000000072e+00
5.240728283530214984e-03 -6.686389999999999834e-01
5.260731063238346245e-03 -1.741425999999999918e+00
5.280733842946476637e-03 3.720228000000000090e+00
5.300736622654607030e-03 4.089178999999999675e+00
5.320739402362737423e-03 2.861181999999999892e+00
5.340742182070868684e-03 -3.397300000000000320e-02
5.360744961778999076e-03 -4.156476999999999755e+00
5.380747741487129469e-03 -3.349730000000000096e+00
5.400750521195259862e-03 -2.476602000000000192e+00
5.420753300903390255e-03 -2.879230000000000178e+00
5.440756080611521515e-03 -2.839389000000000163e+00
5.460758860319651908e-03 -3.257004999999999928e+00
5.480761640027782301e-03 -2.430597000000000119e+00
5.500764419735912694e-03 5.196479999999999988e-01
5.520767199444043954e-03 1.043875000000000108e+00
5.540769979152174347e-03 -2.573608999999999813e+00
5.560772758860304740e-03 -5.184880999999999851e+00
5.580775538568435133e-03 -4.714640000000000164e+00
5.600778318276566393e-03 -4.161992999999999832e+00
5.620781097984696786e-03 -7.295040000000000413e-01
5.640783877692827179e-03 1.493999999999999995e+00
5.660786657400957572e-03 8.116419999999999746e-01
5.680789437109087965e-03 -1.298243000000000036e+00
5.700792216817219225e-03 -4.043519999999999892e-01
5.720794996525349618e-03 -2.013189999999999980e-01
5.740797776233480011e-03 2.320010000000000128e-01
5.760800555941610404e-03 4.001250000000000084e-01
5.780803335649741664e-03 -6.743489999999999762e-01
5.800806115357872057e-03 -2.841790000000000038e+00
5.820808895066002450e-03 -7.159419999999999673e-01
5.840811674774132843e-03 -6.482639999999999514e-01
5.860814454482264103e-03 7.283199999999999397e-02
5.880817234190394496e-03 -1.631246999999999892e+00
5.900820013898524889e-03 -4.616920000000000357e+00
5.920822793606655282e-03 -6.405156999999999989e+00
5.940825573314785675e-03 -6.160919999999999952e+00
5.960828353022916935e-03 -4.544310000000000294e+00
5.980831132731047328e-03 -2.612801000000000151e+00
6.000833912439177721e-03 -1.854071000000000025e+00
6.020836692147308114e-03 -1.589458999999999955e+00
6.040839471855439374e-03 6.315790000000000015e-01
6.060842251563569767e-03 3.604858000000000118e+00
6.080845031271700160e-03 4.574927999999999884e+00
6.100847810979830553e-03 1.776456000000000035e+00
6.120850590687961813e-03 -2.119979999999999976e+00
6.140853370396092206e-03 -3.367185000000000095e+00
6.160856150104222599e-03 -2.311332999999999860e+00
6.180858929812352992e-03 -6.938149999999999595e-01
6.200861709520483385e-03 -7.103620000000000489e-01
6.220864489228614645e-03 -2.861905000000000143e+00
6.240867268936745038e-03 -3.476715000000000000e+00
6.260870048644875431e-03 -3.279066999999999954e+00
6.280872828353005824e-03 -1.240169000000000077e+00
6.300875608061137084e-03 -2.999479999999999924e-01
6.320878387769267477e-03 -1.989556000000000102e+00
6.340881167477397870e-03 -3.868182000000000009e+00
6.360883947185528263e-03 -3.847223000000000059e+00
6.380886726893659523e-03 -1.983521000000000090e+00
6.400889506601789916e-03 1.236201000000000105e+00
6.420892286309920309e-03 2.481329999999999814e+00
6.440895066018050702e-03 1.851725000000000065e+00
6.460897845726181095e-03 -3.649649999999999839e-01
6.480900625434312355e-03 -1.715276000000000023e+00
6.500903405142442748e-03 -2.029980999999999813e+00
6.520906184850573141e-03 -1.489143000000000105e+00
6.540908964558703534e-03 -1.032203999999999899e+00
6.560911744266834794e-03 -2.169748999999999928e+00
6.580914523974965187e-03 -1.190854000000000079e+00
6.600917303683095580e-03 1.370258999999999894e+00
6.620920083391225973e-03 1.359617999999999993e+00
6.640922863099357233e-03 -6.371689999999999854e-01
6.660925642807487626e-03 -3.332079999999999931e+00
6.680928422515618019e-03 -5.400242999999999682e+00
6.700931202223748412e-03 -4.616724999999999746e+00
6.720933981931878805e-03 -1.560065000000000035e+00
6.740936761640010065e-03 4.060940000000000105e-01
6.760939541348140458e-03 9.795709999999999695e-01
6.780942321056270851e-03 3.187559999999999838e-01
6.800945100764401244e-03 -2.008049000000000195e+00
6.820947880472532504e-03 -3.140857000000000010e+00
6.840950660180662897e-03 -2.798119999999999941e+00
6.860953439888793290e-03 -2.821804000000000201e+00
6.880956219596923683e-03 -1.419129000000000085e+00
6.900958999305054943e-03 -6.590999999999999637e-03
6.920961779013185336e-03 1.401729999999999920e+00
6.940964558721315729e-03 2.227294999999999803e+00
6.960967338429446122e-03 1.590681999999999929e+00
6.980970118137576515e-03 -1.355215000000000058e+00
7.000972897845707775e-03 -4.130132999999999832e+00
7.020975677553838168e-03 -4.449703999999999660e+00
7.040978457261968561e-03 -3.240848000000000173e+00
7.060981236970098954e-03 -9.664080000000000448e-01
7.080984016678230214e-03 1.485564000000000107e+00
7.100986796386360607e-03 8.741290000000000449e-01
7.120989576094491000e-03 -7.991279999999999495e-01
7.140992355802621393e-03 -1.261970999999999954e+00
7.160995135510752653e-03 -2.232755000000000045e+00
7.180997915218883046e-03 -4.143435000000000201e+00
7.201000694927013439e-03 -4.619839999999999947e+00
7.221003474635143832e-03 -3.883820000000000050e+00
7.241006254343274225e-03 -2.637134000000000089e+00
7.261009034051405485e-03 -3.604999999999999871e-02
7.281011813759535878e-03 1.767695999999999934e+00
7.301014593467666271e-03 1.790405999999999942e+00
7.321017373175796664e-03 5.749319999999999986e-01
7.341020152883927924e-03 -1.470259999999999900e+00
7.361022932592058317e-03 -2.052756000000000025e+00
7.381025712300188710e-03 -8.152850000000000374e-01
7.401028492008319103e-03 -4.056500000000000106e-01
7.421031271716450363e-03 -1.163602000000000025e+00
7.441034051424580756e-03 -2.067680999999999880e+00
7.461036831132711149e-03 -2.084550999999999821e+00
7.481039610840841542e-03 -1.648376999999999981e+00
7.501042390548971935e-03 -1.063220000000000054e+00
7.521045170257103195e-03 -1.364428999999999892e+00
7.541047949965233588e-03 -1.910004000000000035e+00
7.561050729673363981e-03 -1.785484000000000071e+00
7.581053509381494374e-03 -1.639227999999999907e+00
7.601056289089625634e-03 -1.757711999999999941e+00
7.621059068797756027e-03 -2.106028999999999929e+00
7.641061848505886420e-03 -2.623638000000000137e+00
7.661064628214016813e-03 -2.405095999999999901e+00
7.681067407922147205e-03 -5.630669999999999842e-01
7.701070187630278466e-03 7.798469999999999569e-01
7.721072967338408859e-03 4.029800000000000049e-01
7.741075747046539252e-03 1.345900000000000048e-02
7.761078526754669644e-03 -2.942379999999999995e-01
7.781081306462800905e-03 -1.539819999999999967e+00
7.801084086170931298e-03 -1.614181000000000088e+00
7.821086865879062558e-03 -1.144395000000000051e+00
7.841089645587192083e-03 -1.046284999999999910e+00
7.861092425295323344e-03 -1.387723000000000040e+00
7.881095205003452869e-03 -1.666544999999999943e+00
7.901097984711584130e-03 -1.854913999999999952e+00
7.921100764419715390e-03 -1.801965999999999957e+00
7.941103544127844915e-03 -1.728512999999999966e+00
7.961106323835976176e-03 -2.173058000000000156e+00
7.981109103544105701e-03 -2.329632000000000147e+00
8.001111883252236961e-03 -1.327507999999999910e+00
8.021114662960368222e-03 -5.765699999999999992e-02
8.041117442668497747e-03 1.125430000000000041e-01
8.061120222376629008e-03 -1.184040999999999899e+00
8.081123002084760268e-03 -2.872157000000000071e+00
8.101125781792889793e-03 -3.158246000000000109e+00
8.121128561501021054e-03 -1.987999000000000072e+00
8.141131341209150579e-03 -6.478749999999999787e-01
8.161134120917281840e-03 4.162170000000000036e-01
8.181136900625413100e-03 1.037190999999999974e+00
8.201139680333542625e-03 8.157950000000000479e-01
8.221142460041673886e-03 3.248550000000000049e-01
8.241145239749803411e-03 -5.178399999999999670e-01
8.261148019457934671e-03 -2.009411000000000058e+00
8.281150799166065932e-03 -3.268555000000000099e+00
8.301153578874195457e-03 -4.172310000000000407e+00
8.321156358582326718e-03 -3.922232999999999858e+00
8.341159138290457978e-03 -2.224772999999999890e+00
8.361161917998587503e-03 -4.740500000000000269e-02
8.381164697706718764e-03 1.252099000000000073e+00
8.401167477414848289e-03 8.667960000000000109e-01
8.421170257122979549e-03 -9.276699999999999946e-01
8.441173036831110810e-03 -2.688524999999999832e+00
8.461175816539240335e-03 -2.812200999999999951e+00
8.481178596247371596e-03 -2.054572999999999983e+00
8.501181375955501121e-03 -1.845245999999999942e+00
8.521184155663632381e-03 -1.725722999999999896e+00
8.541186935371763642e-03 -1.141410000000000036e+00
8.561189715079893167e-03 3.928570000000000118e-01
8.581192494788024427e-03 1.241522000000000014e+00
8.601195274496155688e-03 3.295270000000000143e-01
8.621198054204285213e-03 -1.520937999999999901e+00
8.641200833912416474e-03 -2.807659000000000127e+00
8.661203613620545999e-03 -3.057799999999999851e+00
8.681206393328677259e-03 -2.102590000000000181e+00
8.701209173036808520e-03 -4.214169999999999860e-01
8.721211952744938045e-03 5.598779999999999868e-01
8.741214732453069305e-03 1.325280000000000069e-01
8.761217512161198831e-03 -8.781609999999999694e-01
8.781220291869330091e-03 -1.576546000000000003e+00
8.801223071577461352e-03 -2.218220000000000081e+00
8.821225851285590877e-03 -2.845941999999999972e+00
8.841228630993722137e-03 -3.000440000000000218e+00
8.861231410701853398e-03 -2.558879999999999821e+00
8.881234190409982923e-03 -1.654671000000000003e+00
8.901236970118114183e-03 5.927000000000000324e-02
8.921239749826243709e-03 1.327498000000000067e+00
8.941242529534374969e-03 1.061588999999999894e+00
8.961245309242506230e-03 -4.556780000000000275e-01
8.981248088950635755e-03 -1.810270999999999963e+00
9.001250868658767015e-03 -1.836810000000000054e+00
9.021253648366896541e-03 -1.355733999999999995e+00
9.041256428075027801e-03 -1.281242999999999910e+00
9.061259207783159061e-03 -1.518925999999999998e+00
9.081261987491288587e-03 -1.700936000000000003e+00
9.101264767199419847e-03 -1.616516999999999982e+00
9.121267546907551108e-03 -1.657980000000000009e+00
9.141270326615680633e-03 -1.848943999999999921e+00
9.161273106323811893e-03 -1.578557999999999906e+00
9.181275886031941419e-03 -1.184690000000000021e+00
9.201278665740072679e-03 -9.910010000000000208e-01
9.221281445448203939e-03 -3.929320000000000035e-01
9.241284225156333465e-03 1.795720000000000094e-01
9.261287004864464725e-03 -8.938699999999999424e-02
9.281289784572594251e-03 -1.214344000000000090e+00
9.301292564280725511e-03 -2.502752000000000088e+00
9.321295343988856771e-03 -2.843347000000000069e+00
9.341298123696986297e-03 -1.949584999999999901e+00
9.361300903405117557e-03 -7.823219999999999619e-01
9.381303683113248817e-03 -3.029319999999999791e-01
9.401306462821378343e-03 -6.541690000000000005e-01
9.421309242529509603e-03 -1.034086000000000061e+00
9.441312022237639129e-03 -8.939939999999999554e-01
9.461314801945770389e-03 -1.033047999999999966e+00
9.481317581653901649e-03 -1.653632999999999909e+00
9.501320361362031175e-03 -2.455708000000000002e+00
9.521323141070162435e-03 -2.315941000000000027e+00
9.541325920778291961e-03 -1.296102000000000087e+00
9.561328700486423221e-03 -5.585900000000000309e-01
9.581331480194554481e-03 -5.669600000000000195e-01
9.601334259902684007e-03 -9.386360000000000259e-01
9.621337039610815267e-03 -9.856800000000000006e-01
9.641339819318946527e-03 -8.395529999999999937e-01
9.661342599027076053e-03 -7.595469999999999722e-01
9.681345378735207313e-03 -8.263160000000000505e-01
9.701348158443336839e-03 -1.053682000000000007e+00
9.721350938151468099e-03 -1.332438999999999929e+00
9.741353717859599359e-03 -1.884438000000000057e+00
9.761356497567728885e-03 -2.071898000000000017e+00
9.781359277275860145e-03 -1.599841000000000069e+00
9.801362056983989671e-03 -6.973190000000000222e-01
9.821364836692120931e-03 -1.404539999999999955e-01
9.841367616400252191e-03 -7.497479999999999700e-01
9.861370396108381717e-03 -1.744734999999999925e+00
9.881373175816512977e-03 -2.255854999999999944e+00
9.901375955524644237e-03 -2.319573999999999803e+00
9.921378735232773763e-03 -2.430985999999999869e+00
9.941381514940905023e-03 -2.025243999999999822e+00
9.961384294649034549e-03 -7.506570000000000187e-01
9.981387074357165809e-03 7.280670000000000197e-01
1.000138985406529707e-02 1.734602999999999895e+00
1.002139263377342659e-02 1.311795000000000044e+00
1.004139541348155786e-02 -5.914230000000000320e-01
1.006139819318968738e-02 -2.345464000000000215e+00
1.008140097289781864e-02 -3.081744000000000039e+00
1.010140375260594990e-02 -3.313717000000000024e+00
1.012140653231407943e-02 -2.838610000000000078e+00
1.014140931202221069e-02 -1.471233999999999931e+00
1.016141209173034195e-02 3.370399999999999785e-02
1.018141487143847147e-02 7.446779999999999511e-01
1.020141765114660273e-02 6.047150000000000025e-01
1.022142043085473226e-02 -3.749580000000000135e-01
1.024142321056286352e-02 -1.771468999999999960e+00
1.026142599027099478e-02 -2.490228999999999804e+00
1.028142876997912430e-02 -2.738424000000000191e+00
1.030143154968725556e-02 -2.831732000000000138e+00
1.032143432939538509e-02 -1.873472000000000026e+00
1.034143710910351635e-02 -2.782749999999999946e-01
1.036143988881164761e-02 2.760600000000000276e-01
1.038144266851977714e-02 -1.847719999999999918e-01
1.040144544822790840e-02 -9.239070000000000338e-01
1.042144822793603966e-02 -1.239780000000000104e+00
1.044145100764416918e-02 -9.596599999999999575e-01
1.046145378735230044e-02 -6.365849999999999564e-01
1.048145656706042997e-02 -7.679820000000000535e-01
1.050145934676856123e-02 -1.168014000000000108e+00
1.052146212647669249e-02 -1.207594999999999974e+00
1.054146490618482201e-02 -1.246788000000000007e+00
1.056146768589295327e-02 -1.766796999999999951e+00
1.058147046560108280e-02 -2.178509000000000029e+00
1.060147324530921406e-02 -2.101617000000000068e+00
1.062147602501734532e-02 -1.758491000000000026e+00
1.064147880472547485e-02 -9.523920000000000163e-01
1.066148158443360611e-02 -1.093080000000000024e-01
1.068148436414173737e-02 -1.132799999999999953e-02
1.070148714384986689e-02 -5.143360000000000154e-01
1.072148992355799815e-02 -1.244062000000000001e+00
1.074149270326612768e-02 -1.929664999999999964e+00
1.076149548297425894e-02 -2.091559000000000168e+00
1.078149826268239020e-02 -1.591730000000000089e+00
1.080150104239051972e-02 -1.124473999999999974e+00
1.082150382209865098e-02 -1.146471000000000018e+00
1.084150660180678051e-02 -1.006639000000000062e+00
1.086150938151491177e-02 -5.425619999999999887e-01
1.088151216122304303e-02 -2.161780000000000090e-01
1.090151494093117256e-02 -5.039540000000000131e-01
1.092151772063930382e-02 -1.296362000000000014e+00
1.094152050034743508e-02 -1.906759000000000093e+00
1.096152328005556460e-02 -1.711317999999999895e+00
1.098152605976369586e-02 -9.533009999999999540e-01
1.100152883947182539e-02 -7.055599999999999650e-01
1.102153161917995665e-02 -9.898979999999999446e-01
1.104153439888808791e-02 -1.246332999999999913e+00
1.106153717859621743e-02 -1.365402000000000005e+00
1.108153995830434869e-02 -1.606524000000000063e+00
1.110154273801247822e-02 -1.762578999999999896e+00
1.112154551772060948e-02 -1.797034000000000020e+00
1.114154829742874074e-02 -1.811763999999999930e+00
1.116155107713687027e-02 -1.521066999999999947e+00
1.118155385684500153e-02 -7.310609999999999609e-01
1.120155663655313279e-02 -1.202740000000000059e-01
1.122155941626126231e-02 -1.574000000000000052e-02
1.124156219596939357e-02 -2.538770000000000193e-01
1.126156497567752310e-02 -1.117337000000000025e+00
1.128156775538565436e-02 -1.914740000000000109e+00
1.130157053509378562e-02 -1.790480999999999989e+00
1.132157331480191514e-02 -1.338602999999999987e+00
1.134157609451004640e-02 -1.300969000000000042e+00
1.136157887421817593e-02 -1.489143000000000105e+00
1.138158165392630719e-02 -1.405308000000000002e+00
1.140158443363443845e-02 -9.578430000000000000e-01
1.142158721334256798e-02 -5.246530000000000360e-01
1.144158999305069924e-02 -6.470310000000000228e-01
1.146159277275883050e-02 -1.364948000000000050e+00
1.148159555246696002e-02 -1.876522000000000023e+00
1.150159833217509128e-02 -1.713459000000000065e+00
1.152160111188322081e-02 -1.562920000000000087e+00
1.154160389159135207e-02 -1.603474999999999984e+00
1.156160667129948333e-02 -1.528010000000000090e+00
1.158160945100761285e-02 -1.198186999999999891e+00
1.160161223071574411e-02 -8.444199999999999484e-01
1.162161501042387364e-02 -5.666360000000000285e-01
1.164161779013200490e-02 -4.577539999999999942e-01
1.166162056984013616e-02 -5.968729999999999869e-01
1.168162334954826569e-02 -1.000343999999999900e+00
1.170162612925639695e-02 -1.665831999999999979e+00
1.172162890896452821e-02 -2.128286000000000122e+00
1.174163168867265773e-02 -1.944588999999999901e+00
1.176163446838078899e-02 -1.196824000000000110e+00
1.178163724808891852e-02 -5.331540000000000168e-01
1.180164002779704978e-02 -5.282869999999999511e-01
1.182164280750518104e-02 -9.086579999999999657e-01
1.184164558721331056e-02 -1.100854999999999917e+00
1.186164836692144182e-02 -1.261840999999999990e+00
1.188165114662957135e-02 -1.758102000000000054e+00
1.190165392633770261e-02 -2.296343999999999941e+00
1.192165670604583387e-02 -2.242747000000000046e+00
1.194165948575396340e-02 -1.469092000000000064e+00
1.196166226546209466e-02 -4.798810000000000020e-01
1.198166504517022592e-02 -9.302100000000000646e-02
1.200166782487835544e-02 -4.497079999999999966e-01
1.202167060458648670e-02 -1.001837000000000089e+00
1.204167338429461623e-02 -1.382012999999999936e+00
1.206167616400274749e-02 -1.710409000000000068e+00
1.208167894371087875e-02 -1.742269000000000068e+00
1.210168172341900827e-02 -1.406346000000000096e+00
1.212168450312713953e-02 -1.043689000000000089e+00
1.214168728283526906e-02 -7.788180000000000103e-01
1.216169006254340032e-02 -8.123650000000000038e-01
1.218169284225153158e-02 -1.190075999999999912e+00
1.220169562195966111e-02 -1.554159999999999986e+00
1.222169840166779237e-02 -1.611585999999999963e+00
1.224170118137592363e-02 -1.541506999999999961e+00
1.226170396108405315e-02 -1.290132000000000057e+00
1.228170674079218441e-02 -7.047809999999999908e-01
1.230170952050031394e-02 -1.721840000000000037e-01
1.232171230020844520e-02 -3.085129999999999817e-01
1.234171507991657646e-02 -1.159968000000000110e+00
1.236171785962470598e-02 -2.155993000000000048e+00
1.238172063933283724e-02 -2.571857000000000060e+00
1.240172341904096677e-02 -2.141392999999999880e+00
1.242172619874909803e-02 -1.366246000000000071e+00
1.244172897845722929e-02 -7.239879999999999649e-01
1.246173175816535882e-02 -3.130550000000000277e-01
1.248173453787349008e-02 -1.461639999999999884e-01
1.250173731758162134e-02 -3.929320000000000035e-01
1.252174009728975086e-02 -1.107539000000000051e+00
1.254174287699788212e-02 -1.912533999999999956e+00
1.256174565670601165e-02 -2.336704999999999810e+00
1.258174843641414291e-02 -2.218933999999999962e+00
1.260175121612227417e-02 -1.562789999999999901e+00
1.262175399583040369e-02 -8.448740000000000139e-01
1.264175677553853495e-02 -3.624990000000000157e-01
1.266175955524666448e-02 -3.260319999999999885e-01
1.268176233495479574e-02 -6.700669999999999682e-01
1.270176511466292700e-02 -1.285590000000000011e+00
1.272176789437105653e-02 -1.758102000000000054e+00
1.274177067407918779e-02 -1.752520999999999995e+00
1.276177345378731905e-02 -1.569083999999999923e+00
1.278177623349544857e-02 -1.429705999999999921e+00
1.280177901320357983e-02 -1.313296999999999937e+00
1.282178179291170936e-02 -1.180927000000000060e+00
1.284178457261984062e-02 -1.098519000000000023e+00
1.286178735232797188e-02 -9.657590000000000341e-01
1.288179013203610140e-02 -1.024483000000000033e+00
1.290179291174423266e-02 -1.210644999999999971e+00
1.292179569145236219e-02 -1.235238000000000058e+00
1.294179847116049345e-02 -1.071007000000000042e+00
1.296180125086862471e-02 -1.018383000000000038e+00
1.298180403057675424e-02 -1.089564999999999895e+00
1.300180681028488550e-02 -1.261387000000000036e+00
1.302180958999301676e-02 -1.443786000000000014e+00
1.304181236970114628e-02 -1.438075999999999910e+00
1.306181514940927754e-02 -1.292402999999999968e+00
1.308181792911740707e-02 -1.154128000000000043e+00
1.310182070882553833e-02 -1.154258000000000006e+00
1.312182348853366959e-02 -1.181316000000000033e+00
1.314182626824179911e-02 -1.308885000000000076e+00
1.316182904794993037e-02 -1.382012999999999936e+00
1.318183182765805990e-02 -1.258726999999999929e+00
1.320183460736619116e-02 -1.094106999999999941e+00
1.322183738707432242e-02 -1.009428999999999910e+00
1.324184016678245195e-02 -1.006833000000000089e+00
1.326184294649058321e-02 -9.675759999999999916e-01
1.328184572619871447e-02 -1.005146000000000095e+00
1.330184850590684399e-02 -1.218301999999999996e+00
1.332185128561497525e-02 -1.548060999999999909e+00
1.334185406532310478e-02 -1.735195999999999961e+00
1.336185684503123604e-02 -1.638060000000000072e+00
1.338185962473936730e-02 -1.349374999999999991e+00
1.340186240444749682e-02 -1.074057000000000039e+00
1.342186518415562808e-02 -1.069125000000000103e+00
1.344186796386375761e-02 -1.149326000000000070e+00
1.346187074357188887e-02 -1.162627999999999995e+00
1.348187352328002013e-02 -1.124864000000000086e+00
1.350187630298814966e-02 -1.179953000000000030e+00
1.352187908269628092e-02 -1.228879000000000055e+00
1.354188186240441218e-02 -1.240169000000000077e+00
1.356188464211254170e-02 -1.145237999999999978e+00
1.358188742182067296e-02 -9.875620000000000509e-01
1.360189020152880249e-02 -9.688740000000000130e-01
1.362189298123693375e-02 -1.224984999999999991e+00
1.364189576094506501e-02 -1.456569000000000003e+00
1.366189854065319453e-02 -1.510100999999999916e+00
1.368190132036132579e-02 -1.517368999999999968e+00
1.370190410006945532e-02 -1.362028000000000016e+00
1.372190687977758658e-02 -1.089695000000000080e+00
1.374190965948571784e-02 -9.618010000000000170e-01
1.376191243919384737e-02 -1.054589999999999916e+00
1.378191521890197863e-02 -1.325690999999999953e+00
1.380191799861010989e-02 -1.435610000000000053e+00
1.382192077831823941e-02 -1.464226000000000028e+00
1.384192355802637067e-02 -1.376627999999999963e+00
1.386192633773450020e-02 -1.373901999999999957e+00
1.388192911744263146e-02 -1.227516000000000052e+00
1.390193189715076272e-02 -8.441600000000000215e-01
1.392193467685889224e-02 -5.665059999999999540e-01
1.394193745656702350e-02 -6.640319999999999556e-01
1.396194023627515303e-02 -1.102022999999999975e+00
1.398194301598328429e-02 -1.691851999999999911e+00
1.400194579569141555e-02 -1.963081999999999994e+00
1.402194857539954508e-02 -1.803069000000000033e+00
1.404195135510767634e-02 -1.442099000000000020e+00
1.406195413481580760e-02 -1.046154999999999946e+00
1.408195691452393712e-02 -7.569510000000000405e-01
1.410195969423206838e-02 -5.546959999999999669e-01
1.412196247394019791e-02 -5.814949999999999841e-01
1.414196525364832917e-02 -9.670570000000000555e-01
1.416196803335646043e-02 -1.553706000000000031e+00
1.418197081306458995e-02 -1.948028000000000093e+00
1.420197359277272121e-02 -1.955035999999999996e+00
1.422197637248085074e-02 -1.680690999999999935e+00
1.424197915218898200e-02 -1.172036999999999995e+00
1.426198193189711326e-02 -6.097209999999999575e-01
1.428198471160524279e-02 -3.697019999999999751e-01
1.430198749131337405e-02 -5.988850000000000007e-01
1.432199027102150531e-02 -1.126420999999999895e+00
1.434199305072963483e-02 -1.575377999999999945e+00
1.436199583043776609e-02 -1.710539000000000032e+00
1.438199861014589562e-02 -1.584656999999999982e+00
1.440200138985402688e-02 -1.367153999999999980e+00
1.442200416956215814e-02 -1.168338000000000099e+00
1.444200694927028766e-02 -9.710800000000000542e-01
1.446200972897841892e-02 -8.294300000000000006e-01
1.448201250868654845e-02 -8.241749999999999909e-01
1.450201528839467971e-02 -1.075418999999999903e+00
1.452201806810281097e-02 -1.427823999999999982e+00
1.454202084781094050e-02 -1.581866999999999912e+00
1.456202362751907176e-02 -1.350478000000000067e+00
1.458202640722720302e-02 -1.079312999999999967e+00
1.460202918693533254e-02 -9.489530000000000465e-01
1.462203196664346380e-02 -9.989170000000000549e-01
1.464203474635159333e-02 -1.160357000000000083e+00
1.466203752605972459e-02 -1.281957000000000013e+00
1.468204030576785585e-02 -1.266642999999999963e+00
1.470204308547598537e-02 -1.178201000000000054e+00
1.472204586518411663e-02 -1.016826000000000008e+00
1.474204864489224616e-02 -9.230629999999999669e-01
1.476205142460037742e-02 -9.610229999999999606e-01
1.478205420430850868e-02 -1.070227999999999957e+00
1.480205698401663821e-02 -1.216031000000000084e+00
1.482205976372476947e-02 -1.313426999999999900e+00
1.484206254343290073e-02 -1.381170000000000009e+00
1.486206532314103025e-02 -1.365920999999999941e+00
1.488206810284916151e-02 -1.189880999999999966e+00
1.490207088255729104e-02 -9.481749999999999901e-01
1.492207366226542230e-02 -7.176289999999999614e-01
1.494207644197355356e-02 -8.137929999999999886e-01
1.496207922168168308e-02 -1.150819000000000036e+00
1.498208200138981434e-02 -1.302137000000000100e+00
1.500208478109794387e-02 -1.304796999999999985e+00
1.502208756080607513e-02 -1.211554000000000020e+00
1.504209034051420639e-02 -1.102087999999999957e+00
1.506209312022233592e-02 -1.002421000000000006e+00
1.508209589993046718e-02 -1.022081999999999935e+00
1.510209867963859844e-02 -1.061792999999999987e+00
1.512210145934672796e-02 -1.156398999999999955e+00
1.514210423905485922e-02 -1.249382999999999910e+00
1.516210701876298875e-02 -1.304991999999999930e+00
1.518210979847112001e-02 -1.292338999999999904e+00
1.520211257817925127e-02 -1.244451999999999892e+00
1.522211535788738079e-02 -1.161135999999999946e+00
1.524211813759551205e-02 -1.136349000000000053e+00
1.526212091730364158e-02 -1.158670000000000089e+00
1.528212369701177284e-02 -1.143745999999999929e+00
1.530212647671990410e-02 -1.098389999999999977e+00
1.532212925642803363e-02 -9.718590000000000284e-01
1.534213203613616489e-02 -7.782339999999999813e-01
1.536213481584429441e-02 -6.635130000000000194e-01
1.538213759555242567e-02 -7.604549999999999921e-01
1.540214037526055693e-02 -1.095080000000000053e+00
1.542214315496868646e-02 -1.408746999999999971e+00
1.544214593467681772e-02 -1.612428999999999890e+00
1.546214871438494898e-02 -1.670048999999999895e+00
1.548215149409307850e-02 -1.588615000000000110e+00
1.550215427380120976e-02 -1.282734999999999959e+00
1.552215705350933929e-02 -8.156740000000000101e-01
1.554215983321747055e-02 -5.183590000000000142e-01
1.556216261292560181e-02 -5.561890000000000445e-01
1.558216539263373134e-02 -8.900350000000000206e-01
1.560216817234186260e-02 -1.299087000000000103e+00
1.562217095204999212e-02 -1.552537999999999974e+00
1.564217373175812512e-02 -1.622162000000000104e+00
1.566217651146625464e-02 -1.489792000000000005e+00
1.568217929117438417e-02 -1.159578999999999915e+00
1.570218207088251369e-02 -8.699850000000000083e-01
1.572218485059064669e-02 -6.542339999999999822e-01
1.574218763029877621e-02 -7.498129999999999518e-01
1.576219041000690574e-02 -1.010272000000000059e+00
1.578219318971503873e-02 -1.231538999999999939e+00
1.580219596942316826e-02 -1.280723999999999974e+00
1.582219874913129778e-02 -1.290780999999999956e+00
1.584220152883943078e-02 -1.195656000000000052e+00
1.586220430854756031e-02 -1.018059000000000047e+00
1.588220708825568983e-02 -8.079530000000000323e-01
1.590220986796382283e-02 -7.821270000000000167e-01
1.592221264767195235e-02 -1.008780000000000010e+00
1.594221542738008188e-02 -1.381623999999999963e+00
1.596221820708821140e-02 -1.627288000000000068e+00
1.598222098679634440e-02 -1.529892000000000030e+00
1.600222376650447392e-02 -1.283449000000000062e+00
1.602222654621260345e-02 -1.078858000000000095e+00
1.604222932592073644e-02 -8.723210000000000131e-01
1.606223210562886597e-02 -7.132819999999999716e-01
1.608223488533699549e-02 -6.255540000000000544e-01
1.610223766504512849e-02 -7.513060000000000294e-01
1.612224044475325802e-02 -1.017929000000000084e+00
1.614224322446138754e-02 -1.271574999999999900e+00
1.616224600416952054e-02 -1.395121000000000056e+00
1.618224878387765006e-02 -1.360989999999999922e+00
1.620225156358577959e-02 -1.234134000000000064e+00
1.622225434329390911e-02 -1.090797999999999934e+00
1.624225712300204211e-02 -1.016955999999999971e+00
1.626225990271017163e-02 -1.039406999999999970e+00
1.628226268241830116e-02 -1.130120000000000013e+00
1.630226546212643415e-02 -1.163342000000000098e+00
1.632226824183456368e-02 -1.115000999999999909e+00
1.634227102154269320e-02 -9.940499999999999892e-01
1.636227380125082620e-02 -9.744540000000000424e-01
1.638227658095895573e-02 -1.050761999999999974e+00
1.640227936066708525e-02 -1.138554999999999984e+00
1.642228214037521825e-02 -1.226347999999999994e+00
1.644228492008334777e-02 -1.302461000000000091e+00
1.646228769979147730e-02 -1.423086999999999991e+00
1.648229047949960682e-02 -1.465653000000000095e+00
1.650229325920773982e-02 -1.363131000000000093e+00
1.652229603891586934e-02 -1.089695000000000080e+00
1.654229881862399887e-02 -7.681120000000000170e-01
1.656230159833213186e-02 -6.376880000000000326e-01
1.658230437804026139e-02 -7.145789999999999642e-01
1.660230715774839091e-02 -9.223500000000000032e-01
1.662230993745652391e-02 -1.116298999999999930e+00
1.664231271716465344e-02 -1.245943999999999940e+00
1.666231549687278296e-02 -1.304796999999999985e+00
1.668231827658091596e-02 -1.294091000000000102e+00
1.670232105628904548e-02 -1.229916999999999927e+00
1.672232383599717501e-02 -1.129081000000000001e+00
1.674232661570530453e-02 -1.018901999999999974e+00
1.676232939541343753e-02 -9.297469999999999901e-01
1.678233217512156705e-02 -9.557020000000000515e-01
1.680233495482969658e-02 -1.081908000000000092e+00
1.682233773453782957e-02 -1.244126999999999983e+00
1.684234051424595910e-02 -1.285590000000000011e+00
1.686234329395408862e-02 -1.246139000000000108e+00
1.688234607366222162e-02 -1.166001999999999983e+00
1.690234885337035114e-02 -1.120061999999999891e+00
1.692235163307848067e-02 -1.102606999999999893e+00
1.694235441278661367e-02 -1.055498999999999965e+00
1.696235719249474319e-02 -9.982680000000000442e-01
1.698235997220287272e-02 -9.390260000000000273e-01
1.700236275191100224e-02 -9.703659999999999508e-01
1.702236553161913524e-02 -1.066853999999999969e+00
1.704236831132726476e-02 -1.209087999999999941e+00
1.706237109103539429e-02 -1.306030000000000024e+00
1.708237387074352728e-02 -1.318942999999999977e+00
1.710237665045165681e-02 -1.216224999999999890e+00
1.712237943015978633e-02 -1.091056999999999944e+00
1.714238220986791933e-02 -9.846420000000000172e-01
1.716238498957604885e-02 -9.170289999999999830e-01
1.718238776928417838e-02 -9.250099999999999989e-01
1.720239054899231138e-02 -1.040249999999999897e+00
1.722239332870044090e-02 -1.221870999999999929e+00
1.724239610840857043e-02 -1.413418999999999981e+00
1.726239888811669995e-02 -1.553252000000000077e+00
1.728240166782483295e-02 -1.479799000000000087e+00
1.730240444753296247e-02 -1.154193000000000024e+00
1.732240722724109200e-02 -8.168419999999999570e-01
1.734241000694922499e-02 -6.372330000000000494e-01
1.736241278665735452e-02 -7.328130000000000477e-01
1.738241556636548404e-02 -9.591410000000000213e-01
1.740241834607361704e-02 -1.204674999999999940e+00
1.742242112578174656e-02 -1.387399000000000049e+00
1.744242390548987609e-02 -1.488623999999999947e+00
1.746242668519800909e-02 -1.431327999999999934e+00
1.748242946490613861e-02 -1.230825000000000058e+00
1.750243224461426814e-02 -9.625799999999999912e-01
1.752243502432239766e-02 -8.140519999999999978e-01
1.754243780403053066e-02 -8.544119999999999493e-01
1.756244058373866018e-02 -1.035058999999999951e+00
1.758244336344678971e-02 -1.272029000000000076e+00
1.760244614315492270e-02 -1.371696000000000026e+00
1.762244892286305223e-02 -1.350543000000000049e+00
1.764245170257118175e-02 -1.190465000000000106e+00
1.766245448227931475e-02 -1.022666000000000075e+00
1.768245726198744427e-02 -9.222850000000000215e-01
1.770246004169557380e-02 -9.650459999999999594e-01
1.772246282140370680e-02 -1.119542999999999955e+00
1.774246560111183632e-02 -1.253924999999999956e+00
1.776246838081996585e-02 -1.294480000000000075e+00
1.778247116052809537e-02 -1.226283000000000012e+00
1.780247394023622837e-02 -1.136803000000000008e+00
1.782247671994435789e-02 -1.031360999999999972e+00
1.784247949965248742e-02 -9.748440000000000438e-01
1.786248227936062041e-02 -9.720529999999999449e-01
1.788248505906874994e-02 -1.108641999999999905e+00
1.790248783877687946e-02 -1.334840000000000027e+00
1.792249061848501246e-02 -1.469028000000000000e+00
1.794249339819314198e-02 -1.423540999999999945e+00
1.796249617790127151e-02 -1.219081000000000081e+00
1.798249895760940451e-02 -9.939850000000000074e-01
1.800250173731753403e-02 -8.339079999999999826e-01
1.802250451702566356e-02 -8.191129999999999800e-01
1.804250729673379308e-02 -9.192350000000000243e-01
1.806251007644192608e-02 -1.064518000000000075e+00
1.808251285615005560e-02 -1.259570000000000078e+00
1.810251563585818513e-02 -1.328286000000000078e+00
1.812251841556631812e-02 -1.295387999999999984e+00
1.814252119527444765e-02 -1.188712999999999909e+00
1.816252397498257717e-02 -1.096508000000000038e+00
1.818252675469071017e-02 -1.049009999999999998e+00
1.820252953439883969e-02 -1.056667000000000023e+00
1.822253231410696922e-02 -1.165807999999999955e+00
1.824253509381510222e-02 -1.271898999999999891e+00
1.826253787352323174e-02 -1.355928000000000022e+00
1.828254065323136127e-02 -1.351711000000000107e+00
1.830254343293949079e-02 -1.227970000000000006e+00
1.832254621264762379e-02 -1.080025999999999931e+00
1.834254899235575331e-02 -9.912600000000000300e-01
1.836255177206388284e-02 -9.860689999999999733e-01
1.838255455177201583e-02 -1.042002000000000095e+00
1.840255733148014536e-02 -1.130573999999999968e+00
1.842256011118827488e-02 -1.207854999999999901e+00
1.844256289089640788e-02 -1.278518000000000043e+00
1.846256567060453740e-02 -1.282995000000000108e+00
1.848256845031266693e-02 -1.223038999999999987e+00
1.850257123002079993e-02 -1.107019999999999893e+00
1.852257400972892945e-02 -1.006639000000000062e+00
1.854257678943705898e-02 -9.725730000000000208e-01
1.856257956914518850e-02 -9.589459999999999651e-01
1.858258234885332150e-02 -9.369490000000000318e-01
1.860258512856145102e-02 -9.937909999999999799e-01
1.862258790826958055e-02 -1.106435999999999975e+00
1.864259068797771354e-02 -1.270081999999999933e+00
1.866259346768584307e-02 -1.400247000000000019e+00
1.868259624739397259e-02 -1.432366000000000028e+00
1.870259902710210559e-02 -1.361639000000000044e+00
1.872260180681023511e-02 -1.270731000000000055e+00
1.874260458651836464e-02 -1.151921999999999890e+00
1.876260736622649763e-02 -1.040575000000000028e+00
1.878261014593462716e-02 -9.496670000000000389e-01
1.880261292564275669e-02 -9.069059999999999899e-01
1.882261570535088621e-02 -9.566750000000000531e-01
1.884261848505901921e-02 -1.054526000000000074e+00
1.886262126476714873e-02 -1.177877000000000063e+00
1.888262404447527826e-02 -1.246463000000000099e+00
1.890262682418341125e-02 -1.214863000000000026e+00
1.892262960389154078e-02 -1.144589999999999996e+00
1.894263238359967030e-02 -1.038758000000000070e+00
1.896263516330780330e-02 -1.014035999999999937e+00
1.898263794301593282e-02 -1.065101999999999993e+00
1.900264072272406235e-02 -1.159189000000000025e+00
1.902264350243219534e-02 -1.207141000000000020e+00
1.904264628214032487e-02 -1.220831999999999917e+00
1.906264906184845440e-02 -1.220377999999999963e+00
1.908265184155658392e-02 -1.175410999999999984e+00
1.910265462126471692e-02 -1.149002000000000079e+00
1.912265740097284644e-02 -1.096767000000000047e+00
1.914266018068097597e-02 -1.076912000000000091e+00
1.916266296038910896e-02 -1.096897000000000011e+00
1.918266574009723849e-02 -1.184755000000000003e+00
1.920266851980536801e-02 -1.285331000000000001e+00
1.922267129951350101e-02 -1.306224999999999969e+00
1.924267407922163053e-02 -1.230695000000000094e+00
1.926267685892976006e-02 -1.016631000000000062e+00
1.928267963863789305e-02 -8.514270000000000449e-01
1.930268241834602258e-02 -8.231359999999999788e-01
1.932268519805415211e-02 -8.982759999999999634e-01
1.934268797776228163e-02 -1.027531999999999890e+00
1.936269075747041463e-02 -1.139982999999999969e+00
1.938269353717854415e-02 -1.237897999999999943e+00
1.940269631688667368e-02 -1.303824000000000094e+00
1.942269909659480667e-02 -1.312648000000000037e+00
1.944270187630293620e-02 -1.291430000000000078e+00
1.946270465601106572e-02 -1.216224999999999890e+00
1.948270743571919872e-02 -1.153867999999999894e+00
1.950271021542732824e-02 -1.164574999999999916e+00
1.952271299513545777e-02 -1.277220000000000022e+00
1.954271577484359076e-02 -1.353787000000000074e+00
1.956271855455172029e-02 -1.338019000000000069e+00
1.958272133425984982e-02 -1.198121999999999909e+00
1.960272411396797934e-02 -1.019876000000000005e+00
1.962272689367611234e-02 -8.679090000000000416e-01
1.964272967338424186e-02 -8.501950000000000340e-01
1.966273245309237139e-02 -9.706909999999999705e-01
1.968273523280050438e-02 -1.127718999999999916e+00
1.970273801250863391e-02 -1.270601000000000091e+00
1.972274079221676343e-02 -1.314659999999999940e+00
1.974274357192489643e-02 -1.294675000000000020e+00
1.976274635163302595e-02 -1.178072000000000008e+00
1.978274913134115548e-02 -1.034345999999999988e+00
1.980275191104928847e-02 -9.033369999999999456e-01
1.982275469075741800e-02 -8.324150000000000160e-01
1.984275747046554753e-02 -9.396750000000000380e-01
1.986276025017367705e-02 -1.163211999999999913e+00
1.988276302988181005e-02 -1.390838000000000019e+00
1.990276580958993957e-02 -1.501406000000000018e+00
1.992276858929806910e-02 -1.433469000000000104e+00
1.994277136900620209e-02 -1.293117000000000072e+00
1.996277414871433162e-02 -1.116103999999999985e+00
1.998277692842246114e-02 -9.908059999999999645e-01
2.000277970813059414e-02 -9.364299999999999846e-01
2.002278248783872366e-02 -9.529760000000000453e-01
2.004278526754685319e-02 -1.003978000000000037e+00
2.006278804725498618e-02 -1.057965000000000044e+00
2.008279082696311571e-02 -1.091317000000000093e+00
2.010279360667124524e-02 -1.121359999999999912e+00
2.012279638637937476e-02 -1.105917000000000039e+00
2.014279916608750776e-02 -1.104165000000000063e+00
2.016280194579563728e-02 -1.122009000000000034e+00
2.018280472550376681e-02 -1.183651999999999926e+00
2.020280750521189980e-02 -1.207789999999999919e+00
2.022281028492002933e-02 -1.243997000000000019e+00
2.024281306462815885e-02 -1.208050000000000068e+00
2.026281584433629185e-02 -1.147250000000000103e+00
2.028281862404442137e-02 -1.074510999999999994e+00
2.030282140375255090e-02 -1.033371999999999957e+00
2.032282418346068389e-02 -1.049204999999999943e+00
2.034282696316881342e-02 -1.073083000000000009e+00
2.036282974287694295e-02 -1.115585000000000049e+00
2.038283252258507247e-02 -1.130767999999999995e+00
2.040283530229320547e-02 -1.130767999999999995e+00
2.042283808200133499e-02 -1.126225999999999949e+00
2.044284086170946452e-02 -1.139528000000000096e+00
2.046284364141759751e-02 -1.149197000000000024e+00
2.048284642112572704e-02 -1.150624000000000091e+00
2.050284920083385656e-02 -1.159448999999999952e+00
2.052285198054198956e-02 -1.104424000000000072e+00
2.054285476025011908e-02 -1.057704999999999895e+00
2.056285753995824861e-02 -1.022535999999999889e+00
2.058286031966638160e-02 -9.834089999999999776e-01
2.060286309937451113e-02 -1.015139000000000014e+00
2.062286587908264066e-02 -1.102932000000000023e+00
2.064286865879077018e-02 -1.214018999999999959e+00
2.066287143849890318e-02 -1.298956999999999917e+00
2.068287421820703270e-02 -1.338927999999999896e+00
2.070287699791516223e-02 -1.285006000000000093e+00
2.072287977762329522e-02 -1.209476999999999913e+00
2.074288255733142475e-02 -1.114805999999999964e+00
2.076288533703955427e-02 -1.041808000000000067e+00
2.078288811674768727e-02 -1.021692000000000045e+00
2.080289089645581679e-02 -1.065881000000000078e+00
2.082289367616394632e-02 -1.130962999999999941e+00
2.084289645587207931e-02 -1.177942000000000045e+00
2.086289923558020884e-02 -1.160811000000000037e+00
2.088290201528833837e-02 -1.133947999999999956e+00
2.090290479499646789e-02 -1.089760000000000062e+00
2.092290757470460089e-02 -1.121683999999999903e+00
2.094291035441273041e-02 -1.158605000000000107e+00
2.096291313412085994e-02 -1.221675999999999984e+00
2.098291591382899293e-02 -1.257363999999999926e+00
2.100291869353712246e-02 -1.215705999999999953e+00
2.102292147324525198e-02 -1.149002000000000079e+00
2.104292425295338498e-02 -1.050696999999999992e+00
2.106292703266151450e-02 -9.372740000000000515e-01
2.108292981236964403e-02 -9.374679999999999680e-01
2.110293259207777702e-02 -9.924929999999999586e-01
2.112293537178590655e-02 -1.140501999999999905e+00
2.114293815149403608e-02 -1.273846000000000034e+00
2.116294093120216560e-02 -1.376173000000000091e+00
2.118294371091029860e-02 -1.362676999999999916e+00
2.120294649061842812e-02 -1.253341000000000038e+00
2.122294927032655765e-02 -1.075094999999999912e+00
2.124295205003469064e-02 -9.277999999999999581e-01
2.126295482974282017e-02 -8.954860000000000042e-01
2.128295760945094969e-02 -9.233230000000000048e-01
2.130296038915908269e-02 -1.046608999999999901e+00
2.132296316886721221e-02 -1.159318999999999988e+00
2.134296594857534174e-02 -1.259441000000000033e+00
2.136296872828347473e-02 -1.279879999999999907e+00
2.138297150799160426e-02 -1.237379000000000007e+00
2.140297428769973379e-02 -1.167235000000000023e+00
2.142297706740786331e-02 -1.079897000000000107e+00
2.144297984711599631e-02 -1.070683000000000051e+00
2.146298262682412583e-02 -1.094886000000000026e+00
2.148298540653225536e-02 -1.174568000000000056e+00
2.150298818624038835e-02 -1.219340000000000090e+00
2.152299096594851788e-02 -1.236534999999999940e+00
2.154299374565664740e-02 -1.167040999999999995e+00
2.156299652536478040e-02 -1.062766000000000099e+00
2.158299930507290992e-02 -9.785420000000000229e-01
2.160300208478103945e-02 -9.262430000000000385e-01
2.162300486448917244e-02 -9.466170000000000417e-01
2.164300764419730197e-02 -1.024612000000000078e+00
2.166301042390543150e-02 -1.111302000000000012e+00
2.168301320361356102e-02 -1.201365999999999934e+00
2.170301598332169402e-02 -1.247241999999999962e+00
2.172301876302982354e-02 -1.231538999999999939e+00
2.174302154273795307e-02 -1.152506000000000030e+00
2.176302432244608606e-02 -1.070162999999999975e+00
2.178302710215421559e-02 -9.965159999999999574e-01
2.180302988186234511e-02 -9.837979999999999503e-01
2.182303266157047811e-02 -1.033241999999999994e+00
2.184303544127860763e-02 -1.110198999999999936e+00
2.186303822098673716e-02 -1.149132000000000042e+00
2.188304100069487015e-02 -1.173335000000000017e+00
2.190304378040299968e-02 -1.186377000000000015e+00
2.192304656011112921e-02 -1.175994999999999902e+00
2.194304933981925873e-02 -1.153154999999999930e+00
2.196305211952739173e-02 -1.105332999999999899e+00
2.198305489923552125e-02 -1.098973999999999895e+00
2.200305767894365078e-02 -1.068540999999999963e+00
2.202306045865178377e-02 -1.058548999999999962e+00
2.204306323835991330e-02 -1.061468999999999996e+00
2.206306601806804282e-02 -1.069450000000000012e+00
2.208306879777617582e-02 -1.040121000000000073e+00
2.210307157748430534e-02 -1.035968000000000000e+00
2.212307435719243487e-02 -1.094495999999999913e+00
2.214307713690056786e-02 -1.170738999999999974e+00
2.216307991660869739e-02 -1.231992999999999894e+00
2.218308269631682692e-02 -1.263398999999999939e+00
2.220308547602495644e-02 -1.236664999999999903e+00
2.222308825573308944e-02 -1.193904000000000076e+00
2.224309103544121896e-02 -1.149002000000000079e+00
2.226309381514934849e-02 -1.092289999999999983e+00
2.228309659485748148e-02 -1.066011000000000042e+00
2.230309937456561101e-02 -1.032918000000000003e+00
2.232310215427374053e-02 -1.040769000000000055e+00
2.234310493398187353e-02 -1.043234999999999912e+00
2.236310771369000305e-02 -1.085153000000000034e+00
2.238311049339813258e-02 -1.123046999999999906e+00
2.240311327310626557e-02 -1.135051000000000032e+00
2.242311605281439510e-02 -1.141539999999999999e+00
2.244311883252252462e-02 -1.143421999999999938e+00
2.246312161223065415e-02 -1.129016999999999937e+00
2.248312439193878715e-02 -1.135310999999999959e+00
2.250312717164691667e-02 -1.116753000000000107e+00
2.252312995135504620e-02 -1.077171000000000101e+00
2.254313273106317919e-02 -1.020783999999999914e+00
2.256313551077130872e-02 -1.020848999999999895e+00
2.258313829047943824e-02 -1.081323999999999952e+00
2.260314107018757124e-02 -1.155361000000000082e+00
2.262314384989570076e-02 -1.206363000000000074e+00
2.264314662960383029e-02 -1.205065000000000053e+00
2.266314940931196328e-02 -1.157372000000000067e+00
2.268315218902009281e-02 -1.118959000000000037e+00
2.270315496872822233e-02 -1.081518999999999897e+00
2.272315774843635186e-02 -1.080675000000000052e+00
2.274316052814448486e-02 -1.105267999999999917e+00
2.276316330785261438e-02 -1.128108000000000111e+00
2.278316608756074391e-02 -1.158020999999999967e+00
2.280316886726887690e-02 -1.161589999999999900e+00
2.282317164697700643e-02 -1.130962999999999941e+00
2.284317442668513595e-02 -1.060365000000000002e+00
2.286317720639326895e-02 -9.722480000000000011e-01
2.288317998610139847e-02 -9.427240000000000064e-01
2.290318276580952800e-02 -9.930120000000000058e-01
2.292318554551766099e-02 -1.099102999999999941e+00
2.294318832522579052e-02 -1.234393999999999991e+00
2.296319110493392004e-02 -1.302850000000000064e+00
2.298319388464204957e-02 -1.264372000000000051e+00
2.300319666435018257e-02 -1.178266000000000036e+00
2.302319944405831209e-02 -1.055109999999999992e+00
2.304320222376644162e-02 -9.913250000000000117e-01
2.306320500347457461e-02 -9.731570000000000498e-01
2.308320778318270414e-02 -1.027012999999999954e+00
2.310321056289083366e-02 -1.106241000000000030e+00
2.312321334259896666e-02 -1.194812999999999903e+00
2.314321612230709618e-02 -1.238027999999999906e+00
2.316321890201522571e-02 -1.265085999999999933e+00
2.318322168172335870e-02 -1.196889000000000092e+00
2.320322446143148823e-02 -1.096573000000000020e+00
2.322322724113961775e-02 -1.014035999999999937e+00
2.324323002084774728e-02 -9.948289999999999633e-01
2.326323280055588028e-02 -1.040056000000000092e+00
2.328323558026400980e-02 -1.113507999999999942e+00
2.330323835997213933e-02 -1.132390999999999925e+00
2.332324113968027232e-02 -1.126420999999999895e+00
2.334324391938840185e-02 -1.076521999999999979e+00
2.336324669909653137e-02 -1.021822000000000008e+00
2.338324947880466437e-02 -1.010596999999999968e+00
2.340325225851279389e-02 -1.039341999999999988e+00
2.342325503822092342e-02 -1.087552999999999992e+00
2.344325781792905641e-02 -1.136803000000000008e+00
2.346326059763718594e-02 -1.180342999999999920e+00
2.348326337734531546e-02 -1.218301999999999996e+00
2.350326615705344499e-02 -1.190269999999999939e+00
2.352326893676157799e-02 -1.149974999999999969e+00
2.354327171646970751e-02 -1.097156999999999938e+00
2.356327449617783704e-02 -1.032723000000000058e+00
2.358327727588597003e-02 -1.019355999999999929e+00
2.360328005559409956e-02 -1.034993999999999970e+00
2.362328283530222908e-02 -1.086904000000000092e+00
2.364328561501036208e-02 -1.115844000000000058e+00
2.366328839471849160e-02 -1.106370999999999993e+00
2.368329117442662113e-02 -1.078338999999999936e+00
2.370329395413475412e-02 -1.076457999999999915e+00
2.372329673384288365e-02 -1.056341999999999892e+00
2.374329951355101317e-02 -1.069190000000000085e+00
2.376330229325914270e-02 -1.076912000000000091e+00
2.378330507296727570e-02 -1.085477000000000025e+00
2.380330785267540522e-02 -1.082816999999999918e+00
2.382331063238353475e-02 -1.090732999999999953e+00
2.384331341209166774e-02 -1.074510999999999994e+00
2.386331619179979727e-02 -1.091706000000000065e+00
2.388331897150792679e-02 -1.097676000000000096e+00
2.390332175121605979e-02 -1.102606999999999893e+00
2.392332453092418931e-02 -1.119348000000000010e+00
2.394332731063231884e-02 -1.127070000000000016e+00
2.396333009034045183e-02 -1.126875000000000071e+00
2.398333287004858136e-02 -1.122916999999999943e+00
2.400333564975671088e-02 -1.121294999999999931e+00
2.402333842946484041e-02 -1.070553000000000088e+00
2.404334120917297341e-02 -1.053941999999999934e+00
2.406334398888110293e-02 -1.034086000000000061e+00
2.408334676858923246e-02 -1.001252999999999949e+00
2.410334954829736545e-02 -1.017864000000000102e+00
2.412335232800549498e-02 -1.013711000000000029e+00
2.414335510771362450e-02 -1.027403000000000066e+00
2.416335788742175750e-02 -1.036032999999999982e+00
2.418336066712988702e-02 -1.074834999999999985e+00
2.420336344683801655e-02 -1.109356000000000009e+00
2.422336622654614954e-02 -1.122203000000000062e+00
2.424336900625427907e-02 -1.112924000000000024e+00
2.426337178596240859e-02 -1.063674999999999926e+00
2.428337456567053812e-02 -1.004172999999999982e+00
2.430337734537867111e-02 -9.785420000000000229e-01
2.432338012508680064e-02 -1.004561999999999955e+00
2.434338290479493017e-02 -1.056407000000000096e+00
2.436338568450306316e-02 -1.075873999999999997e+00
2.438338846421119269e-02 -1.099882000000000026e+00
2.440339124391932221e-02 -1.254185000000000105e+00
2.442339402362745521e-02 -1.122333000000000025e+00
2.444339680333558473e-02 -1.185338999999999920e+00
2.446339958304371426e-02 -1.098260000000000014e+00
2.448340236275184725e-02 -9.861990000000000478e-01
2.450340514245997678e-02 -8.566829999999999723e-01
2.452340792216810630e-02 -8.869860000000000522e-01
2.454341070187623583e-02 -1.077105999999999897e+00
2.456341348158436882e-02 -1.034475000000000033e+00
2.458341626129249835e-02 -1.236469999999999958e+00
2.460341904100062788e-02 -1.079183000000000003e+00
2.462342182070876087e-02 -9.744540000000000424e-01
2.464342460041689040e-02 -1.148417999999999939e+00
2.466342738012501992e-02 -1.112340000000000106e+00
2.468343015983315292e-02 -1.024807000000000023e+00
2.470343293954128244e-02 -1.092743999999999938e+00
2.472343571924941197e-02 -1.047776999999999958e+00
2.474343849895754496e-02 -1.054850000000000065e+00
2.476344127866567449e-02 -1.140825999999999896e+00
2.478344405837380401e-02 -1.122203000000000062e+00
2.480344683808193354e-02 -1.114546999999999954e+00
2.482344961779006653e-02 -1.115324999999999900e+00
2.484345239749819606e-02 -1.016826000000000008e+00
2.486345517720632559e-02 -9.640720000000000400e-01
2.488345795691445858e-02 -9.983980000000000077e-01
2.490346073662258811e-02 -1.094430999999999932e+00
2.492346351633071763e-02 -1.187480000000000091e+00
2.494346629603885063e-02 -1.217198999999999920e+00
2.496346907574698015e-02 -1.141086000000000045e+00
2.498347185545510968e-02 -1.027922000000000002e+00
2.500347463516324267e-02 -9.887939999999999507e-01
2.502347741487137220e-02 -1.002874999999999961e+00
2.504348019457950172e-02 -1.042780999999999958e+00
2.506348297428763125e-02 -1.048102000000000089e+00
2.508348575399576424e-02 -1.047711999999999977e+00
2.510348853370389377e-02 -1.120127000000000095e+00
2.512349131341202330e-02 -1.149909999999999988e+00
2.514349409312015629e-02 -1.154581999999999997e+00
2.516349687282828582e-02 -1.083075999999999928e+00
2.518349965253641534e-02 -1.029349000000000069e+00
2.520350243224454834e-02 -1.039082000000000061e+00
2.522350521195267786e-02 -1.128303000000000056e+00
2.524350799166080739e-02 -1.184819999999999984e+00
2.526351077136894038e-02 -1.177942000000000045e+00
2.528351355107706991e-02 -1.102997000000000005e+00
2.530351633078519943e-02 -1.032594000000000012e+00
2.532351911049332896e-02 -9.938559999999999617e-01
2.534352189020146195e-02 -1.011505000000000098e+00
2.536352466990959148e-02 -1.004756999999999900e+00
2.538352744961772101e-02 -1.005276000000000058e+00
2.540353022932585400e-02 -1.048426000000000080e+00
2.542353300903398353e-02 -1.128562000000000065e+00
2.544353578874211305e-02 -1.183132999999999990e+00
2.546353856845024605e-02 -1.180082999999999993e+00
2.548354134815837557e-02 -1.114870999999999945e+00
2.550354412786650510e-02 -1.061013999999999902e+00
2.552354690757463809e-02 -9.924929999999999586e-01
2.554354968728276762e-02 -1.016631000000000062e+00
2.556355246699089714e-02 -1.053487000000000062e+00
2.558355524669902667e-02 -1.065816000000000097e+00
2.560355802640715966e-02 -1.079377999999999949e+00
2.562356080611528919e-02 -1.076003000000000043e+00
2.564356358582341872e-02 -1.122268000000000043e+00
2.566356636553155171e-02 -1.154387999999999970e+00
2.568356914523968124e-02 -1.151661999999999964e+00
2.570357192494781076e-02 -1.132325999999999944e+00
2.572357470465594376e-02 -1.085930999999999980e+00
2.574357748436407328e-02 -1.090732999999999953e+00
2.576358026407220281e-02 -1.093458000000000041e+00
2.578358304378033580e-02 -1.080221000000000098e+00
2.580358582348846533e-02 -1.067827999999999999e+00
2.582358860319659485e-02 -1.028440999999999939e+00
2.584359138290472438e-02 -1.042975999999999903e+00
2.586359416261285737e-02 -1.092939000000000105e+00
2.588359694232098690e-02 -1.110978000000000021e+00
2.590359972202911643e-02 -1.130703999999999931e+00
2.592360250173724942e-02 -1.093199000000000032e+00
2.594360528144537895e-02 -1.110328999999999899e+00
2.596360806115350847e-02 -1.133947999999999956e+00
2.598361084086164147e-02 -1.157891999999999921e+00
2.600361362056977099e-02 -1.137386999999999926e+00
2.602361640027790052e-02 -1.096573000000000020e+00
2.604361917998603351e-02 -1.076847000000000110e+00
2.606362195969416304e-02 -1.066400000000000015e+00
2.608362473940229256e-02 -1.048945000000000016e+00
2.610362751911042209e-02 -1.013646000000000047e+00
2.612363029881855508e-02 -9.980080000000000062e-01
2.614363307852668461e-02 -1.036032999999999982e+00
2.616363585823481414e-02 -1.108772000000000091e+00
2.618363863794294713e-02 -1.180666999999999911e+00
2.620364141765107666e-02 -1.203896999999999995e+00
2.622364419735920618e-02 -1.195006999999999930e+00
2.624364697706733918e-02 -1.158150999999999931e+00
2.626364975677546870e-02 -1.126420999999999895e+00
2.628365253648359823e-02 -1.068735999999999908e+00
2.630365531619173122e-02 -1.031425999999999954e+00
2.632365809589986075e-02 -1.008065999999999907e+00
2.634366087560799027e-02 -1.036356999999999973e+00
2.636366365531611980e-02 -1.095339999999999980e+00
2.638366643502425279e-02 -1.126355999999999913e+00
2.640366921473238232e-02 -1.132130999999999998e+00
2.642367199444051185e-02 -1.106111000000000066e+00
2.644367477414864484e-02 -1.097156999999999938e+00
2.646367755385677437e-02 -1.075938000000000061e+00
2.648368033356490389e-02 -1.097741000000000078e+00
2.650368311327303689e-02 -1.110848000000000058e+00
2.652368589298116641e-02 -1.138619999999999965e+00
2.654368867268929594e-02 -1.119283000000000028e+00
2.656369145239742893e-02 -1.102413000000000087e+00
2.658369423210555846e-02 -1.083336000000000077e+00
2.660369701181368798e-02 -1.064972000000000030e+00
2.662369979152181751e-02 -1.025910000000000100e+00
2.664370257122995050e-02 -1.025651000000000090e+00
2.666370535093808003e-02 -1.061598000000000042e+00
2.668370813064620956e-02 -1.119477999999999973e+00
2.670371091035434255e-02 -1.165548000000000028e+00
2.672371369006247208e-02 -1.188193999999999972e+00
2.674371646977060160e-02 -1.133753000000000011e+00
2.676371924947873460e-02 -1.076847000000000110e+00
2.678372202918686412e-02 -1.047646999999999995e+00
2.680372480889499365e-02 -1.033436999999999939e+00
2.682372758860312664e-02 -1.050891999999999937e+00
2.684373036831125617e-02 -1.048621000000000025e+00
2.686373314801938569e-02 -1.074834999999999985e+00
2.688373592772751522e-02 -1.089954000000000089e+00
2.690373870743564821e-02 -1.116492999999999958e+00
2.692374148714377774e-02 -1.122462999999999989e+00
2.694374426685190727e-02 -1.071979999999999933e+00
2.696374704656004026e-02 -1.039406999999999970e+00
2.698374982626816979e-02 -1.028960000000000097e+00
2.700375260597629931e-02 -1.061274000000000051e+00
2.702375538568443231e-02 -1.113572999999999924e+00
2.704375816539256183e-02 -1.129990000000000050e+00
2.706376094510069136e-02 -1.127394000000000007e+00
2.708376372480882435e-02 -1.112924000000000024e+00
2.710376650451695388e-02 -1.111626999999999921e+00
2.712376928422508340e-02 -1.067827999999999999e+00
2.714377206393321293e-02 -1.069450000000000012e+00
2.716377484364134592e-02 -1.054330999999999907e+00
2.718377762334947545e-02 -1.052448999999999968e+00
2.720378040305760498e-02 -1.075873999999999997e+00
2.722378318276573797e-02 -1.094821000000000044e+00
2.724378596247386750e-02 -1.104554000000000036e+00
2.726378874218199702e-02 -1.096961999999999993e+00
2.728379152189013002e-02 -1.070357999999999921e+00
2.730379430159825954e-02 -1.044987000000000110e+00
2.732379708130638907e-02 -1.031295999999999990e+00
2.734379986101452206e-02 -1.036421999999999954e+00
2.736380264072265159e-02 -1.074705999999999939e+00
2.738380542043078111e-02 -1.073731999999999909e+00
2.740380820013891064e-02 -1.109291000000000027e+00
2.742381097984704363e-02 -1.112081000000000097e+00
2.744381375955517316e-02 -1.117272000000000043e+00
2.746381653926330269e-02 -1.117272000000000043e+00
2.748381931897143568e-02 -1.110459000000000085e+00
2.750382209867956521e-02 -1.106630000000000003e+00
2.752382487838769473e-02 -1.099687000000000081e+00
2.754382765809582773e-02 -1.082556999999999992e+00
2.756383043780395725e-02 -1.070098999999999911e+00
2.758383321751208678e-02 -1.068346999999999936e+00
2.760383599722021977e-02 -1.085736000000000034e+00
2.762383877692834930e-02 -1.071785999999999905e+00
2.764384155663647882e-02 -1.085153000000000034e+00
2.766384433634460835e-02 -1.085477000000000025e+00
2.768384711605274134e-02 -1.062052999999999914e+00
2.770384989576087087e-02 -1.077431000000000028e+00
2.772385267546900040e-02 -1.077431000000000028e+00
2.774385545517713339e-02 -1.061533000000000060e+00
2.776385823488526292e-02 -1.060689999999999911e+00
2.778386101459339244e-02 -1.039212000000000025e+00
2.780386379430152544e-02 -1.046349999999999891e+00
2.782386657400965496e-02 -1.073277999999999954e+00
2.784386935371778449e-02 -1.099232999999999905e+00
2.786387213342591748e-02 -1.109291000000000027e+00
2.788387491313404701e-02 -1.106630000000000003e+00
2.790387769284217653e-02 -1.077884999999999982e+00
2.792388047255030606e-02 -1.086580000000000101e+00
2.794388325225843905e-02 -1.118309999999999915e+00
2.796388603196656858e-02 -1.117790999999999979e+00
2.798388881167469810e-02 -1.113637999999999906e+00
2.800389159138283110e-02 -1.096378000000000075e+00
2.802389437109096063e-02 -1.081064999999999943e+00
2.804389715079909015e-02 -1.045441000000000065e+00
2.806389993050722315e-02 -1.038432999999999939e+00
2.808390271021535267e-02 -1.045895999999999937e+00
2.810390548992348220e-02 -1.027922000000000002e+00
2.812390826963161519e-02 -1.033697000000000088e+00
2.814391104933974472e-02 -1.080025999999999931e+00
2.816391382904787424e-02 -1.106759999999999966e+00
2.818391660875600377e-02 -1.124992999999999910e+00
2.820391938846413676e-02 -1.120775999999999994e+00
2.822392216817226629e-02 -1.075938000000000061e+00
2.824392494788039581e-02 -1.065166999999999975e+00
2.826392772758852881e-02 -1.054720000000000102e+00
2.828393050729665834e-02 -1.073603000000000085e+00
2.830393328700478786e-02 -1.088592000000000004e+00
2.832393606671292086e-02 -1.105917000000000039e+00
2.834393884642105038e-02 -1.109874999999999945e+00
2.836394162612917991e-02 -1.086969000000000074e+00
2.838394440583731290e-02 -1.076327999999999951e+00
2.840394718554544243e-02 -1.055628999999999929e+00
2.842394996525357195e-02 -1.031425999999999954e+00
2.844395274496170148e-02 -1.015592999999999968e+00
2.846395552466983447e-02 -1.050761999999999974e+00
2.848395830437796400e-02 -1.074381000000000030e+00
2.850396108408609352e-02 -1.108122999999999969e+00
2.852396386379422652e-02 -1.081388999999999934e+00
2.854396664350235605e-02 -1.054330999999999907e+00
2.856396942321048557e-02 -1.017668999999999935e+00
2.858397220291861857e-02 -9.883399999999999963e-01
2.860397498262674809e-02 -9.784119999999999484e-01
2.862397776233487762e-02 -1.001252999999999949e+00
2.864398054204301061e-02 -1.039471999999999952e+00
2.866398332175114014e-02 -1.079312999999999967e+00
2.868398610145926966e-02 -1.110394000000000103e+00
2.870398888116739919e-02 -1.133623999999999965e+00
2.872399166087553218e-02 -1.099102999999999941e+00
2.874399444058366171e-02 -1.073992000000000058e+00
2.876399722029179123e-02 -1.054980000000000029e+00
