# time(s), 	 	 acceleration(g)
0.000000000000000000e+00 6.280757999999999619e+00
2.000277970813059281e-05 6.519219999999999793e+00
4.000555941626118562e-05 6.775006999999999557e+00
6.000833912439177504e-05 7.043642000000000181e+00
8.001111883252237124e-05 7.328238999999999947e+00
1.000138985406529674e-04 7.642489000000000310e+00
1.200166782487835501e-04 7.969003999999999976e+00
1.400194579569141598e-04 8.299217000000000510e+00
1.600222376650447425e-04 8.656812000000000396e+00
1.800250173731753251e-04 9.044840000000000657e+00
2.000277970813059349e-04 9.437540000000000262e+00
2.200305767894365175e-04 9.885004999999999598e+00
2.400333564975671002e-04 1.036737899999999968e+01
2.600361362056977099e-04 1.086759799999999920e+01
2.800389159138283197e-04 1.146904100000000071e+01
3.000416956219588752e-04 1.215204800000000063e+01
3.200444753300894850e-04 1.284757800000000039e+01
3.400472550382200947e-04 1.369792999999999950e+01
3.600500347463506503e-04 1.467435799999999979e+01
3.800528144544812600e-04 1.569108199999999975e+01
4.000555941626118698e-04 1.690785500000000141e+01
4.200583738707424253e-04 1.820735900000000029e+01
4.400611535788730351e-04 1.981176900000000174e+01
4.600639332870036448e-04 2.153570300000000159e+01
4.800667129951342003e-04 2.365739800000000059e+01
5.000694927032648101e-04 2.650810500000000047e+01
5.200722724113954198e-04 2.991412000000000049e+01
5.400750521195260296e-04 3.459874500000000097e+01
5.600778318276566393e-04 4.165793200000000240e+01
5.800806115357871407e-04 5.292585799999999807e+01
6.000833912439177504e-04 7.162918999999999414e+01
6.200861709520483602e-04 1.010827749999999980e+02
6.400889506601789699e-04 1.440415450000000135e+02
6.600917303683095797e-04 2.000865880000000061e+02
6.800945100764401894e-04 2.675787760000000048e+02
7.000972897845707992e-04 3.389396280000000274e+02
7.201000694927013005e-04 4.065547129999999925e+02
7.401028492008319103e-04 4.578588080000000105e+02
7.601056289089625200e-04 4.853517489999999839e+02
7.801084086170931298e-04 4.859720740000000205e+02
8.001111883252237395e-04 4.625589410000000044e+02
8.201139680333543493e-04 4.241670889999999758e+02
8.401167477414848506e-04 3.792284030000000143e+02
8.601195274496154604e-04 3.306807339999999726e+02
8.801223071577460701e-04 2.849639159999999833e+02
9.001250868658766799e-04 2.412038479999999936e+02
9.201278665740072896e-04 1.929991100000000017e+02
9.401306462821378994e-04 1.378962999999999965e+02
9.601334259902684007e-04 8.590439700000000300e+01
9.801362056983990104e-04 4.504214499999999788e+01
1.000138985406529620e-03 1.333722000000000030e+01
1.020141765114660230e-03 -2.803310999999999886e+00
1.040144544822790840e-03 -5.975666000000000366e+00
1.060147324530921449e-03 -1.009369999999999989e-01
1.080150104239052059e-03 2.099596800000000130e+01
1.100152883947182669e-03 4.088323900000000322e+01
1.120155663655313279e-03 5.950221599999999711e+01
1.140158443363443888e-03 7.184675799999999413e+01
1.160161223071574281e-03 6.297675300000000220e+01
1.180164002779704891e-03 5.031270500000000112e+01
1.200166782487835501e-03 1.808731600000000128e+01
1.220169562195966111e-03 -6.095059000000000005e+00
1.240172341904096720e-03 -3.079387499999999989e+01
1.260175121612227330e-03 -4.808635600000000210e+01
1.280177901320357940e-03 -4.581762599999999708e+01
1.300180681028488550e-03 -3.233307400000000342e+01
1.320183460736619159e-03 -1.404113000000000078e+01
1.340186240444749769e-03 1.051006699999999938e+01
1.360189020152880379e-03 2.195163300000000106e+01
1.380191799861010989e-03 3.957672699999999821e+01
1.400194579569141598e-03 3.341136699999999848e+01
1.420197359277271991e-03 1.822981000000000051e+01
1.440200138985402601e-03 1.890736599999999967e+01
1.460202918693533211e-03 3.859736999999999973e+00
1.480205698401663821e-03 1.012534000000000045e+00
1.500208478109794430e-03 1.726167999999999925e+00
1.520211257817925040e-03 2.780266999999999822e+00
1.540214037526055650e-03 1.149415199999999970e+01
1.560216817234186260e-03 1.007188099999999942e+01
1.580219596942316869e-03 1.060707400000000078e+01
1.600222376650447479e-03 6.261097000000000357e+00
1.620225156358578089e-03 -3.424415000000000209e+00
1.640227936066708699e-03 1.108412799999999976e+01
1.660230715774839308e-03 8.987349999999999284e+00
1.680233495482969701e-03 3.742808999999999831e+00
1.700236275191100311e-03 6.607129999999999947e-01
1.720239054899230921e-03 -2.490110000000000101e-01
1.740241834607361530e-03 -1.563652100000000011e+01
1.760244614315492140e-03 -1.297217099999999945e+01
1.780247394023622750e-03 -2.627185800000000171e+01
1.800250173731753360e-03 -3.534969900000000109e+01
1.820252953439883969e-03 -1.720589299999999966e+01
1.840255733148014579e-03 -1.215270600000000023e+01
1.860258512856145189e-03 9.563876000000000488e+00
1.880261292564275799e-03 2.892997000000000085e+01
1.900264072272406408e-03 2.881330200000000019e+01
1.920266851980536801e-03 5.030517799999999795e+01
1.940269631688667411e-03 3.019897599999999827e+01
1.960272411396798021e-03 2.586065599999999876e+01
1.980275191104928847e-03 1.527677500000000066e+01
2.000277970813059240e-03 -1.391706499999999913e+01
2.020280750521190067e-03 -1.404937100000000072e+01
2.040283530229320460e-03 -2.286798500000000089e+01
2.060286309937450853e-03 -2.814120499999999936e+01
2.080289089645581679e-03 -1.689683300000000088e+01
2.100291869353712072e-03 -1.762844099999999870e+01
2.120294649061842899e-03 -3.092645000000000088e+00
2.140297428769973292e-03 -9.647330999999999435e+00
2.160300208478104118e-03 -7.363819999999999810e-01
2.180302988186234511e-03 7.059344000000000285e+00
2.200305767894365338e-03 -7.927355000000000373e+00
2.220308547602495731e-03 2.855795999999999779e+00
2.240311327310626557e-03 -8.231028999999999485e+00
2.260314107018756950e-03 1.482255000000000100e+00
2.280316886726887777e-03 -3.212309999999999888e-01
2.300319666435018170e-03 5.953011000000000053e+00
2.320322446143148563e-03 1.457727999999999913e+00
2.340325225851279389e-03 -4.319290000000000074e-01
2.360328005559409782e-03 8.593417000000000527e+00
2.380330785267540609e-03 -1.820329000000000086e+00
2.400333564975671002e-03 8.237183999999999173e+00
2.420336344683801828e-03 1.659074899999999886e+01
2.440339124391932221e-03 -1.383829999999999893e+00
2.460341904100063048e-03 1.247953500000000027e+01
2.480344683808193441e-03 -5.120511999999999730e+00
2.500347463516324267e-03 -1.033883800000000086e+01
2.520350243224454660e-03 -1.798636099999999871e+01
2.540353022932585487e-03 -2.060600300000000118e+01
2.560355802640715880e-03 -2.502413500000000113e+01
2.580358582348846273e-03 -2.096807599999999994e+01
2.600361362056977099e-03 -8.029488000000000625e+00
2.620364141765107492e-03 4.283509999999999818e-01
2.640366921473238319e-03 2.262334000000000067e+00
2.660369701181368712e-03 8.374162000000000106e+00
2.680372480889499538e-03 3.372490000000000210e-01
2.700375260597629931e-03 -1.013970999999999956e+00
2.720378040305760758e-03 2.638421999999999823e+00
2.740380820013891151e-03 1.883715000000000028e+00
2.760383599722021977e-03 2.724269000000000052e+00
2.780386379430152370e-03 5.122644000000000197e+00
2.800389159138283197e-03 7.948368999999999573e+00
2.820391938846413590e-03 4.982681999999999611e+00
2.840394718554543983e-03 6.323972999999999622e+00
2.860397498262674809e-03 -2.162091999999999903e+00
2.880400277970805202e-03 -7.833599999999999453e-01
2.900403057678936029e-03 -1.109497299999999953e+01
2.920405837387066422e-03 -1.118490700000000082e+01
2.940408617095197248e-03 -1.095708699999999958e+01
2.960411396803327641e-03 -1.264137500000000003e+01
2.980414176511458468e-03 -1.093826999999999927e+01
3.000416956219588861e-03 -1.113539800000000035e+01
3.020419735927719687e-03 -1.091056299999999979e+01
3.040422515635850080e-03 -1.491484099999999913e+01
3.060425295343980907e-03 -5.200258999999999965e+00
3.080428075052111300e-03 -1.015463000000000005e+00
3.100430854760241692e-03 -6.803696999999999662e+00
3.120433634468372519e-03 5.719805000000000028e+00
3.140436414176502912e-03 1.179750199999999971e+01
3.160439193884633739e-03 9.762171999999999628e+00
3.180441973592764131e-03 1.138001500000000021e+01
3.200444753300894958e-03 9.851392999999999844e+00
3.220447533009025351e-03 -6.875860000000000305e-01
3.240450312717156178e-03 -1.690684000000000076e+00
3.260453092425286570e-03 -3.232419999999999738e-01
3.280455872133417397e-03 -9.471550000000000580e+00
3.300458651841547790e-03 -6.902585000000000193e+00
3.320461431549678617e-03 2.655480000000000063e-01
3.340464211257809009e-03 -1.025954499999999925e+01
3.360466990965939402e-03 -6.125816000000000372e+00
3.380469770674070229e-03 -1.026616399999999985e+01
3.400472550382200622e-03 -1.594240100000000027e+01
3.420475330090331448e-03 -1.645734900000000067e+01
3.440478109798461841e-03 -1.078409699999999916e+01
3.460480889506592668e-03 -6.392179999999999751e+00
3.480483669214723061e-03 -2.805257999999999807e+00
3.500486448922853887e-03 9.272790000000000532e+00
3.520489228630984280e-03 8.747849999999999682e+00
3.540492008339115107e-03 6.423835000000000406e+00
3.560494788047245500e-03 7.076279999999999681e+00
3.580497567755376326e-03 -1.582775999999999961e+00
3.600500347463506719e-03 -3.883040999999999965e+00
3.620503127171637112e-03 -3.143127999999999922e+00
3.640505906879767939e-03 -7.216446999999999612e+00
3.660508686587898332e-03 -1.483303000000000038e+00
3.680511466296029158e-03 3.927220000000000155e+00
3.700514246004159551e-03 4.468123000000000289e+00
3.720517025712290378e-03 9.288939999999999975e-01
3.740519805420420771e-03 -1.708333000000000101e+00
3.760522585128551597e-03 -7.033528999999999698e+00
3.780525364836681990e-03 -1.215634000000000015e+01
3.800528144544812817e-03 -5.895660000000000345e+00
3.820530924252943210e-03 -1.159571099999999966e+01
3.840533703961073603e-03 -1.034772800000000004e+01
3.860536483669204429e-03 -3.067339000000000038e+00
3.880539263377334822e-03 -6.466605999999999632e+00
3.900542043085465649e-03 -2.733102999999999838e+00
3.920544822793596042e-03 1.425607999999999986e+00
3.940547602501726435e-03 8.106689999999999729e-01
3.960550382209857695e-03 5.028817000000000093e+00
3.980553161917988088e-03 8.917011000000000465e+00
4.000555941626118481e-03 7.915731000000000073e+00
4.020558721334248874e-03 5.107524999999999871e+00
4.040561501042380134e-03 4.015012999999999721e+00
4.060564280750510527e-03 -2.482053000000000065e+00
4.080567060458640920e-03 -4.661692000000000391e+00
4.100569840166771313e-03 -1.600813999999999959e+00
4.120572619874901706e-03 -8.583693000000000239e+00
4.140575399583032966e-03 -7.089202000000000226e+00
4.160578179291163359e-03 -6.473742999999999803e+00
4.180580958999293752e-03 -9.326980999999999966e+00
4.200583738707424145e-03 -4.642095999999999556e+00
4.220586518415555405e-03 -6.439169999999999616e-01
4.240589298123685798e-03 -1.073666999999999927e+00
4.260592077831816191e-03 -1.740659999999999985e-01
4.280594857539946584e-03 3.933448999999999973e+00
4.300597637248077844e-03 -6.881800000000000417e-02
4.320600416956208237e-03 -2.604624999999999968e+00
4.340603196664338630e-03 3.079527999999999821e+00
4.360605976372469023e-03 -2.890000999999999820e+00
4.380608756080599415e-03 -2.333200999999999858e+00
4.400611535788730676e-03 1.169172000000000100e+00
4.420614315496861069e-03 -5.465210000000000345e-01
4.440617095204991462e-03 2.521160000000000068e-01
4.460619874913121854e-03 3.578190000000000204e+00
4.480622654621253115e-03 4.053160000000000096e-01
4.500625434329383508e-03 -4.197356000000000087e+00
4.520628214037513901e-03 -1.258661999999999948e+00
4.540630993745644294e-03 -2.009281999999999790e+00
4.560633773453775554e-03 -2.123679000000000094e+00
4.580636553161905947e-03 2.537652000000000019e+00
4.600639332870036340e-03 5.413000000000000277e-03
4.620642112578166733e-03 -2.507359000000000115e+00
4.640644892286297125e-03 4.204339999999999744e-01
4.660647671994428386e-03 -6.683460000000000178e+00
4.680650451702558779e-03 -9.815129999999999910e+00
4.700653231410689172e-03 -1.042312699999999914e+01
4.720656011118819564e-03 -8.783417000000000030e+00
4.740658790826950825e-03 -9.512890000000000512e-01
4.760661570535081218e-03 9.070600000000000662e+00
4.780664350243211611e-03 9.330474999999999852e+00
4.800667129951342003e-03 8.315374000000000265e+00
4.820669909659473264e-03 5.629546000000000383e+00
4.840672689367603657e-03 -2.166049999999999809e+00
4.860675469075734050e-03 -5.909609999999999808e+00
4.880678248783864442e-03 -3.770915000000000017e+00
4.900681028491994835e-03 -4.712303999999999604e+00
4.920683808200126096e-03 -4.379042000000000101e+00
4.940686587908256489e-03 -2.948859999999999815e-01
4.960689367616386881e-03 -1.401940000000000131e-01
4.980692147324517274e-03 -3.232801999999999953e+00
5.000694927032648535e-03 -5.975869999999999793e-01
5.020697706740778928e-03 -3.731983000000000050e+00
5.040700486448909320e-03 -5.936603999999999992e+00
5.060703266157039713e-03 6.343689999999999607e-01
5.080706045865170974e-03 -6.460580000000000211e-01
5.100708825573301367e-03 3.423749999999999849e-01
5.120711605281431759e-03 1.849714000000000080e+00
5.140714384989562152e-03 -2.011423000000000183e+00
5.160717164697692545e-03 -2.094673999999999925e+00
5.180719944405823806e-03 -1.958679999999999866e-01
5.200722724113954198e-03 -1.873083000000000053e+00
5.220725503822084591e-03 -5.321339000000000041e+00
5.240728283530214984e-03 -2.501389000000000085e+00
5.260731063238346245e-03 -8.414350000000000440e-01
5.280733842946476637e-03 6.304760000000000364e-01
5.300736622654607030e-03 6.485998000000000374e+00
5.320739402362737423e-03 3.219555999999999862e+00
5.340742182070868684e-03 4.791499999999999926e-02
5.360744961778999076e-03 -1.525229999999999919e-01
5.380747741487129469e-03 -5.743497999999999770e+00
5.400750521195259862e-03 -7.839172999999999725e+00
5.420753300903390255e-03 -5.709692000000000434e+00
5.440756080611521515e-03 -4.626198999999999728e+00
5.460758860319651908e-03 -4.292741000000000362e+00
5.480761640027782301e-03 2.737890000000000046e-01
5.500764419735912694e-03 -8.548019999999999508e-01
5.520767199444043954e-03 -3.006149999999999878e+00
5.540769979152174347e-03 1.239705000000000057e+00
5.560772758860304740e-03 5.459920000000000329e-01
5.580775538568435133e-03 -6.442409999999999526e-01
5.600778318276566393e-03 1.246518999999999933e+00
5.620781097984696786e-03 -5.135579999999999590e-01
5.640783877692827179e-03 -8.828329999999999789e-01
5.660786657400957572e-03 7.917859999999999898e-01
5.680789437109087965e-03 4.477519999999999833e-01
5.700792216817219225e-03 -1.793010999999999910e+00
5.720794996525349618e-03 -1.362222999999999962e+00
5.740797776233480011e-03 -2.176950999999999858e+00
5.760800555941610404e-03 -4.534836999999999563e+00
5.780803335649741664e-03 -2.216661999999999910e+00
5.800806115357872057e-03 -3.278871999999999787e+00
5.820808895066002450e-03 -4.452884000000000064e+00
5.840811674774132843e-03 -6.951779999999999626e-01
5.860814454482264103e-03 -1.114611000000000018e+00
5.880817234190394496e-03 -2.419242000000000115e+00
5.900820013898524889e-03 -9.764659999999999451e-01
5.920822793606655282e-03 -3.010043000000000024e+00
5.940825573314785675e-03 -5.116944000000000159e+00
5.960828353022916935e-03 -1.107148999999999939e+00
5.980831132731047328e-03 1.271369999999999889e+00
6.000833912439177721e-03 -2.022919999999999996e-01
6.020836692147308114e-03 1.107399999999999940e+00
6.040839471855439374e-03 6.934810000000000141e-01
6.060842251563569767e-03 -1.675823999999999980e+00
6.080845031271700160e-03 1.442080000000000028e-01
6.100847810979830553e-03 -5.170620000000000216e-01
6.120850590687961813e-03 -3.381524999999999892e+00
6.140853370396092206e-03 -1.691721999999999948e+00
6.160856150104222599e-03 -1.327118000000000020e+00
6.180858929812352992e-03 -3.261807000000000123e+00
6.200861709520483385e-03 -1.857054999999999900e+00
6.220864489228614645e-03 -2.093116000000000199e+00
6.240867268936745038e-03 -3.639387999999999845e+00
6.260870048644875431e-03 -1.592119000000000062e+00
6.280872828353005824e-03 -9.424000000000000155e-01
6.300875608061137084e-03 -1.657980000000000009e+00
6.320878387769267477e-03 -1.719494000000000078e+00
6.340881167477397870e-03 -2.568287999999999904e+00
6.360883947185528263e-03 -1.495176999999999978e+00
6.380886726893659523e-03 1.460906999999999956e+00
6.400889506601789916e-03 2.666259000000000157e+00
6.420892286309920309e-03 2.231837000000000071e+00
6.440895066018050702e-03 1.069504999999999928e+00
6.460897845726181095e-03 -2.071832999999999814e+00
6.480900625434312355e-03 -4.328170000000000073e+00
6.500903405142442748e-03 -3.257004999999999928e+00
6.520906184850573141e-03 -2.385759999999999881e+00
6.540908964558703534e-03 -2.050161000000000122e+00
6.560911744266834794e-03 3.336799999999999766e-01
6.580914523974965187e-03 7.708920000000000217e-01
6.600917303683095580e-03 -6.899870000000000170e-01
6.620920083391225973e-03 -9.815920000000000201e-01
6.640922863099357233e-03 -3.215672000000000086e+00
6.660925642807487626e-03 -5.471618999999999566e+00
6.680928422515618019e-03 -3.173754999999999882e+00
6.700931202223748412e-03 -7.423509999999999831e-01
6.720933981931878805e-03 -5.824100000000000110e-02
6.740936761640010065e-03 3.249728999999999868e+00
6.760939541348140458e-03 2.048204999999999831e+00
6.780942321056270851e-03 -1.456374000000000057e+00
6.800945100764401244e-03 -2.369212999999999791e+00
6.820947880472532504e-03 -4.683040000000000092e+00
6.840950660180662897e-03 -5.244966999999999935e+00
6.860953439888793290e-03 -2.537336999999999954e+00
6.880956219596923683e-03 -4.913009999999999877e-01
6.900958999305054943e-03 4.591069999999999873e-01
6.920961779013185336e-03 2.626612999999999865e+00
6.940964558721315729e-03 3.956744000000000039e+00
6.960967338429446122e-03 1.557849000000000039e+00
6.980970118137576515e-03 -1.442617999999999956e+00
7.000972897845707775e-03 -3.940207000000000015e+00
7.020975677553838168e-03 -6.571334000000000231e+00
7.040978457261968561e-03 -4.769664999999999822e+00
7.060981236970098954e-03 -1.752780999999999922e+00
7.080984016678230214e-03 -2.593280000000000030e-01
7.100986796386360607e-03 7.387730000000000130e-01
7.120989576094491000e-03 2.070190000000000086e-01
7.140992355802621393e-03 -8.973029999999999617e-01
7.160995135510752653e-03 -1.306030000000000024e+00
7.180997915218883046e-03 -2.424821999999999811e+00
7.201000694927013439e-03 -3.577615000000000212e+00
7.221003474635143832e-03 -2.943013999999999797e+00
7.241006254343274225e-03 -1.462604000000000015e+00
7.261009034051405485e-03 -4.625560000000000227e-01
7.281011813759535878e-03 8.667960000000000109e-01
7.301014593467666271e-03 5.486520000000000286e-01
7.321017373175796664e-03 -4.552300000000000096e-02
7.341020152883927924e-03 2.240850000000000064e-01
7.361022932592058317e-03 -9.159399999999999487e-02
7.381025712300188710e-03 -2.400559999999999916e-01
7.401028492008319103e-03 -3.047489999999999921e-01
7.421031271716450363e-03 -2.842438000000000020e+00
7.441034051424580756e-03 -4.962380999999999709e+00
7.461036831132711149e-03 -4.061156999999999684e+00
7.481039610840841542e-03 -3.324424000000000046e+00
7.501042390548971935e-03 -2.131076000000000192e+00
7.521045170257103195e-03 -1.420760000000000078e-01
7.541047949965233588e-03 -9.139899999999999414e-02
7.561050729673363981e-03 -6.810969999999999525e-01
7.581053509381494374e-03 -9.710900000000000087e-02
7.601056289089625634e-03 -6.232900000000000246e-02
7.621059068797756027e-03 -1.270016999999999951e+00
7.641061848505886420e-03 -1.046478999999999937e+00
7.661064628214016813e-03 -1.301228000000000051e+00
7.681067407922147205e-03 -2.079814999999999969e+00
7.701070187630278466e-03 -9.669919999999999627e-01
7.721072967338408859e-03 -3.055930000000000035e-01
7.741075747046539252e-03 -1.050308000000000019e+00
7.761078526754669644e-03 -5.822089999999999765e-01
7.781081306462800905e-03 -7.723940000000000250e-01
7.801084086170931298e-03 -1.958928999999999920e+00
7.821086865879062558e-03 -1.628910999999999998e+00
7.841089645587192083e-03 -1.291884000000000032e+00
7.861092425295323344e-03 -2.277007999999999921e+00
7.881095205003452869e-03 -2.739592000000000027e+00
7.901097984711584130e-03 -2.459795999999999871e+00
7.921100764419715390e-03 -2.339688999999999908e+00
7.941103544127844915e-03 -1.058094000000000090e+00
7.961106323835976176e-03 2.589940000000000020e-01
7.981109103544105701e-03 -2.812600000000000100e-01
8.001111883252236961e-03 -5.384100000000000552e-01
8.021114662960368222e-03 -3.545829999999999815e-01
8.041117442668497747e-03 -9.911950000000000482e-01
8.061120222376629008e-03 -1.619696999999999942e+00
8.081123002084760268e-03 -2.355716999999999839e+00
8.101125781792889793e-03 -2.829330999999999818e+00
8.121128561501021054e-03 -1.847906000000000049e+00
8.141131341209150579e-03 -4.696940000000000004e-01
8.161134120917281840e-03 4.477519999999999833e-01
8.181136900625413100e-03 9.387569999999999526e-01
8.201139680333542625e-03 -3.215699999999999809e-02
8.221142460041673886e-03 -1.332764000000000060e+00
8.241145239749803411e-03 -2.516443000000000207e+00
8.261148019457934671e-03 -3.689092000000000038e+00
8.281150799166065932e-03 -3.906464999999999854e+00
8.301153578874195457e-03 -2.897463000000000122e+00
8.321156358582326718e-03 -1.668946000000000041e+00
8.341159138290457978e-03 -1.475269999999999915e-01
8.361161917998587503e-03 1.282661000000000051e+00
8.381164697706718764e-03 1.600220999999999894e+00
8.401167477414848289e-03 4.119340000000000224e-01
8.421170257122979549e-03 -1.588160999999999934e+00
8.441173036831110810e-03 -3.445178999999999991e+00
8.461175816539240335e-03 -4.242842999999999698e+00
8.481178596247371596e-03 -2.760810000000000208e+00
8.501181375955501121e-03 -1.247435999999999989e+00
8.521184155663632381e-03 -5.988200000000000189e-01
8.541186935371763642e-03 9.438830000000000275e-01
8.561189715079893167e-03 1.397316999999999920e+00
8.581192494788024427e-03 2.700899999999999967e-01
8.601195274496155688e-03 -1.021368000000000054e+00
8.621198054204285213e-03 -2.899280000000000079e+00
8.641200833912416474e-03 -4.346987000000000378e+00
8.661203613620545999e-03 -3.524795999999999818e+00
8.681206393328677259e-03 -1.418155999999999972e+00
8.701209173036808520e-03 1.339559999999999917e-01
8.721211952744938045e-03 1.226402999999999910e+00
8.741214732453069305e-03 1.155351000000000017e+00
8.761217512161198831e-03 -2.883330000000000060e-01
8.781220291869330091e-03 -2.009800999999999949e+00
8.801223071577461352e-03 -3.021657999999999955e+00
8.821225851285590877e-03 -3.311056999999999917e+00
8.841228630993722137e-03 -2.539219000000000115e+00
8.861231410701853398e-03 -1.411537000000000042e+00
8.881234190409982923e-03 -3.886490000000000222e-01
8.901236970118114183e-03 6.703820000000000334e-01
8.921239749826243709e-03 1.014026000000000094e+00
8.941242529534374969e-03 2.081870000000000109e-01
8.961245309242506230e-03 -1.153413999999999939e+00
8.981248088950635755e-03 -2.318925000000000125e+00
9.001250868658767015e-03 -2.809020999999999990e+00
9.021253648366896541e-03 -2.274932000000000176e+00
9.041256428075027801e-03 -1.713459000000000065e+00
9.061259207783159061e-03 -1.752326999999999968e+00
9.081261987491288587e-03 -1.718131000000000075e+00
9.101264767199419847e-03 -1.691332000000000058e+00
9.121267546907551108e-03 -1.336073000000000066e+00
9.141270326615680633e-03 -6.456690000000000484e-01
9.161273106323811893e-03 -1.913259999999999961e-01
9.181275886031941419e-03 1.357730000000000048e-01
9.201278665740072679e-03 4.357480000000000242e-01
9.221281445448203939e-03 -1.222209999999999963e-01
9.241284225156333465e-03 -1.245748999999999995e+00
9.261287004864464725e-03 -1.995265999999999984e+00
9.281289784572594251e-03 -2.889742000000000033e+00
9.301292564280725511e-03 -3.524341999999999864e+00
9.321295343988856771e-03 -2.878775999999999780e+00
9.341298123696986297e-03 -1.279360999999999970e+00
9.361300903405117557e-03 -2.664100000000000149e-02
9.381303683113248817e-03 7.029549999999999965e-01
9.401306462821378343e-03 3.040260000000000185e-01
9.421309242529509603e-03 -9.776340000000000030e-01
9.441312022237639129e-03 -1.591340999999999894e+00
9.461314801945770389e-03 -1.739478999999999997e+00
9.481317581653901649e-03 -2.102850000000000108e+00
9.501320361362031175e-03 -2.143533999999999828e+00
9.521323141070162435e-03 -1.856146999999999991e+00
9.541325920778291961e-03 -1.433729000000000031e+00
9.561328700486423221e-03 -4.874080000000000079e-01
9.581331480194554481e-03 -2.038490000000000024e-01
9.601334259902684007e-03 -6.164690000000000447e-01
9.621337039610815267e-03 -7.720700000000000340e-01
9.641339819318946527e-03 -9.449300000000000477e-01
9.661342599027076053e-03 -1.349180000000000046e+00
9.681345378735207313e-03 -1.729940999999999951e+00
9.701348158443336839e-03 -1.917465999999999893e+00
9.721350938151468099e-03 -2.007010999999999878e+00
9.741353717859599359e-03 -1.798656999999999950e+00
9.761356497567728885e-03 -1.113507999999999942e+00
9.781359277275860145e-03 -3.037759999999999905e-01
9.801362056983989671e-03 1.318789999999999962e-01
9.821364836692120931e-03 -1.847070000000000101e-01
9.841367616400252191e-03 -1.439503999999999895e+00
9.861370396108381717e-03 -2.652902000000000093e+00
9.881373175816512977e-03 -3.015883000000000091e+00
9.901375955524644237e-03 -2.717530000000000001e+00
9.921378735232773763e-03 -1.842845000000000066e+00
9.941381514940905023e-03 -8.840660000000000185e-01
9.961384294649034549e-03 2.273800000000000127e-02
9.981387074357165809e-03 1.068467000000000056e+00
1.000138985406529707e-02 1.285061999999999927e+00
1.002139263377342659e-02 2.019579999999999986e-01
1.004139541348155786e-02 -1.513085999999999931e+00
1.006139819318968738e-02 -2.806944999999999801e+00
1.008140097289781864e-02 -3.415007000000000126e+00
1.010140375260594990e-02 -3.112045999999999868e+00
1.012140653231407943e-02 -1.864776999999999907e+00
1.014140931202221069e-02 -4.153830000000000022e-01
1.016141209173034195e-02 3.048049999999999926e-01
1.018141487143847147e-02 4.186830000000000274e-01
1.020141765114660273e-02 -3.401779999999999804e-01
1.022142043085473226e-02 -1.399597999999999898e+00
1.024142321056286352e-02 -2.182532000000000139e+00
1.026142599027099478e-02 -2.636226000000000180e+00
1.028142876997912430e-02 -2.566730999999999874e+00
1.030143154968725556e-02 -2.084356999999999793e+00
1.032143432939538509e-02 -1.086840000000000028e+00
1.034143710910351635e-02 -4.033199999999999980e-02
1.036143988881164761e-02 1.294780000000000098e-01
1.038144266851977714e-02 -6.076449999999999907e-01
1.040144544822790840e-02 -1.410757999999999956e+00
1.042144822793603966e-02 -1.491219000000000072e+00
1.044145100764416918e-02 -1.080675000000000052e+00
1.046145378735230044e-02 -7.065979999999999484e-01
1.048145656706042997e-02 -8.269649999999999501e-01
1.050145934676856123e-02 -1.015268999999999977e+00
1.052146212647669249e-02 -1.068151999999999990e+00
1.054146490618482201e-02 -1.283514000000000044e+00
1.056146768589295327e-02 -1.637799999999999923e+00
1.058147046560108280e-02 -1.836032000000000108e+00
1.060147324530921406e-02 -1.902735999999999983e+00
1.062147602501734532e-02 -1.799760000000000026e+00
1.064147880472547485e-02 -1.292923000000000044e+00
1.066148158443360611e-02 -6.476800000000000335e-01
1.068148436414173737e-02 -5.136870000000000047e-01
1.070148714384986689e-02 -7.993230000000000057e-01
1.072148992355799815e-02 -1.258078000000000030e+00
1.074149270326612768e-02 -1.867048000000000041e+00
1.076149548297425894e-02 -1.750315000000000065e+00
1.078149826268239020e-02 -1.041223999999999927e+00
1.080150104239051972e-02 -6.494969999999999910e-01
1.082150382209865098e-02 -4.458150000000000168e-01
1.084150660180678051e-02 -3.720379999999999798e-01
1.086150938151491177e-02 -4.726139999999999786e-01
1.088151216122304303e-02 -8.169070000000000498e-01
1.090151494093117256e-02 -1.452545999999999893e+00
1.092151772063930382e-02 -2.375506999999999813e+00
1.094152050034743508e-02 -2.691314999999999902e+00
1.096152328005556460e-02 -1.902152000000000065e+00
1.098152605976369586e-02 -7.873179999999999623e-01
1.100152883947182539e-02 -8.602000000000000271e-03
1.102153161917995665e-02 8.074800000000000033e-02
1.104153439888808791e-02 -4.772210000000000063e-01
1.106153717859621743e-02 -1.430029999999999912e+00
1.108153995830434869e-02 -2.172213999999999867e+00
1.110154273801247822e-02 -2.518778999999999879e+00
1.112154551772060948e-02 -2.539673000000000069e+00
1.114154829742874074e-02 -1.853421999999999903e+00
1.116155107713687027e-02 -7.800510000000000499e-01
1.118155385684500153e-02 -4.662600000000000078e-02
1.120155663655313279e-02 3.026630000000000154e-01
1.122155941626126231e-02 2.661319999999999797e-01
1.124156219596939357e-02 -3.557509999999999839e-01
1.126156497567752310e-02 -1.352489000000000052e+00
1.128156775538565436e-02 -2.180196000000000023e+00
1.130157053509378562e-02 -2.281744999999999912e+00
1.132157331480191514e-02 -2.031149000000000093e+00
1.134157609451004640e-02 -1.753883999999999999e+00
1.136157887421817593e-02 -1.321733000000000047e+00
1.138158165392630719e-02 -1.024483000000000033e+00
1.140158443363443845e-02 -7.894600000000000506e-01
1.142158721334256798e-02 -5.753310000000000368e-01
1.144158999305069924e-02 -6.085530000000000106e-01
1.146159277275883050e-02 -1.010078000000000031e+00
1.148159555246696002e-02 -1.575768000000000058e+00
1.150159833217509128e-02 -2.038222000000000200e+00
1.152160111188322081e-02 -2.167802000000000007e+00
1.154160389159135207e-02 -1.939073000000000047e+00
1.156160667129948333e-02 -1.447224999999999984e+00
1.158160945100761285e-02 -9.213109999999999911e-01
1.160161223071574411e-02 -4.758580000000000032e-01
1.162161501042387364e-02 -2.010589999999999877e-01
1.164161779013200490e-02 -2.753550000000000164e-01
1.166162056984013616e-02 -6.646809999999999663e-01
1.168162334954826569e-02 -1.304343000000000030e+00
1.170162612925639695e-02 -2.107845999999999886e+00
1.172162890896452821e-02 -2.414114999999999789e+00
1.174163168867265773e-02 -1.901893000000000056e+00
1.176163446838078899e-02 -1.058289000000000035e+00
1.178163724808891852e-02 -5.294550000000000090e-01
1.180164002779704978e-02 -3.560749999999999749e-01
1.182164280750518104e-02 -6.691580000000000306e-01
1.184164558721331056e-02 -1.271703999999999946e+00
1.186164836692144182e-02 -1.712485999999999953e+00
1.188165114662957135e-02 -1.975929000000000046e+00
1.190165392633770261e-02 -2.052496999999999794e+00
1.192165670604583387e-02 -1.761087000000000069e+00
1.194165948575396340e-02 -1.108446999999999960e+00
1.196166226546209466e-02 -6.147169999999999579e-01
1.198166504517022592e-02 -4.465290000000000092e-01
1.200166782487835544e-02 -7.298930000000000140e-01
1.202167060458648670e-02 -1.298826999999999954e+00
1.204167338429461623e-02 -1.658628999999999909e+00
1.206167616400274749e-02 -1.656681999999999988e+00
1.208167894371087875e-02 -1.254054999999999920e+00
1.210168172341900827e-02 -7.855020000000000335e-01
1.212168450312713953e-02 -6.734409999999999563e-01
1.214168728283526906e-02 -1.079831999999999903e+00
1.216169006254340032e-02 -1.522494999999999932e+00
1.218169284225153158e-02 -1.771079000000000070e+00
1.220169562195966111e-02 -1.711383000000000099e+00
1.222169840166779237e-02 -1.438140999999999892e+00
1.224170118137592363e-02 -1.005665000000000031e+00
1.226170396108405315e-02 -6.162750000000000172e-01
1.228170674079218441e-02 -4.595710000000000073e-01
1.230170952050031394e-02 -6.488479999999999803e-01
1.232171230020844520e-02 -1.296297000000000033e+00
1.234171507991657646e-02 -2.097659000000000162e+00
1.236171785962470598e-02 -2.644791000000000114e+00
1.238172063933283724e-02 -2.410547000000000217e+00
1.240172341904096677e-02 -1.472077000000000080e+00
1.242172619874909803e-02 -3.968249999999999833e-01
1.244172897845722929e-02 2.930599999999999872e-01
1.246173175816535882e-02 4.014869999999999828e-01
1.248173453787349008e-02 -1.215719999999999995e-01
1.250173731758162134e-02 -1.103969999999999896e+00
1.252174009728975086e-02 -2.007918999999999787e+00
1.254174287699788212e-02 -2.567056000000000004e+00
1.256174565670601165e-02 -2.690277000000000029e+00
1.258174843641414291e-02 -2.268637000000000015e+00
1.260175121612227417e-02 -1.407448999999999950e+00
1.262175399583040369e-02 -4.254399999999999848e-01
1.264175677553853495e-02 1.081300000000000039e-01
1.266175955524666448e-02 -7.686400000000000177e-02
1.268176233495479574e-02 -7.590919999999999890e-01
1.270176511466292700e-02 -1.461500999999999939e+00
1.272176789437105653e-02 -1.883593999999999991e+00
1.274177067407918779e-02 -1.918374000000000024e+00
1.276177345378731905e-02 -1.736169999999999991e+00
1.278177623349544857e-02 -1.463900999999999897e+00
1.280177901320357983e-02 -1.188712999999999909e+00
1.282178179291170936e-02 -9.074900000000000189e-01
1.284178457261984062e-02 -6.701960000000000139e-01
1.286178735232797188e-02 -6.422299999999999676e-01
1.288179013203610140e-02 -9.922330000000000316e-01
1.290179291174423266e-02 -1.519509999999999916e+00
1.292179569145236219e-02 -1.771922999999999915e+00
1.294179847116049345e-02 -1.631440999999999919e+00
1.296180125086862471e-02 -1.309598999999999958e+00
1.298180403057675424e-02 -1.081258999999999970e+00
1.300180681028488550e-02 -9.827599999999999669e-01
1.302180958999301676e-02 -9.379229999999999512e-01
1.304181236970114628e-02 -8.645350000000000534e-01
1.306181514940927754e-02 -7.608439999999999648e-01
1.308181792911740707e-02 -9.296170000000000266e-01
1.310182070882553833e-02 -1.257818000000000103e+00
1.312182348853366959e-02 -1.655515000000000070e+00
1.314182626824179911e-02 -1.807676000000000061e+00
1.316182904794993037e-02 -1.650517999999999930e+00
1.318183182765805990e-02 -1.336915999999999993e+00
1.320183460736619116e-02 -1.086514999999999898e+00
1.322183738707432242e-02 -1.022925000000000084e+00
1.324184016678245195e-02 -9.699119999999999964e-01
1.326184294649058321e-02 -9.194299999999999695e-01
1.328184572619871447e-02 -1.001837000000000089e+00
1.330184850590684399e-02 -1.167040999999999995e+00
1.332185128561497525e-02 -1.424514999999999976e+00
1.334185406532310478e-02 -1.707878999999999925e+00
1.336185684503123604e-02 -1.777762999999999982e+00
1.338185962473936730e-02 -1.519574999999999898e+00
1.340186240444749682e-02 -1.132975000000000065e+00
1.342186518415562808e-02 -7.792719999999999647e-01
1.344186796386375761e-02 -8.322209999999999885e-01
1.346187074357188887e-02 -1.017539999999999889e+00
1.348187352328002013e-02 -1.142773000000000039e+00
1.350187630298814966e-02 -1.220896999999999899e+00
1.352187908269628092e-02 -1.368387000000000020e+00
1.354188186240441218e-02 -1.483042999999999889e+00
1.356188464211254170e-02 -1.450793999999999917e+00
1.358188742182067296e-02 -1.318359000000000059e+00
1.360189020152880249e-02 -1.082168000000000019e+00
1.362189298123693375e-02 -9.735460000000000225e-01
1.364189576094506501e-02 -1.022211999999999898e+00
1.366189854065319453e-02 -1.165483000000000047e+00
1.368190132036132579e-02 -1.269757999999999942e+00
1.370190410006945532e-02 -1.280594000000000010e+00
1.372190687977758658e-02 -1.223038999999999987e+00
1.374190965948571784e-02 -1.177292999999999923e+00
1.376191243919384737e-02 -1.248410000000000020e+00
1.378191521890197863e-02 -1.351515999999999940e+00
1.380191799861010989e-02 -1.487780000000000102e+00
1.382192077831823941e-02 -1.533849999999999936e+00
1.384192355802637067e-02 -1.348530999999999924e+00
1.386192633773450020e-02 -1.027338000000000084e+00
1.388192911744263146e-02 -7.531229999999999869e-01
1.390193189715076272e-02 -6.439169999999999616e-01
1.392193467685889224e-02 -7.748599999999999932e-01
1.394193745656702350e-02 -1.143810999999999911e+00
1.396194023627515303e-02 -1.530086999999999975e+00
1.398194301598328429e-02 -1.962107999999999963e+00
1.400194579569141555e-02 -2.090196999999999861e+00
1.402194857539954508e-02 -1.755570999999999993e+00
1.404195135510767634e-02 -1.040249999999999897e+00
1.406195413481580760e-02 -3.801490000000000147e-01
1.408195691452393712e-02 -1.156019999999999964e-01
1.410195969423206838e-02 -3.121470000000000078e-01
1.412196247394019791e-02 -9.438919999999999533e-01
1.414196525364832917e-02 -1.672190999999999983e+00
1.416196803335646043e-02 -2.229379999999999917e+00
1.418197081306458995e-02 -2.338910999999999962e+00
1.420197359277272121e-02 -1.916816999999999993e+00
1.422197637248085074e-02 -1.171648000000000023e+00
1.424197915218898200e-02 -4.194060000000000010e-01
1.426198193189711326e-02 8.463000000000000037e-03
1.428198471160524279e-02 -7.589100000000000013e-02
1.430198749131337405e-02 -6.629939999999999722e-01
1.432199027102150531e-02 -1.389086000000000043e+00
1.434199305072963483e-02 -1.893651999999999891e+00
1.436199583043776609e-02 -1.980147000000000101e+00
1.438199861014589562e-02 -1.747849999999999904e+00
1.440200138985402688e-02 -1.294869000000000048e+00
1.442200416956215814e-02 -9.083989999999999565e-01
1.444200694927028766e-02 -7.044569999999999999e-01
1.446200972897841892e-02 -7.179539999999999811e-01
1.448201250868654845e-02 -8.466909999999999714e-01
1.450201528839467971e-02 -1.113963000000000036e+00
1.452201806810281097e-02 -1.365207000000000059e+00
1.454202084781094050e-02 -1.447680000000000078e+00
1.456202362751907176e-02 -1.305900000000000061e+00
1.458202640722720302e-02 -1.090408000000000044e+00
1.460202918693533254e-02 -1.009948000000000068e+00
1.462203196664346380e-02 -1.090797999999999934e+00
1.464203474635159333e-02 -1.204739999999999922e+00
1.466203752605972459e-02 -1.220442999999999945e+00
1.468204030576785585e-02 -1.180990999999999902e+00
1.470204308547598537e-02 -1.162887999999999922e+00
1.472204586518411663e-02 -1.111237000000000030e+00
1.474204864489224616e-02 -1.145432999999999923e+00
1.476205142460037742e-02 -1.227646000000000015e+00
1.478205420430850868e-02 -1.245425000000000004e+00
1.480205698401663821e-02 -1.176838999999999968e+00
1.482205976372476947e-02 -1.104165000000000063e+00
1.484206254343290073e-02 -1.017798999999999898e+00
1.486206532314103025e-02 -9.473960000000000159e-01
1.488206810284916151e-02 -8.963940000000000241e-01
1.490207088255729104e-02 -8.795239999999999725e-01
1.492207366226542230e-02 -9.605679999999999774e-01
1.494207644197355356e-02 -1.191373999999999933e+00
1.496207922168168308e-02 -1.503806999999999894e+00
1.498208200138981434e-02 -1.598802999999999974e+00
1.500208478109794387e-02 -1.520807999999999938e+00
1.502208756080607513e-02 -1.310442000000000107e+00
1.504209034051420639e-02 -1.037136000000000058e+00
1.506209312022233592e-02 -9.225440000000000307e-01
1.508209589993046718e-02 -9.504460000000000131e-01
1.510209867963859844e-02 -9.946340000000000181e-01
1.512210145934672796e-02 -1.006768000000000107e+00
1.514210423905485922e-02 -1.132325999999999944e+00
1.516210701876298875e-02 -1.228358999999999979e+00
1.518210979847112001e-02 -1.324653000000000080e+00
1.520211257817925127e-02 -1.368905999999999956e+00
1.522211535788738079e-02 -1.326599000000000084e+00
1.524211813759551205e-02 -1.248863999999999974e+00
1.526212091730364158e-02 -1.128238000000000074e+00
1.528212369701177284e-02 -9.977489999999999970e-01
1.530212647671990410e-02 -8.435759999999999925e-01
1.532212925642803363e-02 -7.582489999999999508e-01
1.534213203613616489e-02 -7.478669999999999485e-01
1.536213481584429441e-02 -8.461710000000000065e-01
1.538213759555242567e-02 -1.132910000000000084e+00
1.540214037526055693e-02 -1.475646000000000013e+00
1.542214315496868646e-02 -1.670957999999999943e+00
1.544214593467681772e-02 -1.660056999999999894e+00
1.546214871438494898e-02 -1.448069000000000051e+00
1.548215149409307850e-02 -1.106630000000000003e+00
1.550215427380120976e-02 -8.298849999999999838e-01
1.552215705350933929e-02 -6.814219999999999722e-01
1.554215983321747055e-02 -6.783719999999999750e-01
1.556216261292560181e-02 -8.978869999999999907e-01
1.558216539263373134e-02 -1.207400999999999947e+00
1.560216817234186260e-02 -1.499654000000000043e+00
1.562217095204999212e-02 -1.580179999999999918e+00
1.564217373175812512e-02 -1.465524000000000049e+00
1.566217651146625464e-02 -1.148741999999999930e+00
1.568217929117438417e-02 -8.029560000000000031e-01
1.570218207088251369e-02 -6.066709999999999603e-01
1.572218485059064669e-02 -6.842120000000000424e-01
1.574218763029877621e-02 -9.627099999999999547e-01
1.576219041000690574e-02 -1.257818000000000103e+00
1.578219318971503873e-02 -1.514772999999999925e+00
1.580219596942316826e-02 -1.606135000000000090e+00
1.582219874913129778e-02 -1.474996999999999892e+00
1.584220152883943078e-02 -1.182353999999999905e+00
1.586220430854756031e-02 -8.981459999999999999e-01
1.588220708825568983e-02 -6.953730000000000189e-01
1.590220986796382283e-02 -7.309309999999999974e-01
1.592221264767195235e-02 -1.024483000000000033e+00
1.594221542738008188e-02 -1.451637999999999984e+00
1.596221820708821140e-02 -1.692175999999999902e+00
1.598222098679634440e-02 -1.613791999999999893e+00
1.600222376650447392e-02 -1.304991999999999930e+00
1.602222654621260345e-02 -9.791910000000000336e-01
1.604222932592073644e-02 -6.726619999999999822e-01
1.606223210562886597e-02 -4.914310000000000067e-01
1.608223488533699549e-02 -5.511920000000000153e-01
1.610223766504512849e-02 -8.213200000000000500e-01
1.612224044475325802e-02 -1.167883999999999922e+00
1.614224322446138754e-02 -1.459230000000000027e+00
1.616224600416952054e-02 -1.572264000000000106e+00
1.618224878387765006e-02 -1.510491000000000028e+00
1.620225156358577959e-02 -1.289419000000000093e+00
1.622225434329390911e-02 -1.098324999999999996e+00
1.624225712300204211e-02 -1.016046999999999922e+00
1.626225990271017163e-02 -1.039860999999999924e+00
1.628226268241830116e-02 -1.120711000000000013e+00
1.630226546212643415e-02 -1.193708999999999909e+00
1.632226824183456368e-02 -1.176644000000000023e+00
1.634227102154269320e-02 -1.041936999999999891e+00
1.636227380125082620e-02 -1.003393999999999897e+00
1.638227658095895573e-02 -1.078079999999999927e+00
1.640227936066708525e-02 -1.239195999999999964e+00
1.642228214037521825e-02 -1.393693000000000071e+00
1.644228492008334777e-02 -1.457283000000000106e+00
1.646228769979147730e-02 -1.394082000000000043e+00
1.648229047949960682e-02 -1.256002000000000063e+00
1.650229325920773982e-02 -9.811379999999999546e-01
1.652229603891586934e-02 -7.005639999999999645e-01
1.654229881862399887e-02 -5.364630000000000232e-01
1.656230159833213186e-02 -5.905139999999999834e-01
1.658230437804026139e-02 -9.071010000000000462e-01
1.660230715774839091e-02 -1.277544000000000013e+00
1.662230993745652391e-02 -1.587447000000000052e+00
1.664231271716465344e-02 -1.657721000000000000e+00
1.666231549687278296e-02 -1.562076000000000020e+00
1.668231827658091596e-02 -1.335228999999999999e+00
1.670232105628904548e-02 -1.089175999999999922e+00
1.672232383599717501e-02 -9.156009999999999982e-01
1.674232661570530453e-02 -8.835469999999999713e-01
1.676232939541343753e-02 -9.562859999999999694e-01
1.678233217512156705e-02 -1.005341000000000040e+00
1.680233495482969658e-02 -1.130249000000000059e+00
1.682233773453782957e-02 -1.257363999999999926e+00
1.684234051424595910e-02 -1.291625000000000023e+00
1.686234329395408862e-02 -1.221027000000000085e+00
1.688234607366222162e-02 -1.155296000000000101e+00
1.690234885337035114e-02 -1.061857999999999969e+00
1.692235163307848067e-02 -1.026105000000000045e+00
1.694235441278661367e-02 -1.051087000000000105e+00
1.696235719249474319e-02 -1.078338999999999936e+00
1.698235997220287272e-02 -1.095080000000000053e+00
1.700236275191100224e-02 -1.136154000000000108e+00
1.702236553161913524e-02 -1.272612999999999994e+00
1.704236831132726476e-02 -1.382986999999999966e+00
1.706237109103539429e-02 -1.403426000000000062e+00
1.708237387074352728e-02 -1.312583999999999973e+00
1.710237665045165681e-02 -1.148547999999999902e+00
1.712237943015978633e-02 -1.020848999999999895e+00
1.714238220986791933e-02 -9.182620000000000227e-01
1.716238498957604885e-02 -9.141740000000000421e-01
1.718238776928417838e-02 -1.086125999999999925e+00
1.720239054899231138e-02 -1.308624999999999927e+00
1.722239332870044090e-02 -1.452415999999999929e+00
1.724239610840857043e-02 -1.475581000000000031e+00
1.726239888811669995e-02 -1.349310000000000009e+00
1.728240166782483295e-02 -1.046543999999999919e+00
1.730240444753296247e-02 -7.627909999999999968e-01
1.732240722724109200e-02 -6.097860000000000502e-01
1.734241000694922499e-02 -6.639669999999999739e-01
1.736241278665735452e-02 -9.204029999999999712e-01
1.738241556636548404e-02 -1.309274000000000049e+00
1.740241834607361704e-02 -1.583099999999999952e+00
1.742242112578174656e-02 -1.687373999999999929e+00
1.744242390548987609e-02 -1.570835999999999899e+00
1.746242668519800909e-02 -1.319981000000000071e+00
1.748242946490613861e-02 -1.042715999999999976e+00
1.750243224461426814e-02 -8.102890000000000370e-01
1.752243502432239766e-02 -7.980899999999999661e-01
1.754243780403053066e-02 -8.840010000000000367e-01
1.756244058373866018e-02 -1.143421999999999938e+00
1.758244336344678971e-02 -1.306159999999999988e+00
1.760244614315492270e-02 -1.379742000000000024e+00
1.762244892286305223e-02 -1.259050999999999920e+00
1.764245170257118175e-02 -1.109291000000000027e+00
1.766245448227931475e-02 -1.007222000000000062e+00
1.768245726198744427e-02 -1.036032999999999982e+00
1.770246004169557380e-02 -1.142708000000000057e+00
1.772246282140370680e-02 -1.225438999999999945e+00
1.774246560111183632e-02 -1.312000000000000055e+00
1.776246838081996585e-02 -1.286693000000000087e+00
1.778247116052809537e-02 -1.237573000000000034e+00
1.780247394023622837e-02 -1.149585999999999997e+00
1.782247671994435789e-02 -1.071590999999999960e+00
1.784247949965248742e-02 -1.017344999999999944e+00
1.786248227936062041e-02 -1.056602000000000041e+00
1.788248505906874994e-02 -1.206817000000000029e+00
1.790248783877687946e-02 -1.365272000000000041e+00
1.792249061848501246e-02 -1.405956999999999901e+00
1.794249339819314198e-02 -1.285395999999999983e+00
1.796249617790127151e-02 -1.075873999999999997e+00
1.798249895760940451e-02 -8.960050000000000514e-01
1.800250173731753403e-02 -8.721910000000000496e-01
1.802250451702566356e-02 -9.462930000000000508e-01
1.804250729673379308e-02 -1.084243999999999986e+00
1.806251007644192608e-02 -1.253406000000000020e+00
1.808251285615005560e-02 -1.325172000000000017e+00
1.810251563585818513e-02 -1.302137000000000100e+00
1.812251841556631812e-02 -1.334256000000000109e+00
1.814252119527444765e-02 -1.270470999999999906e+00
1.816252397498257717e-02 -1.002939999999999943e+00
1.818252675469071017e-02 -9.669269999999999810e-01
1.820252953439883969e-02 -1.091641000000000084e+00
1.822253231410696922e-02 -1.283188999999999913e+00
1.824253509381510222e-02 -1.419518000000000058e+00
1.826253787352323174e-02 -1.447419999999999929e+00
1.828254065323136127e-02 -1.291754999999999987e+00
1.830254343293949079e-02 -1.061013999999999902e+00
1.832254621264762379e-02 -9.117079999999999629e-01
1.834254899235575331e-02 -8.616800000000000015e-01
1.836255177206388284e-02 -9.203379999999999894e-01
1.838255455177201583e-02 -1.083140999999999909e+00
1.840255733148014536e-02 -1.252691999999999917e+00
1.842256011118827488e-02 -1.294415000000000093e+00
1.844256289089640788e-02 -1.382338000000000067e+00
1.846256567060453740e-02 -1.376757000000000009e+00
1.848256845031266693e-02 -1.208050000000000068e+00
1.850257123002079993e-02 -1.054720000000000102e+00
1.852257400972892945e-02 -8.924360000000000070e-01
1.854257678943705898e-02 -8.882839999999999625e-01
1.856257956914518850e-02 -9.647860000000000325e-01
1.858258234885332150e-02 -1.156398999999999955e+00
1.860258512856145102e-02 -1.295128999999999975e+00
1.862258790826958055e-02 -1.381753999999999927e+00
1.864259068797771354e-02 -1.424968999999999930e+00
1.866259346768584307e-02 -1.421723999999999988e+00
1.868259624739397259e-02 -1.338408999999999960e+00
1.870259902710210559e-02 -1.224855999999999945e+00
1.872260180681023511e-02 -1.056926000000000032e+00
1.874260458651836464e-02 -9.137840000000000407e-01
1.876260736622649763e-02 -8.501950000000000340e-01
1.878261014593462716e-02 -8.684929999999999595e-01
1.880261292564275669e-02 -9.527170000000000361e-01
1.882261570535088621e-02 -1.086645000000000083e+00
1.884261848505901921e-02 -1.253082000000000029e+00
1.886262126476714873e-02 -1.381170000000000009e+00
1.888262404447527826e-02 -1.395769000000000037e+00
1.890262682418341125e-02 -1.356707000000000107e+00
1.892262960389154078e-02 -1.238741000000000092e+00
1.894263238359967030e-02 -1.154193000000000024e+00
1.896263516330780330e-02 -1.038953000000000015e+00
1.898263794301593282e-02 -1.051021999999999901e+00
1.900264072272406235e-02 -1.107278999999999902e+00
1.902264350243219534e-02 -1.207724999999999937e+00
1.904264628214032487e-02 -1.258661999999999948e+00
1.906264906184845440e-02 -1.240234000000000059e+00
1.908265184155658392e-02 -1.196824000000000110e+00
1.910265462126471692e-02 -1.092549999999999910e+00
1.912265740097284644e-02 -1.059002999999999917e+00
1.914266018068097597e-02 -1.076912000000000091e+00
1.916266296038910896e-02 -1.190725000000000033e+00
1.918266574009723849e-02 -1.263918000000000097e+00
1.920266851980536801e-02 -1.286499000000000059e+00
1.922267129951350101e-02 -1.236275999999999931e+00
1.924267407922163053e-02 -1.134662000000000059e+00
1.926267685892976006e-02 -9.666029999999999900e-01
1.928267963863789305e-02 -8.825730000000000519e-01
1.930268241834602258e-02 -9.156659999999999799e-01
1.932268519805415211e-02 -1.038628000000000107e+00
1.934268797776228163e-02 -1.207985000000000086e+00
1.936269075747041463e-02 -1.352230000000000043e+00
1.938269353717854415e-02 -1.416663000000000006e+00
1.940269631688667368e-02 -1.348271999999999915e+00
1.942269909659480667e-02 -1.247111999999999998e+00
1.944270187630293620e-02 -1.165937999999999919e+00
1.946270465601106572e-02 -1.100465999999999944e+00
1.948270743571919872e-02 -1.138554999999999984e+00
1.950271021542732824e-02 -1.198900000000000077e+00
1.952271299513545777e-02 -1.249122999999999983e+00
1.954271577484359076e-02 -1.245748999999999995e+00
1.956271855455172029e-02 -1.139008999999999938e+00
1.958272133425984982e-02 -9.828900000000000414e-01
1.960272411396797934e-02 -8.657679999999999820e-01
1.962272689367611234e-02 -8.581760000000000499e-01
1.964272967338424186e-02 -9.636179999999999746e-01
1.966273245309237139e-02 -1.153867999999999894e+00
1.968273523280050438e-02 -1.349374999999999991e+00
1.970273801250863391e-02 -1.437168000000000001e+00
1.972274079221676343e-02 -1.386554999999999982e+00
1.974274357192489643e-02 -1.248345000000000038e+00
1.976274635163302595e-02 -1.042456000000000049e+00
1.978274913134115548e-02 -8.897110000000000296e-01
1.980275191104928847e-02 -8.817300000000000137e-01
1.982275469075741800e-02 -9.848360000000000447e-01
1.984275747046554753e-02 -1.156787999999999927e+00
1.986276025017367705e-02 -1.349698999999999982e+00
1.988276302988181005e-02 -1.463122999999999951e+00
1.990276580958993957e-02 -1.436193999999999971e+00
1.992276858929806910e-02 -1.252626999999999935e+00
1.994277136900620209e-02 -1.036486999999999936e+00
1.996277414871433162e-02 -8.740729999999999889e-01
1.998277692842246114e-02 -8.305339999999999945e-01
2.000277970813059414e-02 -9.249450000000000172e-01
2.002278248783872366e-02 -1.054654999999999898e+00
2.004278526754685319e-02 -1.153478999999999921e+00
2.006278804725498618e-02 -1.226218000000000030e+00
2.008279082696311571e-02 -1.244645999999999919e+00
2.010279360667124524e-02 -1.237249000000000043e+00
2.012279638637937476e-02 -1.225633999999999890e+00
2.014279916608750776e-02 -1.153609000000000107e+00
2.016280194579563728e-02 -1.142708000000000057e+00
2.018280472550376681e-02 -1.172101999999999977e+00
2.020280750521189980e-02 -1.210385999999999962e+00
2.022281028492002933e-02 -1.210579999999999989e+00
2.024281306462815885e-02 -1.213370000000000060e+00
2.026281584433629185e-02 -1.133364000000000038e+00
2.028281862404442137e-02 -1.076133000000000006e+00
2.030282140375255090e-02 -1.038953000000000015e+00
2.032282418346068389e-02 -1.072888999999999982e+00
2.034282696316881342e-02 -1.111950999999999912e+00
2.036282974287694295e-02 -1.110587999999999909e+00
2.038283252258507247e-02 -1.140501999999999905e+00
2.040283530229320547e-02 -1.157631999999999994e+00
2.042283808200133499e-02 -1.211424000000000056e+00
2.044284086170946452e-02 -1.215576999999999908e+00
2.046284364141759751e-02 -1.181381000000000014e+00
2.048284642112572704e-02 -1.129795000000000105e+00
2.050284920083385656e-02 -1.074057000000000039e+00
2.052285198054198956e-02 -1.038173999999999930e+00
2.054285476025011908e-02 -1.048491000000000062e+00
2.056285753995824861e-02 -1.071396000000000015e+00
2.058286031966638160e-02 -1.094495999999999913e+00
2.060286309937451113e-02 -1.125253000000000059e+00
2.062286587908264066e-02 -1.227905000000000024e+00
2.064286865879077018e-02 -1.303758999999999890e+00
2.066287143849890318e-02 -1.342821000000000042e+00
2.068287421820703270e-02 -1.331919999999999993e+00
2.070287699791516223e-02 -1.264955999999999969e+00
2.072287977762329522e-02 -1.147834000000000021e+00
2.074288255733142475e-02 -1.074770000000000003e+00
2.076288533703955427e-02 -1.036551999999999918e+00
2.078288811674768727e-02 -1.020199999999999996e+00
2.080289089645581679e-02 -1.035449000000000064e+00
2.082289367616394632e-02 -1.107798000000000060e+00
2.084289645587207931e-02 -1.149456000000000033e+00
2.086289923558020884e-02 -1.170414999999999983e+00
2.088290201528833837e-02 -1.188323999999999936e+00
2.090290479499646789e-02 -1.183847000000000094e+00
2.092290757470460089e-02 -1.158605000000000107e+00
2.094291035441273041e-02 -1.167235000000000023e+00
2.096291313412085994e-02 -1.165807999999999955e+00
2.098291591382899293e-02 -1.179629000000000039e+00
2.100291869353712246e-02 -1.148482999999999921e+00
2.102292147324525198e-02 -1.064063999999999899e+00
2.104292425295338498e-02 -1.018318000000000056e+00
2.106292703266151450e-02 -1.015852999999999895e+00
2.108292981236964403e-02 -1.065685999999999911e+00
2.110293259207777702e-02 -1.164055999999999980e+00
2.112293537178590655e-02 -1.232058000000000098e+00
2.114293815149403608e-02 -1.286434000000000077e+00
2.116294093120216560e-02 -1.314270999999999967e+00
2.118294371091029860e-02 -1.246463000000000099e+00
2.120294649061842812e-02 -1.106500999999999957e+00
2.122294927032655765e-02 -9.379229999999999512e-01
2.124295205003469064e-02 -8.613549999999999818e-01
2.126295482974282017e-02 -9.128110000000000390e-01
2.128295760945094969e-02 -1.029349000000000069e+00
2.130296038915908269e-02 -1.206426999999999916e+00
2.132296316886721221e-02 -1.338797999999999933e+00
2.134296594857534174e-02 -1.367153999999999980e+00
2.136296872828347473e-02 -1.335488999999999926e+00
2.138297150799160426e-02 -1.238221999999999934e+00
2.140297428769973379e-02 -1.093652999999999986e+00
2.142297706740786331e-02 -1.020653999999999950e+00
2.144297984711599631e-02 -1.043430000000000080e+00
2.146298262682412583e-02 -1.088008000000000086e+00
2.148298540653225536e-02 -1.164055999999999980e+00
2.150298818624038835e-02 -1.229333000000000009e+00
2.152299096594851788e-02 -1.197019000000000055e+00
2.154299374565664740e-02 -1.139138999999999902e+00
2.156299652536478040e-02 -1.034345999999999988e+00
2.158299930507290992e-02 -9.684199999999999475e-01
2.160300208478103945e-02 -9.752979999999999983e-01
2.162300486448917244e-02 -1.071460999999999997e+00
2.164300764419730197e-02 -1.212785999999999920e+00
2.166301042390543150e-02 -1.297595000000000054e+00
2.168301320361356102e-02 -1.303758999999999890e+00
2.170301598332169402e-02 -1.235497000000000067e+00
2.172301876302982354e-02 -1.135569999999999968e+00
2.174302154273795307e-02 -1.055498999999999965e+00
2.176302432244608606e-02 -1.010920999999999959e+00
2.178302710215421559e-02 -9.902220000000000466e-01
2.180302988186234511e-02 -1.051021999999999901e+00
2.182303266157047811e-02 -1.115779000000000076e+00
2.184303544127860763e-02 -1.175670999999999911e+00
2.186303822098673716e-02 -1.221351999999999993e+00
2.188304100069487015e-02 -1.182419000000000109e+00
2.190304378040299968e-02 -1.152635999999999994e+00
2.192304656011112921e-02 -1.145563000000000109e+00
2.194304933981925873e-02 -1.109550000000000036e+00
2.196305211952739173e-02 -1.143550999999999984e+00
2.198305489923552125e-02 -1.155750000000000055e+00
2.200305767894365078e-02 -1.142643000000000075e+00
2.202306045865178377e-02 -1.107669000000000015e+00
2.204306323835991330e-02 -1.067179000000000100e+00
2.206306601806804282e-02 -1.053163000000000071e+00
2.208306879777617582e-02 -1.091317000000000093e+00
2.210307157748430534e-02 -1.131351999999999913e+00
2.212307435719243487e-02 -1.187286000000000064e+00
2.214307713690056786e-02 -1.233614999999999906e+00
2.216307991660869739e-02 -1.237314000000000025e+00
2.218308269631682692e-02 -1.231149999999999967e+00
2.220308547602495644e-02 -1.179175000000000084e+00
2.222308825573308944e-02 -1.102348000000000106e+00
2.224309103544121896e-02 -1.073538000000000103e+00
2.226309381514934849e-02 -1.012218999999999980e+00
2.228309659485748148e-02 -1.030321999999999960e+00
2.230309937456561101e-02 -1.066076000000000024e+00
2.232310215427374053e-02 -1.100270999999999999e+00
2.234310493398187353e-02 -1.126551000000000080e+00
2.236310771369000305e-02 -1.167818999999999940e+00
2.238311049339813258e-02 -1.187156000000000100e+00
2.240311327310626557e-02 -1.165029000000000092e+00
2.242311605281439510e-02 -1.152895000000000003e+00
2.244311883252252462e-02 -1.126745000000000108e+00
2.246312161223065415e-02 -1.109550000000000036e+00
2.248312439193878715e-02 -1.064453000000000094e+00
2.250312717164691667e-02 -1.024612000000000078e+00
2.252312995135504620e-02 -1.019876000000000005e+00
2.254313273106317919e-02 -1.080351000000000061e+00
2.256313551077130872e-02 -1.121879000000000071e+00
2.258313829047943824e-02 -1.209931000000000090e+00
2.260314107018757124e-02 -1.230110999999999954e+00
2.262314384989570076e-02 -1.208633999999999986e+00
2.264314662960383029e-02 -1.181769999999999987e+00
2.266314940931196328e-02 -1.116883000000000070e+00
2.268315218902009281e-02 -1.089630000000000098e+00
2.270315496872822233e-02 -1.054070999999999980e+00
2.272315774843635186e-02 -1.072953999999999963e+00
2.274316052814448486e-02 -1.114287000000000027e+00
2.276316330785261438e-02 -1.160292000000000101e+00
2.278316608756074391e-02 -1.164250000000000007e+00
2.280316886726887690e-02 -1.153283999999999976e+00
2.282317164697700643e-02 -1.097221999999999920e+00
2.284317442668513595e-02 -1.000343999999999900e+00
2.286317720639326895e-02 -9.861339999999999550e-01
2.288317998610139847e-02 -1.037784999999999958e+00
2.290318276580952800e-02 -1.119672999999999918e+00
2.292318554551766099e-02 -1.212137999999999938e+00
2.294318832522579052e-02 -1.265279999999999960e+00
2.296319110493392004e-02 -1.230501000000000067e+00
2.298319388464204957e-02 -1.157696999999999976e+00
2.300319666435018257e-02 -1.101634000000000002e+00
2.302319944405831209e-02 -1.024807000000000023e+00
2.304320222376644162e-02 -9.764009999999999634e-01
2.306320500347457461e-02 -1.000928000000000040e+00
2.308320778318270414e-02 -1.087488000000000010e+00
2.310321056289083366e-02 -1.144395000000000051e+00
2.312321334259896666e-02 -1.211554000000000020e+00
2.314321612230709618e-02 -1.238286999999999916e+00
2.316321890201522571e-02 -1.196889000000000092e+00
2.318322168172335870e-02 -1.109615000000000018e+00
2.320322446143148823e-02 -1.012737999999999916e+00
2.322322724113961775e-02 -9.782180000000000319e-01
2.324323002084774728e-02 -1.045117000000000074e+00
2.326323280055588028e-02 -1.085930999999999980e+00
2.328323558026400980e-02 -1.153348999999999958e+00
2.330323835997213933e-02 -1.178590999999999944e+00
2.332324113968027232e-02 -1.174307999999999907e+00
2.334324391938840185e-02 -1.128757000000000010e+00
2.336324669909653137e-02 -1.107409000000000088e+00
2.338324947880466437e-02 -1.073083000000000009e+00
2.340325225851279389e-02 -1.095080000000000053e+00
2.342325503822092342e-02 -1.131742000000000026e+00
2.344325781792905641e-02 -1.172881000000000062e+00
2.346326059763718594e-02 -1.196824000000000110e+00
2.348326337734531546e-02 -1.186118000000000006e+00
2.350326615705344499e-02 -1.142058999999999935e+00
2.352326893676157799e-02 -1.053033000000000108e+00
2.354327171646970751e-02 -1.018836999999999993e+00
2.356327449617783704e-02 -1.015139000000000014e+00
2.358327727588597003e-02 -1.037071000000000076e+00
2.360328005559409956e-02 -1.128886999999999974e+00
2.362328283530222908e-02 -1.145693000000000072e+00
2.364328561501036208e-02 -1.133234000000000075e+00
2.366328839471849160e-02 -1.069968999999999948e+00
2.368329117442662113e-02 -1.058678000000000008e+00
2.370329395413475412e-02 -1.033762000000000070e+00
2.372329673384288365e-02 -1.038369000000000097e+00
2.374329951355101317e-02 -1.081129000000000007e+00
2.376330229325914270e-02 -1.127458999999999989e+00
2.378330507296727570e-02 -1.150365000000000082e+00
2.380330785267540522e-02 -1.210709999999999953e+00
2.382331063238353475e-02 -1.185988000000000042e+00
2.384331341209166774e-02 -1.148352999999999957e+00
2.386331619179979727e-02 -1.117920999999999943e+00
2.388331897150792679e-02 -1.068216999999999972e+00
2.390332175121605979e-02 -1.067048999999999914e+00
2.392332453092418931e-02 -1.096054000000000084e+00
2.394332731063231884e-02 -1.117207000000000061e+00
2.396333009034045183e-02 -1.106176000000000048e+00
2.398333287004858136e-02 -1.073083000000000009e+00
2.400333564975671088e-02 -1.053746999999999989e+00
2.402333842946484041e-02 -9.280599999999999961e-01
2.404334120917297341e-02 -1.015398000000000023e+00
2.406334398888110293e-02 -1.109420000000000073e+00
2.408334676858923246e-02 -1.020523999999999987e+00
2.410334954829736545e-02 -1.050891999999999937e+00
2.412335232800549498e-02 -1.107278999999999902e+00
2.414335510771362450e-02 -1.072759000000000018e+00
2.416335788742175750e-02 -1.026299000000000072e+00
2.418336066712988702e-02 -1.241597000000000062e+00
2.420336344683801655e-02 -1.141215000000000090e+00
2.422336622654614954e-02 -1.164185999999999943e+00
2.424336900625427907e-02 -1.103969999999999896e+00
2.426337178596240859e-02 -9.232580000000000231e-01
2.428337456567053812e-02 -1.073083000000000009e+00
2.430337734537867111e-02 -1.150624000000000091e+00
2.432338012508680064e-02 -1.026105000000000045e+00
2.434338290479493017e-02 -1.078858000000000095e+00
2.436338568450306316e-02 -1.076977000000000073e+00
2.438338846421119269e-02 -1.086190999999999907e+00
2.440339124391932221e-02 -1.143550999999999984e+00
2.442339402362745521e-02 -1.172360999999999986e+00
2.444339680333558473e-02 -1.090732999999999953e+00
2.446339958304371426e-02 -1.087293999999999983e+00
2.448340236275184725e-02 -9.699119999999999964e-01
2.450340514245997678e-02 -9.324719999999999676e-01
2.452340792216810630e-02 -9.394150000000000000e-01
2.454341070187623583e-02 -1.079636999999999958e+00
2.456341348158436882e-02 -1.198576000000000086e+00
2.458341626129249835e-02 -1.275533000000000028e+00
2.460341904100062788e-02 -1.206298000000000092e+00
2.462342182070876087e-02 -1.123242000000000074e+00
2.464342460041689040e-02 -1.063609999999999944e+00
2.466342738012501992e-02 -1.090538000000000007e+00
2.468343015983315292e-02 -1.112859999999999960e+00
2.470343293954128244e-02 -1.087164000000000019e+00
2.472343571924941197e-02 -1.072175000000000100e+00
2.474343849895754496e-02 -1.093911999999999995e+00
2.476344127866567449e-02 -1.122333000000000025e+00
2.478344405837380401e-02 -1.110459000000000085e+00
2.480344683808193354e-02 -1.019292000000000087e+00
2.482344961779006653e-02 -9.165750000000000286e-01
2.484345239749819606e-02 -9.423350000000000337e-01
2.486345517720632559e-02 -1.047258000000000022e+00
2.488345795691445858e-02 -1.198576000000000086e+00
2.490346073662258811e-02 -1.217587999999999893e+00
2.492346351633071763e-02 -1.163537000000000043e+00
2.494346629603885063e-02 -1.086319999999999952e+00
2.496346907574698015e-02 -1.073277999999999954e+00
2.498347185545510968e-02 -1.055109999999999992e+00
2.500347463516324267e-02 -1.052708999999999895e+00
2.502347741487137220e-02 -1.011635000000000062e+00
2.504348019457950172e-02 -1.058354000000000017e+00
2.506348297428763125e-02 -1.103126000000000051e+00
2.508348575399576424e-02 -1.188128999999999991e+00
2.510348853370389377e-02 -1.207076000000000038e+00
2.512349131341202330e-02 -1.157631999999999994e+00
2.514349409312015629e-02 -1.089434999999999931e+00
2.516349687282828582e-02 -1.045830999999999955e+00
2.518349965253641534e-02 -1.067372999999999905e+00
2.520350243224454834e-02 -1.087034000000000056e+00
2.522350521195267786e-02 -1.109680000000000000e+00
2.524350799166080739e-02 -1.085088000000000052e+00
2.526351077136894038e-02 -1.050956999999999919e+00
2.528351355107706991e-02 -1.044987000000000110e+00
2.530351633078519943e-02 -1.042650999999999994e+00
2.532351911049332896e-02 -1.027727000000000057e+00
2.534352189020146195e-02 -1.003978000000000037e+00
2.536352466990959148e-02 -1.026947999999999972e+00
2.538352744961772101e-02 -1.110524000000000067e+00
2.540353022932585400e-02 -1.193969000000000058e+00
2.542353300903398353e-02 -1.244321999999999928e+00
2.544353578874211305e-02 -1.210450000000000026e+00
2.546353856845024605e-02 -1.146082000000000045e+00
2.548354134815837557e-02 -1.100726000000000093e+00
2.550354412786650510e-02 -1.049919000000000047e+00
2.552354690757463809e-02 -1.012348999999999943e+00
2.554354968728276762e-02 -1.004950999999999928e+00
2.556355246699089714e-02 -9.961919999999999664e-01
2.558355524669902667e-02 -1.036810999999999927e+00
2.560355802640715966e-02 -1.115585000000000049e+00
2.562356080611528919e-02 -1.146536000000000000e+00
2.564356358582341872e-02 -1.147769000000000039e+00
2.566356636553155171e-02 -1.129925000000000068e+00
2.568356914523968124e-02 -1.116103999999999985e+00
2.570357192494781076e-02 -1.118179999999999952e+00
2.572357470465594376e-02 -1.126616000000000062e+00
2.574357748436407328e-02 -1.120061999999999891e+00
2.576358026407220281e-02 -1.068994999999999918e+00
2.578358304378033580e-02 -1.065166999999999975e+00
2.580358582348846533e-02 -1.114676000000000000e+00
2.582358860319659485e-02 -1.124603999999999937e+00
2.584359138290472438e-02 -1.102606999999999893e+00
2.586359416261285737e-02 -1.088786000000000032e+00
2.588359694232098690e-02 -1.096638000000000002e+00
2.590359972202911643e-02 -1.110783000000000076e+00
2.592360250173724942e-02 -1.129664999999999919e+00
2.594360528144537895e-02 -1.137451999999999908e+00
2.596360806115350847e-02 -1.115520000000000067e+00
2.598361084086164147e-02 -1.074251000000000067e+00
2.600361362056977099e-02 -1.055369000000000002e+00
2.602361640027790052e-02 -1.097935000000000105e+00
2.604361917998603351e-02 -1.084438999999999931e+00
2.606362195969416304e-02 -1.066788999999999987e+00
2.608362473940229256e-02 -1.046415000000000095e+00
2.610362751911042209e-02 -1.041808000000000067e+00
2.612363029881855508e-02 -1.060105999999999993e+00
2.614363307852668461e-02 -1.110783000000000076e+00
2.616363585823481414e-02 -1.128821999999999992e+00
2.618363863794294713e-02 -1.138101000000000029e+00
2.620364141765107666e-02 -1.131351999999999913e+00
2.622364419735920618e-02 -1.127653999999999934e+00
2.624364697706733918e-02 -1.114740999999999982e+00
2.626364975677546870e-02 -1.102541999999999911e+00
2.628365253648359823e-02 -1.049724000000000101e+00
2.630365531619173122e-02 -1.026882999999999990e+00
2.632365809589986075e-02 -1.031619999999999981e+00
2.634366087560799027e-02 -1.082556999999999992e+00
2.636366365531611980e-02 -1.116103999999999985e+00
2.638366643502425279e-02 -1.123112000000000110e+00
2.640366921473238232e-02 -1.102152999999999938e+00
2.642367199444051185e-02 -1.081193999999999988e+00
2.644367477414864484e-02 -1.076586999999999961e+00
2.646367755385677437e-02 -1.054200999999999944e+00
2.648368033356490389e-02 -1.067698000000000036e+00
2.650368311327303689e-02 -1.063933999999999935e+00
2.652368589298116641e-02 -1.109356000000000009e+00
2.654368867268929594e-02 -1.125253000000000059e+00
2.656369145239742893e-02 -1.119412999999999991e+00
2.658369423210555846e-02 -1.070227999999999957e+00
2.660369701181368798e-02 -1.040121000000000073e+00
2.662369979152181751e-02 -1.019681000000000060e+00
2.664370257122995050e-02 -1.059911000000000048e+00
2.666370535093808003e-02 -1.108252000000000015e+00
2.668370813064620956e-02 -1.127849000000000101e+00
2.670371091035434255e-02 -1.106370999999999993e+00
2.672371369006247208e-02 -1.068022000000000027e+00
2.674371646977060160e-02 -1.058159000000000072e+00
2.676371924947873460e-02 -1.014294999999999947e+00
2.678372202918686412e-02 -9.713399999999999812e-01
2.680372480889499365e-02 -9.658240000000000158e-01
2.682372758860312664e-02 -1.016437000000000035e+00
2.684373036831125617e-02 -1.087943000000000104e+00
2.686373314801938569e-02 -1.165613000000000010e+00
2.688373592772751522e-02 -1.178266000000000036e+00
2.690373870743564821e-02 -1.159383999999999970e+00
2.692374148714377774e-02 -1.098000000000000087e+00
2.694374426685190727e-02 -1.051606000000000041e+00
2.696374704656004026e-02 -1.036745999999999945e+00
2.698374982626816979e-02 -1.067438000000000109e+00
2.700375260597629931e-02 -1.066529999999999978e+00
2.702375538568443231e-02 -1.093911999999999995e+00
2.704375816539256183e-02 -1.123046999999999906e+00
2.706376094510069136e-02 -1.118699000000000110e+00
2.708376372480882435e-02 -1.105332999999999899e+00
2.710376650451695388e-02 -1.086514999999999898e+00
2.712376928422508340e-02 -1.050178000000000056e+00
2.714377206393321293e-02 -1.036421999999999954e+00
2.716377484364134592e-02 -1.048815000000000053e+00
2.718377762334947545e-02 -1.079053000000000040e+00
2.720378040305760498e-02 -1.104489000000000054e+00
2.722378318276573797e-02 -1.124799000000000104e+00
2.724378596247386750e-02 -1.099752000000000063e+00
2.726378874218199702e-02 -1.091641000000000084e+00
2.728379152189013002e-02 -1.072370000000000045e+00
2.730379430159825954e-02 -1.078729000000000049e+00
2.732379708130638907e-02 -1.066335000000000033e+00
2.734379986101452206e-02 -1.091965999999999992e+00
2.736380264072265159e-02 -1.093976999999999977e+00
2.738380542043078111e-02 -1.132779999999999898e+00
2.740380820013891064e-02 -1.144784000000000024e+00
2.742381097984704363e-02 -1.121035000000000004e+00
2.744381375955517316e-02 -1.107928000000000024e+00
2.746381653926330269e-02 -1.094367000000000090e+00
2.748381931897143568e-02 -1.072175000000000100e+00
2.750382209867956521e-02 -1.071331000000000033e+00
2.752382487838769473e-02 -1.047387999999999986e+00
2.754382765809582773e-02 -1.015463000000000005e+00
2.756383043780395725e-02 -1.022405999999999926e+00
2.758383321751208678e-02 -1.035449000000000064e+00
2.760383599722021977e-02 -1.086710000000000065e+00
2.762383877692834930e-02 -1.091965999999999992e+00
2.764384155663647882e-02 -1.110133999999999954e+00
2.766384433634460835e-02 -1.114740999999999982e+00
2.768384711605274134e-02 -1.124279999999999946e+00
2.770384989576087087e-02 -1.130444000000000004e+00
2.772385267546900040e-02 -1.083919999999999995e+00
2.774385545517713339e-02 -1.089045999999999959e+00
2.776385823488526292e-02 -1.057055999999999996e+00
2.778386101459339244e-02 -1.064387999999999890e+00
2.780386379430152544e-02 -1.082556999999999992e+00
2.782386657400965496e-02 -1.082427000000000028e+00
2.784386935371778449e-02 -1.073342999999999936e+00
2.786387213342591748e-02 -1.068540999999999963e+00
2.788387491313404701e-02 -1.068994999999999918e+00
2.790387769284217653e-02 -1.072435000000000027e+00
2.792388047255030606e-02 -1.087229000000000001e+00
2.794388325225843905e-02 -1.087617999999999974e+00
2.796388603196656858e-02 -1.081908000000000092e+00
2.798388881167469810e-02 -1.066529999999999978e+00
2.800389159138283110e-02 -1.088136999999999910e+00
2.802389437109096063e-02 -1.063026000000000026e+00
2.804389715079909015e-02 -1.038888000000000034e+00
2.806389993050722315e-02 -1.013257000000000074e+00
2.808390271021535267e-02 -1.027207999999999899e+00
2.810390548992348220e-02 -1.046284999999999910e+00
2.812390826963161519e-02 -1.083010999999999946e+00
2.814391104933974472e-02 -1.156009999999999982e+00
2.816391382904787424e-02 -1.148222999999999994e+00
2.818391660875600377e-02 -1.147508999999999890e+00
2.820391938846413676e-02 -1.129860000000000086e+00
2.822392216817226629e-02 -1.105137999999999954e+00
2.824392494788039581e-02 -1.098713999999999968e+00
2.826392772758852881e-02 -1.066788999999999987e+00
2.828393050729665834e-02 -1.055369000000000002e+00
2.830393328700478786e-02 -1.060754999999999892e+00
2.832393606671292086e-02 -1.066788999999999987e+00
2.834393884642105038e-02 -1.072370000000000045e+00
2.836394162612917991e-02 -1.044987000000000110e+00
2.838394440583731290e-02 -1.012542999999999971e+00
2.840394718554544243e-02 -1.026753999999999944e+00
2.842394996525357195e-02 -1.024027999999999938e+00
2.844395274496170148e-02 -1.044987000000000110e+00
2.846395552466983447e-02 -1.091382000000000074e+00
2.848395830437796400e-02 -1.099493000000000054e+00
2.850396108408609352e-02 -1.118959000000000037e+00
2.852396386379422652e-02 -1.093458000000000041e+00
2.854396664350235605e-02 -1.077105999999999897e+00
2.856396942321048557e-02 -1.037654999999999994e+00
2.858397220291861857e-02 -1.004108000000000001e+00
2.860397498262674809e-02 -1.012477999999999989e+00
2.862397776233487762e-02 -1.075809000000000015e+00
2.864398054204301061e-02 -1.103709999999999969e+00
2.866398332175114014e-02 -1.140760999999999914e+00
2.868398610145926966e-02 -1.135895000000000099e+00
2.870398888116739919e-02 -1.125577000000000050e+00
2.872399166087553218e-02 -1.096832000000000029e+00
2.874399444058366171e-02 -1.054135999999999962e+00
2.876399722029179123e-02 -1.042910999999999921e+00
