# time(s), 	 	 acceleration(g)
0.000000000000000000e+00 6.314823999999999771e+00
2.000277970813059281e-05 6.541865999999999737e+00
4.000555941626118562e-05 6.773969000000000129e+00
6.000833912439177504e-05 7.041694999999999816e+00
8.001111883252237124e-05 7.299363999999999741e+00
1.000138985406529674e-04 7.589345999999999925e+00
1.200166782487835501e-04 7.912875999999999799e+00
1.400194579569141598e-04 8.239520000000000621e+00
1.600222376650447425e-04 8.623459999999999681e+00
1.800250173731753251e-04 9.000780999999999921e+00
2.000277970813059349e-04 9.423394000000000048e+00
2.200305767894365175e-04 9.838934999999999320e+00
2.400333564975671002e-04 1.032915999999999990e+01
2.600361362056977099e-04 1.086240699999999926e+01
2.800389159138283197e-04 1.142368399999999973e+01
3.000416956219588752e-04 1.207489600000000074e+01
3.200444753300894850e-04 1.279080100000000009e+01
3.400472550382200947e-04 1.355173800000000028e+01
3.600500347463506503e-04 1.450376900000000013e+01
3.800528144544812600e-04 1.549654899999999991e+01
4.000555941626118698e-04 1.663811700000000116e+01
4.200583738707424253e-04 1.794592600000000004e+01
4.400611535788730351e-04 1.943224199999999868e+01
4.600639332870036448e-04 2.115753799999999885e+01
4.800667129951342003e-04 2.322115799999999908e+01
5.000694927032648101e-04 2.583697199999999938e+01
5.200722724113954198e-04 2.896143999999999963e+01
5.400750521195260296e-04 3.305948099999999812e+01
5.600778318276566393e-04 3.930218700000000354e+01
5.800806115357871407e-04 4.869486200000000053e+01
6.000833912439177504e-04 6.486024500000000614e+01
6.200861709520483602e-04 9.022539199999999937e+01
6.400889506601789699e-04 1.291040299999999945e+02
6.600917303683095797e-04 1.831701309999999978e+02
6.800945100764401894e-04 2.507820370000000025e+02
7.000972897845707992e-04 3.292781880000000001e+02
7.201000694927013005e-04 4.075204350000000204e+02
7.401028492008319103e-04 4.719434400000000096e+02
7.601056289089625200e-04 5.084370049999999992e+02
7.801084086170931298e-04 5.098886699999999905e+02
8.001111883252237395e-04 4.810585899999999810e+02
8.201139680333543493e-04 4.350458199999999920e+02
8.401167477414848506e-04 3.837324459999999817e+02
8.601195274496154604e-04 3.339593100000000163e+02
8.801223071577460701e-04 2.870185819999999808e+02
9.001250868658766799e-04 2.452958549999999889e+02
9.201278665740072896e-04 1.981616319999999973e+02
9.401306462821378994e-04 1.460925119999999993e+02
9.601334259902684007e-04 9.358656999999999471e+01
9.801362056983990104e-04 4.987036599999999709e+01
1.000138985406529620e-03 1.538377499999999998e+01
1.020141765114660230e-03 -3.982902999999999860e+00
1.040144544822790840e-03 -9.395113000000000270e+00
1.060147324530921449e-03 -1.919153000000000109e+00
1.080150104239052059e-03 1.454717899999999986e+01
1.100152883947182669e-03 4.042759800000000325e+01
1.120155663655313279e-03 5.920061900000000321e+01
1.140158443363443888e-03 7.118230900000000361e+01
1.160161223071574281e-03 6.756372199999999850e+01
1.180164002779704891e-03 4.671494700000000222e+01
1.200166782487835501e-03 1.619188499999999920e+01
1.220169562195966111e-03 -1.301155800000000085e+01
1.240172341904096720e-03 -3.526975699999999847e+01
1.260175121612227330e-03 -4.350036000000000058e+01
1.280177901320357940e-03 -2.991146900000000031e+01
1.300180681028488550e-03 -1.566163300000000014e+01
1.320183460736619159e-03 1.849453999999999931e+00
1.340186240444749769e-03 2.305679800000000057e+01
1.360189020152880379e-03 3.184848399999999913e+01
1.380191799861010989e-03 2.816390699999999825e+01
1.400194579569141598e-03 8.965612000000000137e+00
1.420197359277271991e-03 -2.839647999999999950e+00
1.440200138985402601e-03 -1.405053900000000056e+01
1.460202918693533211e-03 -1.341172000000000075e+01
1.480205698401663821e-03 -3.471004999999999896e+00
1.500208478109794430e-03 3.605182999999999804e+00
1.520211257817925040e-03 2.210878999999999905e+01
1.540214037526055650e-03 2.984105599999999825e+01
1.560216817234186260e-03 3.005447200000000052e+01
1.580219596942316869e-03 2.552051499999999962e+01
1.600222376650447479e-03 8.526192999999999245e+00
1.620225156358578089e-03 7.654882999999999882e+00
1.640227936066708699e-03 3.463728000000000140e+00
1.660230715774839308e-03 -5.931478000000000250e+00
1.680233495482969701e-03 1.055749000000000049e+00
1.700236275191100311e-03 -7.855659999999999865e-01
1.720239054899230921e-03 2.236299999999999955e-01
1.740241834607361530e-03 -6.709090999999999916e+00
1.760244614315492140e-03 -2.036455600000000032e+01
1.780247394023622750e-03 -2.293611699999999942e+01
1.800250173731753360e-03 -3.292076099999999883e+01
1.820252953439883969e-03 -2.297550299999999979e+01
1.840255733148014579e-03 -1.734111800000000159e+01
1.860258512856145189e-03 -2.284469999999999779e+00
1.880261292564275799e-03 2.069216399999999823e+01
1.900264072272406408e-03 2.900770500000000141e+01
1.920266851980536801e-03 3.859406899999999752e+01
1.940269631688667411e-03 3.890767100000000056e+01
1.960272411396798021e-03 2.573302199999999829e+01
1.980275191104928847e-03 1.281130600000000008e+01
2.000277970813059240e-03 -6.717539999999999623e-01
2.020280750521190067e-03 -1.059248400000000068e+01
2.040283530229320460e-03 -1.827809500000000043e+01
2.060286309937450853e-03 -1.541395699999999991e+01
2.080289089645581679e-03 -1.332600399999999929e+01
2.100291869353712072e-03 -6.902390999999999721e+00
2.120294649061842899e-03 -3.494883000000000184e+00
2.140297428769973292e-03 1.088063000000000002e+00
2.160300208478104118e-03 -9.894429999999999614e-01
2.180302988186234511e-03 -7.607654000000000138e+00
2.200305767894365338e-03 -1.718662099999999882e+01
2.220308547602495731e-03 -2.036072800000000171e+01
2.240311327310626557e-03 -1.375672699999999971e+01
2.260314107018756950e-03 -8.958743999999999374e+00
2.280316886726887777e-03 -6.438508999999999816e+00
2.300319666435018170e-03 3.221696999999999811e+00
2.320322446143148563e-03 1.168751699999999971e+01
2.340325225851279389e-03 1.603453199999999867e+01
2.360328005559409782e-03 1.783665600000000140e+01
2.380330785267540609e-03 1.696807000000000087e+01
2.400333564975671002e-03 8.462604000000000681e+00
2.420336344683801828e-03 5.704297000000000395e+00
2.440339124391932221e-03 4.308824000000000431e+00
2.460341904100063048e-03 -5.343919999999999781e+00
2.480344683808193441e-03 -8.505373999999999768e+00
2.500347463516324267e-03 -1.370027499999999954e+01
2.520350243224454660e-03 -1.590859500000000004e+01
2.540353022932585487e-03 -1.631342899999999929e+01
2.560355802640715880e-03 -1.149422700000000042e+01
2.580358582348846273e-03 -2.456033000000000133e+00
2.600361362056977099e-03 -3.560874000000000095e+00
2.620364141765107492e-03 -5.946725999999999956e+00
2.640366921473238319e-03 -5.169177999999999606e+00
2.660369701181368712e-03 -8.801781000000000077e+00
2.680372480889499538e-03 -9.078590999999999411e+00
2.700375260597629931e-03 -8.926883999999999375e+00
2.720378040305760758e-03 -8.912024999999999864e+00
2.740380820013891151e-03 -2.237750999999999824e+00
2.760383599722021977e-03 3.718930999999999987e+00
2.780386379430152370e-03 2.018986900000000162e+01
2.800389159138283197e-03 1.840889900000000168e+01
2.820391938846413590e-03 1.203077299999999994e+01
2.840394718554543983e-03 7.350170999999999566e+00
2.860397498262674809e-03 3.458018000000000036e+00
2.880400277970805202e-03 -2.578669999999999796e+00
2.900403057678936029e-03 -6.225678000000000267e+00
2.920405837387066422e-03 -1.357127900000000054e+01
2.940408617095197248e-03 -1.494553299999999929e+01
2.960411396803327641e-03 -1.021451300000000018e+01
2.980414176511458468e-03 -7.270239000000000118e+00
3.000416956219588861e-03 -9.010393999999999792e+00
3.020419735927719687e-03 -1.566695400000000049e+01
3.040422515635850080e-03 -1.444226500000000080e+01
3.060425295343980907e-03 -1.404800799999999938e+01
3.080428075052111300e-03 -1.225762899999999966e+01
3.100430854760241692e-03 -3.056697000000000219e+00
3.120433634468372519e-03 2.941641999999999868e+00
3.140436414176502912e-03 9.186683999999999628e+00
3.160439193884633739e-03 1.154924199999999956e+01
3.180441973592764131e-03 1.187828700000000026e+01
3.200444753300894958e-03 7.524977999999999945e+00
3.220447533009025351e-03 2.382181000000000104e+00
3.240450312717156178e-03 -2.985849999999999893e-01
3.260453092425286570e-03 -5.318290000000000184e+00
3.280455872133417397e-03 -5.525021999999999878e+00
3.300458651841547790e-03 -4.246619999999999839e-01
3.320461431549678617e-03 3.909895000000000120e+00
3.340464211257809009e-03 4.763945999999999792e+00
3.360466990965939402e-03 -1.082168000000000019e+00
3.380469770674070229e-03 -4.662860000000000227e+00
3.400472550382200622e-03 -1.445667000000000080e+01
3.420475330090331448e-03 -1.833389899999999884e+01
3.440478109798461841e-03 -1.941901400000000066e+01
3.460480889506592668e-03 -1.792400400000000005e+01
3.480483669214723061e-03 -1.514084500000000055e+01
3.500486448922853887e-03 -6.875526999999999944e+00
3.520489228630984280e-03 3.507267000000000134e+00
3.540492008339115107e-03 8.082426999999999140e+00
3.560494788047245500e-03 1.400102000000000046e+01
3.580497567755376326e-03 9.994535000000000835e+00
3.600500347463506719e-03 5.058080999999999605e+00
3.620503127171637112e-03 -5.662460000000000271e-01
3.640505906879767939e-03 -1.991438000000000041e+00
3.660508686587898332e-03 6.274260000000000392e-01
3.680511466296029158e-03 -4.035079999999999778e-01
3.700514246004159551e-03 -4.022095000000000198e+00
3.720517025712290378e-03 -2.695338000000000012e+00
3.740519805420420771e-03 -1.996952999999999978e+00
3.760522585128551597e-03 -1.459165000000000045e+00
3.780525364836681990e-03 -6.949180000000000357e-01
3.800528144544812817e-03 1.445009999999999906e+00
3.820530924252943210e-03 -2.138018999999999892e+00
3.840533703961073603e-03 -6.020893000000000050e+00
3.860536483669204429e-03 -6.304580999999999769e+00
3.880539263377334822e-03 -1.167857200000000084e+01
3.900542043085465649e-03 -1.563755899999999954e+01
3.920544822793596042e-03 -1.439664900000000003e+01
3.940547602501726435e-03 -9.314393000000000811e+00
3.960550382209857695e-03 -4.380015000000000214e+00
3.980553161917988088e-03 7.036050000000000360e+00
4.000555941626118481e-03 1.349333900000000064e+01
4.020558721334248874e-03 1.214789500000000011e+01
4.040561501042380134e-03 1.110002500000000047e+01
4.060564280750510527e-03 6.930801999999999907e+00
4.080567060458640920e-03 2.890899999999999803e+00
4.100569840166771313e-03 1.201292000000000026e+00
4.120572619874901706e-03 -1.827595999999999998e+00
4.140575399583032966e-03 -3.381784000000000123e+00
4.160578179291163359e-03 -6.942944999999999922e+00
4.180580958999293752e-03 -4.554172999999999583e+00
4.200583738707424145e-03 -3.088168000000000024e+00
4.220586518415555405e-03 -6.032637000000000249e+00
4.240589298123685798e-03 -7.309624999999999595e+00
4.260592077831816191e-03 -7.013868000000000436e+00
4.280594857539946584e-03 -5.805466000000000015e+00
4.300597637248077844e-03 -5.560774999999999579e+00
4.320600416956208237e-03 -3.554904000000000064e+00
4.340603196664338630e-03 -2.654653999999999847e+00
4.360605976372469023e-03 -3.132499999999999729e-01
4.380608756080599415e-03 2.830490000000000173e+00
4.400611535788730676e-03 5.923357000000000205e+00
4.420614315496861069e-03 6.315538000000000096e+00
4.440617095204991462e-03 4.137001999999999846e+00
4.460619874913121854e-03 3.566510000000000069e+00
4.480622654621253115e-03 -1.678744000000000014e+00
4.500625434329383508e-03 -4.513878000000000057e+00
4.520628214037513901e-03 -2.134125000000000050e+00
4.540630993745644294e-03 -1.707424999999999971e+00
4.560633773453775554e-03 2.456153000000000031e+00
4.580636553161905947e-03 4.902220999999999940e+00
4.600639332870036340e-03 2.787859000000000087e+00
4.620642112578166733e-03 1.184550999999999910e+00
4.640644892286297125e-03 -2.915566999999999798e+00
4.660647671994428386e-03 -8.264317000000000135e+00
4.680650451702558779e-03 -1.425370200000000054e+01
4.700653231410689172e-03 -1.658576199999999901e+01
4.720656011118819564e-03 -1.145503500000000052e+01
4.740658790826950825e-03 -3.010107999999999784e+00
4.760661570535081218e-03 5.540066000000000379e+00
4.780664350243211611e-03 9.478224000000000871e+00
4.800667129951342003e-03 9.742770999999999404e+00
4.820669909659473264e-03 8.268848999999999450e+00
4.840672689367603657e-03 4.684003999999999834e+00
4.860675469075734050e-03 -2.947569999999999912e-01
4.880678248783864442e-03 -4.872188000000000407e+00
4.900681028491994835e-03 -8.305974000000000856e+00
4.920683808200126096e-03 -8.043374000000000024e+00
4.940686587908256489e-03 -3.599936000000000025e+00
4.960689367616386881e-03 4.879180000000000184e-01
4.980692147324517274e-03 5.341820000000000457e-01
5.000694927032648535e-03 -5.343219999999999636e-01
5.020697706740778928e-03 -8.812759999999999483e-01
5.040700486448909320e-03 -9.842520000000000158e-01
5.060703266157039713e-03 1.828235999999999972e+00
5.080706045865170974e-03 2.410407000000000188e+00
5.100708825573301367e-03 6.178230000000000111e-01
5.120711605281431759e-03 -4.210333999999999577e+00
5.140714384989562152e-03 -8.013201999999999714e+00
5.160717164697692545e-03 -6.872931999999999597e+00
5.180719944405823806e-03 -7.055850000000000399e+00
5.200722724113954198e-03 -5.237569999999999837e+00
5.220725503822084591e-03 -8.718019999999999659e-01
5.240728283530214984e-03 -3.844310000000000227e-01
5.260731063238346245e-03 4.067896000000000178e+00
5.280733842946476637e-03 6.334484999999999921e+00
5.300736622654607030e-03 5.112197000000000102e+00
5.320739402362737423e-03 2.182910999999999824e+00
5.340742182070868684e-03 -1.530345999999999984e+00
5.360744961778999076e-03 -2.741537999999999808e+00
5.380747741487129469e-03 -4.053630000000000067e+00
5.400750521195259862e-03 -4.492854999999999599e+00
5.420753300903390255e-03 -4.580712000000000117e+00
5.440756080611521515e-03 -4.758115000000000094e+00
5.460758860319651908e-03 -3.181929999999999925e+00
5.480761640027782301e-03 -2.032650000000000012e-01
5.500764419735912694e-03 1.046470000000000011e+00
5.520767199444043954e-03 3.720930000000000071e-01
5.540769979152174347e-03 -2.078126999999999835e+00
5.560772758860304740e-03 -4.423035999999999746e+00
5.580775538568435133e-03 -3.043590000000000018e+00
5.600778318276566393e-03 -8.642750000000000155e-01
5.620781097984696786e-03 -2.974169999999999869e-01
5.640783877692827179e-03 -5.345809999999999729e-01
5.660786657400957572e-03 -2.016030000000000211e+00
5.680789437109087965e-03 -3.005761000000000127e+00
5.700792216817219225e-03 -2.820052000000000003e+00
5.720794996525349618e-03 -2.163130000000000219e+00
5.740797776233480011e-03 -9.194940000000000335e-01
5.760800555941610404e-03 6.162649999999999517e-01
5.780803335649741664e-03 8.083329999999999682e-01
5.800806115357872057e-03 1.997268000000000043e+00
5.820808895066002450e-03 2.950597000000000136e+00
5.840811674774132843e-03 2.401647999999999783e+00
5.860814454482264103e-03 -5.386039999999999717e-01
5.880817234190394496e-03 -3.977451999999999988e+00
5.900820013898524889e-03 -5.920640999999999821e+00
5.920822793606655282e-03 -8.597644000000000730e+00
5.940825573314785675e-03 -8.456903000000000503e+00
5.960828353022916935e-03 -5.009554999999999758e+00
5.980831132731047328e-03 -3.874540999999999791e+00
6.000833912439177721e-03 -1.777762999999999982e+00
6.020836692147308114e-03 8.006109999999999616e-01
6.040839471855439374e-03 2.857028999999999819e+00
6.060842251563569767e-03 4.219732999999999734e+00
6.080845031271700160e-03 2.817253000000000007e+00
6.100847810979830553e-03 -8.721269999999999856e-01
6.120850590687961813e-03 -2.300950999999999969e+00
6.140853370396092206e-03 -9.990470000000000184e-01
6.160856150104222599e-03 -7.302170000000000050e-01
6.180858929812352992e-03 -9.468119999999999870e-01
6.200861709520483385e-03 -1.175475999999999965e+00
6.220864489228614645e-03 -3.200358000000000036e+00
6.240867268936745038e-03 -3.632055999999999951e+00
6.260870048644875431e-03 -9.997599999999999820e-01
6.280872828353005824e-03 -2.021620000000000084e-01
6.300875608061137084e-03 -2.328333999999999904e+00
6.320878387769267477e-03 -3.495337999999999834e+00
6.340881167477397870e-03 -3.705313999999999997e+00
6.360883947185528263e-03 -3.100820999999999827e+00
6.380886726893659523e-03 -3.548430000000000195e-01
6.400889506601789916e-03 7.001650000000000373e-01
6.420892286309920309e-03 4.772109999999999963e-01
6.440895066018050702e-03 2.089010000000000034e-01
6.460897845726181095e-03 -3.796950000000000047e-01
6.480900625434312355e-03 -1.014489999999999892e+00
6.500903405142442748e-03 -1.056861999999999968e+00
6.520906184850573141e-03 -1.331336000000000075e+00
6.540908964558703534e-03 -1.732471000000000094e+00
6.560911744266834794e-03 -1.244515999999999956e+00
6.580914523974965187e-03 1.034920000000000062e+00
6.600917303683095580e-03 1.346510000000000096e+00
6.620920083391225973e-03 5.867999999999999952e-03
6.640922863099357233e-03 -2.223669999999999813e+00
6.660925642807487626e-03 -3.741715999999999820e+00
6.680928422515618019e-03 -4.195280000000000342e+00
6.700931202223748412e-03 -2.270065000000000222e+00
6.720933981931878805e-03 2.094199999999999950e-01
6.740936761640010065e-03 6.270900000000000085e-02
6.760939541348140458e-03 -1.194099000000000022e+00
6.780942321056270851e-03 -2.379401000000000099e+00
6.800945100764401244e-03 -3.491639000000000159e+00
6.820947880472532504e-03 -3.917561000000000071e+00
6.840950660180662897e-03 -2.629153000000000073e+00
6.860953439888793290e-03 -1.356187999999999949e+00
6.880956219596923683e-03 -3.955919999999999992e-01
6.900958999305054943e-03 1.784891000000000005e+00
6.920961779013185336e-03 3.481441999999999926e+00
6.940964558721315729e-03 1.845820000000000016e+00
6.960967338429446122e-03 -1.065231999999999957e+00
6.980970118137576515e-03 -3.469707000000000097e+00
7.000972897845707775e-03 -4.838315999999999839e+00
7.020975677553838168e-03 -3.816660999999999859e+00
7.040978457261968561e-03 -9.542089999999999739e-01
7.060981236970098954e-03 1.114537000000000111e+00
7.080984016678230214e-03 1.945097999999999994e+00
7.100986796386360607e-03 6.908860000000000001e-01
7.120989576094491000e-03 -1.454882000000000009e+00
7.140992355802621393e-03 -3.216126000000000040e+00
7.160995135510752653e-03 -4.168675999999999604e+00
7.180997915218883046e-03 -5.530407000000000295e+00
7.201000694927013439e-03 -5.332760000000000389e+00
7.221003474635143832e-03 -2.796108999999999956e+00
7.241006254343274225e-03 -3.366739999999999733e-01
7.261009034051405485e-03 1.263778999999999986e+00
7.281011813759535878e-03 2.494047999999999821e+00
7.301014593467666271e-03 1.629809999999999981e+00
7.321017373175796664e-03 -6.149769999999999959e-01
7.341020152883927924e-03 -1.291495000000000060e+00
7.361022932592058317e-03 -1.163731000000000071e+00
7.381025712300188710e-03 -1.253211000000000075e+00
7.401028492008319103e-03 -1.495371999999999924e+00
7.421031271716450363e-03 -2.071314000000000100e+00
7.441034051424580756e-03 -2.511251999999999818e+00
7.461036831132711149e-03 -2.015445999999999849e+00
7.481039610840841542e-03 -1.303758999999999890e+00
7.501042390548971935e-03 -1.281112999999999946e+00
7.521045170257103195e-03 -1.052383999999999986e+00
7.541047949965233588e-03 -4.323179999999999801e-01
7.561050729673363981e-03 -8.361790000000000056e-01
7.581053509381494374e-03 -1.437362000000000029e+00
7.601056289089625634e-03 -1.604252999999999929e+00
7.621059068797756027e-03 -2.437345000000000095e+00
7.641061848505886420e-03 -3.493714999999999904e+00
7.661064628214016813e-03 -2.839259000000000199e+00
7.681067407922147205e-03 -1.402387999999999968e+00
7.701070187630278466e-03 -4.323179999999999801e-01
7.721072967338408859e-03 -3.094859999999999833e-01
7.741075747046539252e-03 3.143300000000000261e-02
7.761078526754669644e-03 -1.922989999999999977e-01
7.781081306462800905e-03 -7.059490000000000487e-01
7.801084086170931298e-03 -4.255000000000000102e-03
7.821086865879062558e-03 8.578419999999999934e-01
7.841089645587192083e-03 -2.227959999999999940e-01
7.861092425295323344e-03 -1.555781999999999998e+00
7.881095205003452869e-03 -2.233274000000000203e+00
7.901097984711584130e-03 -3.052414999999999878e+00
7.921100764419715390e-03 -2.963907999999999987e+00
7.941103544127844915e-03 -2.543047000000000057e+00
7.961106323835976176e-03 -2.423589000000000215e+00
7.981109103544105701e-03 -1.690878000000000103e+00
8.001111883252236961e-03 -5.486619999999999830e-01
8.021114662960368222e-03 -1.365609999999999880e-01
8.041117442668497747e-03 -8.411750000000000060e-01
8.061120222376629008e-03 -1.391745999999999928e+00
8.081123002084760268e-03 -2.024401000000000117e+00
8.101125781792889793e-03 -2.441174000000000177e+00
8.121128561501021054e-03 -1.674461999999999895e+00
8.141131341209150579e-03 -3.630829999999999891e-01
8.161134120917281840e-03 4.196559999999999735e-01
8.181136900625413100e-03 8.187149999999999705e-01
8.201139680333542625e-03 2.358290000000000108e-01
8.221142460041673886e-03 -6.919990000000000308e-01
8.241145239749803411e-03 -1.359043000000000001e+00
8.261148019457934671e-03 -1.941604000000000108e+00
8.281150799166065932e-03 -2.551288000000000000e+00
8.301153578874195457e-03 -2.646412999999999904e+00
8.321156358582326718e-03 -2.146713999999999789e+00
8.341159138290457978e-03 -1.306159999999999988e+00
8.361161917998587503e-03 -3.876760000000000206e-01
8.381164697706718764e-03 -3.170780000000000265e-01
8.401167477414848289e-03 -1.466301999999999994e+00
8.421170257122979549e-03 -2.707278000000000073e+00
8.441173036831110810e-03 -2.754710000000000214e+00
8.461175816539240335e-03 -1.890017999999999976e+00
8.481178596247371596e-03 -1.263787999999999911e+00
8.501181375955501121e-03 -6.764900000000000357e-01
8.521184155663632381e-03 -2.695150000000000046e-01
8.541186935371763642e-03 -3.447850000000000081e-01
8.561189715079893167e-03 -2.357090000000000019e-01
8.581192494788024427e-03 -3.607469999999999843e-01
8.601195274496155688e-03 -1.230631000000000030e+00
8.621198054204285213e-03 -1.913313000000000041e+00
8.641200833912416474e-03 -2.156447000000000003e+00
8.661203613620545999e-03 -1.823833000000000037e+00
8.681206393328677259e-03 -6.023889999999999523e-01
8.701209173036808520e-03 4.440540000000000043e-01
8.721211952744938045e-03 2.761239999999999806e-01
8.741214732453069305e-03 -6.962159999999999460e-01
8.761217512161198831e-03 -1.767316000000000109e+00
8.781220291869330091e-03 -2.341181999999999874e+00
8.801223071577461352e-03 -2.789359999999999840e+00
8.821225851285590877e-03 -2.735243999999999787e+00
8.841228630993722137e-03 -2.452983000000000136e+00
8.861231410701853398e-03 -2.113685999999999954e+00
8.881234190409982923e-03 -9.775690000000000213e-01
8.901236970118114183e-03 4.699439999999999729e-01
8.921239749826243709e-03 4.094039999999999901e-01
8.941242529534374969e-03 -5.250430000000000375e-01
8.961245309242506230e-03 -1.242310000000000025e+00
8.981248088950635755e-03 -1.670309000000000044e+00
9.001250868658767015e-03 -1.314011000000000040e+00
9.021253648366896541e-03 -3.205819999999999781e-01
9.041256428075027801e-03 -6.859999999999999779e-04
9.061259207783159061e-03 -6.004420000000000313e-01
9.081261987491288587e-03 -1.233549999999999924e+00
9.101264767199419847e-03 -1.869318999999999953e+00
9.121267546907551108e-03 -2.562838000000000171e+00
9.141270326615680633e-03 -2.551741999999999955e+00
9.161273106323811893e-03 -2.234246999999999872e+00
9.181275886031941419e-03 -1.874055999999999944e+00
9.201278665740072679e-03 -1.048102000000000089e+00
9.221281445448203939e-03 -1.717950000000000033e-01
9.241284225156333465e-03 -4.150000000000000216e-02
9.261287004864464725e-03 -5.128439999999999666e-01
9.281289784572594251e-03 -1.469157000000000046e+00
9.301292564280725511e-03 -2.255205999999999822e+00
9.321295343988856771e-03 -1.955165000000000042e+00
9.341298123696986297e-03 -1.144849000000000006e+00
9.361300903405117557e-03 -5.678689999999999571e-01
9.381303683113248817e-03 -4.526930000000000121e-01
9.401306462821378343e-03 -5.256920000000000481e-01
9.421309242529509603e-03 -6.921929999999999472e-01
9.441312022237639129e-03 -1.053941999999999934e+00
9.461314801945770389e-03 -1.536964999999999915e+00
9.481317581653901649e-03 -1.950169000000000041e+00
9.501320361362031175e-03 -2.173122999999999916e+00
9.521323141070162435e-03 -1.793660000000000032e+00
9.541325920778291961e-03 -1.072305000000000064e+00
9.561328700486423221e-03 -6.966700000000000115e-01
9.581331480194554481e-03 -8.182700000000000529e-01
9.601334259902684007e-03 -1.142708000000000057e+00
9.621337039610815267e-03 -1.303174999999999972e+00
9.641339819318946527e-03 -1.460722000000000076e+00
9.661342599027076053e-03 -1.311609999999999943e+00
9.681345378735207313e-03 -9.346130000000000271e-01
9.701348158443336839e-03 -9.506409999999999583e-01
9.721350938151468099e-03 -1.186118000000000006e+00
9.741353717859599359e-03 -1.411278000000000032e+00
9.761356497567728885e-03 -1.299021999999999899e+00
9.781359277275860145e-03 -7.421569999999999556e-01
9.801362056983989671e-03 -3.307039999999999980e-01
9.821364836692120931e-03 -5.999229999999999841e-01
9.841367616400252191e-03 -1.130444000000000004e+00
9.861370396108381717e-03 -1.533266000000000018e+00
9.881373175816512977e-03 -2.204269000000000034e+00
9.901375955524644237e-03 -2.638627000000000056e+00
9.921378735232773763e-03 -2.340078999999999798e+00
9.941381514940905023e-03 -1.589199000000000028e+00
9.961384294649034549e-03 -6.172480000000000189e-01
9.981387074357165809e-03 4.829209999999999892e-01
1.000138985406529707e-02 1.025900999999999952e+00
1.002139263377342659e-02 3.173929999999999807e-01
1.004139541348155786e-02 -9.643319999999999670e-01
1.006139819318968738e-02 -2.088573999999999931e+00
1.008140097289781864e-02 -2.732388999999999957e+00
1.010140375260594990e-02 -2.592686000000000046e+00
1.012140653231407943e-02 -1.561557000000000084e+00
1.014140931202221069e-02 -5.057709999999999706e-01
1.016141209173034195e-02 -1.344190000000000107e-01
1.018141487143847147e-02 -3.137039999999999829e-01
1.020141765114660273e-02 -7.742759999999999643e-01
1.022142043085473226e-02 -1.197861999999999982e+00
1.024142321056286352e-02 -1.470844000000000040e+00
1.026142599027099478e-02 -1.829997000000000096e+00
1.028142876997912430e-02 -1.950299000000000005e+00
1.030143154968725556e-02 -1.464420999999999973e+00
1.032143432939538509e-02 -7.574049999999999949e-01
1.034143710910351635e-02 -3.944239999999999968e-01
1.036143988881164761e-02 -7.422220000000000484e-01
1.038144266851977714e-02 -1.517562999999999995e+00
1.040144544822790840e-02 -1.894625000000000004e+00
1.042144822793603966e-02 -1.635529000000000011e+00
1.044145100764416918e-02 -9.213109999999999911e-01
1.046145378735230044e-02 -2.306479999999999919e-01
1.048145656706042997e-02 1.974000000000000060e-03
1.050145934676856123e-02 -3.275899999999999923e-01
1.052146212647669249e-02 -8.397480000000000500e-01
1.054146490618482201e-02 -1.502380000000000049e+00
1.056146768589295327e-02 -2.041790000000000216e+00
1.058147046560108280e-02 -2.273439000000000210e+00
1.060147324530921406e-02 -2.212184999999999846e+00
1.062147602501734532e-02 -1.596271999999999913e+00
1.064147880472547485e-02 -6.012859999999999872e-01
1.066148158443360611e-02 1.744459999999999900e-01
1.068148436414173737e-02 1.651019999999999988e-01
1.070148714384986689e-02 -6.840169999999999861e-01
1.072148992355799815e-02 -1.717416999999999971e+00
1.074149270326612768e-02 -2.158587999999999951e+00
1.076149548297425894e-02 -1.836290999999999896e+00
1.078149826268239020e-02 -1.308496000000000103e+00
1.080150104239051972e-02 -1.251395000000000035e+00
1.082150382209865098e-02 -1.241597000000000062e+00
1.084150660180678051e-02 -1.004237999999999964e+00
1.086150938151491177e-02 -7.890049999999999564e-01
1.088151216122304303e-02 -7.178889999999999993e-01
1.090151494093117256e-02 -1.088721000000000050e+00
1.092151772063930382e-02 -1.495176999999999978e+00
1.094152050034743508e-02 -1.383245999999999976e+00
1.096152328005556460e-02 -7.900439999999999685e-01
1.098152605976369586e-02 -2.722410000000000108e-01
1.100152883947182539e-02 -2.222119999999999929e-01
1.102153161917995665e-02 -6.126409999999999911e-01
1.104153439888808791e-02 -1.345545999999999909e+00
1.106153717859621743e-02 -1.924668000000000045e+00
1.108153995830434869e-02 -2.228018000000000054e+00
1.110154273801247822e-02 -2.269740999999999786e+00
1.112154551772060948e-02 -2.211276999999999937e+00
1.114154829742874074e-02 -1.953932999999999920e+00
1.116155107713687027e-02 -1.235108000000000095e+00
1.118155385684500153e-02 -3.423840000000000217e-01
1.120155663655313279e-02 3.144730000000000025e-01
1.122155941626126231e-02 3.463979999999999837e-01
1.124156219596939357e-02 -4.565210000000000101e-01
1.126156497567752310e-02 -1.525803999999999938e+00
1.128156775538565436e-02 -1.983197000000000099e+00
1.130157053509378562e-02 -1.907991999999999910e+00
1.132157331480191514e-02 -1.711187999999999931e+00
1.134157609451004640e-02 -1.511528999999999900e+00
1.136157887421817593e-02 -1.267227000000000103e+00
1.138158165392630719e-02 -7.843980000000000397e-01
1.140158443363443845e-02 -3.486130000000000062e-01
1.142158721334256798e-02 -3.513390000000000124e-01
1.144158999305069924e-02 -8.766690000000000316e-01
1.146159277275883050e-02 -1.559415999999999913e+00
1.148159555246696002e-02 -1.918698999999999932e+00
1.150159833217509128e-02 -1.900530000000000053e+00
1.152160111188322081e-02 -1.743371999999999922e+00
1.154160389159135207e-02 -1.530670999999999893e+00
1.156160667129948333e-02 -1.369490000000000096e+00
1.158160945100761285e-02 -1.195461000000000107e+00
1.160161223071574411e-02 -1.043754000000000071e+00
1.162161501042387364e-02 -7.897189999999999488e-01
1.164161779013200490e-02 -5.406159999999999854e-01
1.166162056984013616e-02 -7.779749999999999721e-01
1.168162334954826569e-02 -1.280399000000000065e+00
1.170162612925639695e-02 -1.546113999999999988e+00
1.172162890896452821e-02 -1.342497000000000051e+00
1.174163168867265773e-02 -9.746489999999999876e-01
1.176163446838078899e-02 -7.125679999999999792e-01
1.178163724808891852e-02 -7.274270000000000458e-01
1.180164002779704978e-02 -1.073018999999999945e+00
1.182164280750518104e-02 -1.381623999999999963e+00
1.184164558721331056e-02 -1.470650000000000013e+00
1.186164836692144182e-02 -1.585501000000000049e+00
1.188165114662957135e-02 -1.833242000000000038e+00
1.190165392633770261e-02 -1.886384999999999978e+00
1.192165670604583387e-02 -1.527686000000000099e+00
1.194165948575396340e-02 -9.539499999999999647e-01
1.196166226546209466e-02 -5.253020000000000467e-01
1.198166504517022592e-02 -5.992089999999999916e-01
1.200166782487835544e-02 -1.025779999999999914e+00
1.202167060458648670e-02 -1.453583999999999987e+00
1.204167338429461623e-02 -1.647467999999999932e+00
1.206167616400274749e-02 -1.601852000000000054e+00
1.208167894371087875e-02 -1.120257000000000058e+00
1.210168172341900827e-02 -6.626039999999999708e-01
1.212168450312713953e-02 -6.439169999999999616e-01
1.214168728283526906e-02 -8.280030000000000445e-01
1.216169006254340032e-02 -1.066853999999999969e+00
1.218169284225153158e-02 -1.368322000000000038e+00
1.220169562195966111e-02 -1.708398000000000083e+00
1.222169840166779237e-02 -1.807222000000000106e+00
1.224170118137592363e-02 -1.563050000000000050e+00
1.226170396108405315e-02 -9.771149999999999558e-01
1.228170674079218441e-02 -3.928019999999999845e-01
1.230170952050031394e-02 -2.292849999999999888e-01
1.232171230020844520e-02 -6.884949999999999681e-01
1.234171507991657646e-02 -1.583294999999999897e+00
1.236171785962470598e-02 -2.233403000000000027e+00
1.238172063933283724e-02 -2.279148999999999869e+00
1.240172341904096677e-02 -1.738960000000000061e+00
1.242172619874909803e-02 -9.483049999999999535e-01
1.244172897845722929e-02 -3.342080000000000051e-01
1.246173175816535882e-02 -9.710900000000000087e-02
1.248173453787349008e-02 -2.699699999999999878e-01
1.250173731758162134e-02 -8.803020000000000289e-01
1.252174009728975086e-02 -1.691915999999999976e+00
1.254174287699788212e-02 -2.231587000000000209e+00
1.256174565670601165e-02 -2.363113999999999937e+00
1.258174843641414291e-02 -2.000910999999999884e+00
1.260175121612227417e-02 -1.192671000000000037e+00
1.262175399583040369e-02 -4.053899999999999726e-01
1.264175677553853495e-02 -8.633799999999999808e-02
1.266175955524666448e-02 -3.739839999999999831e-01
1.268176233495479574e-02 -1.047193000000000040e+00
1.270176511466292700e-02 -1.596986000000000017e+00
1.272176789437105653e-02 -1.707230000000000025e+00
1.274177067407918779e-02 -1.614505999999999997e+00
1.276177345378731905e-02 -1.368322000000000038e+00
1.278177623349544857e-02 -1.218431999999999960e+00
1.280177901320357983e-02 -1.098324999999999996e+00
1.282178179291170936e-02 -1.073538000000000103e+00
1.284178457261984062e-02 -1.107213999999999920e+00
1.286178735232797188e-02 -1.206167999999999907e+00
1.288179013203610140e-02 -1.506856999999999891e+00
1.290179291174423266e-02 -1.549552999999999958e+00
1.292179569145236219e-02 -1.349115000000000064e+00
1.294179847116049345e-02 -8.947070000000000300e-01
1.296180125086862471e-02 -6.364549999999999930e-01
1.298180403057675424e-02 -6.788910000000000222e-01
1.300180681028488550e-02 -1.004431999999999992e+00
1.302180958999301676e-02 -1.249643000000000059e+00
1.304181236970114628e-02 -1.419064000000000103e+00
1.306181514940927754e-02 -1.420685999999999893e+00
1.308181792911740707e-02 -1.396937000000000095e+00
1.310182070882553833e-02 -1.428342999999999918e+00
1.312182348853366959e-02 -1.471818000000000071e+00
1.314182626824179911e-02 -1.343210000000000015e+00
1.316182904794993037e-02 -1.057509999999999950e+00
1.318183182765805990e-02 -8.261209999999999942e-01
1.320183460736619116e-02 -7.896539999999999671e-01
1.322183738707432242e-02 -9.338349999999999707e-01
1.324184016678245195e-02 -1.195136999999999894e+00
1.326184294649058321e-02 -1.239845000000000086e+00
1.328184572619871447e-02 -1.314076000000000022e+00
1.330184850590684399e-02 -1.475840999999999958e+00
1.332185128561497525e-02 -1.647532999999999914e+00
1.334185406532310478e-02 -1.658693999999999891e+00
1.336185684503123604e-02 -1.404919000000000029e+00
1.338185962473936730e-02 -1.080286000000000080e+00
1.340186240444749682e-02 -8.453929999999999501e-01
1.342186518415562808e-02 -8.880890000000000173e-01
1.344186796386375761e-02 -1.108122999999999969e+00
1.346187074357188887e-02 -1.242634999999999934e+00
1.348187352328002013e-02 -1.206687000000000065e+00
1.350187630298814966e-02 -1.090991999999999962e+00
1.352187908269628092e-02 -1.021173000000000108e+00
1.354188186240441218e-02 -1.011959000000000053e+00
1.356188464211254170e-02 -1.067892000000000063e+00
1.358188742182067296e-02 -1.192606000000000055e+00
1.360189020152880249e-02 -1.349050000000000082e+00
1.362189298123693375e-02 -1.543519000000000085e+00
1.364189576094506501e-02 -1.605874999999999941e+00
1.366189854065319453e-02 -1.521651000000000087e+00
1.368190132036132579e-02 -1.292338999999999904e+00
1.370190410006945532e-02 -9.315639999999999477e-01
1.372190687977758658e-02 -7.111399999999999944e-01
1.374190965948571784e-02 -7.100370000000000292e-01
1.376191243919384737e-02 -1.066659999999999942e+00
1.378191521890197863e-02 -1.582516000000000034e+00
1.380191799861010989e-02 -1.782694000000000001e+00
1.382192077831823941e-02 -1.703076999999999952e+00
1.384192355802637067e-02 -1.534045000000000103e+00
1.386192633773450020e-02 -1.301358000000000015e+00
1.388192911744263146e-02 -8.941879999999999828e-01
1.390193189715076272e-02 -6.225039999999999463e-01
1.392193467685889224e-02 -5.678689999999999571e-01
1.394193745656702350e-02 -8.581109999999999571e-01
1.396194023627515303e-02 -1.369035999999999920e+00
1.398194301598328429e-02 -1.828764000000000056e+00
1.400194579569141555e-02 -1.907796999999999965e+00
1.402194857539954508e-02 -1.618398999999999921e+00
1.404195135510767634e-02 -1.146017000000000063e+00
1.406195413481580760e-02 -7.479970000000000230e-01
1.408195691452393712e-02 -6.210759999999999614e-01
1.410195969423206838e-02 -6.646159999999999846e-01
1.412196247394019791e-02 -9.222850000000000215e-01
1.414196525364832917e-02 -1.443980999999999959e+00
1.416196803335646043e-02 -1.880934000000000106e+00
1.418197081306458995e-02 -1.960680999999999896e+00
1.420197359277272121e-02 -1.786847000000000074e+00
1.422197637248085074e-02 -1.379483000000000015e+00
1.424197915218898200e-02 -7.748599999999999932e-01
1.426198193189711326e-02 -4.097370000000000179e-01
1.428198471160524279e-02 -4.787779999999999814e-01
1.430198749131337405e-02 -8.953560000000000407e-01
1.432199027102150531e-02 -1.355604000000000031e+00
1.434199305072963483e-02 -1.598413000000000084e+00
1.436199583043776609e-02 -1.594908999999999910e+00
1.438199861014589562e-02 -1.398300000000000098e+00
1.440200138985402688e-02 -1.195526000000000089e+00
1.442200416956215814e-02 -9.910010000000000208e-01
1.444200694927028766e-02 -8.467550000000000354e-01
1.446200972897841892e-02 -8.758249999999999647e-01
1.448201250868654845e-02 -1.152246000000000103e+00
1.450201528839467971e-02 -1.467016000000000098e+00
1.452201806810281097e-02 -1.651621000000000006e+00
1.454202084781094050e-02 -1.588095999999999952e+00
1.456202362751907176e-02 -1.287341999999999986e+00
1.458202640722720302e-02 -9.948939999999999451e-01
1.460202918693533254e-02 -8.849089999999999456e-01
1.462203196664346380e-02 -9.838630000000000431e-01
1.464203474635159333e-02 -1.189491999999999994e+00
1.466203752605972459e-02 -1.361898000000000053e+00
1.468204030576785585e-02 -1.357420999999999989e+00
1.470204308547598537e-02 -1.228294999999999915e+00
1.472204586518411663e-02 -1.080545000000000089e+00
1.474204864489224616e-02 -9.800990000000000535e-01
1.476205142460037742e-02 -8.658320000000000460e-01
1.478205420430850868e-02 -8.366980000000000528e-01
1.480205698401663821e-02 -9.494080000000000297e-01
1.482205976372476947e-02 -1.107474000000000069e+00
1.484206254343290073e-02 -1.376044000000000045e+00
1.486206532314103025e-02 -1.538975999999999900e+00
1.488206810284916151e-02 -1.418285000000000018e+00
1.490207088255729104e-02 -1.151856999999999909e+00
1.492207366226542230e-02 -1.054330999999999907e+00
1.494207644197355356e-02 -1.128238000000000074e+00
1.496207922168168308e-02 -1.119672999999999918e+00
1.498208200138981434e-02 -1.152959999999999985e+00
1.500208478109794387e-02 -1.155230999999999897e+00
1.502208756080607513e-02 -1.013322000000000056e+00
1.504209034051420639e-02 -9.436980000000000368e-01
1.506209312022233592e-02 -9.794509999999999605e-01
1.508209589993046718e-02 -9.704960000000000253e-01
1.510209867963859844e-02 -1.044662999999999897e+00
1.512210145934672796e-02 -1.147119999999999918e+00
1.514210423905485922e-02 -1.139917999999999987e+00
1.516210701876298875e-02 -1.205778999999999934e+00
1.518210979847112001e-02 -1.299152000000000085e+00
1.520211257817925127e-02 -1.331660000000000066e+00
1.522211535788738079e-02 -1.301487999999999978e+00
1.524211813759551205e-02 -1.291365000000000096e+00
1.526212091730364158e-02 -1.217003999999999975e+00
1.528212369701177284e-02 -1.147445000000000048e+00
1.530212647671990410e-02 -1.042650999999999994e+00
1.532212925642803363e-02 -8.391640000000000210e-01
1.534213203613616489e-02 -6.534550000000000081e-01
1.536213481584429441e-02 -6.413860000000000117e-01
1.538213759555242567e-02 -9.055440000000000156e-01
1.540214037526055693e-02 -1.242180000000000062e+00
1.542214315496868646e-02 -1.457672000000000079e+00
1.544214593467681772e-02 -1.555717000000000017e+00
1.546214871438494898e-02 -1.493101000000000012e+00
1.548215149409307850e-02 -1.266318999999999972e+00
1.550215427380120976e-02 -9.831490000000000506e-01
1.552215705350933929e-02 -7.767420000000000435e-01
1.554215983321747055e-02 -7.287249999999999561e-01
1.556216261292560181e-02 -9.460979999999999945e-01
1.558216539263373134e-02 -1.258013000000000048e+00
1.560216817234186260e-02 -1.478436000000000083e+00
1.562217095204999212e-02 -1.572588000000000097e+00
1.564217373175812512e-02 -1.496410000000000018e+00
1.566217651146625464e-02 -1.214668000000000081e+00
1.568217929117438417e-02 -8.080819999999999670e-01
1.570218207088251369e-02 -6.564400000000000235e-01
1.572218485059064669e-02 -7.722639999999999505e-01
1.574218763029877621e-02 -1.117337000000000025e+00
1.576219041000690574e-02 -1.410952999999999902e+00
1.578219318971503873e-02 -1.512566999999999995e+00
1.580219596942316826e-02 -1.356057999999999986e+00
1.582219874913129778e-02 -1.189167000000000085e+00
1.584220152883943078e-02 -8.996389999999999665e-01
1.586220430854756031e-02 -6.573489999999999611e-01
1.588220708825568983e-02 -5.899299999999999544e-01
1.590220986796382283e-02 -7.776499999999999524e-01
1.592221264767195235e-02 -1.117402000000000006e+00
1.594221542738008188e-02 -1.560713999999999935e+00
1.596221820708821140e-02 -1.737403000000000031e+00
1.598222098679634440e-02 -1.580829000000000040e+00
1.600222376650447392e-02 -1.241921000000000053e+00
1.602222654621260345e-02 -9.429840000000000444e-01
1.604222932592073644e-02 -7.144500000000000295e-01
1.606223210562886597e-02 -6.321069999999999744e-01
1.608223488533699549e-02 -7.565619999999999568e-01
1.610223766504512849e-02 -1.005859999999999976e+00
1.612224044475325802e-02 -1.170479999999999965e+00
1.614224322446138754e-02 -1.244321999999999928e+00
1.616224600416952054e-02 -1.255417999999999923e+00
1.618224878387765006e-02 -1.194812999999999903e+00
1.620225156358577959e-02 -1.064194000000000084e+00
1.622225434329390911e-02 -9.246210000000000262e-01
1.624225712300204211e-02 -9.552479999999999860e-01
1.626225990271017163e-02 -1.117855999999999961e+00
1.628226268241830116e-02 -1.288445000000000062e+00
1.630226546212643415e-02 -1.325301999999999980e+00
1.632226824183456368e-02 -1.189621999999999957e+00
1.634227102154269320e-02 -9.969050000000000411e-01
1.636227380125082620e-02 -8.703750000000000098e-01
1.638227658095895573e-02 -8.804969999999999741e-01
1.640227936066708525e-02 -9.616710000000000536e-01
1.642228214037521825e-02 -1.092614999999999892e+00
1.644228492008334777e-02 -1.256456000000000017e+00
1.646228769979147730e-02 -1.407059999999999977e+00
1.648229047949960682e-02 -1.452091999999999938e+00
1.650229325920773982e-02 -1.375849000000000100e+00
1.652229603891586934e-02 -1.183391999999999999e+00
1.654229881862399887e-02 -9.538849999999999829e-01
1.656230159833213186e-02 -7.720700000000000340e-01
1.658230437804026139e-02 -7.734320000000000084e-01
1.660230715774839091e-02 -8.936039999999999539e-01
1.662230993745652391e-02 -1.095080000000000053e+00
1.664231271716465344e-02 -1.225699000000000094e+00
1.666231549687278296e-02 -1.244906000000000068e+00
1.668231827658091596e-02 -1.179110000000000102e+00
1.670232105628904548e-02 -1.093393000000000059e+00
1.672232383599717501e-02 -1.003069999999999906e+00
1.674232661570530453e-02 -9.038570000000000215e-01
1.676232939541343753e-02 -8.127539999999999765e-01
1.678233217512156705e-02 -8.504540000000000433e-01
1.680233495482969658e-02 -1.022601000000000093e+00
1.682233773453782957e-02 -1.206298000000000092e+00
1.684234051424595910e-02 -1.343793999999999933e+00
1.686234329395408862e-02 -1.398234999999999895e+00
1.688234607366222162e-02 -1.371112000000000108e+00
1.690234885337035114e-02 -1.312713000000000019e+00
1.692235163307848067e-02 -1.197861999999999982e+00
1.694235441278661367e-02 -1.054005999999999998e+00
1.696235719249474319e-02 -9.601140000000000230e-01
1.698235997220287272e-02 -9.268920000000000492e-01
1.700236275191100224e-02 -9.096319999999999961e-01
1.702236553161913524e-02 -9.552479999999999860e-01
1.704236831132726476e-02 -1.052383999999999986e+00
1.706237109103539429e-02 -1.141086000000000045e+00
1.708237387074352728e-02 -1.184625000000000039e+00
1.710237665045165681e-02 -1.129210999999999965e+00
1.712237943015978633e-02 -1.062572000000000072e+00
1.714238220986791933e-02 -1.050373000000000001e+00
1.716238498957604885e-02 -1.081973000000000074e+00
1.718238776928417838e-02 -1.148287999999999975e+00
1.720239054899231138e-02 -1.219209999999999905e+00
1.722239332870044090e-02 -1.300904000000000060e+00
1.724239610840857043e-02 -1.372279999999999944e+00
1.726239888811669995e-02 -1.311479999999999979e+00
1.728240166782483295e-02 -1.115520000000000067e+00
1.730240444753296247e-02 -8.734889999999999599e-01
1.732240722724109200e-02 -7.475420000000000398e-01
1.734241000694922499e-02 -8.132730000000000237e-01
1.736241278665735452e-02 -1.007222000000000062e+00
1.738241556636548404e-02 -1.220962000000000103e+00
1.740241834607361704e-02 -1.362546999999999953e+00
1.742242112578174656e-02 -1.435416000000000025e+00
1.744242390548987609e-02 -1.381688999999999945e+00
1.746242668519800909e-02 -1.181964999999999932e+00
1.748242946490613861e-02 -9.662779999999999703e-01
1.750243224461426814e-02 -8.030209999999999848e-01
1.752243502432239766e-02 -7.773910000000000542e-01
1.754243780403053066e-02 -9.762060000000000182e-01
1.756244058373866018e-02 -1.177551999999999932e+00
1.758244336344678971e-02 -1.368840999999999974e+00
1.760244614315492270e-02 -1.416144000000000069e+00
1.762244892286305223e-02 -1.325301999999999980e+00
1.764245170257118175e-02 -1.119542999999999955e+00
1.766245448227931475e-02 -9.969050000000000411e-01
1.768245726198744427e-02 -1.029284000000000088e+00
1.770246004169557380e-02 -1.139399000000000051e+00
1.772246282140370680e-02 -1.247241999999999962e+00
1.774246560111183632e-02 -1.276570999999999900e+00
1.776246838081996585e-02 -1.235042999999999891e+00
1.778247116052809537e-02 -1.147315000000000085e+00
1.780247394023622837e-02 -1.010661999999999949e+00
1.782247671994435789e-02 -8.931499999999999995e-01
1.784247949965248742e-02 -8.730350000000000055e-01
1.786248227936062041e-02 -9.667329999999999535e-01
1.788248505906874994e-02 -1.208828000000000014e+00
1.790248783877687946e-02 -1.452415999999999929e+00
1.792249061848501246e-02 -1.533979999999999899e+00
1.794249339819314198e-02 -1.423411999999999900e+00
1.796249617790127151e-02 -1.154193000000000024e+00
1.798249895760940451e-02 -9.102799999999999780e-01
1.800250173731753403e-02 -7.624020000000000241e-01
1.802250451702566356e-02 -8.193080000000000362e-01
1.804250729673379308e-02 -1.010467000000000004e+00
1.806251007644192608e-02 -1.194423000000000012e+00
1.808251285615005560e-02 -1.314076000000000022e+00
1.810251563585818513e-02 -1.319720999999999922e+00
1.812251841556631812e-02 -1.281892000000000031e+00
1.814252119527444765e-02 -1.209476999999999913e+00
1.816252397498257717e-02 -1.069255000000000067e+00
1.818252675469071017e-02 -9.712100000000000177e-01
1.820252953439883969e-02 -9.725080000000000391e-01
1.822253231410696922e-02 -1.124409999999999910e+00
1.824253509381510222e-02 -1.289419000000000093e+00
1.826253787352323174e-02 -1.389864999999999906e+00
1.828254065323136127e-02 -1.338343999999999978e+00
1.830254343293949079e-02 -1.183781999999999890e+00
1.832254621264762379e-02 -1.029090000000000060e+00
1.834254899235575331e-02 -9.980729999999999880e-01
1.836255177206388284e-02 -1.003589000000000064e+00
1.838255455177201583e-02 -1.052967999999999904e+00
1.840255733148014536e-02 -1.110524000000000067e+00
1.842256011118827488e-02 -1.177812000000000081e+00
1.844256289089640788e-02 -1.250291000000000041e+00
1.846256567060453740e-02 -1.294154999999999944e+00
1.848256845031266693e-02 -1.292793000000000081e+00
1.850257123002079993e-02 -1.188388999999999918e+00
1.852257400972892945e-02 -1.081712999999999925e+00
1.854257678943705898e-02 -9.758820000000000272e-01
1.856257956914518850e-02 -9.725730000000000208e-01
1.858258234885332150e-02 -1.024936999999999987e+00
1.860258512856145102e-02 -1.080740000000000034e+00
1.862258790826958055e-02 -1.149521000000000015e+00
1.864259068797771354e-02 -1.232188000000000061e+00
1.866259346768584307e-02 -1.285460999999999965e+00
1.868259624739397259e-02 -1.294999000000000011e+00
1.870259902710210559e-02 -1.251459000000000099e+00
1.872260180681023511e-02 -1.153543999999999903e+00
1.874260458651836464e-02 -1.042391999999999985e+00
1.876260736622649763e-02 -9.693279999999999674e-01
1.878261014593462716e-02 -9.943100000000000271e-01
1.880261292564275669e-02 -1.066270000000000051e+00
1.882261570535088621e-02 -1.151272999999999991e+00
1.884261848505901921e-02 -1.225959000000000021e+00
1.886262126476714873e-02 -1.226283000000000012e+00
1.888262404447527826e-02 -1.200782000000000016e+00
1.890262682418341125e-02 -1.111431999999999976e+00
1.892262960389154078e-02 -1.025131000000000014e+00
1.894263238359967030e-02 -9.978139999999999787e-01
1.896263516330780330e-02 -9.955429999999999557e-01
1.898263794301593282e-02 -1.070812000000000097e+00
1.900264072272406235e-02 -1.185858000000000079e+00
1.902264350243219534e-02 -1.269109000000000043e+00
1.904264628214032487e-02 -1.245295000000000041e+00
1.906264906184845440e-02 -1.175022000000000011e+00
1.908265184155658392e-02 -1.090667999999999971e+00
1.910265462126471692e-02 -1.049334999999999907e+00
1.912265740097284644e-02 -1.051995000000000013e+00
1.914266018068097597e-02 -1.124538999999999955e+00
1.916266296038910896e-02 -1.219600000000000017e+00
1.918266574009723849e-02 -1.292923000000000044e+00
1.920266851980536801e-02 -1.319331999999999949e+00
1.922267129951350101e-02 -1.259246000000000087e+00
1.924267407922163053e-02 -1.113507999999999942e+00
1.926267685892976006e-02 -9.257889999999999731e-01
1.928267963863789305e-02 -8.165829999999999478e-01
1.930268241834602258e-02 -8.489619999999999944e-01
1.932268519805415211e-02 -9.959320000000000395e-01
1.934268797776228163e-02 -1.129275999999999947e+00
1.936269075747041463e-02 -1.228099999999999969e+00
1.938269353717854415e-02 -1.261128000000000027e+00
1.940269631688667368e-02 -1.247176999999999980e+00
1.942269909659480667e-02 -1.192412000000000027e+00
1.944270187630293620e-02 -1.136608000000000063e+00
1.946270465601106572e-02 -1.104359000000000091e+00
1.948270743571919872e-02 -1.098713999999999968e+00
1.950271021542732824e-02 -1.185014999999999930e+00
1.952271299513545777e-02 -1.294545000000000057e+00
1.954271577484359076e-02 -1.349828999999999946e+00
1.956271855455172029e-02 -1.319396999999999931e+00
1.958272133425984982e-02 -1.206622000000000083e+00
1.960272411396797934e-02 -1.076586999999999961e+00
1.962272689367611234e-02 -9.997599999999999820e-01
1.964272967338424186e-02 -1.016046999999999922e+00
1.966273245309237139e-02 -1.109680000000000000e+00
1.968273523280050438e-02 -1.256065999999999905e+00
1.970273801250863391e-02 -1.280918000000000001e+00
1.972274079221676343e-02 -1.221222000000000030e+00
1.974274357192489643e-02 -1.102802000000000060e+00
1.976274635163302595e-02 -9.822410000000000307e-01
1.978274913134115548e-02 -8.858179999999999943e-01
1.980275191104928847e-02 -8.433810000000000473e-01
1.982275469075741800e-02 -9.130059999999999842e-01
1.984275747046554753e-02 -1.096832000000000029e+00
1.986276025017367705e-02 -1.353657000000000110e+00
1.988276302988181005e-02 -1.504974999999999952e+00
1.990276580958993957e-02 -1.546632999999999925e+00
1.992276858929806910e-02 -1.411278000000000032e+00
1.994277136900620209e-02 -1.209737000000000062e+00
1.996277414871433162e-02 -1.032982999999999985e+00
1.998277692842246114e-02 -9.453850000000000309e-01
2.000277970813059414e-02 -9.251399999999999624e-01
2.002278248783872366e-02 -9.640069999999999473e-01
2.004278526754685319e-02 -1.036810999999999927e+00
2.006278804725498618e-02 -1.102997000000000005e+00
2.008279082696311571e-02 -1.126355999999999913e+00
2.010279360667124524e-02 -1.150559000000000109e+00
2.012279638637937476e-02 -1.115974000000000022e+00
2.014279916608750776e-02 -1.098648999999999987e+00
2.016280194579563728e-02 -1.093782999999999950e+00
2.018280472550376681e-02 -1.149909999999999988e+00
2.020280750521189980e-02 -1.175086999999999993e+00
2.022281028492002933e-02 -1.225375000000000103e+00
2.024281306462815885e-02 -1.190465000000000106e+00
2.026281584433629185e-02 -1.126290999999999931e+00
2.028281862404442137e-02 -1.084373999999999949e+00
2.030282140375255090e-02 -1.059196999999999944e+00
2.032282418346068389e-02 -1.068411999999999917e+00
2.034282696316881342e-02 -1.084373999999999949e+00
2.036282974287694295e-02 -1.120451000000000086e+00
2.038283252258507247e-02 -1.120840999999999976e+00
2.040283530229320547e-02 -1.149326000000000070e+00
2.042283808200133499e-02 -1.174957000000000029e+00
2.044284086170946452e-02 -1.173788999999999971e+00
2.046284364141759751e-02 -1.135699999999999932e+00
2.048284642112572704e-02 -1.107539000000000051e+00
2.050284920083385656e-02 -1.084893000000000107e+00
2.052285198054198956e-02 -1.066788999999999987e+00
2.054285476025011908e-02 -1.057900000000000063e+00
2.056285753995824861e-02 -1.031036000000000064e+00
2.058286031966638160e-02 -1.062896000000000063e+00
2.060286309937451113e-02 -1.116946999999999912e+00
2.062286587908264066e-02 -1.183456999999999981e+00
2.064286865879077018e-02 -1.266772999999999927e+00
2.066287143849890318e-02 -1.300708999999999893e+00
2.068287421820703270e-02 -1.244776000000000105e+00
2.070287699791516223e-02 -1.166976000000000013e+00
2.072287977762329522e-02 -1.124344999999999928e+00
2.074288255733142475e-02 -1.062507000000000090e+00
2.076288533703955427e-02 -1.059457000000000093e+00
2.078288811674768727e-02 -1.066400000000000015e+00
2.080289089645581679e-02 -1.113637999999999906e+00
2.082289367616394632e-02 -1.146730999999999945e+00
2.084289645587207931e-02 -1.195980999999999961e+00
2.086289923558020884e-02 -1.159254000000000007e+00
2.088290201528833837e-02 -1.104619000000000018e+00
2.090290479499646789e-02 -1.079831999999999903e+00
2.092290757470460089e-02 -1.095728999999999953e+00
2.094291035441273041e-02 -1.186960999999999933e+00
2.096291313412085994e-02 -1.264826000000000006e+00
2.098291591382899293e-02 -1.278062999999999949e+00
2.100291869353712246e-02 -1.205130000000000035e+00
2.102292147324525198e-02 -1.081129000000000007e+00
2.104292425295338498e-02 -9.591410000000000213e-01
2.106292703266151450e-02 -9.187809999999999588e-01
2.108292981236964403e-02 -9.669269999999999810e-01
2.110293259207777702e-02 -1.069125000000000103e+00
2.112293537178590655e-02 -1.204285999999999968e+00
2.114293815149403608e-02 -1.335877999999999899e+00
2.116294093120216560e-02 -1.395510000000000028e+00
2.118294371091029860e-02 -1.367933000000000066e+00
2.120294649061842812e-02 -1.234458999999999973e+00
2.122294927032655765e-02 -1.030127999999999933e+00
2.124295205003469064e-02 -8.845199999999999729e-01
2.126295482974282017e-02 -8.662870000000000292e-01
2.128295760945094969e-02 -9.545339999999999936e-01
2.130296038915908269e-02 -1.080999999999999961e+00
2.132296316886721221e-02 -1.207076000000000038e+00
2.134296594857534174e-02 -1.246528000000000080e+00
2.136296872828347473e-02 -1.210839999999999916e+00
2.138297150799160426e-02 -1.162952999999999903e+00
2.140297428769973379e-02 -1.109291000000000027e+00
2.142297706740786331e-02 -1.076847000000000110e+00
2.144297984711599631e-02 -1.106176000000000048e+00
2.146298262682412583e-02 -1.154972000000000110e+00
2.148298540653225536e-02 -1.205778999999999934e+00
2.150298818624038835e-02 -1.257493999999999890e+00
2.152299096594851788e-02 -1.251848999999999990e+00
2.154299374565664740e-02 -1.178590999999999944e+00
2.156299652536478040e-02 -1.056796999999999986e+00
2.158299930507290992e-02 -9.509649999999999492e-01
2.160300208478103945e-02 -9.451249999999999929e-01
2.162300486448917244e-02 -9.985279999999999712e-01
2.164300764419730197e-02 -1.102606999999999893e+00
2.166301042390543150e-02 -1.197084000000000037e+00
2.168301320361356102e-02 -1.190269999999999939e+00
2.170301598332169402e-02 -1.183132999999999990e+00
2.172301876302982354e-02 -1.111626999999999921e+00
2.174302154273795307e-02 -1.057965000000000044e+00
2.176302432244608606e-02 -1.023703999999999947e+00
2.178302710215421559e-02 -9.793859999999999788e-01
2.180302988186234511e-02 -9.936610000000000165e-01
2.182303266157047811e-02 -1.040121000000000073e+00
2.184303544127860763e-02 -1.113703000000000110e+00
2.186303822098673716e-02 -1.177616999999999914e+00
2.188304100069487015e-02 -1.212850999999999901e+00
2.190304378040299968e-02 -1.207270999999999983e+00
2.192304656011112921e-02 -1.160292000000000101e+00
2.194304933981925873e-02 -1.124085000000000001e+00
2.196305211952739173e-02 -1.099947000000000008e+00
2.198305489923552125e-02 -1.081453999999999915e+00
2.200305767894365078e-02 -1.064387999999999890e+00
2.202306045865178377e-02 -1.050243000000000038e+00
2.204306323835991330e-02 -1.026170000000000027e+00
2.206306601806804282e-02 -1.027727000000000057e+00
2.208306879777617582e-02 -1.046739000000000086e+00
2.210307157748430534e-02 -1.060754999999999892e+00
2.212307435719243487e-02 -1.107669000000000015e+00
2.214307713690056786e-02 -1.129016999999999937e+00
2.216307991660869739e-02 -1.144784000000000024e+00
2.218308269631682692e-02 -1.153804000000000052e+00
2.220308547602495644e-02 -1.173788999999999971e+00
2.222308825573308944e-02 -1.159448999999999952e+00
2.224309103544121896e-02 -1.135375999999999941e+00
2.226309381514934849e-02 -1.097545999999999911e+00
2.228309659485748148e-02 -1.076133000000000006e+00
2.230309937456561101e-02 -1.048361000000000098e+00
2.232310215427374053e-02 -1.084503999999999913e+00
2.234310493398187353e-02 -1.100919999999999899e+00
2.236310771369000305e-02 -1.132195999999999980e+00
2.238311049339813258e-02 -1.139399000000000051e+00
2.240311327310626557e-02 -1.159383999999999970e+00
2.242311605281439510e-02 -1.149715999999999960e+00
2.244311883252252462e-02 -1.127912999999999943e+00
2.246312161223065415e-02 -1.085671999999999970e+00
2.248312439193878715e-02 -1.022146999999999917e+00
2.250312717164691667e-02 -9.836030000000000051e-01
2.252312995135504620e-02 -9.923629999999999951e-01
2.254313273106317919e-02 -1.016437000000000035e+00
2.256313551077130872e-02 -1.067763000000000018e+00
2.258313829047943824e-02 -1.148871999999999893e+00
2.260314107018757124e-02 -1.200782000000000016e+00
2.262314384989570076e-02 -1.232966000000000006e+00
2.264314662960383029e-02 -1.188064000000000009e+00
2.266314940931196328e-02 -1.142512999999999890e+00
2.268315218902009281e-02 -1.096247999999999889e+00
2.270315496872822233e-02 -1.076781999999999906e+00
2.272315774843635186e-02 -1.084762999999999922e+00
2.274316052814448486e-02 -1.100141999999999953e+00
2.276316330785261438e-02 -1.132195999999999980e+00
2.278316608756074391e-02 -1.156917999999999891e+00
2.280316886726887690e-02 -1.159254000000000007e+00
2.282317164697700643e-02 -1.103320999999999996e+00
2.284317442668513595e-02 -1.030971000000000082e+00
2.286317720639326895e-02 -9.921039999999999859e-01
2.288317998610139847e-02 -9.780879999999999574e-01
2.290318276580952800e-02 -1.065296999999999938e+00
2.292318554551766099e-02 -1.155491000000000046e+00
2.294318832522579052e-02 -1.249578000000000078e+00
2.296319110493392004e-02 -1.240038999999999891e+00
2.298319388464204957e-02 -1.161200999999999928e+00
2.300319666435018257e-02 -1.077236000000000082e+00
2.302319944405831209e-02 -9.927529999999999966e-01
2.304320222376644162e-02 -9.653049999999999686e-01
2.306320500347457461e-02 -1.003978000000000037e+00
2.308320778318270414e-02 -1.068866000000000094e+00
2.310321056289083366e-02 -1.173788999999999971e+00
2.312321334259896666e-02 -1.254313999999999929e+00
2.314321612230709618e-02 -1.296815999999999969e+00
2.316321890201522571e-02 -1.282669999999999977e+00
2.318322168172335870e-02 -1.159513999999999934e+00
2.320322446143148823e-02 -1.051280999999999910e+00
2.322322724113961775e-02 -1.006183999999999967e+00
2.324323002084774728e-02 -1.031555000000000000e+00
2.326323280055588028e-02 -1.088786000000000032e+00
2.328323558026400980e-02 -1.139593000000000078e+00
2.330323835997213933e-02 -1.146017000000000063e+00
2.332324113968027232e-02 -1.120646000000000031e+00
2.334324391938840185e-02 -1.076781999999999906e+00
2.336324669909653137e-02 -1.046219999999999928e+00
2.338324947880466437e-02 -1.042845999999999940e+00
2.340325225851279389e-02 -1.058224000000000053e+00
2.342325503822092342e-02 -1.090991999999999962e+00
2.344325781792905641e-02 -1.146147000000000027e+00
2.346326059763718594e-02 -1.183651999999999926e+00
2.348326337734531546e-02 -1.206037999999999943e+00
2.350326615705344499e-02 -1.153413999999999939e+00
2.352326893676157799e-02 -1.079897000000000107e+00
2.354327171646970751e-02 -1.037201000000000040e+00
2.356327449617783704e-02 -1.023185000000000011e+00
2.358327727588597003e-02 -1.064778000000000002e+00
2.360328005559409956e-02 -1.116557999999999939e+00
2.362328283530222908e-02 -1.159513999999999934e+00
2.364328561501036208e-02 -1.173659000000000008e+00
2.366328839471849160e-02 -1.148482999999999921e+00
2.368329117442662113e-02 -1.103839999999999932e+00
2.370329395413475412e-02 -1.071979999999999933e+00
2.372329673384288365e-02 -1.046219999999999928e+00
2.374329951355101317e-02 -1.047063000000000077e+00
2.376330229325914270e-02 -1.042715999999999976e+00
2.378330507296727570e-02 -1.050632000000000010e+00
2.380330785267540522e-02 -1.086125999999999925e+00
2.382331063238353475e-02 -1.088462000000000041e+00
2.384331341209166774e-02 -1.099493000000000054e+00
2.386331619179979727e-02 -1.097480999999999929e+00
2.388331897150792679e-02 -1.103774999999999951e+00
2.390332175121605979e-02 -1.110718000000000094e+00
2.392332453092418931e-02 -1.112470000000000070e+00
2.394332731063231884e-02 -1.136088999999999904e+00
2.396333009034045183e-02 -1.140695999999999932e+00
2.398333287004858136e-02 -1.129405999999999910e+00
2.400333564975671088e-02 -1.119153999999999982e+00
2.402333842946484041e-02 -1.128497000000000083e+00
2.404334120917297341e-02 -1.074381000000000030e+00
2.406334398888110293e-02 -1.042586000000000013e+00
2.408334676858923246e-02 -1.103580999999999923e+00
2.410334954829736545e-02 -9.953480000000000105e-01
2.412335232800549498e-02 -1.076327999999999951e+00
2.414335510771362450e-02 -1.034151000000000042e+00
2.416335788742175750e-02 -1.042132000000000058e+00
2.418336066712988702e-02 -9.607630000000000337e-01
2.420336344683801655e-02 -1.066853999999999969e+00
2.422336622654614954e-02 -1.151532999999999918e+00
2.424336900625427907e-02 -1.044467999999999952e+00
2.426337178596240859e-02 -1.152895000000000003e+00
2.428337456567053812e-02 -8.934100000000000374e-01
2.430337734537867111e-02 -8.828329999999999789e-01
2.432338012508680064e-02 -1.116362999999999994e+00
2.434338290479493017e-02 -1.133234000000000075e+00
2.436338568450306316e-02 -1.158800000000000052e+00
2.438338846421119269e-02 -1.240493000000000068e+00
2.440339124391932221e-02 -1.181964999999999932e+00
2.442339402362745521e-02 -1.119542999999999955e+00
2.444339680333558473e-02 -1.078403999999999918e+00
2.446339958304371426e-02 -9.769849999999999923e-01
2.448340236275184725e-02 -9.747789999999999511e-01
2.450340514245997678e-02 -9.923629999999999951e-01
2.452340792216810630e-02 -9.455789999999999473e-01
2.454341070187623583e-02 -9.734159999999999480e-01
2.456341348158436882e-02 -1.053487000000000062e+00
2.458341626129249835e-02 -1.132714999999999916e+00
2.460341904100062788e-02 -1.179175000000000084e+00
2.462342182070876087e-02 -1.141539999999999999e+00
2.464342460041689040e-02 -1.040899000000000019e+00
2.466342738012501992e-02 -9.708849999999999980e-01
2.468343015983315292e-02 -9.897029999999999994e-01
2.470343293954128244e-02 -1.066788999999999987e+00
2.472343571924941197e-02 -1.118635000000000046e+00
2.474343849895754496e-02 -1.087099000000000038e+00
2.476344127866567449e-02 -1.063026000000000026e+00
2.478344405837380401e-02 -1.081584000000000101e+00
2.480344683808193354e-02 -1.091056999999999944e+00
2.482344961779006653e-02 -1.084827999999999903e+00
2.484345239749819606e-02 -1.054200999999999944e+00
2.486345517720632559e-02 -1.034734999999999960e+00
2.488345795691445858e-02 -1.097285999999999984e+00
2.490346073662258811e-02 -1.171583000000000041e+00
2.492346351633071763e-02 -1.190919000000000061e+00
2.494346629603885063e-02 -1.136867999999999990e+00
2.496346907574698015e-02 -1.020070000000000032e+00
2.498347185545510968e-02 -9.504460000000000131e-01
2.500347463516324267e-02 -9.680950000000000388e-01
2.502347741487137220e-02 -1.021368000000000054e+00
2.504348019457950172e-02 -1.042780999999999958e+00
2.506348297428763125e-02 -1.066335000000000033e+00
2.508348575399576424e-02 -1.106630000000000003e+00
2.510348853370389377e-02 -1.142838000000000021e+00
2.512349131341202330e-02 -1.180601999999999929e+00
2.514349409312015629e-02 -1.147834000000000021e+00
2.516349687282828582e-02 -1.076651999999999942e+00
2.518349965253641534e-02 -1.028310999999999975e+00
2.520350243224454834e-02 -1.047258000000000022e+00
2.522350521195267786e-02 -1.093134000000000050e+00
2.524350799166080739e-02 -1.123955000000000037e+00
2.526351077136894038e-02 -1.121879000000000071e+00
2.528351355107706991e-02 -1.082362000000000046e+00
2.530351633078519943e-02 -1.030257999999999896e+00
2.532351911049332896e-02 -1.026882999999999990e+00
2.534352189020146195e-02 -1.039925999999999906e+00
2.536352466990959148e-02 -1.047193000000000040e+00
2.538352744961772101e-02 -1.056732000000000005e+00
2.540353022932585400e-02 -1.077171000000000101e+00
2.542353300903398353e-02 -1.123305999999999916e+00
2.544353578874211305e-02 -1.139917999999999987e+00
2.546353856845024605e-02 -1.110652999999999890e+00
2.548354134815837557e-02 -1.045571000000000028e+00
2.550354412786650510e-02 -9.837329999999999686e-01
2.552354690757463809e-02 -9.667980000000000462e-01
2.554354968728276762e-02 -1.010985999999999940e+00
2.556355246699089714e-02 -1.045636000000000010e+00
2.558355524669902667e-02 -1.080481000000000025e+00
2.560355802640715966e-02 -1.091836000000000029e+00
2.562356080611528919e-02 -1.133169000000000093e+00
2.564356358582341872e-02 -1.171972000000000014e+00
2.566356636553155171e-02 -1.151078000000000046e+00
2.568356914523968124e-02 -1.120061999999999891e+00
2.570357192494781076e-02 -1.074770000000000003e+00
2.572357470465594376e-02 -1.046284999999999910e+00
2.574357748436407328e-02 -1.063285000000000036e+00
2.576358026407220281e-02 -1.055498999999999965e+00
2.578358304378033580e-02 -1.041287999999999991e+00
2.580358582348846533e-02 -1.032982999999999985e+00
2.582358860319659485e-02 -1.046869000000000050e+00
2.584359138290472438e-02 -1.083271000000000095e+00
2.586359416261285737e-02 -1.096897000000000011e+00
2.588359694232098690e-02 -1.114352000000000009e+00
2.590359972202911643e-02 -1.092289999999999983e+00
2.592360250173724942e-02 -1.106889999999999930e+00
2.594360528144537895e-02 -1.122527999999999970e+00
2.596360806115350847e-02 -1.151532999999999918e+00
2.598361084086164147e-02 -1.136543000000000081e+00
2.600361362056977099e-02 -1.120581000000000049e+00
2.602361640027790052e-02 -1.094886000000000026e+00
2.604361917998603351e-02 -1.079377999999999949e+00
2.606362195969416304e-02 -1.054526000000000074e+00
2.608362473940229256e-02 -1.058354000000000017e+00
2.610362751911042209e-02 -1.023379999999999956e+00
2.612363029881855508e-02 -1.017733999999999916e+00
2.614363307852668461e-02 -1.061728000000000005e+00
2.616363585823481414e-02 -1.131027999999999922e+00
2.618363863794294713e-02 -1.190140999999999893e+00
2.620364141765107666e-02 -1.194164000000000003e+00
2.622364419735920618e-02 -1.162304000000000004e+00
2.624364697706733918e-02 -1.104748999999999981e+00
2.626364975677546870e-02 -1.065037000000000011e+00
2.628365253648359823e-02 -1.044921999999999906e+00
2.630365531619173122e-02 -1.034410000000000052e+00
2.632365809589986075e-02 -1.077366000000000046e+00
2.634366087560799027e-02 -1.104554000000000036e+00
2.636366365531611980e-02 -1.121424999999999894e+00
2.638366643502425279e-02 -1.155685000000000073e+00
2.640366921473238232e-02 -1.122074000000000016e+00
2.642367199444051185e-02 -1.094430999999999932e+00
2.644367477414864484e-02 -1.062116999999999978e+00
2.646367755385677437e-02 -1.060754999999999892e+00
2.648368033356490389e-02 -1.085542000000000007e+00
2.650368311327303689e-02 -1.134271999999999947e+00
2.652368589298116641e-02 -1.153283999999999976e+00
2.654368867268929594e-02 -1.153804000000000052e+00
2.656369145239742893e-02 -1.119024000000000019e+00
2.658369423210555846e-02 -1.094106999999999941e+00
2.660369701181368798e-02 -1.033632000000000106e+00
2.662369979152181751e-02 -1.021562999999999999e+00
2.664370257122995050e-02 -1.037460000000000049e+00
2.666370535093808003e-02 -1.090278999999999998e+00
2.668370813064620956e-02 -1.142773000000000039e+00
2.670371091035434255e-02 -1.148028999999999966e+00
2.672371369006247208e-02 -1.123761000000000010e+00
2.674371646977060160e-02 -1.069709000000000021e+00
2.676371924947873460e-02 -1.044208000000000025e+00
2.678372202918686412e-02 -1.019551000000000096e+00
2.680372480889499365e-02 -1.017085000000000017e+00
2.682372758860312664e-02 -1.027466999999999908e+00
2.684373036831125617e-02 -1.065750999999999893e+00
2.686373314801938569e-02 -1.119283000000000028e+00
2.688373592772751522e-02 -1.149002000000000079e+00
2.690373870743564821e-02 -1.158085999999999949e+00
2.692374148714377774e-02 -1.104748999999999981e+00
2.694374426685190727e-02 -1.043689000000000089e+00
2.696374704656004026e-02 -1.027012999999999954e+00
2.698374982626816979e-02 -1.036486999999999936e+00
2.700375260597629931e-02 -1.094367000000000090e+00
2.702375538568443231e-02 -1.105722000000000094e+00
2.704375816539256183e-02 -1.111820999999999948e+00
2.706376094510069136e-02 -1.111691999999999902e+00
2.708376372480882435e-02 -1.110328999999999899e+00
2.710376650451695388e-02 -1.108122999999999969e+00
2.712376928422508340e-02 -1.088136999999999910e+00
2.714377206393321293e-02 -1.079831999999999903e+00
2.716377484364134592e-02 -1.062246999999999941e+00
2.718377762334947545e-02 -1.061728000000000005e+00
2.720378040305760498e-02 -1.108511999999999942e+00
2.722378318276573797e-02 -1.105787000000000075e+00
2.724378596247386750e-02 -1.091252000000000111e+00
2.726378874218199702e-02 -1.090214000000000016e+00
2.728379152189013002e-02 -1.039536999999999933e+00
2.730379430159825954e-02 -1.040445000000000064e+00
2.732379708130638907e-02 -1.053487000000000062e+00
2.734379986101452206e-02 -1.078794000000000031e+00
2.736380264072265159e-02 -1.055952999999999919e+00
2.738380542043078111e-02 -1.078794000000000031e+00
2.740380820013891064e-02 -1.100076999999999972e+00
2.742381097984704363e-02 -1.125253000000000059e+00
2.744381375955517316e-02 -1.113313999999999915e+00
2.746381653926330269e-02 -1.107863000000000042e+00
2.748381931897143568e-02 -1.067372999999999905e+00
2.750382209867956521e-02 -1.064648000000000039e+00
2.752382487838769473e-02 -1.054654999999999898e+00
2.754382765809582773e-02 -1.064972000000000030e+00
2.756383043780395725e-02 -1.065946000000000060e+00
2.758383321751208678e-02 -1.064583000000000057e+00
2.760383599722021977e-02 -1.080221000000000098e+00
2.762383877692834930e-02 -1.091576000000000102e+00
2.764384155663647882e-02 -1.097935000000000105e+00
2.766384433634460835e-02 -1.100400999999999962e+00
2.768384711605274134e-02 -1.037525000000000031e+00
2.770384989576087087e-02 -1.053876999999999953e+00
2.772385267546900040e-02 -1.053422000000000081e+00
2.774385545517713339e-02 -1.055174000000000056e+00
2.776385823488526292e-02 -1.050632000000000010e+00
2.778386101459339244e-02 -1.066335000000000033e+00
2.780386379430152544e-02 -1.080999999999999961e+00
2.782386657400965496e-02 -1.096313000000000093e+00
2.784386935371778449e-02 -1.116103999999999985e+00
2.786387213342591748e-02 -1.107798000000000060e+00
2.788387491313404701e-02 -1.088851000000000013e+00
2.790387769284217653e-02 -1.088915999999999995e+00
2.792388047255030606e-02 -1.099752000000000063e+00
2.794388325225843905e-02 -1.107474000000000069e+00
2.796388603196656858e-02 -1.116622999999999921e+00
2.798388881167469810e-02 -1.090408000000000044e+00
2.800389159138283110e-02 -1.089695000000000080e+00
2.802389437109096063e-02 -1.068281999999999954e+00
2.804389715079909015e-02 -1.054200999999999944e+00
2.806389993050722315e-02 -1.043624000000000107e+00
2.808390271021535267e-02 -1.063998999999999917e+00
2.810390548992348220e-02 -1.051541000000000059e+00
2.812390826963161519e-02 -1.088851000000000013e+00
2.814391104933974472e-02 -1.113313999999999915e+00
2.816391382904787424e-02 -1.135569999999999968e+00
2.818391660875600377e-02 -1.121424999999999894e+00
2.820391938846413676e-02 -1.064387999999999890e+00
2.822392216817226629e-02 -1.044402999999999970e+00
2.824392494788039581e-02 -1.025779999999999914e+00
2.826392772758852881e-02 -1.058418999999999999e+00
2.828393050729665834e-02 -1.077496000000000009e+00
2.830393328700478786e-02 -1.112924000000000024e+00
2.832393606671292086e-02 -1.119153999999999982e+00
2.834393884642105038e-02 -1.123501000000000083e+00
2.836394162612917991e-02 -1.111885999999999930e+00
2.838394440583731290e-02 -1.097026999999999974e+00
2.840394718554544243e-02 -1.042975999999999903e+00
2.842394996525357195e-02 -1.039665999999999979e+00
2.844395274496170148e-02 -1.041093999999999964e+00
2.846395552466983447e-02 -1.076716999999999924e+00
2.848395830437796400e-02 -1.081129000000000007e+00
2.850396108408609352e-02 -1.112081000000000097e+00
2.852396386379422652e-02 -1.086775000000000047e+00
2.854396664350235605e-02 -1.061663000000000023e+00
2.856396942321048557e-02 -1.038693000000000088e+00
2.858397220291861857e-02 -1.035838000000000036e+00
2.860397498262674809e-02 -1.023768999999999929e+00
2.862397776233487762e-02 -1.034864999999999924e+00
2.864398054204301061e-02 -1.078209999999999891e+00
2.866398332175114014e-02 -1.100919999999999899e+00
2.868398610145926966e-02 -1.115650000000000031e+00
2.870398888116739919e-02 -1.101439000000000057e+00
2.872399166087553218e-02 -1.078729000000000049e+00
2.874399444058366171e-02 -1.045312000000000019e+00
2.876399722029179123e-02 -1.049658999999999898e+00
