# time(s), 	 	 acceleration(g)
0.000000000000000000e+00 6.281861000000000139e+00
2.000277970813059281e-05 6.538231999999999822e+00
4.000555941626118562e-05 6.772281999999999691e+00
6.000833912439177504e-05 6.996078999999999937e+00
8.001111883252237124e-05 7.297481999999999580e+00
1.000138985406529674e-04 7.581235000000000390e+00
1.200166782487835501e-04 7.895096999999999809e+00
1.400194579569141598e-04 8.220247999999999777e+00
1.600222376650447425e-04 8.593481999999999843e+00
1.800250173731753251e-04 8.963146999999999309e+00
2.000277970813059349e-04 9.388744000000000867e+00
2.200305767894365175e-04 9.816482999999999848e+00
2.400333564975671002e-04 1.029327699999999979e+01
2.600361362056977099e-04 1.082146299999999961e+01
2.800389159138283197e-04 1.139175999999999966e+01
3.000416956219588752e-04 1.204258199999999945e+01
3.200444753300894850e-04 1.270462999999999987e+01
3.400472550382200947e-04 1.348762900000000009e+01
3.600500347463506503e-04 1.438638699999999915e+01
3.800528144544812600e-04 1.537047300000000050e+01
4.000555941626118698e-04 1.649121099999999984e+01
4.200583738707424253e-04 1.781336100000000044e+01
4.400611535788730351e-04 1.928773699999999991e+01
4.600639332870036448e-04 2.088728100000000154e+01
4.800667129951342003e-04 2.299022300000000030e+01
5.000694927032648101e-04 2.545179900000000117e+01
5.200722724113954198e-04 2.836051600000000050e+01
5.400750521195260296e-04 3.234299200000000241e+01
5.600778318276566393e-04 3.819734600000000313e+01
5.800806115357871407e-04 4.671261100000000255e+01
6.000833912439177504e-04 6.157466199999999645e+01
6.200861709520483602e-04 8.566561099999999840e+01
6.400889506601789699e-04 1.221940199999999948e+02
6.600917303683095797e-04 1.746001009999999951e+02
6.800945100764401894e-04 2.405822900000000004e+02
7.000972897845707992e-04 3.186958639999999718e+02
7.201000694927013005e-04 3.985021619999999984e+02
7.401028492008319103e-04 4.670453350000000228e+02
7.601056289089625200e-04 5.091376609999999800e+02
7.801084086170931298e-04 5.163601700000000392e+02
8.001111883252237395e-04 4.905831820000000221e+02
8.201139680333543493e-04 4.452310320000000274e+02
8.401167477414848506e-04 3.925685799999999972e+02
8.601195274496154604e-04 3.424148129999999810e+02
8.801223071577460701e-04 2.937630639999999858e+02
9.001250868658766799e-04 2.520130190000000141e+02
9.201278665740072896e-04 2.056130640000000085e+02
9.401306462821378994e-04 1.538999829999999918e+02
9.601334259902684007e-04 1.005109199999999987e+02
9.801362056983990104e-04 5.559416600000000130e+01
1.000138985406529620e-03 1.881444700000000125e+01
1.020141765114660230e-03 -2.557840999999999809e+00
1.040144544822790840e-03 -1.001076600000000028e+01
1.060147324530921449e-03 -6.422352000000000061e+00
1.080150104239052059e-03 9.943467999999999307e+00
1.100152883947182669e-03 3.416834500000000219e+01
1.120155663655313279e-03 5.441386099999999715e+01
1.140158443363443888e-03 7.225126699999999857e+01
1.160161223071574281e-03 6.932178700000000049e+01
1.180164002779704891e-03 5.754527099999999962e+01
1.200166782487835501e-03 2.931163799999999853e+01
1.220169562195966111e-03 -3.058904000000000067e+00
1.240172341904096720e-03 -2.311637400000000042e+01
1.260175121612227330e-03 -4.592112099999999941e+01
1.280177901320357940e-03 -4.494910500000000297e+01
1.300180681028488550e-03 -3.185608500000000021e+01
1.320183460736619159e-03 -1.478084800000000065e+01
1.340186240444749769e-03 6.021467000000000347e+00
1.360189020152880379e-03 2.246417999999999893e+01
1.380191799861010989e-03 2.853512800000000027e+01
1.400194579569141598e-03 3.115794999999999959e+01
1.420197359277271991e-03 7.484487999999999808e+00
1.440200138985402601e-03 7.145579999999999821e+00
1.460202918693533211e-03 3.456005999999999911e+00
1.480205698401663821e-03 3.863599999999999673e-02
1.500208478109794430e-03 1.013897500000000029e+01
1.520211257817925040e-03 1.110910900000000012e+01
1.540214037526055650e-03 1.789829900000000151e+01
1.560216817234186260e-03 1.960626999999999853e+01
1.580219596942316869e-03 1.286237200000000058e+01
1.600222376650447479e-03 6.651461000000000290e+00
1.620225156358578089e-03 -6.882145999999999653e+00
1.640227936066708699e-03 1.472522000000000109e+00
1.660230715774839308e-03 6.868640000000000079e+00
1.680233495482969701e-03 3.562227000000000032e+00
1.700236275191100311e-03 9.010059999999999292e+00
1.720239054899230921e-03 4.567465999999999582e+00
1.740241834607361530e-03 -2.391535000000000188e+00
1.760244614315492140e-03 -1.600235800000000097e+01
1.780247394023622750e-03 -2.108318600000000131e+01
1.800250173731753360e-03 -3.803461800000000181e+01
1.820252953439883969e-03 -3.421598199999999679e+01
1.840255733148014579e-03 -1.925406999999999869e+01
1.860258512856145189e-03 -1.035116700000000023e+01
1.880261292564275799e-03 1.993057800000000057e+01
1.900264072272406408e-03 3.211063000000000045e+01
1.920266851980536801e-03 4.243093799999999760e+01
1.940269631688667411e-03 5.007618899999999940e+01
1.960272411396798021e-03 2.919853900000000024e+01
1.980275191104928847e-03 2.445888899999999921e+01
2.000277970813059240e-03 -1.406735000000000069e+00
2.020280750521190067e-03 -1.446367799999999981e+01
2.040283530229320460e-03 -1.787962100000000021e+01
2.060286309937450853e-03 -2.780807199999999924e+01
2.080289089645581679e-03 -1.894209000000000032e+01
2.100291869353712072e-03 -1.403574399999999933e+01
2.120294649061842899e-03 -8.587975999999999388e+00
2.140297428769973292e-03 -2.099280999999999953e+00
2.160300208478104118e-03 -5.407574999999999577e+00
2.180302988186234511e-03 1.277535000000000087e+00
2.200305767894365338e-03 -9.830508999999999276e+00
2.220308547602495731e-03 -9.239641999999999911e+00
2.240311327310626557e-03 -1.077741299999999924e+01
2.260314107018756950e-03 -7.141566000000000081e+00
2.280316886726887777e-03 1.026094999999999979e+00
2.300319666435018170e-03 -2.159179999999999988e-01
2.320322446143148563e-03 1.182754500000000064e+01
2.340325225851279389e-03 5.849579999999999558e+00
2.360328005559409782e-03 1.024175699999999978e+01
2.380330785267540609e-03 1.184778999999999982e+01
2.400333564975671002e-03 1.258262999999999909e+00
2.420336344683801828e-03 1.071517700000000062e+01
2.440339124391932221e-03 6.541347000000000023e+00
2.460341904100063048e-03 4.128891000000000311e+00
2.480344683808193441e-03 -5.549560000000000048e-01
2.500347463516324267e-03 -9.814026999999999390e+00
2.520350243224454660e-03 -1.318733899999999970e+01
2.540353022932585487e-03 -1.774374600000000157e+01
2.560355802640715880e-03 -1.938897100000000151e+01
2.580358582348846273e-03 -1.580788899999999941e+01
2.600361362056977099e-03 -1.496357199999999921e+01
2.620364141765107492e-03 -5.794369999999999798e+00
2.640366921473238319e-03 -4.914105000000000167e+00
2.660369701181368712e-03 -1.236210999999999949e+00
2.680372480889499538e-03 1.304723000000000077e+00
2.700375260597629931e-03 -5.764522000000000368e+00
2.720378040305760758e-03 1.710854000000000097e+00
2.740380820013891151e-03 -9.873099999999999932e-02
2.760383599722021977e-03 6.540437999999999974e+00
2.780386379430152370e-03 1.007940800000000081e+01
2.800389159138283197e-03 1.515030900000000003e+01
2.820391938846413590e-03 8.875678000000000623e+00
2.840394718554543983e-03 2.622784999999999922e+00
2.860397498262674809e-03 -1.473051000000000110e+00
2.880400277970805202e-03 -3.051051999999999875e+00
2.900403057678936029e-03 -5.915644999999999598e+00
2.920405837387066422e-03 -1.007072199999999995e+01
2.940408617095197248e-03 -1.256143299999999918e+01
2.960411396803327641e-03 -7.668064000000000213e+00
2.980414176511458468e-03 -6.449994000000000227e+00
3.000416956219588861e-03 -5.306999000000000244e+00
3.020419735927719687e-03 -1.263112199999999952e+01
3.040422515635850080e-03 -1.901586700000000008e+01
3.060425295343980907e-03 -1.735773000000000010e+01
3.080428075052111300e-03 -1.285368700000000075e+01
3.100430854760241692e-03 -6.516309999999999825e+00
3.120433634468372519e-03 -1.193319999999999936e+00
3.140436414176502912e-03 1.044427100000000053e+01
3.160439193884633739e-03 1.607138799999999890e+01
3.180441973592764131e-03 1.301466300000000054e+01
3.200444753300894958e-03 1.340509199999999979e+01
3.220447533009025351e-03 5.510932000000000386e+00
3.240450312717156178e-03 -2.098177999999999876e+00
3.260453092425286570e-03 -3.672090999999999994e+00
3.280455872133417397e-03 -4.346078999999999581e+00
3.300458651841547790e-03 -6.969939000000000107e+00
3.320461431549678617e-03 -7.365110000000000268e-01
3.340464211257809009e-03 4.746361000000000274e+00
3.360466990965939402e-03 -4.295207000000000441e+00
3.380469770674070229e-03 -6.593656000000000184e+00
3.400472550382200622e-03 -1.093152100000000004e+01
3.420475330090331448e-03 -1.966993400000000136e+01
3.440478109798461841e-03 -1.943685800000000086e+01
3.460480889506592668e-03 -1.543965200000000060e+01
3.480483669214723061e-03 -1.204330599999999940e+01
3.500486448922853887e-03 -5.867758000000000251e+00
3.520489228630984280e-03 7.990222000000000158e+00
3.540492008339115107e-03 1.098731500000000061e+01
3.560494788047245500e-03 9.255660000000000664e+00
3.580497567755376326e-03 1.138092299999999923e+01
3.600500347463506719e-03 1.495557000000000025e+00
3.620503127171637112e-03 -3.819710999999999856e+00
3.640505906879767939e-03 -3.180438000000000098e+00
3.660508686587898332e-03 -6.170977999999999852e+00
3.680511466296029158e-03 -8.106780000000000097e-01
3.700514246004159551e-03 3.169007999999999825e+00
3.720517025712290378e-03 2.552576000000000178e+00
3.740519805420420771e-03 1.497503999999999946e+00
3.760522585128551597e-03 4.574849999999999750e-01
3.780525364836681990e-03 -2.030175999999999981e+00
3.800528144544812817e-03 -4.455868999999999858e+00
3.820530924252943210e-03 -4.830400000000000027e+00
3.840533703961073603e-03 -1.321855000000000047e+01
3.860536483669204429e-03 -1.320174399999999970e+01
3.880539263377334822e-03 -1.142959899999999962e+01
3.900542043085465649e-03 -1.248953799999999958e+01
3.920544822793596042e-03 -8.448987000000000691e+00
3.940547602501726435e-03 -3.068376999999999910e+00
3.960550382209857695e-03 3.905092999999999925e+00
3.980553161917988088e-03 6.206980999999999860e+00
4.000555941626118481e-03 1.524887299999999968e+01
4.020558721334248874e-03 1.327103400000000022e+01
4.040561501042380134e-03 5.424955999999999889e+00
4.060564280750510527e-03 7.235383999999999816e+00
4.080567060458640920e-03 -1.815137999999999918e+00
4.100569840166771313e-03 -4.665975000000000428e+00
4.120572619874901706e-03 -9.155360000000000165e-01
4.140575399583032966e-03 -6.164164999999999672e+00
4.160578179291163359e-03 -4.627495999999999832e+00
4.180580958999293752e-03 -5.228419999999999845e+00
4.200583738707424145e-03 -4.973542000000000129e+00
4.220586518415555405e-03 -5.247238000000000291e+00
4.240589298123685798e-03 -4.721777999999999587e+00
4.260592077831816191e-03 -5.586081000000000074e+00
4.280594857539946584e-03 -7.293987000000000442e+00
4.300597637248077844e-03 -2.908104999999999940e+00
4.320600416956208237e-03 -2.068394000000000066e+00
4.340603196664338630e-03 -2.456357000000000124e+00
4.360605976372469023e-03 3.176989999999999981e+00
4.380608756080599415e-03 2.030489999999999906e+00
4.400611535788730676e-03 3.284572999999999965e+00
4.420614315496861069e-03 4.775300999999999796e+00
4.440617095204991462e-03 6.140535999999999994e+00
4.460619874913121854e-03 2.898166999999999938e+00
4.480622654621253115e-03 -6.408099999999999907e-02
4.500625434329383508e-03 -2.232819000000000109e+00
4.520628214037513901e-03 -6.982202000000000019e+00
4.540630993745644294e-03 -4.156023000000000245e+00
4.560633773453775554e-03 1.655116000000000032e+00
4.580636553161905947e-03 1.051142000000000021e+00
4.600639332870036340e-03 5.182730000000000281e+00
4.620642112578166733e-03 1.951450000000000129e-01
4.640644892286297125e-03 -3.576966000000000090e+00
4.660647671994428386e-03 -3.548610000000000042e+00
4.680650451702558779e-03 -1.099043900000000029e+01
4.700653231410689172e-03 -1.367944600000000044e+01
4.720656011118819564e-03 -1.455782999999999916e+01
4.740658790826950825e-03 -5.394791999999999810e+00
4.760661570535081218e-03 4.675309000000000381e+00
4.780664350243211611e-03 1.138046899999999972e+01
4.800667129951342003e-03 1.300986200000000004e+01
4.820669909659473264e-03 9.429752999999999830e+00
4.840672689367603657e-03 4.004565999999999626e+00
4.860675469075734050e-03 -1.572068999999999939e+00
4.880678248783864442e-03 -8.831823999999999231e+00
4.900681028491994835e-03 -8.687708000000000652e+00
4.920683808200126096e-03 -8.070107999999999393e+00
4.940686587908256489e-03 -3.755212000000000216e+00
4.960689367616386881e-03 7.185930000000000373e-01
4.980692147324517274e-03 4.316285999999999845e+00
5.000694927032648535e-03 1.907969999999999944e-01
5.020697706740778928e-03 -8.179450000000000331e-01
5.040700486448909320e-03 -1.397845999999999922e+00
5.060703266157039713e-03 -3.305540999999999840e+00
5.080706045865170974e-03 1.909000000000000107e-03
5.100708825573301367e-03 -9.338349999999999707e-01
5.120711605281431759e-03 -2.603521999999999892e+00
5.140714384989562152e-03 -4.996706999999999788e+00
5.160717164697692545e-03 -5.802870000000000417e+00
5.180719944405823806e-03 -3.093552999999999997e+00
5.200722724113954198e-03 -1.358328999999999898e+00
5.220725503822084591e-03 -4.137609999999999899e-01
5.240728283530214984e-03 -1.175022000000000011e+00
5.260731063238346245e-03 -6.417760000000000131e-01
5.280733842946476637e-03 3.772527999999999881e+00
5.300736622654607030e-03 4.257821999999999996e+00
5.320739402362737423e-03 3.323830000000000062e+00
5.340742182070868684e-03 -7.139950000000000463e-01
5.360744961778999076e-03 -3.310796999999999990e+00
5.380747741487129469e-03 -3.453615000000000101e+00
5.400750521195259862e-03 -3.821657000000000082e+00
5.420753300903390255e-03 -4.398183999999999649e+00
5.440756080611521515e-03 -3.951821999999999946e+00
5.460758860319651908e-03 -3.699019999999999975e+00
5.480761640027782301e-03 -1.851474999999999982e+00
5.500764419735912694e-03 1.222898999999999958e+00
5.520767199444043954e-03 -8.366980000000000528e-01
5.540769979152174347e-03 -3.171548000000000034e+00
5.560772758860304740e-03 -2.530069999999999819e+00
5.580775538568435133e-03 -4.164198999999999984e+00
5.600778318276566393e-03 -1.754013999999999962e+00
5.620781097984696786e-03 5.148400000000000198e-02
5.640783877692827179e-03 5.728550000000000031e-01
5.660786657400957572e-03 -4.039619999999999878e-01
5.680789437109087965e-03 -1.490960000000000063e+00
5.700792216817219225e-03 -4.366659999999999986e-01
5.720794996525349618e-03 -6.154960000000000431e-01
5.740797776233480011e-03 7.023600000000000676e-02
5.760800555941610404e-03 2.876739999999999853e-01
5.780803335649741664e-03 -1.966520999999999963e+00
5.800806115357872057e-03 -7.790129999999999555e-01
5.820808895066002450e-03 -6.949180000000000357e-01
5.840811674774132843e-03 -6.533900000000000263e-01
5.860814454482264103e-03 -5.590500000000000330e-02
5.880817234190394496e-03 -3.160193000000000030e+00
5.900820013898524889e-03 -5.138550999999999647e+00
5.920822793606655282e-03 -6.179801999999999573e+00
5.940825573314785675e-03 -6.012912000000000035e+00
5.960828353022916935e-03 -5.167815000000000047e+00
5.980831132731047328e-03 -2.420539000000000218e+00
6.000833912439177721e-03 -1.349698999999999982e+00
6.020836692147308114e-03 -7.044000000000000261e-02
6.040839471855439374e-03 2.535445999999999867e+00
6.060842251563569767e-03 4.633911000000000335e+00
6.080845031271700160e-03 3.751634000000000135e+00
6.100847810979830553e-03 8.780219999999999692e-01
6.120850590687961813e-03 -3.115355999999999792e+00
6.140853370396092206e-03 -3.745155000000000012e+00
6.160856150104222599e-03 -2.467258000000000173e+00
6.180858929812352992e-03 -7.670090000000000519e-01
6.200861709520483385e-03 -1.671216999999999953e+00
6.220864489228614645e-03 -2.665424999999999933e+00
6.240867268936745038e-03 -3.055334999999999912e+00
6.260870048644875431e-03 -2.610984000000000194e+00
6.280872828353005824e-03 -9.004820000000000046e-01
6.300875608061137084e-03 -8.840660000000000185e-01
6.320878387769267477e-03 -2.710198000000000107e+00
6.340881167477397870e-03 -4.298905999999999672e+00
6.360883947185528263e-03 -3.970508999999999844e+00
6.380886726893659523e-03 -1.056732000000000005e+00
6.400889506601789916e-03 1.750955000000000039e+00
6.420892286309920309e-03 3.123651999999999873e+00
6.440895066018050702e-03 2.388021000000000171e+00
6.460897845726181095e-03 -4.841639999999999833e-01
6.480900625434312355e-03 -1.830581000000000014e+00
6.500903405142442748e-03 -2.295240999999999865e+00
6.520906184850573141e-03 -1.478371000000000102e+00
6.540908964558703534e-03 -1.553641000000000050e+00
6.560911744266834794e-03 -1.903839000000000059e+00
6.580914523974965187e-03 -1.677069999999999950e-01
6.600917303683095580e-03 1.364937999999999985e+00
6.620920083391225973e-03 9.702269999999999506e-01
6.640922863099357233e-03 -1.478371000000000102e+00
6.660925642807487626e-03 -4.714640000000000164e+00
6.680928422515618019e-03 -6.192845000000000155e+00
6.700931202223748412e-03 -4.202677000000000440e+00
6.720933981931878805e-03 -1.048556000000000044e+00
6.740936761640010065e-03 1.059447999999999945e+00
6.760939541348140458e-03 2.349737000000000187e+00
6.780942321056270851e-03 5.219700000000000034e-02
6.800945100764401244e-03 -2.155018999999999796e+00
6.820947880472532504e-03 -2.521698999999999913e+00
6.840950660180662897e-03 -3.399109000000000158e+00
6.860953439888793290e-03 -2.408535000000000093e+00
6.880956219596923683e-03 -6.563099999999999490e-01
6.900958999305054943e-03 2.390600000000000017e-02
6.920961779013185336e-03 1.126411999999999969e+00
6.940964558721315729e-03 1.793001999999999985e+00
6.960967338429446122e-03 7.185930000000000373e-01
6.980970118137576515e-03 -2.148919999999999941e+00
7.000972897845707775e-03 -4.097170000000000201e+00
7.020975677553838168e-03 -4.268602999999999703e+00
7.040978457261968561e-03 -3.390349000000000057e+00
7.060981236970098954e-03 -8.542900000000000493e-02
7.080984016678230214e-03 2.037173999999999818e+00
7.100986796386360607e-03 1.271760000000000002e+00
7.120989576094491000e-03 -2.502440000000000220e-01
7.140992355802621393e-03 -1.748304000000000080e+00
7.160995135510752653e-03 -3.480218999999999951e+00
7.180997915218883046e-03 -4.943044999999999689e+00
7.201000694927013439e-03 -4.561310999999999893e+00
7.221003474635143832e-03 -3.954741999999999980e+00
7.241006254343274225e-03 -2.222761999999999905e+00
7.261009034051405485e-03 6.146430000000000504e-01
7.281011813759535878e-03 2.306976999999999833e+00
7.301014593467666271e-03 2.531681999999999988e+00
7.321017373175796664e-03 3.565200000000000036e-01
7.341020152883927924e-03 -1.627418000000000031e+00
7.361022932592058317e-03 -1.765628999999999893e+00
7.381025712300188710e-03 -1.250680999999999932e+00
7.401028492008319103e-03 -3.894279999999999964e-01
7.421031271716450363e-03 -1.099558000000000035e+00
7.441034051424580756e-03 -2.625909000000000049e+00
7.461036831132711149e-03 -2.709289000000000058e+00
7.481039610840841542e-03 -2.341181999999999874e+00
7.501042390548971935e-03 -1.470520000000000049e+00
7.521045170257103195e-03 -1.166976000000000013e+00
7.541047949965233588e-03 -1.198056999999999928e+00
7.561050729673363981e-03 -1.493619999999999948e+00
7.581053509381494374e-03 -1.902606000000000019e+00
7.601056289089625634e-03 -1.841158000000000072e+00
7.621059068797756027e-03 -1.927848000000000006e+00
7.641061848505886420e-03 -2.239437999999999818e+00
7.661064628214016813e-03 -1.307002999999999915e+00
7.681067407922147205e-03 -2.787939999999999863e-01
7.701070187630278466e-03 -1.361060000000000048e-01
7.721072967338408859e-03 3.946740000000000248e-01
7.741075747046539252e-03 3.413359999999999728e-01
7.761078526754669644e-03 -8.167130000000000223e-01
7.781081306462800905e-03 -1.725788000000000100e+00
7.801084086170931298e-03 -2.016874000000000056e+00
7.821086865879062558e-03 -1.633712000000000053e+00
7.841089645587192083e-03 -7.781040000000000179e-01
7.861092425295323344e-03 -7.613630000000000120e-01
7.881095205003452869e-03 -1.602695999999999898e+00
7.901097984711584130e-03 -2.284081000000000028e+00
7.921100764419715390e-03 -2.131854000000000138e+00
7.941103544127844915e-03 -2.371224999999999916e+00
7.961106323835976176e-03 -2.261823999999999835e+00
7.981109103544105701e-03 -1.484860000000000069e+00
8.001111883252236961e-03 -5.979759999999999520e-01
8.021114662960368222e-03 1.839100000000000110e-02
8.041117442668497747e-03 -2.774400000000000130e-02
8.061120222376629008e-03 -1.546828000000000092e+00
8.081123002084760268e-03 -2.848018999999999856e+00
8.101125781792889793e-03 -2.686449000000000087e+00
8.121128561501021054e-03 -1.958150000000000057e+00
8.141131341209150579e-03 -1.013776000000000010e+00
8.161134120917281840e-03 5.898560000000000469e-01
8.181136900625413100e-03 1.371687000000000101e+00
8.201139680333542625e-03 1.092020999999999908e+00
8.221142460041673886e-03 2.190229999999999955e-01
8.241145239749803411e-03 -1.260933000000000082e+00
8.261148019457934671e-03 -2.827643999999999824e+00
8.281150799166065932e-03 -3.808549999999999880e+00
8.301153578874195457e-03 -4.145252000000000159e+00
8.321156358582326718e-03 -3.332988999999999979e+00
8.341159138290457978e-03 -1.603085000000000093e+00
8.361161917998587503e-03 4.735130000000000172e-01
8.381164697706718764e-03 1.553306999999999993e+00
8.401167477414848289e-03 8.723769999999999580e-01
8.421170257122979549e-03 -1.144265000000000088e+00
8.441173036831110810e-03 -3.013222999999999985e+00
8.461175816539240335e-03 -3.250516999999999879e+00
8.481178596247371596e-03 -2.504569000000000045e+00
8.501181375955501121e-03 -1.674201999999999968e+00
8.521184155663632381e-03 -1.252952000000000066e+00
8.541186935371763642e-03 -2.634810000000000207e-01
8.561189715079893167e-03 1.066454999999999931e+00
8.581192494788024427e-03 9.688639999999999475e-01
8.601195274496155688e-03 -2.595879999999999854e-01
8.621198054204285213e-03 -1.923305999999999960e+00
8.641200833912416474e-03 -3.250580999999999943e+00
8.661203613620545999e-03 -3.396059000000000161e+00
8.681206393328677259e-03 -2.024205999999999950e+00
8.701209173036808520e-03 -1.049599999999999977e-01
8.721211952744938045e-03 7.681019999999999515e-01
8.741214732453069305e-03 2.929950000000000054e-01
8.761217512161198831e-03 -8.520759999999999446e-01
8.781220291869330091e-03 -1.836290999999999896e+00
8.801223071577461352e-03 -2.624676000000000009e+00
8.821225851285590877e-03 -3.156299999999999883e+00
8.841228630993722137e-03 -2.749584000000000028e+00
8.861231410701853398e-03 -2.014407999999999976e+00
8.881234190409982923e-03 -1.028764999999999930e+00
8.901236970118114183e-03 6.019250000000000433e-01
8.921239749826243709e-03 1.489133000000000040e+00
8.941242529534374969e-03 9.267520000000000202e-01
8.961245309242506230e-03 -8.664809999999999457e-01
8.981248088950635755e-03 -2.168321000000000165e+00
9.001250868658767015e-03 -2.342674000000000145e+00
9.021253648366896541e-03 -1.988062999999999914e+00
9.041256428075027801e-03 -1.364948000000000050e+00
9.061259207783159061e-03 -1.283967999999999998e+00
9.081261987491288587e-03 -1.336462000000000039e+00
9.101264767199419847e-03 -1.485768999999999895e+00
9.121267546907551108e-03 -1.729681000000000024e+00
9.141270326615680633e-03 -1.661418999999999979e+00
9.161273106323811893e-03 -1.347817999999999961e+00
9.181275886031941419e-03 -1.039536999999999933e+00
9.201278665740072679e-03 -8.705039999999999445e-01
9.221281445448203939e-03 -3.186999999999999833e-01
9.241284225156333465e-03 2.752999999999999805e-03
9.261287004864464725e-03 -4.534070000000000045e-01
9.281289784572594251e-03 -1.557793999999999901e+00
9.301292564280725511e-03 -2.589376999999999818e+00
9.321295343988856771e-03 -2.721747999999999834e+00
9.341298123696986297e-03 -1.713200000000000056e+00
9.361300903405117557e-03 -4.905229999999999868e-01
9.381303683113248817e-03 -1.180029999999999968e-01
9.401306462821378343e-03 -6.814219999999999722e-01
9.421309242529509603e-03 -1.032529000000000030e+00
9.441312022237639129e-03 -1.273196999999999912e+00
9.461314801945770389e-03 -1.569083999999999923e+00
9.481317581653901649e-03 -1.915324000000000026e+00
9.501320361362031175e-03 -2.438254000000000143e+00
9.521323141070162435e-03 -2.014797000000000171e+00
9.541325920778291961e-03 -1.151856999999999909e+00
9.561328700486423221e-03 -5.299739999999999451e-01
9.581331480194554481e-03 -4.268029999999999879e-01
9.601334259902684007e-03 -6.382069999999999688e-01
9.621337039610815267e-03 -7.517599999999999838e-01
9.641339819318946527e-03 -9.307199999999999918e-01
9.661342599027076053e-03 -8.499999999999999778e-01
9.681345378735207313e-03 -9.786070000000000046e-01
9.701348158443336839e-03 -1.315957999999999961e+00
9.721350938151468099e-03 -1.665507000000000071e+00
9.741353717859599359e-03 -2.185257000000000005e+00
9.761356497567728885e-03 -2.189344999999999875e+00
9.781359277275860145e-03 -1.359367999999999910e+00
9.801362056983989671e-03 -1.852910000000000112e-01
9.821364836692120931e-03 1.124129999999999990e-01
9.841367616400252191e-03 -7.533819999999999961e-01
9.861370396108381717e-03 -1.964120000000000088e+00
9.881373175816512977e-03 -2.607804999999999929e+00
9.901375955524644237e-03 -2.777810000000000112e+00
9.921378735232773763e-03 -2.599889000000000117e+00
9.941381514940905023e-03 -1.667518999999999973e+00
9.961384294649034549e-03 -1.093080000000000024e-01
9.981387074357165809e-03 1.156908999999999965e+00
1.000138985406529707e-02 1.824732000000000021e+00
1.002139263377342659e-02 1.069245999999999919e+00
1.004139541348155786e-02 -1.066594999999999960e+00
1.006139819318968738e-02 -2.824854000000000198e+00
1.008140097289781864e-02 -3.559900999999999982e+00
1.010140375260594990e-02 -3.570476999999999901e+00
1.012140653231407943e-02 -2.626686999999999994e+00
1.014140931202221069e-02 -8.686869999999999870e-01
1.016141209173034195e-02 6.470869999999999678e-01
1.018141487143847147e-02 1.052114999999999911e+00
1.020141765114660273e-02 4.715659999999999852e-01
1.022142043085473226e-02 -9.459689999999999488e-01
1.024142321056286352e-02 -2.227368999999999932e+00
1.026142599027099478e-02 -2.789555000000000007e+00
1.028142876997912430e-02 -2.892920999999999854e+00
1.030143154968725556e-02 -2.646218000000000181e+00
1.032143432939538509e-02 -1.411407000000000078e+00
1.034143710910351635e-02 1.266879999999999951e-01
1.036143988881164761e-02 5.062159999999999993e-01
1.038144266851977714e-02 -1.902230000000000032e-01
1.040144544822790840e-02 -1.183262999999999954e+00
1.042144822793603966e-02 -1.649219999999999908e+00
1.044145100764416918e-02 -1.357291000000000025e+00
1.046145378735230044e-02 -7.429350000000000120e-01
1.048145656706042997e-02 -6.511190000000000033e-01
1.050145934676856123e-02 -1.028829999999999911e+00
1.052146212647669249e-02 -1.131351999999999913e+00
1.054146490618482201e-02 -1.344832999999999945e+00
1.056146768589295327e-02 -1.735521000000000091e+00
1.058147046560108280e-02 -1.892095000000000082e+00
1.060147324530921406e-02 -1.935634000000000077e+00
1.062147602501734532e-02 -1.704828999999999928e+00
1.064147880472547485e-02 -1.055498999999999965e+00
1.066148158443360611e-02 -3.933209999999999762e-01
1.068148436414173737e-02 -2.250669999999999893e-01
1.070148714384986689e-02 -5.831169999999999964e-01
1.072148992355799815e-02 -1.279231000000000007e+00
1.074149270326612768e-02 -1.881971999999999978e+00
1.076149548297425894e-02 -2.038806000000000118e+00
1.078149826268239020e-02 -1.431327999999999934e+00
1.080150104239051972e-02 -9.175480000000000302e-01
1.082150382209865098e-02 -9.108640000000000070e-01
1.084150660180678051e-02 -9.675759999999999916e-01
1.086150938151491177e-02 -6.514440000000000230e-01
1.088151216122304303e-02 -5.171909999999999563e-01
1.090151494093117256e-02 -8.091209999999999791e-01
1.092151772063930382e-02 -1.362028000000000016e+00
1.094152050034743508e-02 -1.953349000000000002e+00
1.096152328005556460e-02 -1.780618000000000034e+00
1.098152605976369586e-02 -9.514839999999999964e-01
1.100152883947182539e-02 -5.920720000000000427e-01
1.102153161917995665e-02 -6.979680000000000328e-01
1.104153439888808791e-02 -8.302739999999999565e-01
1.106153717859621743e-02 -1.232836999999999961e+00
1.108153995830434869e-02 -1.847517000000000076e+00
1.110154273801247822e-02 -2.017847000000000168e+00
1.112154551772060948e-02 -1.965742000000000100e+00
1.114154829742874074e-02 -1.921489000000000003e+00
1.116155107713687027e-02 -1.405631999999999993e+00
1.118155385684500153e-02 -6.530010000000000536e-01
1.120155663655313279e-02 -2.362930000000000030e-01
1.122155941626126231e-02 7.211800000000000155e-02
1.124156219596939357e-02 -1.487600000000000033e-01
1.126156497567752310e-02 -1.117402000000000006e+00
1.128156775538565436e-02 -1.823248999999999898e+00
1.130157053509378562e-02 -1.897286000000000028e+00
1.132157331480191514e-02 -1.612039999999999917e+00
1.134157609451004640e-02 -1.450534999999999908e+00
1.136157887421817593e-02 -1.406087000000000087e+00
1.138158165392630719e-02 -1.251395000000000035e+00
1.140158443363443845e-02 -8.730999999999999872e-01
1.142158721334256798e-02 -5.280280000000000529e-01
1.144158999305069924e-02 -7.056249999999999467e-01
1.146159277275883050e-02 -1.337175999999999920e+00
1.148159555246696002e-02 -1.747913999999999968e+00
1.150159833217509128e-02 -1.757387999999999950e+00
1.152160111188322081e-02 -1.757907000000000108e+00
1.154160389159135207e-02 -1.715016000000000096e+00
1.156160667129948333e-02 -1.447680000000000078e+00
1.158160945100761285e-02 -9.533009999999999540e-01
1.160161223071574411e-02 -6.265920000000000378e-01
1.162161501042387364e-02 -5.245889999999999720e-01
1.164161779013200490e-02 -5.203710000000000280e-01
1.166162056984013616e-02 -7.756389999999999674e-01
1.168162334954826569e-02 -1.236664999999999903e+00
1.170162612925639695e-02 -1.930312999999999946e+00
1.172162890896452821e-02 -2.379465000000000163e+00
1.174163168867265773e-02 -1.993060000000000054e+00
1.176163446838078899e-02 -9.317579999999999751e-01
1.178163724808891852e-02 -1.618670000000000109e-01
1.180164002779704978e-02 -2.038490000000000024e-01
1.182164280750518104e-02 -6.990709999999999980e-01
1.184164558721331056e-02 -1.166326999999999892e+00
1.186164836692144182e-02 -1.618138999999999994e+00
1.188165114662957135e-02 -2.105770000000000142e+00
1.190165392633770261e-02 -2.358896000000000104e+00
1.192165670604583387e-02 -2.144702000000000108e+00
1.194165948575396340e-02 -1.238156999999999952e+00
1.196166226546209466e-02 -2.687370000000000037e-01
1.198166504517022592e-02 -3.468700000000000255e-02
1.200166782487835544e-02 -4.410780000000000256e-01
1.202167060458648670e-02 -1.051476000000000077e+00
1.204167338429461623e-02 -1.675629999999999953e+00
1.206167616400274749e-02 -2.068719000000000197e+00
1.208167894371087875e-02 -1.887942000000000009e+00
1.210168172341900827e-02 -1.370592999999999950e+00
1.212168450312713953e-02 -7.848530000000000229e-01
1.214168728283526906e-02 -5.696849999999999969e-01
1.216169006254340032e-02 -8.850390000000000201e-01
1.218169284225153158e-02 -1.378055000000000030e+00
1.220169562195966111e-02 -1.606200000000000072e+00
1.222169840166779237e-02 -1.512955999999999968e+00
1.224170118137592363e-02 -1.397521000000000013e+00
1.226170396108405315e-02 -1.055498999999999965e+00
1.228170674079218441e-02 -4.940260000000000207e-01
1.230170952050031394e-02 -1.133310000000000012e-01
1.232171230020844520e-02 -4.882509999999999906e-01
1.234171507991657646e-02 -1.570381999999999945e+00
1.236171785962470598e-02 -2.517027000000000125e+00
1.238172063933283724e-02 -2.762173000000000211e+00
1.240172341904096677e-02 -2.170656999999999837e+00
1.242172619874909803e-02 -1.196239999999999970e+00
1.244172897845722929e-02 -4.305019999999999958e-01
1.246173175816535882e-02 -5.142800000000000149e-02
1.248173453787349008e-02 -2.028200000000000142e-02
1.250173731758162134e-02 -4.643079999999999985e-01
1.252174009728975086e-02 -1.325431000000000026e+00
1.254174287699788212e-02 -2.067356000000000193e+00
1.256174565670601165e-02 -2.388030999999999793e+00
1.258174843641414291e-02 -2.201932999999999918e+00
1.260175121612227417e-02 -1.492712000000000039e+00
1.262175399583040369e-02 -7.171100000000000252e-01
1.264175677553853495e-02 -3.048790000000000111e-01
1.266175955524666448e-02 -2.752899999999999792e-01
1.268176233495479574e-02 -7.794020000000000392e-01
1.270176511466292700e-02 -1.521131999999999929e+00
1.272176789437105653e-02 -1.809881999999999991e+00
1.274177067407918779e-02 -1.671736000000000111e+00
1.276177345378731905e-02 -1.392784999999999940e+00
1.278177623349544857e-02 -1.337499999999999911e+00
1.280177901320357983e-02 -1.320694000000000035e+00
1.282178179291170936e-02 -1.269433000000000034e+00
1.284178457261984062e-02 -1.083140999999999909e+00
1.286178735232797188e-02 -9.472660000000000524e-01
1.288179013203610140e-02 -1.012737999999999916e+00
1.290179291174423266e-02 -1.251135000000000108e+00
1.292179569145236219e-02 -1.355085000000000095e+00
1.294179847116049345e-02 -1.288899999999999935e+00
1.296180125086862471e-02 -1.148158000000000012e+00
1.298180403057675424e-02 -1.055304000000000020e+00
1.300180681028488550e-02 -1.145237999999999978e+00
1.302180958999301676e-02 -1.258596999999999966e+00
1.304181236970114628e-02 -1.304408000000000012e+00
1.306181514940927754e-02 -1.136608000000000063e+00
1.308181792911740707e-02 -1.018577999999999983e+00
1.310182070882553833e-02 -1.132845000000000102e+00
1.312182348853366959e-02 -1.375979000000000063e+00
1.314182626824179911e-02 -1.592702999999999980e+00
1.316182904794993037e-02 -1.560389000000000026e+00
1.318183182765805990e-02 -1.219144999999999923e+00
1.320183460736619116e-02 -8.548660000000000148e-01
1.322183738707432242e-02 -7.828410000000000091e-01
1.324184016678245195e-02 -8.947720000000000118e-01
1.326184294649058321e-02 -9.823709999999999942e-01
1.328184572619871447e-02 -1.092484999999999928e+00
1.330184850590684399e-02 -1.347428000000000070e+00
1.332185128561497525e-02 -1.603410000000000002e+00
1.334185406532310478e-02 -1.774842999999999948e+00
1.336185684503123604e-02 -1.715470999999999968e+00
1.338185962473936730e-02 -1.371761000000000008e+00
1.340186240444749682e-02 -1.071266999999999969e+00
1.342186518415562808e-02 -9.664080000000000448e-01
1.344186796386375761e-02 -1.030257999999999896e+00
1.346187074357188887e-02 -1.138684999999999947e+00
1.348187352328002013e-02 -1.246593000000000062e+00
1.350187630298814966e-02 -1.288834999999999953e+00
1.352187908269628092e-02 -1.131092999999999904e+00
1.354188186240441218e-02 -1.094236999999999904e+00
1.356188464211254170e-02 -1.022731000000000057e+00
1.358188742182067296e-02 -9.918439999999999479e-01
1.360189020152880249e-02 -1.146341999999999972e+00
1.362189298123693375e-02 -1.345221999999999918e+00
1.364189576094506501e-02 -1.437232999999999983e+00
1.366189854065319453e-02 -1.509841999999999906e+00
1.368190132036132579e-02 -1.554419999999999913e+00
1.370190410006945532e-02 -1.298697999999999908e+00
1.372190687977758658e-02 -1.025260999999999978e+00
1.374190965948571784e-02 -9.006119999999999681e-01
1.376191243919384737e-02 -9.975540000000000518e-01
1.378191521890197863e-02 -1.381623999999999963e+00
1.380191799861010989e-02 -1.564607000000000081e+00
1.382192077831823941e-02 -1.517174000000000023e+00
1.384192355802637067e-02 -1.462798000000000043e+00
1.386192633773450020e-02 -1.351061999999999985e+00
1.388192911744263146e-02 -1.033371999999999957e+00
1.390193189715076272e-02 -7.086750000000000549e-01
1.392193467685889224e-02 -5.049919999999999964e-01
1.394193745656702350e-02 -6.676659999999999817e-01
1.396194023627515303e-02 -1.165807999999999955e+00
1.398194301598328429e-02 -1.768677999999999972e+00
1.400194579569141555e-02 -2.055156999999999901e+00
1.402194857539954508e-02 -1.902282000000000028e+00
1.404195135510767634e-02 -1.484275999999999929e+00
1.406195413481580760e-02 -9.620610000000000550e-01
1.408195691452393712e-02 -5.585250000000000492e-01
1.410195969423206838e-02 -3.898170000000000246e-01
1.412196247394019791e-02 -6.404779999999999918e-01
1.414196525364832917e-02 -1.199743999999999922e+00
1.416196803335646043e-02 -1.735260999999999942e+00
1.418197081306458995e-02 -2.002013999999999960e+00
1.420197359277272121e-02 -1.954841000000000051e+00
1.422197637248085074e-02 -1.597828999999999944e+00
1.424197915218898200e-02 -9.874319999999999764e-01
1.426198193189711326e-02 -4.131770000000000165e-01
1.428198471160524279e-02 -2.305180000000000007e-01
1.430198749131337405e-02 -6.062170000000000059e-01
1.432199027102150531e-02 -1.268524999999999903e+00
1.434199305072963483e-02 -1.827790999999999944e+00
1.436199583043776609e-02 -1.921748000000000012e+00
1.438199861014589562e-02 -1.679977000000000054e+00
1.440200138985402688e-02 -1.325431000000000026e+00
1.442200416956215814e-02 -1.000604000000000049e+00
1.444200694927028766e-02 -7.938070000000000404e-01
1.446200972897841892e-02 -6.986820000000000253e-01
1.448201250868654845e-02 -8.062660000000000382e-01
1.450201528839467971e-02 -1.093393000000000059e+00
1.452201806810281097e-02 -1.477138000000000062e+00
1.454202084781094050e-02 -1.589134000000000047e+00
1.456202362751907176e-02 -1.402258000000000004e+00
1.458202640722720302e-02 -1.164898999999999907e+00
1.460202918693533254e-02 -1.009948000000000068e+00
1.462203196664346380e-02 -9.953480000000000105e-01
1.464203474635159333e-02 -1.147834000000000021e+00
1.466203752605972459e-02 -1.302850000000000064e+00
1.468204030576785585e-02 -1.229721999999999982e+00
1.470204308547598537e-02 -1.047258000000000022e+00
1.472204586518411663e-02 -8.893219999999999459e-01
1.474204864489224616e-02 -9.042459999999999942e-01
1.476205142460037742e-02 -1.070033999999999930e+00
1.478205420430850868e-02 -1.263983000000000079e+00
1.480205698401663821e-02 -1.359887000000000068e+00
1.482205976372476947e-02 -1.340354999999999963e+00
1.484206254343290073e-02 -1.325042000000000053e+00
1.486206532314103025e-02 -1.213500000000000023e+00
1.488206810284916151e-02 -1.068735999999999908e+00
1.490207088255729104e-02 -8.457170000000000520e-01
1.492207366226542230e-02 -7.348890000000000144e-01
1.494207644197355356e-02 -8.947720000000000118e-01
1.496207922168168308e-02 -1.180212999999999957e+00
1.498208200138981434e-02 -1.411472000000000060e+00
1.500208478109794387e-02 -1.473309999999999897e+00
1.502208756080607513e-02 -1.256780000000000008e+00
1.504209034051420639e-02 -1.020459999999999923e+00
1.506209312022233592e-02 -9.294219999999999704e-01
1.508209589993046718e-02 -9.144330000000000513e-01
1.510209867963859844e-02 -1.095145000000000035e+00
1.512210145934672796e-02 -1.272936999999999985e+00
1.514210423905485922e-02 -1.278842000000000034e+00
1.516210701876298875e-02 -1.253082000000000029e+00
1.518210979847112001e-02 -1.222583999999999893e+00
1.520211257817925127e-02 -1.202922999999999965e+00
1.522211535788738079e-02 -1.196954000000000073e+00
1.524211813759551205e-02 -1.235497000000000067e+00
1.526212091730364158e-02 -1.220507999999999926e+00
1.528212369701177284e-02 -1.210904999999999898e+00
1.530212647671990410e-02 -1.129340999999999928e+00
1.532212925642803363e-02 -9.132649999999999935e-01
1.534213203613616489e-02 -7.019260000000000499e-01
1.536213481584429441e-02 -6.009609999999999674e-01
1.538213759555242567e-02 -7.386530000000000040e-01
1.540214037526055693e-02 -1.146276999999999990e+00
1.542214315496868646e-02 -1.529307999999999890e+00
1.544214593467681772e-02 -1.697497000000000034e+00
1.546214871438494898e-02 -1.714237999999999928e+00
1.548215149409307850e-02 -1.487455999999999889e+00
1.550215427380120976e-02 -1.010272000000000059e+00
1.552215705350933929e-02 -6.276950000000000029e-01
1.554215983321747055e-02 -5.252369999999999539e-01
1.556216261292560181e-02 -7.128269999999999884e-01
1.558216539263373134e-02 -1.084179000000000004e+00
1.560216817234186260e-02 -1.501665999999999945e+00
1.562217095204999212e-02 -1.711707000000000090e+00
1.564217373175812512e-02 -1.678938999999999959e+00
1.566217651146625464e-02 -1.380779999999999896e+00
1.568217929117438417e-02 -9.841870000000000340e-01
1.570218207088251369e-02 -6.616309999999999691e-01
1.572218485059064669e-02 -5.497649999999999482e-01
1.574218763029877621e-02 -7.342400000000000038e-01
1.576219041000690574e-02 -1.095923999999999898e+00
1.578219318971503873e-02 -1.379483000000000015e+00
1.580219596942316826e-02 -1.455011999999999972e+00
1.582219874913129778e-02 -1.368061999999999889e+00
1.584220152883943078e-02 -1.148093000000000030e+00
1.586220430854756031e-02 -8.928260000000000085e-01
1.588220708825568983e-02 -6.924529999999999852e-01
1.590220986796382283e-02 -7.494239999999999791e-01
1.592221264767195235e-02 -1.068540999999999963e+00
1.594221542738008188e-02 -1.450274999999999981e+00
1.596221820708821140e-02 -1.686595999999999984e+00
1.598222098679634440e-02 -1.631636000000000086e+00
1.600222376650447392e-02 -1.394730999999999943e+00
1.602222654621260345e-02 -1.093911999999999995e+00
1.604222932592073644e-02 -8.209300000000000486e-01
1.606223210562886597e-02 -6.648760000000000225e-01
1.608223488533699549e-02 -6.138090000000000490e-01
1.610223766504512849e-02 -7.908220000000000249e-01
1.612224044475325802e-02 -1.039665999999999979e+00
1.614224322446138754e-02 -1.269109000000000043e+00
1.616224600416952054e-02 -1.379612000000000060e+00
1.618224878387765006e-02 -1.343339999999999979e+00
1.620225156358577959e-02 -1.221416000000000057e+00
1.622225434329390911e-02 -1.094756000000000062e+00
1.624225712300204211e-02 -9.853549999999999809e-01
1.626225990271017163e-02 -1.022796000000000038e+00
1.628226268241830116e-02 -1.126420999999999895e+00
1.630226546212643415e-02 -1.195267000000000079e+00
1.632226824183456368e-02 -1.202080000000000037e+00
1.634227102154269320e-02 -1.109680000000000000e+00
1.636227380125082620e-02 -1.038758000000000070e+00
1.638227658095895573e-02 -1.063868999999999954e+00
1.640227936066708525e-02 -1.170673999999999992e+00
1.642228214037521825e-02 -1.247111999999999998e+00
1.644228492008334777e-02 -1.331012000000000084e+00
1.646228769979147730e-02 -1.366765000000000008e+00
1.648229047949960682e-02 -1.358459000000000083e+00
1.650229325920773982e-02 -1.261322000000000054e+00
1.652229603891586934e-02 -1.042262000000000022e+00
1.654229881862399887e-02 -8.006849999999999801e-01
1.656230159833213186e-02 -6.810329999999999995e-01
1.658230437804026139e-02 -7.590270000000000072e-01
1.660230715774839091e-02 -9.610870000000000246e-01
1.662230993745652391e-02 -1.179240000000000066e+00
1.664231271716465344e-02 -1.337110999999999938e+00
1.666231549687278296e-02 -1.341264000000000012e+00
1.668231827658091596e-02 -1.272677999999999976e+00
1.670232105628904548e-02 -1.174827000000000066e+00
1.672232383599717501e-02 -1.100335999999999981e+00
1.674232661570530453e-02 -1.037914000000000003e+00
1.676232939541343753e-02 -1.019485999999999892e+00
1.678233217512156705e-02 -1.058094000000000090e+00
1.680233495482969658e-02 -1.140047000000000033e+00
1.682233773453782957e-02 -1.218755999999999950e+00
1.684234051424595910e-02 -1.271574999999999900e+00
1.686234329395408862e-02 -1.206037999999999943e+00
1.688234607366222162e-02 -1.111043000000000003e+00
1.690234885337035114e-02 -1.065037000000000011e+00
1.692235163307848067e-02 -1.028764999999999930e+00
1.694235441278661367e-02 -1.032853000000000021e+00
1.696235719249474319e-02 -1.044013999999999998e+00
1.698235997220287272e-02 -1.015981999999999941e+00
1.700236275191100224e-02 -1.034993999999999970e+00
1.702236553161913524e-02 -1.119801999999999964e+00
1.704236831132726476e-02 -1.284292999999999907e+00
1.706237109103539429e-02 -1.378638999999999948e+00
1.708237387074352728e-02 -1.365985999999999922e+00
1.710237665045165681e-02 -1.188712999999999909e+00
1.712237943015978633e-02 -1.011570000000000080e+00
1.714238220986791933e-02 -8.697909999999999808e-01
1.716238498957604885e-02 -8.734239999999999782e-01
1.718238776928417838e-02 -9.532359999999999722e-01
1.720239054899231138e-02 -1.119866999999999946e+00
1.722239332870044090e-02 -1.338732999999999951e+00
1.724239610840857043e-02 -1.514903000000000111e+00
1.726239888811669995e-02 -1.605745999999999896e+00
1.728240166782483295e-02 -1.420361999999999902e+00
1.730240444753296247e-02 -1.022146999999999917e+00
1.732240722724109200e-02 -6.916090000000000293e-01
1.734241000694922499e-02 -5.463259999999999783e-01
1.736241278665735452e-02 -7.324880000000000280e-01
1.738241556636548404e-02 -1.051345999999999892e+00
1.740241834607361704e-02 -1.363909999999999956e+00
1.742242112578174656e-02 -1.554484999999999895e+00
1.744242390548987609e-02 -1.537029999999999896e+00
1.746242668519800909e-02 -1.372149999999999981e+00
1.748242946490613861e-02 -1.116753000000000107e+00
1.750243224461426814e-02 -8.703100000000000280e-01
1.752243502432239766e-02 -7.837499999999999467e-01
1.754243780403053066e-02 -8.614849999999999453e-01
1.756244058373866018e-02 -1.107863000000000042e+00
1.758244336344678971e-02 -1.348791000000000073e+00
1.760244614315492270e-02 -1.442293999999999965e+00
1.762244892286305223e-02 -1.368775999999999993e+00
1.764245170257118175e-02 -1.124473999999999974e+00
1.766245448227931475e-02 -9.416860000000000230e-01
1.768245726198744427e-02 -8.456519999999999593e-01
1.770246004169557380e-02 -9.989820000000000366e-01
1.772246282140370680e-02 -1.186765999999999988e+00
1.774246560111183632e-02 -1.303563999999999945e+00
1.776246838081996585e-02 -1.295323000000000002e+00
1.778247116052809537e-02 -1.186312000000000033e+00
1.780247394023622837e-02 -1.091641000000000084e+00
1.782247671994435789e-02 -1.037978999999999985e+00
1.784247949965248742e-02 -9.801640000000000352e-01
1.786248227936062041e-02 -1.029349000000000069e+00
1.788248505906874994e-02 -1.174177999999999944e+00
1.790248783877687946e-02 -1.365013000000000032e+00
1.792249061848501246e-02 -1.468833000000000055e+00
1.794249339819314198e-02 -1.405048000000000075e+00
1.796249617790127151e-02 -1.179694000000000020e+00
1.798249895760940451e-02 -8.998340000000000227e-01
1.800250173731753403e-02 -7.734320000000000084e-01
1.802250451702566356e-02 -8.326750000000000540e-01
1.804250729673379308e-02 -9.820459999999999745e-01
1.806251007644192608e-02 -1.195786000000000016e+00
1.808251285615005560e-02 -1.299671000000000021e+00
1.810251563585818513e-02 -1.298437999999999981e+00
1.812251841556631812e-02 -1.220442999999999945e+00
1.814252119527444765e-02 -1.139593000000000078e+00
1.816252397498257717e-02 -1.086904000000000092e+00
1.818252675469071017e-02 -1.072629000000000055e+00
1.820252953439883969e-02 -1.093263000000000096e+00
1.822253231410696922e-02 -1.171713000000000005e+00
1.824253509381510222e-02 -1.308561000000000085e+00
1.826253787352323174e-02 -1.414652000000000021e+00
1.828254065323136127e-02 -1.386554999999999982e+00
1.830254343293949079e-02 -1.218172000000000033e+00
1.832254621264762379e-02 -1.033566999999999902e+00
1.834254899235575331e-02 -9.536900000000000377e-01
1.836255177206388284e-02 -9.913250000000000117e-01
1.838255455177201583e-02 -1.065881000000000078e+00
1.840255733148014536e-02 -1.149715999999999960e+00
1.842256011118827488e-02 -1.207400999999999947e+00
1.844256289089640788e-02 -1.229786999999999964e+00
1.846256567060453740e-02 -1.282281000000000004e+00
1.848256845031266693e-02 -1.253989999999999938e+00
1.850257123002079993e-02 -1.129340999999999928e+00
1.852257400972892945e-02 -1.039795999999999943e+00
1.854257678943705898e-02 -9.486940000000000373e-01
1.856257956914518850e-02 -9.181970000000000409e-01
1.858258234885332150e-02 -9.353270000000000195e-01
1.860258512856145102e-02 -1.050113000000000074e+00
1.862258790826958055e-02 -1.176384000000000096e+00
1.864259068797771354e-02 -1.322187000000000001e+00
1.866259346768584307e-02 -1.409135999999999944e+00
1.868259624739397259e-02 -1.451378000000000057e+00
1.870259902710210559e-02 -1.375070000000000014e+00
1.872260180681023511e-02 -1.250226999999999977e+00
1.874260458651836464e-02 -1.115065999999999891e+00
1.876260736622649763e-02 -9.643319999999999670e-01
1.878261014593462716e-02 -8.956809999999999494e-01
1.880261292564275669e-02 -9.058680000000000065e-01
1.882261570535088621e-02 -1.032529000000000030e+00
1.884261848505901921e-02 -1.148417999999999939e+00
1.886262126476714873e-02 -1.228423999999999960e+00
1.888262404447527826e-02 -1.252887000000000084e+00
1.890262682418341125e-02 -1.187805000000000000e+00
1.892262960389154078e-02 -1.104619000000000018e+00
1.894263238359967030e-02 -1.024027999999999938e+00
1.896263516330780330e-02 -1.011959000000000053e+00
1.898263794301593282e-02 -1.081323999999999952e+00
1.900264072272406235e-02 -1.197278000000000064e+00
1.902264350243219534e-02 -1.263074000000000030e+00
1.904264628214032487e-02 -1.299541000000000057e+00
1.906264906184845440e-02 -1.259635000000000060e+00
1.908265184155658392e-02 -1.161979000000000095e+00
1.910265462126471692e-02 -1.078209999999999891e+00
1.912265740097284644e-02 -1.022535999999999889e+00
1.914266018068097597e-02 -1.031944999999999890e+00
1.916266296038910896e-02 -1.074834999999999985e+00
1.918266574009723849e-02 -1.205972999999999962e+00
1.920266851980536801e-02 -1.326923999999999992e+00
1.922267129951350101e-02 -1.349958999999999909e+00
1.924267407922163053e-02 -1.244776000000000105e+00
1.926267685892976006e-02 -1.043299999999999894e+00
1.928267963863789305e-02 -8.565530000000000088e-01
1.930268241834602258e-02 -8.036699999999999955e-01
1.932268519805415211e-02 -9.081390000000000295e-01
1.934268797776228163e-02 -1.061533000000000060e+00
1.936269075747041463e-02 -1.184106000000000103e+00
1.938269353717854415e-02 -1.278842000000000034e+00
1.940269631688667368e-02 -1.309274000000000049e+00
1.942269909659480667e-02 -1.277738999999999958e+00
1.944270187630293620e-02 -1.242051000000000016e+00
1.946270465601106572e-02 -1.186830999999999969e+00
1.948270743571919872e-02 -1.156463999999999936e+00
1.950271021542732824e-02 -1.189167000000000085e+00
1.952271299513545777e-02 -1.283060000000000089e+00
1.954271577484359076e-02 -1.348400999999999961e+00
1.956271855455172029e-02 -1.310961000000000043e+00
1.958272133425984982e-02 -1.158670000000000089e+00
1.960272411396797934e-02 -9.510300000000000420e-01
1.962272689367611234e-02 -8.244340000000000002e-01
1.964272967338424186e-02 -8.616800000000000015e-01
1.966273245309237139e-02 -1.015916999999999959e+00
1.968273523280050438e-02 -1.227386000000000088e+00
1.970273801250863391e-02 -1.349698999999999982e+00
1.972274079221676343e-02 -1.347817999999999961e+00
1.974274357192489643e-02 -1.241791000000000089e+00
1.976274635163302595e-02 -1.093782999999999950e+00
1.978274913134115548e-02 -9.562209999999999877e-01
1.980275191104928847e-02 -8.497400000000000508e-01
1.982275469075741800e-02 -8.446789999999999576e-01
1.984275747046554753e-02 -9.920390000000000041e-01
1.986276025017367705e-02 -1.243932000000000038e+00
1.988276302988181005e-02 -1.447743999999999920e+00
1.990276580958993957e-02 -1.511724000000000068e+00
1.992276858929806910e-02 -1.405826999999999938e+00
1.994277136900620209e-02 -1.201756000000000046e+00
1.996277414871433162e-02 -1.022535999999999889e+00
1.998277692842246114e-02 -9.405179999999999652e-01
2.000277970813059414e-02 -9.663429999999999520e-01
2.002278248783872366e-02 -1.007157999999999998e+00
2.004278526754685319e-02 -1.061013999999999902e+00
2.006278804725498618e-02 -1.076716999999999924e+00
2.008279082696311571e-02 -1.104619000000000018e+00
2.010279360667124524e-02 -1.103774999999999951e+00
2.012279638637937476e-02 -1.108835999999999933e+00
2.014279916608750776e-02 -1.094041999999999959e+00
2.016280194579563728e-02 -1.111885999999999930e+00
2.018280472550376681e-02 -1.149456000000000033e+00
2.020280750521189980e-02 -1.206233000000000111e+00
2.022281028492002933e-02 -1.235692000000000013e+00
2.024281306462815885e-02 -1.218172000000000033e+00
2.026281584433629185e-02 -1.154452000000000034e+00
2.028281862404442137e-02 -1.097545999999999911e+00
2.030282140375255090e-02 -1.067438000000000109e+00
2.032282418346068389e-02 -1.081777999999999906e+00
2.034282696316881342e-02 -1.113833000000000073e+00
2.036282974287694295e-02 -1.121229999999999949e+00
2.038283252258507247e-02 -1.095080000000000053e+00
2.040283530229320547e-02 -1.083205999999999891e+00
2.042283808200133499e-02 -1.100465999999999944e+00
2.044284086170946452e-02 -1.143291999999999975e+00
2.046284364141759751e-02 -1.180927000000000060e+00
2.048284642112572704e-02 -1.178849999999999953e+00
2.050284920083385656e-02 -1.152052000000000076e+00
2.052285198054198956e-02 -1.090019000000000071e+00
2.054285476025011908e-02 -1.043039999999999967e+00
2.056285753995824861e-02 -9.938559999999999617e-01
2.058286031966638160e-02 -9.907409999999999828e-01
2.060286309937451113e-02 -1.011570000000000080e+00
2.062286587908264066e-02 -1.132130999999999998e+00
2.064286865879077018e-02 -1.239780000000000104e+00
2.066287143849890318e-02 -1.332958000000000087e+00
2.068287421820703270e-02 -1.338993000000000100e+00
2.070287699791516223e-02 -1.267227000000000103e+00
2.072287977762329522e-02 -1.182549000000000072e+00
2.074288255733142475e-02 -1.085671999999999970e+00
2.076288533703955427e-02 -1.050761999999999974e+00
2.078288811674768727e-02 -1.077884999999999982e+00
2.080289089645581679e-02 -1.105917000000000039e+00
2.082289367616394632e-02 -1.156787999999999927e+00
2.084289645587207931e-02 -1.167883999999999922e+00
2.086289923558020884e-02 -1.130379000000000023e+00
2.088290201528833837e-02 -1.118570000000000064e+00
2.090290479499646789e-02 -1.068735999999999908e+00
2.092290757470460089e-02 -1.097221999999999920e+00
2.094291035441273041e-02 -1.152311000000000085e+00
2.096291313412085994e-02 -1.215900999999999899e+00
2.098291591382899293e-02 -1.262424999999999908e+00
2.100291869353712246e-02 -1.240882999999999958e+00
2.102292147324525198e-02 -1.148676999999999948e+00
2.104292425295338498e-02 -1.015139000000000014e+00
2.106292703266151450e-02 -9.281890000000000418e-01
2.108292981236964403e-02 -9.427240000000000064e-01
2.110293259207777702e-02 -1.032529000000000030e+00
2.112293537178590655e-02 -1.187675000000000036e+00
2.114293815149403608e-02 -1.299411000000000094e+00
2.116294093120216560e-02 -1.356707000000000107e+00
2.118294371091029860e-02 -1.348336999999999897e+00
2.120294649061842812e-02 -1.222779000000000060e+00
2.122294927032655765e-02 -1.044856999999999925e+00
2.124295205003469064e-02 -9.214409999999999545e-01
2.126295482974282017e-02 -8.953560000000000407e-01
2.128295760945094969e-02 -9.487590000000000190e-01
2.130296038915908269e-02 -1.079636999999999958e+00
2.132296316886721221e-02 -1.211098999999999926e+00
2.134296594857534174e-02 -1.273261999999999894e+00
2.136296872828347473e-02 -1.248863999999999974e+00
2.138297150799160426e-02 -1.171648000000000023e+00
2.140297428769973379e-02 -1.083271000000000095e+00
2.142297706740786331e-02 -1.042975999999999903e+00
2.144297984711599631e-02 -1.064518000000000075e+00
2.146298262682412583e-02 -1.115065999999999891e+00
2.148298540653225536e-02 -1.211294000000000093e+00
2.150298818624038835e-02 -1.254704000000000041e+00
2.152299096594851788e-02 -1.260283999999999960e+00
2.154299374565664740e-02 -1.175022000000000011e+00
2.156299652536478040e-02 -1.050632000000000010e+00
2.158299930507290992e-02 -9.377280000000000060e-01
2.160300208478103945e-02 -8.775770000000000515e-01
2.162300486448917244e-02 -9.298119999999999719e-01
2.164300764419730197e-02 -1.046804000000000068e+00
2.166301042390543150e-02 -1.170155000000000056e+00
2.168301320361356102e-02 -1.250485999999999986e+00
2.170301598332169402e-02 -1.257298999999999944e+00
2.172301876302982354e-02 -1.200004000000000071e+00
2.174302154273795307e-02 -1.124149999999999983e+00
2.176302432244608606e-02 -1.034216000000000024e+00
2.178302710215421559e-02 -9.863939999999999930e-01
2.180302988186234511e-02 -9.836679999999999868e-01
2.182303266157047811e-02 -1.040380000000000082e+00
2.184303544127860763e-02 -1.120581000000000049e+00
2.186303822098673716e-02 -1.166911000000000032e+00
2.188304100069487015e-02 -1.197343000000000046e+00
2.190304378040299968e-02 -1.186053000000000024e+00
2.192304656011112921e-02 -1.152246000000000103e+00
2.194304933981925873e-02 -1.133040000000000047e+00
2.196305211952739173e-02 -1.119672999999999918e+00
2.198305489923552125e-02 -1.101957999999999993e+00
2.200305767894365078e-02 -1.083464999999999900e+00
2.202306045865178377e-02 -1.059133000000000102e+00
2.204306323835991330e-02 -1.054785000000000084e+00
2.206306601806804282e-02 -1.046739000000000086e+00
2.208306879777617582e-02 -1.040249999999999897e+00
2.210307157748430534e-02 -1.069059999999999899e+00
2.212307435719243487e-02 -1.116168999999999967e+00
2.214307713690056786e-02 -1.182614000000000054e+00
2.216307991660869739e-02 -1.209996000000000071e+00
2.218308269631682692e-02 -1.226347999999999994e+00
2.220308547602495644e-02 -1.202145000000000019e+00
2.222308825573308944e-02 -1.162498999999999949e+00
2.224309103544121896e-02 -1.130832999999999977e+00
2.226309381514934849e-02 -1.113963000000000036e+00
2.228309659485748148e-02 -1.086060999999999943e+00
2.230309937456561101e-02 -1.068216999999999972e+00
2.232310215427374053e-02 -1.059846000000000066e+00
2.234310493398187353e-02 -1.063674999999999926e+00
2.236310771369000305e-02 -1.079118000000000022e+00
2.238311049339813258e-02 -1.104228999999999905e+00
2.240311327310626557e-02 -1.123696000000000028e+00
2.242311605281439510e-02 -1.131223000000000090e+00
2.244311883252252462e-02 -1.138814999999999911e+00
2.246312161223065415e-02 -1.131936000000000053e+00
2.248312439193878715e-02 -1.125901999999999958e+00
2.250312717164691667e-02 -1.089564999999999895e+00
2.252312995135504620e-02 -1.041808000000000067e+00
2.254313273106317919e-02 -1.019161999999999901e+00
2.256313551077130872e-02 -1.059457000000000093e+00
2.258313829047943824e-02 -1.132910000000000084e+00
2.260314107018757124e-02 -1.186830999999999969e+00
2.262314384989570076e-02 -1.222649000000000097e+00
2.264314662960383029e-02 -1.176579000000000041e+00
2.266314940931196328e-02 -1.122462999999999989e+00
2.268315218902009281e-02 -1.078599000000000085e+00
2.270315496872822233e-02 -1.047452999999999967e+00
2.272315774843635186e-02 -1.085347000000000062e+00
2.274316052814448486e-02 -1.118505000000000082e+00
2.276316330785261438e-02 -1.175475999999999965e+00
2.278316608756074391e-02 -1.186182000000000070e+00
2.280316886726887690e-02 -1.169766000000000084e+00
2.282317164697700643e-02 -1.119996999999999909e+00
2.284317442668513595e-02 -1.026040000000000063e+00
2.286317720639326895e-02 -9.585569999999999924e-01
2.288317998610139847e-02 -9.423350000000000337e-01
2.290318276580952800e-02 -9.993060000000000276e-01
2.292318554551766099e-02 -1.141021000000000063e+00
2.294318832522579052e-02 -1.262489999999999890e+00
2.296319110493392004e-02 -1.309663999999999939e+00
2.298319388464204957e-02 -1.228423999999999960e+00
2.300319666435018257e-02 -1.119801999999999964e+00
2.302319944405831209e-02 -1.013646000000000047e+00
2.304320222376644162e-02 -9.714690000000000270e-01
2.306320500347457461e-02 -1.012607999999999953e+00
2.308320778318270414e-02 -1.070618000000000070e+00
2.310321056289083366e-02 -1.163796000000000053e+00
2.312321334259896666e-02 -1.231668999999999903e+00
2.314321612230709618e-02 -1.265409999999999924e+00
2.316321890201522571e-02 -1.244776000000000105e+00
2.318322168172335870e-02 -1.166846000000000050e+00
2.320322446143148823e-02 -1.052448999999999968e+00
2.322322724113961775e-02 -9.890539999999999887e-01
2.324323002084774728e-02 -9.894429999999999614e-01
2.326323280055588028e-02 -1.059457000000000093e+00
2.328323558026400980e-02 -1.128692000000000029e+00
2.330323835997213933e-02 -1.167040999999999995e+00
2.332324113968027232e-02 -1.121618999999999922e+00
2.334324391938840185e-02 -1.068735999999999908e+00
2.336324669909653137e-02 -1.022535999999999889e+00
2.338324947880466437e-02 -1.028699999999999948e+00
2.340325225851279389e-02 -1.039795999999999943e+00
2.342325503822092342e-02 -1.088592000000000004e+00
2.344325781792905641e-02 -1.120581000000000049e+00
2.346326059763718594e-02 -1.162692999999999977e+00
2.348326337734531546e-02 -1.188323999999999936e+00
2.350326615705344499e-02 -1.182743000000000100e+00
2.352326893676157799e-02 -1.132001000000000035e+00
2.354327171646970751e-02 -1.091317000000000093e+00
2.356327449617783704e-02 -1.035643000000000091e+00
2.358327727588597003e-02 -1.029997999999999969e+00
2.360328005559409956e-02 -1.072044999999999915e+00
2.362328283530222908e-02 -1.118114999999999970e+00
2.364328561501036208e-02 -1.105656999999999890e+00
2.366328839471849160e-02 -1.087229000000000001e+00
2.368329117442662113e-02 -1.068346999999999936e+00
2.370329395413475412e-02 -1.057055999999999996e+00
2.372329673384288365e-02 -1.063609999999999944e+00
2.374329951355101317e-02 -1.062700999999999896e+00
2.376330229325914270e-02 -1.074381000000000030e+00
2.378330507296727570e-02 -1.069709000000000021e+00
2.380330785267540522e-02 -1.071137000000000006e+00
2.382331063238353475e-02 -1.090149000000000035e+00
2.384331341209166774e-02 -1.071460999999999997e+00
2.386331619179979727e-02 -1.084179000000000004e+00
2.388331897150792679e-02 -1.084438999999999931e+00
2.390332175121605979e-02 -1.085477000000000025e+00
2.392332453092418931e-02 -1.125577000000000050e+00
2.394332731063231884e-02 -1.151921999999999890e+00
2.396333009034045183e-02 -1.160552000000000028e+00
2.398333287004858136e-02 -1.152246000000000103e+00
2.400333564975671088e-02 -1.128238000000000074e+00
2.402333842946484041e-02 -1.087488000000000010e+00
2.404334120917297341e-02 -1.048102000000000089e+00
2.406334398888110293e-02 -1.019940000000000069e+00
2.408334676858923246e-02 -1.015852999999999895e+00
2.410334954829736545e-02 -9.863290000000000113e-01
2.412335232800549498e-02 -1.021044000000000063e+00
2.414335510771362450e-02 -1.009104000000000001e+00
2.416335788742175750e-02 -1.010337000000000041e+00
2.418336066712988702e-02 -1.148547999999999902e+00
2.420336344683801655e-02 -1.079831999999999903e+00
2.422336622654614954e-02 -1.164705000000000101e+00
2.424336900625427907e-02 -1.124668999999999919e+00
2.426337178596240859e-02 -1.077690000000000037e+00
2.428337456567053812e-02 -9.058680000000000065e-01
2.430337734537867111e-02 -1.018383000000000038e+00
2.432338012508680064e-02 -1.036097000000000046e+00
2.434338290479493017e-02 -1.057639999999999914e+00
2.436338568450306316e-02 -1.177488000000000090e+00
2.438338846421119269e-02 -1.029608999999999996e+00
2.440339124391932221e-02 -1.125642000000000031e+00
2.442339402362745521e-02 -1.263139000000000012e+00
2.444339680333558473e-02 -1.148937000000000097e+00
2.446339958304371426e-02 -1.069903999999999966e+00
2.448340236275184725e-02 -1.015592999999999968e+00
2.450340514245997678e-02 -9.022339999999999804e-01
2.452340792216810630e-02 -9.256590000000000096e-01
2.454341070187623583e-02 -1.010272000000000059e+00
2.456341348158436882e-02 -1.074316000000000049e+00
2.458341626129249835e-02 -1.183197999999999972e+00
2.460341904100062788e-02 -1.196628999999999943e+00
2.462342182070876087e-02 -1.074575999999999976e+00
2.464342460041689040e-02 -9.792560000000000153e-01
2.466342738012501992e-02 -9.801640000000000352e-01
2.468343015983315292e-02 -1.020199999999999996e+00
2.470343293954128244e-02 -1.146212000000000009e+00
2.472343571924941197e-02 -1.172490999999999950e+00
2.474343849895754496e-02 -1.160033000000000092e+00
2.476344127866567449e-02 -1.147769000000000039e+00
2.478344405837380401e-02 -1.147315000000000085e+00
2.480344683808193354e-02 -1.119737999999999900e+00
2.482344961779006653e-02 -1.059067999999999898e+00
2.484345239749819606e-02 -9.591410000000000213e-01
2.486345517720632559e-02 -9.682899999999999840e-01
2.488345795691445858e-02 -1.062766000000000099e+00
2.490346073662258811e-02 -1.156917999999999891e+00
2.492346351633071763e-02 -1.195721000000000034e+00
2.494346629603885063e-02 -1.124603999999999937e+00
2.496346907574698015e-02 -1.061857999999999969e+00
2.498347185545510968e-02 -1.013452000000000019e+00
2.500347463516324267e-02 -1.049789000000000083e+00
2.502347741487137220e-02 -1.035188999999999915e+00
2.504348019457950172e-02 -1.047128000000000059e+00
2.506348297428763125e-02 -1.042521000000000031e+00
2.508348575399576424e-02 -1.083271000000000095e+00
2.510348853370389377e-02 -1.164444999999999952e+00
2.512349131341202330e-02 -1.173270000000000035e+00
2.514349409312015629e-02 -1.119283000000000028e+00
2.516349687282828582e-02 -1.053422000000000081e+00
2.518349965253641534e-02 -1.039277000000000006e+00
2.520350243224454834e-02 -1.066724000000000006e+00
2.522350521195267786e-02 -1.145693000000000072e+00
2.524350799166080739e-02 -1.170998999999999901e+00
2.526351077136894038e-02 -1.131871999999999989e+00
2.528351355107706991e-02 -1.083140999999999909e+00
2.530351633078519943e-02 -1.030386999999999942e+00
2.532351911049332896e-02 -1.004950999999999928e+00
2.534352189020146195e-02 -9.895730000000000359e-01
2.536352466990959148e-02 -9.814619999999999456e-01
2.538352744961772101e-02 -1.031684999999999963e+00
2.540353022932585400e-02 -1.075614000000000070e+00
2.542353300903398353e-02 -1.148871999999999893e+00
2.544353578874211305e-02 -1.171842000000000050e+00
2.546353856845024605e-02 -1.139528000000000096e+00
2.548354134815837557e-02 -1.100076999999999972e+00
2.550354412786650510e-02 -1.033762000000000070e+00
2.552354690757463809e-02 -1.026558999999999999e+00
2.554354968728276762e-02 -1.039341999999999988e+00
2.556355246699089714e-02 -1.063350000000000017e+00
2.558355524669902667e-02 -1.072175000000000100e+00
2.560355802640715966e-02 -1.087943000000000104e+00
2.562356080611528919e-02 -1.108707000000000109e+00
2.564356358582341872e-02 -1.134208000000000105e+00
2.566356636553155171e-02 -1.127134999999999998e+00
2.568356914523968124e-02 -1.116687999999999903e+00
2.570357192494781076e-02 -1.092939000000000105e+00
2.572357470465594376e-02 -1.102541999999999911e+00
2.574357748436407328e-02 -1.083984999999999976e+00
2.576358026407220281e-02 -1.084179000000000004e+00
2.578358304378033580e-02 -1.055887999999999938e+00
2.580358582348846533e-02 -1.044013999999999998e+00
2.582358860319659485e-02 -1.070162999999999975e+00
2.584359138290472438e-02 -1.087943000000000104e+00
2.586359416261285737e-02 -1.107148999999999939e+00
2.588359694232098690e-02 -1.111431999999999976e+00
2.590359972202911643e-02 -1.116687999999999903e+00
2.592360250173724942e-02 -1.113963000000000036e+00
2.594360528144537895e-02 -1.128757000000000010e+00
2.596360806115350847e-02 -1.134792000000000023e+00
2.598361084086164147e-02 -1.127005000000000035e+00
2.600361362056977099e-02 -1.117272000000000043e+00
2.602361640027790052e-02 -1.109874999999999945e+00
2.604361917998603351e-02 -1.095404999999999962e+00
2.606362195969416304e-02 -1.068800999999999890e+00
2.608362473940229256e-02 -1.013905999999999974e+00
2.610362751911042209e-02 -1.004822000000000104e+00
2.612363029881855508e-02 -1.019681000000000060e+00
2.614363307852668461e-02 -1.086580000000000101e+00
2.616363585823481414e-02 -1.139528000000000096e+00
2.618363863794294713e-02 -1.192021999999999915e+00
2.620364141765107666e-02 -1.193254999999999955e+00
2.622364419735920618e-02 -1.179110000000000102e+00
2.624364697706733918e-02 -1.133494000000000002e+00
2.626364975677546870e-02 -1.081258999999999970e+00
2.628365253648359823e-02 -1.017214999999999980e+00
2.630365531619173122e-02 -9.985920000000000352e-01
2.632365809589986075e-02 -1.008715000000000028e+00
2.634366087560799027e-02 -1.074834999999999985e+00
2.636366365531611980e-02 -1.130249000000000059e+00
2.638366643502425279e-02 -1.142967000000000066e+00
2.640366921473238232e-02 -1.135375999999999941e+00
2.642367199444051185e-02 -1.124214999999999964e+00
2.644367477414864484e-02 -1.103904999999999914e+00
2.646367755385677437e-02 -1.097545999999999911e+00
2.648368033356490389e-02 -1.112470000000000070e+00
2.650368311327303689e-02 -1.079831999999999903e+00
2.652368589298116641e-02 -1.081193999999999988e+00
2.654368867268929594e-02 -1.091056999999999944e+00
2.656369145239742893e-02 -1.089239999999999986e+00
2.658369423210555846e-02 -1.076521999999999979e+00
2.660369701181368798e-02 -1.040315000000000101e+00
2.662369979152181751e-02 -1.029025000000000079e+00
2.664370257122995050e-02 -1.058224000000000053e+00
2.666370535093808003e-02 -1.121683999999999903e+00
2.668370813064620956e-02 -1.176060000000000105e+00
2.670371091035434255e-02 -1.184755000000000003e+00
2.672371369006247208e-02 -1.151272999999999991e+00
2.674371646977060160e-02 -1.104228999999999905e+00
2.676371924947873460e-02 -1.050243000000000038e+00
2.678372202918686412e-02 -1.034281000000000006e+00
2.680372480889499365e-02 -1.007546999999999970e+00
2.682372758860312664e-02 -1.003328999999999915e+00
2.684373036831125617e-02 -1.040315000000000101e+00
2.686373314801938569e-02 -1.078534000000000104e+00
2.688373592772751522e-02 -1.136608000000000063e+00
2.690373870743564821e-02 -1.124214999999999964e+00
2.692374148714377774e-02 -1.094495999999999913e+00
2.694374426685190727e-02 -1.063026000000000026e+00
2.696374704656004026e-02 -1.034281000000000006e+00
2.698374982626816979e-02 -1.045571000000000028e+00
2.700375260597629931e-02 -1.082297000000000065e+00
2.702375538568443231e-02 -1.111172000000000049e+00
2.704375816539256183e-02 -1.123825999999999992e+00
2.706376094510069136e-02 -1.110394000000000103e+00
2.708376372480882435e-02 -1.122203000000000062e+00
2.710376650451695388e-02 -1.090862999999999916e+00
2.712376928422508340e-02 -1.075290000000000079e+00
2.714377206393321293e-02 -1.041808000000000067e+00
2.716377484364134592e-02 -1.038562999999999903e+00
2.718377762334947545e-02 -1.052967999999999904e+00
2.720378040305760498e-02 -1.112729999999999997e+00
2.722378318276573797e-02 -1.110328999999999899e+00
2.724378596247386750e-02 -1.110652999999999890e+00
2.726378874218199702e-02 -1.061274000000000051e+00
2.728379152189013002e-02 -1.050437999999999983e+00
2.730379430159825954e-02 -1.034799999999999942e+00
2.732379708130638907e-02 -1.035188999999999915e+00
2.734379986101452206e-02 -1.035578000000000110e+00
2.736380264072265159e-02 -1.057380999999999904e+00
2.738380542043078111e-02 -1.080286000000000080e+00
2.740380820013891064e-02 -1.120451000000000086e+00
2.742381097984704363e-02 -1.111885999999999930e+00
2.744381375955517316e-02 -1.135440000000000005e+00
2.746381653926330269e-02 -1.108187999999999951e+00
2.748381931897143568e-02 -1.106370999999999993e+00
2.750382209867956521e-02 -1.103839999999999932e+00
2.752382487838769473e-02 -1.101439000000000057e+00
2.754382765809582773e-02 -1.055693999999999910e+00
2.756383043780395725e-02 -1.056926000000000032e+00
2.758383321751208678e-02 -1.042780999999999958e+00
2.760383599722021977e-02 -1.066140000000000088e+00
2.762383877692834930e-02 -1.087099000000000038e+00
2.764384155663647882e-02 -1.093847000000000014e+00
2.766384433634460835e-02 -1.081323999999999952e+00
2.768384711605274134e-02 -1.076457999999999915e+00
2.770384989576087087e-02 -1.074575999999999976e+00
2.772385267546900040e-02 -1.079701999999999940e+00
2.774385545517713339e-02 -1.061209000000000069e+00
2.776385823488526292e-02 -1.045636000000000010e+00
2.778386101459339244e-02 -1.053033000000000108e+00
2.780386379430152544e-02 -1.068151999999999990e+00
2.782386657400965496e-02 -1.099363000000000090e+00
2.784386935371778449e-02 -1.102737000000000078e+00
2.786387213342591748e-02 -1.093847000000000014e+00
2.788387491313404701e-02 -1.072824000000000000e+00
2.790387769284217653e-02 -1.071525999999999978e+00
2.792388047255030606e-02 -1.106630000000000003e+00
2.794388325225843905e-02 -1.117466999999999988e+00
2.796388603196656858e-02 -1.117207000000000061e+00
2.798388881167469810e-02 -1.109485000000000054e+00
2.800389159138283110e-02 -1.113053999999999988e+00
2.802389437109096063e-02 -1.090084000000000053e+00
2.804389715079909015e-02 -1.053228000000000053e+00
2.806389993050722315e-02 -1.013452000000000019e+00
2.808390271021535267e-02 -9.917139999999999844e-01
2.810390548992348220e-02 -1.029025000000000079e+00
2.812390826963161519e-02 -1.055822999999999956e+00
2.814391104933974472e-02 -1.081453999999999915e+00
2.816391382904787424e-02 -1.102802000000000060e+00
2.818391660875600377e-02 -1.129340999999999928e+00
2.820391938846413676e-02 -1.096961999999999993e+00
2.822392216817226629e-02 -1.072175000000000100e+00
2.824392494788039581e-02 -1.065750999999999893e+00
2.826392772758852881e-02 -1.066659999999999942e+00
2.828393050729665834e-02 -1.076781999999999906e+00
2.830393328700478786e-02 -1.098454000000000041e+00
2.832393606671292086e-02 -1.109550000000000036e+00
2.834393884642105038e-02 -1.099298000000000108e+00
2.836394162612917991e-02 -1.072240000000000082e+00
2.838394440583731290e-02 -1.070422999999999902e+00
2.840394718554544243e-02 -1.044143999999999961e+00
2.842394996525357195e-02 -1.048295999999999895e+00
2.844395274496170148e-02 -1.061792999999999987e+00
2.846395552466983447e-02 -1.070488000000000106e+00
2.848395830437796400e-02 -1.094106999999999941e+00
2.850396108408609352e-02 -1.088201999999999892e+00
2.852396386379422652e-02 -1.073603000000000085e+00
2.854396664350235605e-02 -1.034669999999999979e+00
2.856396942321048557e-02 -9.891189999999999705e-01
2.858397220291861857e-02 -9.546639999999999571e-01
2.860397498262674809e-02 -9.634880000000000111e-01
2.862397776233487762e-02 -1.012996999999999925e+00
2.864398054204301061e-02 -1.064194000000000084e+00
2.866398332175114014e-02 -1.101439000000000057e+00
2.868398610145926966e-02 -1.122462999999999989e+00
2.870398888116739919e-02 -1.117596000000000034e+00
2.872399166087553218e-02 -1.132455999999999907e+00
2.874399444058366171e-02 -1.075353999999999921e+00
2.876399722029179123e-02 -1.062831000000000081e+00
