# time(s), 	 	 acceleration(g)
0.000000000000000000e+00 6.143844999999999779e+00
2.000277970813059281e-05 6.365046999999999677e+00
4.000555941626118562e-05 6.610191999999999624e+00
6.000833912439177504e-05 6.844242000000000381e+00
8.001111883252237124e-05 7.105025000000000368e+00
1.000138985406529674e-04 7.382808999999999955e+00
1.200166782487835501e-04 7.680124000000000173e+00
1.400194579569141598e-04 7.997748999999999775e+00
1.600222376650447425e-04 8.341848000000000596e+00
1.800250173731753251e-04 8.711966999999999572e+00
2.000277970813059349e-04 9.108169999999999433e+00
2.200305767894365175e-04 9.530070000000000263e+00
2.400333564975671002e-04 9.963907999999999987e+00
2.600361362056977099e-04 1.045666399999999996e+01
2.800389159138283197e-04 1.099211700000000036e+01
3.000416956219588752e-04 1.158979700000000079e+01
3.200444753300894850e-04 1.224204699999999946e+01
3.400472550382200947e-04 1.298806000000000083e+01
3.600500347463506503e-04 1.379415799999999948e+01
3.800528144544812600e-04 1.478239600000000031e+01
4.000555941626118698e-04 1.577621500000000054e+01
4.200583738707424253e-04 1.702030500000000046e+01
4.400611535788730351e-04 1.830332699999999946e+01
4.600639332870036448e-04 1.987029799999999824e+01
4.800667129951342003e-04 2.175210300000000174e+01
5.000694927032648101e-04 2.371462899999999863e+01
5.200722724113954198e-04 2.644438500000000047e+01
5.400750521195260296e-04 2.978882199999999969e+01
5.600778318276566393e-04 3.431323900000000293e+01
5.800806115357871407e-04 4.112137599999999793e+01
6.000833912439177504e-04 5.166645499999999913e+01
6.200861709520483602e-04 6.991972599999999716e+01
6.400889506601789699e-04 9.814395000000000380e+01
6.600917303683095797e-04 1.413351480000000038e+02
6.800945100764401894e-04 1.988517769999999985e+02
7.000972897845707992e-04 2.706086369999999874e+02
7.201000694927013005e-04 3.506399650000000179e+02
7.401028492008319103e-04 4.269634209999999825e+02
7.601056289089625200e-04 4.854051509999999894e+02
7.801084086170931298e-04 5.136192529999999579e+02
8.001111883252237395e-04 5.068100779999999759e+02
8.201139680333543493e-04 4.719934680000000071e+02
8.401167477414848506e-04 4.232293990000000008e+02
8.601195274496154604e-04 3.724085220000000049e+02
8.801223071577460701e-04 3.224559709999999768e+02
9.001250868658766799e-04 2.781668750000000045e+02
9.201278665740072896e-04 2.356708820000000060e+02
9.401306462821378994e-04 1.865323469999999872e+02
9.601334259902684007e-04 1.332845440000000110e+02
9.801362056983990104e-04 8.200309500000000185e+01
1.000138985406529620e-03 3.976301899999999989e+01
1.020141765114660230e-03 7.908203999999999567e+00
1.040144544822790840e-03 -7.573977000000000182e+00
1.060147324530921449e-03 -1.015085900000000052e+01
1.080150104239052059e-03 -3.385613000000000206e+00
1.100152883947182669e-03 1.913122800000000012e+01
1.120155663655313279e-03 4.176123299999999716e+01
1.140158443363443888e-03 6.114212100000000305e+01
1.160161223071574281e-03 7.621849500000000432e+01
1.180164002779704891e-03 6.701594099999999798e+01
1.200166782487835501e-03 5.154225999999999885e+01
1.220169562195966111e-03 2.042534600000000111e+01
1.240172341904096720e-03 -8.490774000000000044e+00
1.260175121612227330e-03 -3.234832300000000060e+01
1.280177901320357940e-03 -5.181058000000000163e+01
1.300180681028488550e-03 -4.964391799999999932e+01
1.320183460736619159e-03 -3.664115600000000228e+01
1.340186240444749769e-03 -1.484846100000000035e+01
1.360189020152880379e-03 1.050552500000000045e+01
1.380191799861010989e-03 2.113956400000000002e+01
1.400194579569141598e-03 3.995599500000000148e+01
1.420197359277271991e-03 3.298518500000000131e+01
1.440200138985402601e-03 1.964695499999999839e+01
1.460202918693533211e-03 1.790796699999999930e+01
1.480205698401663821e-03 6.224435999999999858e+00
1.500208478109794430e-03 4.220706999999999987e+00
1.520211257817925040e-03 4.878341999999999956e+00
1.540214037526055650e-03 8.599126999999999299e+00
1.560216817234186260e-03 1.043609499999999990e+01
1.580219596942316869e-03 8.640655000000000641e+00
1.600222376650447479e-03 7.790173000000000236e+00
1.620225156358578089e-03 -3.059900000000000120e-02
1.640227936066708699e-03 -5.604898000000000380e+00
1.660230715774839308e-03 5.427096999999999838e+00
1.680233495482969701e-03 1.087025799999999975e+01
1.700236275191100311e-03 8.067437999999999221e+00
1.720239054899230921e-03 6.828992999999999647e+00
1.740241834607361530e-03 3.058764000000000038e+00
1.760244614315492140e-03 -1.416123699999999985e+01
1.780247394023622750e-03 -1.126329199999999986e+01
1.800250173731753360e-03 -3.096952599999999833e+01
1.820252953439883969e-03 -4.014612499999999784e+01
1.840255733148014579e-03 -2.372547399999999840e+01
1.860258512856145189e-03 -2.181219899999999967e+01
1.880261292564275799e-03 1.196504200000000040e+01
1.900264072272406408e-03 2.765668000000000148e+01
1.920266851980536801e-03 3.222684399999999982e+01
1.940269631688667411e-03 5.790513800000000089e+01
1.960272411396798021e-03 3.322974599999999867e+01
1.980275191104928847e-03 3.167121099999999956e+01
2.000277970813059240e-03 1.868240099999999870e+01
2.020280750521190067e-03 -1.548312699999999964e+01
2.040283530229320460e-03 -1.500023299999999971e+01
2.060286309937450853e-03 -2.469482999999999961e+01
2.080289089645581679e-03 -3.053380599999999845e+01
2.100291869353712072e-03 -1.989159000000000077e+01
2.120294649061842899e-03 -1.894475100000000012e+01
2.140297428769973292e-03 -1.570642000000000094e+00
2.160300208478104118e-03 -1.035830400000000040e+01
2.180302988186234511e-03 -3.430329999999999768e-01
2.200305767894365338e-03 4.905011000000000010e+00
2.220308547602495731e-03 -7.461787000000000170e+00
2.240311327310626557e-03 2.590589999999999837e-01
2.260314107018756950e-03 -8.644557999999999964e+00
2.280316886726887777e-03 -4.698229999999999906e-01
2.300319666435018170e-03 1.060680000000000067e+00
2.320322446143148563e-03 7.488834999999999908e+00
2.340325225851279389e-03 3.746703000000000117e+00
2.360328005559409782e-03 4.097930000000000184e-01
2.380330785267540609e-03 8.025650999999999868e+00
2.400333564975671002e-03 -3.193416000000000032e+00
2.420336344683801828e-03 8.069578999999999169e+00
2.440339124391932221e-03 1.624152399999999830e+01
2.460341904100063048e-03 7.187230000000000008e-01
2.480344683808193441e-03 1.281435500000000083e+01
2.500347463516324267e-03 -2.112388000000000154e+00
2.520350243224454660e-03 -7.869735000000000369e+00
2.540353022932585487e-03 -1.637416299999999936e+01
2.560355802640715880e-03 -2.105496000000000123e+01
2.580358582348846273e-03 -2.604760699999999929e+01
2.600361362056977099e-03 -2.529380799999999851e+01
2.620364141765107492e-03 -1.271223200000000020e+01
2.640366921473238319e-03 -3.028601000000000099e+00
2.660369701181368712e-03 1.706701000000000024e+00
2.680372480889499538e-03 6.290620999999999796e+00
2.700375260597629931e-03 1.327043999999999890e+00
2.720378040305760758e-03 1.000723999999999947e+00
2.740380820013891151e-03 4.896706000000000003e+00
2.760383599722021977e-03 5.489972999999999992e+00
2.780386379430152370e-03 8.136153999999999442e+00
2.800389159138283197e-03 4.548000000000000043e+00
2.820391938846413590e-03 7.155117999999999867e+00
2.840394718554543983e-03 6.475551000000000279e+00
2.860397498262674809e-03 2.496500000000000108e-01
2.880400277970805202e-03 -4.475788999999999795e+00
2.900403057678936029e-03 -4.503365999999999758e+00
2.920405837387066422e-03 -1.303816199999999981e+01
2.940408617095197248e-03 -1.080641800000000075e+01
2.960411396803327641e-03 -4.097559000000000395e+00
2.980414176511458468e-03 -5.334705999999999726e+00
3.000416956219588861e-03 -6.874100000000000321e+00
3.020419735927719687e-03 -8.113258000000000081e+00
3.040422515635850080e-03 -1.242607699999999937e+01
3.060425295343980907e-03 -2.131983100000000064e+01
3.080428075052111300e-03 -1.021373499999999979e+01
3.100430854760241692e-03 -7.972971000000000252e+00
3.120433634468372519e-03 -1.228540100000000024e+01
3.140436414176502912e-03 4.036685000000000301e+00
3.160439193884633739e-03 1.197834399999999988e+01
3.180441973592764131e-03 1.383042999999999978e+01
3.200444753300894958e-03 1.733754000000000062e+01
3.220447533009025351e-03 1.433259499999999953e+01
3.240450312717156178e-03 2.076626000000000083e+00
3.260453092425286570e-03 -8.815499999999999725e-02
3.280455872133417397e-03 2.852089999999999903e-01
3.300458651841547790e-03 -8.757980999999999128e+00
3.320461431549678617e-03 -7.790117999999999654e+00
3.340464211257809009e-03 -8.531140000000000390e-01
3.360466990965939402e-03 -1.243061999999999934e+01
3.380469770674070229e-03 -7.264399000000000051e+00
3.400472550382200622e-03 -8.219155000000000655e+00
3.420475330090331448e-03 -1.703458900000000042e+01
3.440478109798461841e-03 -1.675739000000000090e+01
3.460480889506592668e-03 -1.318506799999999934e+01
3.480483669214723061e-03 -8.512966000000000477e+00
3.500486448922853887e-03 -1.309339000000000031e+00
3.520489228630984280e-03 9.854637000000000313e+00
3.540492008339115107e-03 9.218543999999999627e+00
3.560494788047245500e-03 7.775768000000000235e+00
3.580497567755376326e-03 7.138702000000000325e+00
3.600500347463506719e-03 -2.291152999999999995e+00
3.620503127171637112e-03 -4.390915999999999819e+00
3.640505906879767939e-03 -3.300869000000000053e+00
3.660508686587898332e-03 -9.352351999999999776e+00
3.680511466296029158e-03 -2.271037999999999890e+00
3.700514246004159551e-03 4.774263000000000368e+00
3.720517025712290378e-03 7.709907000000000288e+00
3.740519805420420771e-03 6.320987999999999829e+00
3.760522585128551597e-03 2.008039000000000129e+00
3.780525364836681990e-03 -4.135778000000000176e+00
3.800528144544812817e-03 -1.151051299999999955e+01
3.820530924252943210e-03 -7.799331999999999709e+00
3.840533703961073603e-03 -1.235269000000000084e+01
3.860536483669204429e-03 -1.483061700000000016e+01
3.880539263377334822e-03 -8.549108000000000374e+00
3.900542043085465649e-03 -1.168110300000000024e+01
3.920544822793596042e-03 -3.416174999999999962e+00
3.940547602501726435e-03 3.185944000000000109e+00
3.960550382209857695e-03 1.439688999999999997e+00
3.980553161917988088e-03 7.993790999999999869e+00
4.000555941626118481e-03 1.038814299999999946e+01
4.020558721334248874e-03 8.169700999999999880e+00
4.040561501042380134e-03 9.924910999999999817e+00
4.060564280750510527e-03 6.431103000000000236e+00
4.080567060458640920e-03 -3.076941999999999844e+00
4.100569840166771313e-03 -4.990348000000000006e+00
4.120572619874901706e-03 -3.754952999999999985e+00
4.140575399583032966e-03 -8.232196999999999321e+00
4.160578179291163359e-03 -5.163014000000000436e+00
4.180580958999293752e-03 -3.313521999999999856e+00
4.200583738707424145e-03 -8.792306999999999206e+00
4.220586518415555405e-03 -5.031356999999999857e+00
4.240589298123685798e-03 -1.033501999999999921e+00
4.260592077831816191e-03 -3.735551000000000066e+00
4.280594857539946584e-03 -2.454930000000000057e+00
4.300597637248077844e-03 1.804097999999999979e+00
4.320600416956208237e-03 -2.925883999999999929e+00
4.340603196664338630e-03 -4.342899000000000065e+00
4.360605976372469023e-03 3.362048999999999843e+00
4.380608756080599415e-03 -7.480609999999999760e-01
4.400611535788730676e-03 -1.298437999999999981e+00
4.420614315496861069e-03 4.119741000000000319e+00
4.440617095204991462e-03 5.205560000000000187e-01
4.460619874913121854e-03 2.098686999999999969e+00
4.480622654621253115e-03 6.215156999999999599e+00
4.500625434329383508e-03 7.847779999999999756e-01
4.520628214037513901e-03 -4.582205000000000084e+00
4.540630993745644294e-03 -3.513571000000000222e+00
4.560633773453775554e-03 -4.865503999999999607e+00
4.580636553161905947e-03 -8.450680000000000414e-01
4.600639332870036340e-03 4.162308000000000341e+00
4.620642112578166733e-03 8.608919999999999906e-01
4.640644892286297125e-03 -5.572270000000000278e-01
4.660647671994428386e-03 -1.312399999999999956e-01
4.680650451702558779e-03 -6.829911000000000065e+00
4.700653231410689172e-03 -1.103962399999999988e+01
4.720656011118819564e-03 -1.285459499999999977e+01
4.740658790826950825e-03 -1.265869999999999962e+01
4.760661570535081218e-03 -4.549890999999999686e+00
4.780664350243211611e-03 7.145710000000000228e+00
4.800667129951342003e-03 1.235144700000000029e+01
4.820669909659473264e-03 1.160926300000000033e+01
4.840672689367603657e-03 1.117334800000000072e+01
4.860675469075734050e-03 -3.307689999999999797e-01
4.880678248783864442e-03 -7.195553000000000310e+00
4.900681028491994835e-03 -4.909303000000000416e+00
4.920683808200126096e-03 -6.195180999999999827e+00
4.940686587908256489e-03 -4.758440000000000225e+00
4.960689367616386881e-03 3.001329999999999831e-01
4.980692147324517274e-03 -1.027466999999999908e+00
5.000694927032648535e-03 -1.889888999999999930e+00
5.020697706740778928e-03 1.088439999999999963e-01
5.040700486448909320e-03 -2.762497000000000202e+00
5.060703266157039713e-03 -6.225094000000000349e+00
5.080706045865170974e-03 -1.599841000000000069e+00
5.100708825573301367e-03 -1.996434000000000042e+00
5.120711605281431759e-03 -9.656299999999999883e-01
5.140714384989562152e-03 2.480290999999999801e+00
5.160717164697692545e-03 -2.291802000000000117e+00
5.180719944405823806e-03 -3.981281000000000070e+00
5.200722724113954198e-03 -2.011487999999999943e+00
5.220725503822084591e-03 -3.423830999999999847e+00
5.240728283530214984e-03 -3.107893999999999934e+00
5.260731063238346245e-03 -9.353999999999999815e-02
5.280733842946476637e-03 2.389384000000000174e+00
5.300736622654607030e-03 1.712671000000000054e+00
5.320739402362737423e-03 6.131387000000000143e+00
5.340742182070868684e-03 4.091644999999999754e+00
5.360744961778999076e-03 -9.469419999999999504e-01
5.380747741487129469e-03 6.725100000000000522e-02
5.400750521195259862e-03 -6.924841999999999942e+00
5.420753300903390255e-03 -1.054531000000000063e+01
5.440756080611521515e-03 -6.616755999999999638e+00
5.460758860319651908e-03 -5.556038000000000032e+00
5.480761640027782301e-03 -2.443315000000000126e+00
5.500764419735912694e-03 1.374865999999999921e+00
5.520767199444043954e-03 -5.012290000000000356e-01
5.540769979152174347e-03 -2.324959999999999916e+00
5.560772758860304740e-03 5.042039999999999855e-01
5.580775538568435133e-03 6.496819999999999817e-01
5.600778318276566393e-03 -4.958429999999999782e-01
5.620781097984696786e-03 1.082418000000000102e+00
5.640783877692827179e-03 -1.742982999999999949e+00
5.660786657400957572e-03 -2.937564000000000064e+00
5.680789437109087965e-03 -6.308740000000000459e-01
5.700792216817219225e-03 -3.757360000000000144e-01
5.720794996525349618e-03 -1.241986000000000034e+00
5.740797776233480011e-03 -7.562370000000000481e-01
5.760800555941610404e-03 -1.503678000000000070e+00
5.780803335649741664e-03 -3.251360000000000028e+00
5.800806115357872057e-03 5.193229999999999791e-01
5.820808895066002450e-03 3.290080000000000227e-01
5.840811674774132843e-03 -3.012183999999999973e+00
5.860814454482264103e-03 -5.469749999999999890e-01
5.880817234190394496e-03 -1.771987999999999897e+00
5.900820013898524889e-03 -3.135340999999999934e+00
5.920822793606655282e-03 -1.353917000000000037e+00
5.940825573314785675e-03 -4.798150999999999833e+00
5.960828353022916935e-03 -8.244849999999999568e+00
5.980831132731047328e-03 -5.862891000000000297e+00
6.000833912439177721e-03 -2.064760999999999846e+00
6.020836692147308114e-03 1.077746000000000093e+00
6.040839471855439374e-03 4.770240000000000258e+00
6.060842251563569767e-03 4.681084000000000245e+00
6.080845031271700160e-03 1.648627000000000065e+00
6.100847810979830553e-03 1.328406999999999893e+00
6.120850590687961813e-03 -1.319137000000000004e+00
6.140853370396092206e-03 -3.636662999999999979e+00
6.160856150104222599e-03 -3.091671999999999976e+00
6.180858929812352992e-03 -3.046250000000000124e+00
6.200861709520483385e-03 -4.238624999999999865e+00
6.220864489228614645e-03 -2.314318000000000097e+00
6.240867268936745038e-03 -5.338669999999999805e-01
6.260870048644875431e-03 -1.226283000000000012e+00
6.280872828353005824e-03 -6.564400000000000235e-01
6.300875608061137084e-03 -1.260348999999999942e+00
6.320878387769267477e-03 -3.036128000000000160e+00
6.340881167477397870e-03 -2.237880999999999787e+00
6.360883947185528263e-03 -3.304892000000000163e+00
6.380886726893659523e-03 -2.974289999999999878e+00
6.400889506601789916e-03 9.989000000000000656e-02
6.420892286309920309e-03 1.507951000000000041e+00
6.440895066018050702e-03 2.206075999999999926e+00
6.460897845726181095e-03 2.906407999999999880e+00
6.480900625434312355e-03 -2.696600000000000039e-02
6.500903405142442748e-03 -3.334480999999999806e+00
6.520906184850573141e-03 -2.930360999999999994e+00
6.540908964558703534e-03 -2.131334999999999980e+00
6.560911744266834794e-03 -1.575638000000000094e+00
6.580914523974965187e-03 1.221341999999999928e+00
6.600917303683095580e-03 1.554799999999999960e+00
6.620920083391225973e-03 -9.153419999999999890e-01
6.640922863099357233e-03 -1.752197000000000005e+00
6.660925642807487626e-03 -4.357045000000000279e+00
6.680928422515618019e-03 -6.320284000000000013e+00
6.700931202223748412e-03 -4.326547999999999838e+00
6.720933981931878805e-03 -2.036923999999999957e+00
6.740936761640010065e-03 -6.035570000000000102e-01
6.760939541348140458e-03 3.698360999999999787e+00
6.780942321056270851e-03 4.056735999999999898e+00
6.800945100764401244e-03 4.822719999999999785e-01
6.820947880472532504e-03 -1.122981999999999925e+00
6.840950660180662897e-03 -4.268214000000000397e+00
6.860953439888793290e-03 -6.231711999999999918e+00
6.880956219596923683e-03 -3.237019999999999786e+00
6.900958999305054943e-03 -8.782259999999999511e-01
6.920961779013185336e-03 -2.325939999999999952e-01
6.940964558721315729e-03 1.221537000000000095e+00
6.960967338429446122e-03 2.174541000000000057e+00
6.980970118137576515e-03 1.209791999999999978e+00
7.000972897845707775e-03 -6.585170000000000190e-01
7.020975677553838168e-03 -2.984347999999999779e+00
7.040978457261968561e-03 -5.014420999999999573e+00
7.060981236970098954e-03 -3.905622000000000149e+00
7.080984016678230214e-03 -9.537550000000000194e-01
7.100986796386360607e-03 1.238601999999999981e+00
7.120989576094491000e-03 2.332476999999999911e+00
7.140992355802621393e-03 2.288209999999999966e-01
7.160995135510752653e-03 -2.747443000000000080e+00
7.180997915218883046e-03 -4.075692000000000093e+00
7.201000694927013439e-03 -5.111362999999999879e+00
7.221003474635143832e-03 -4.994176000000000393e+00
7.241006254343274225e-03 -3.104455000000000187e+00
7.261009034051405485e-03 -9.168340000000000378e-01
7.281011813759535878e-03 1.020774999999999988e+00
7.301014593467666271e-03 2.998289000000000204e+00
7.321017373175796664e-03 1.990259999999999918e+00
7.341020152883927924e-03 3.210919999999999885e-01
7.361022932592058317e-03 2.028659999999999908e-01
7.381025712300188710e-03 -1.849074000000000106e+00
7.401028492008319103e-03 -2.262148999999999965e+00
7.421031271716450363e-03 -6.841469999999999496e-01
7.441034051424580756e-03 -2.093894999999999840e+00
7.461036831132711149e-03 -4.320254000000000261e+00
7.481039610840841542e-03 -3.745868999999999893e+00
7.501042390548971935e-03 -3.296391999999999989e+00
7.521045170257103195e-03 -2.253258999999999901e+00
7.541047949965233588e-03 4.985589999999999744e-01
7.561050729673363981e-03 7.890610000000000124e-01
7.581053509381494374e-03 -7.091290000000000093e-01
7.601056289089625634e-03 -5.740330000000000155e-01
7.621059068797756027e-03 -1.115194999999999936e+00
7.641061848505886420e-03 -2.021739999999999871e+00
7.661064628214016813e-03 -1.271638999999999964e+00
7.681067407922147205e-03 -1.574210000000000109e+00
7.701070187630278466e-03 -2.357988000000000195e+00
7.721072967338408859e-03 -1.018448000000000020e+00
7.741075747046539252e-03 1.717200000000000115e-01
7.761078526754669644e-03 -8.863370000000000415e-01
7.781081306462800905e-03 -3.918280000000000096e-01
7.801084086170931298e-03 -4.946099999999999941e-01
7.821086865879062558e-03 -1.948936000000000002e+00
7.841089645587192083e-03 -1.268783999999999912e+00
7.861092425295323344e-03 -1.536909999999999943e-01
7.881095205003452869e-03 -9.490830000000000100e-01
7.901097984711584130e-03 -2.279668000000000028e+00
7.921100764419715390e-03 -3.042356999999999978e+00
7.941103544127844915e-03 -3.735291999999999835e+00
7.961106323835976176e-03 -2.797276999999999791e+00
7.981109103544105701e-03 -3.695069999999999744e-01
8.001111883252236961e-03 6.575899999999999801e-02
8.021114662960368222e-03 1.294000000000000011e-02
8.041117442668497747e-03 2.202499999999999944e-02
8.061120222376629008e-03 -7.118539999999999868e-01
8.081123002084760268e-03 -1.053941999999999934e+00
8.101125781792889793e-03 -1.895273999999999903e+00
8.121128561501021054e-03 -3.248116000000000003e+00
8.141131341209150579e-03 -2.814471999999999863e+00
8.161134120917281840e-03 -1.186960999999999933e+00
8.181136900625413100e-03 4.455459999999999976e-01
8.201139680333542625e-03 1.845820000000000016e+00
8.221142460041673886e-03 1.029144999999999976e+00
8.241145239749803411e-03 -7.636990000000000167e-01
8.261148019457934671e-03 -2.268572999999999951e+00
8.281150799166065932e-03 -3.982384000000000146e+00
8.301153578874195457e-03 -4.395393000000000328e+00
8.321156358582326718e-03 -2.770542999999999978e+00
8.341159138290457978e-03 -1.316542000000000101e+00
8.361161917998587503e-03 -8.562400000000000566e-02
8.381164697706718764e-03 1.274874000000000063e+00
8.401167477414848289e-03 1.418015999999999943e+00
8.421170257122979549e-03 1.135160000000000058e-01
8.441173036831110810e-03 -1.594065999999999983e+00
8.461175816539240335e-03 -3.779415000000000191e+00
8.481178596247371596e-03 -5.087614000000000303e+00
8.501181375955501121e-03 -3.401510000000000034e+00
8.521184155663632381e-03 -7.675279999999999880e-01
8.541186935371763642e-03 7.359179999999999611e-01
8.561189715079893167e-03 1.966510999999999898e+00
8.581192494788024427e-03 1.662317999999999962e+00
8.601195274496155688e-03 -3.896999999999999770e-02
8.621198054204285213e-03 -1.350932000000000022e+00
8.641200833912416474e-03 -2.876764000000000099e+00
8.661203613620545999e-03 -4.480591000000000435e+00
8.681206393328677259e-03 -3.950718999999999870e+00
8.701209173036808520e-03 -1.933558000000000110e+00
8.721211952744938045e-03 -1.948950000000000127e-01
8.741214732453069305e-03 1.407049999999999912e+00
8.761217512161198831e-03 1.793520999999999921e+00
8.781220291869330091e-03 4.508019999999999805e-01
8.801223071577461352e-03 -1.517953000000000108e+00
8.821225851285590877e-03 -3.334546000000000010e+00
8.841228630993722137e-03 -3.788953999999999933e+00
8.861231410701853398e-03 -2.822712999999999806e+00
8.881234190409982923e-03 -1.796645000000000048e+00
8.901236970118114183e-03 -8.095099999999999518e-01
8.921239749826243709e-03 2.715170000000000083e-01
8.941242529534374969e-03 7.982749999999999568e-01
8.961245309242506230e-03 6.200940000000000341e-01
8.981248088950635755e-03 -1.964519999999999877e-01
9.001250868658767015e-03 -1.647532999999999914e+00
9.021253648366896541e-03 -2.764962999999999838e+00
9.041256428075027801e-03 -2.362464999999999815e+00
9.061259207783159061e-03 -1.482005000000000017e+00
9.081261987491288587e-03 -1.118505000000000082e+00
9.101264767199419847e-03 -1.204935000000000089e+00
9.121267546907551108e-03 -1.766537000000000024e+00
9.141270326615680633e-03 -1.991308000000000078e+00
9.161273106323811893e-03 -1.662133000000000083e+00
9.181275886031941419e-03 -1.158474999999999921e+00
9.201278665740072679e-03 -5.691659999999999497e-01
9.221281445448203939e-03 2.588639999999999830e-01
9.241284225156333465e-03 1.327230000000000076e-01
9.261287004864464725e-03 -8.253430000000000488e-01
9.281289784572594251e-03 -1.162822999999999940e+00
9.301292564280725511e-03 -1.628910999999999998e+00
9.321295343988856771e-03 -2.583018000000000036e+00
9.341298123696986297e-03 -2.672756999999999827e+00
9.361300903405117557e-03 -1.992606000000000099e+00
9.381303683113248817e-03 -1.021368000000000054e+00
9.401306462821378343e-03 1.035879999999999995e-01
9.421309242529509603e-03 2.175960000000000116e-01
9.441312022237639129e-03 -1.154517000000000015e+00
9.461314801945770389e-03 -2.124003000000000085e+00
9.481317581653901649e-03 -2.143728999999999996e+00
9.501320361362031175e-03 -1.961005000000000109e+00
9.521323141070162435e-03 -1.505365000000000064e+00
9.541325920778291961e-03 -1.065231999999999957e+00
9.561328700486423221e-03 -9.244909999999999517e-01
9.581331480194554481e-03 -3.453039999999999998e-01
9.601334259902684007e-03 2.267299999999999871e-02
9.621337039610815267e-03 -5.424330000000000540e-01
9.641339819318946527e-03 -1.048945000000000016e+00
9.661342599027076053e-03 -1.359887000000000068e+00
9.681345378735207313e-03 -1.815007999999999955e+00
9.701348158443336839e-03 -2.179222000000000214e+00
9.721350938151468099e-03 -2.044970000000000176e+00
9.741353717859599359e-03 -1.994097999999999926e+00
9.761356497567728885e-03 -1.686466000000000021e+00
9.781359277275860145e-03 -9.588809999999999834e-01
9.801362056983989671e-03 -3.007259999999999933e-01
9.821364836692120931e-03 4.129079999999999973e-01
9.841367616400252191e-03 4.476870000000000016e-01
9.861370396108381717e-03 -8.320260000000000433e-01
9.881373175816512977e-03 -2.474526000000000003e+00
9.901375955524644237e-03 -3.596496999999999833e+00
9.921378735232773763e-03 -3.631860999999999784e+00
9.941381514940905023e-03 -2.299135000000000151e+00
9.961384294649034549e-03 -7.476720000000000033e-01
9.981387074357165809e-03 2.505589999999999762e-01
1.000138985406529707e-02 1.262351000000000001e+00
1.002139263377342659e-02 1.698720000000000008e+00
1.004139541348155786e-02 7.032800000000000162e-01
1.006139819318968738e-02 -1.230436000000000085e+00
1.008140097289781864e-02 -3.132420999999999900e+00
1.010140375260594990e-02 -4.132857999999999699e+00
1.012140653231407943e-02 -3.596950999999999787e+00
1.014140931202221069e-02 -2.032446999999999893e+00
1.016141209173034195e-02 -1.382480000000000098e-01
1.018141487143847147e-02 1.172091999999999912e+00
1.020141765114660273e-02 9.850860000000000172e-01
1.022142043085473226e-02 -1.736759999999999970e-01
1.024142321056286352e-02 -1.614700000000000024e+00
1.026142599027099478e-02 -2.706564000000000192e+00
1.028142876997912430e-02 -3.005565999999999960e+00
1.030143154968725556e-02 -2.443119999999999958e+00
1.032143432939538509e-02 -1.678160000000000096e+00
1.034143710910351635e-02 -6.683149999999999924e-01
1.036143988881164761e-02 3.404280000000000084e-01
1.038144266851977714e-02 5.089409999999999767e-01
1.040144544822790840e-02 -3.872860000000000191e-01
1.042144822793603966e-02 -1.786782000000000092e+00
1.044145100764416918e-02 -2.611308999999999880e+00
1.046145378735230044e-02 -2.191227000000000036e+00
1.048145656706042997e-02 -9.319530000000000314e-01
1.050145934676856123e-02 -2.099489999999999967e-01
1.052146212647669249e-02 -3.297959999999999781e-01
1.054146490618482201e-02 -6.613069999999999782e-01
1.056146768589295327e-02 -9.738050000000000317e-01
1.058147046560108280e-02 -1.332503999999999911e+00
1.060147324530921406e-02 -1.621642999999999946e+00
1.062147602501734532e-02 -1.849204000000000070e+00
1.064147880472547485e-02 -1.976968000000000059e+00
1.066148158443360611e-02 -1.634621000000000102e+00
1.068148436414173737e-02 -1.010013000000000050e+00
1.070148714384986689e-02 -6.992009999999999614e-01
1.072148992355799815e-02 -7.753790000000000404e-01
1.074149270326612768e-02 -1.125901999999999958e+00
1.076149548297425894e-02 -1.686595999999999984e+00
1.078149826268239020e-02 -1.754272999999999971e+00
1.080150104239051972e-02 -1.012672999999999934e+00
1.082150382209865098e-02 -4.532120000000000037e-01
1.084150660180678051e-02 -2.816489999999999827e-01
1.086150938151491177e-02 -4.426999999999999824e-01
1.088151216122304303e-02 -9.608929999999999971e-01
1.090151494093117256e-02 -1.344184000000000045e+00
1.092151772063930382e-02 -1.469222000000000028e+00
1.094152050034743508e-02 -1.764200999999999908e+00
1.096152328005556460e-02 -2.180066000000000059e+00
1.098152605976369586e-02 -1.834603999999999902e+00
1.100152883947182539e-02 -8.987300000000000288e-01
1.102153161917995665e-02 1.076109999999999983e-01
1.104153439888808791e-02 4.014220000000000010e-01
1.106153717859621743e-02 -2.915119999999999933e-01
1.108153995830434869e-02 -1.498745999999999912e+00
1.110154273801247822e-02 -2.420084999999999820e+00
1.112154551772060948e-02 -2.827773999999999788e+00
1.114154829742874074e-02 -2.753347999999999907e+00
1.116155107713687027e-02 -2.117903999999999787e+00
1.118155385684500153e-02 -1.206946999999999992e+00
1.120155663655313279e-02 -2.763929999999999998e-01
1.122155941626126231e-02 3.954529999999999990e-01
1.124156219596939357e-02 6.027689999999999992e-01
1.126156497567752310e-02 2.268749999999999933e-01
1.128156775538565436e-02 -5.915529999999999955e-01
1.130157053509378562e-02 -1.752261999999999986e+00
1.132157331480191514e-02 -2.376545999999999825e+00
1.134157609451004640e-02 -2.361492000000000147e+00
1.136157887421817593e-02 -2.038870000000000182e+00
1.138158165392630719e-02 -1.443008000000000068e+00
1.140158443363443845e-02 -1.027142999999999917e+00
1.142158721334256798e-02 -9.003529999999999589e-01
1.144158999305069924e-02 -6.767499999999999627e-01
1.146159277275883050e-02 -5.186840000000000339e-01
1.148159555246696002e-02 -8.060709999999999820e-01
1.150159833217509128e-02 -1.453000000000000069e+00
1.152160111188322081e-02 -1.934855999999999909e+00
1.154160389159135207e-02 -2.154434999999999878e+00
1.156160667129948333e-02 -1.852643000000000040e+00
1.158160945100761285e-02 -1.273651000000000089e+00
1.160161223071574411e-02 -7.609089999999999465e-01
1.162161501042387364e-02 -4.490589999999999860e-01
1.164161779013200490e-02 -3.758659999999999779e-01
1.166162056984013616e-02 -5.835059999999999691e-01
1.168162334954826569e-02 -1.003135000000000110e+00
1.170162612925639695e-02 -1.530670999999999893e+00
1.172162890896452821e-02 -2.075661999999999896e+00
1.174163168867265773e-02 -2.165985000000000049e+00
1.176163446838078899e-02 -1.722153999999999963e+00
1.178163724808891852e-02 -8.311819999999999764e-01
1.180164002779704978e-02 -5.363400000000000112e-02
1.182164280750518104e-02 1.240279999999999994e-01
1.184164558721331056e-02 -4.709260000000000113e-01
1.186164836692144182e-02 -1.535992000000000024e+00
1.188165114662957135e-02 -2.315097000000000182e+00
1.190165392633770261e-02 -2.450451999999999853e+00
1.192165670604583387e-02 -2.236906999999999979e+00
1.194165948575396340e-02 -1.832397999999999971e+00
1.196166226546209466e-02 -1.043365000000000098e+00
1.198166504517022592e-02 -2.765230000000000188e-01
1.200166782487835544e-02 7.406400000000000483e-02
1.202167060458648670e-02 -2.319450000000000123e-01
1.204167338429461623e-02 -1.050502999999999965e+00
1.206167616400274749e-02 -1.847712000000000021e+00
1.208167894371087875e-02 -2.133541000000000132e+00
1.210168172341900827e-02 -1.721246000000000054e+00
1.212168450312713953e-02 -1.048491000000000062e+00
1.214168728283526906e-02 -5.370470000000000521e-01
1.216169006254340032e-02 -6.574130000000000251e-01
1.218169284225153158e-02 -1.108835999999999933e+00
1.220169562195966111e-02 -1.601787999999999990e+00
1.222169840166779237e-02 -1.859261999999999970e+00
1.224170118137592363e-02 -1.644223999999999908e+00
1.226170396108405315e-02 -1.053876999999999953e+00
1.228170674079218441e-02 -4.554179999999999895e-01
1.230170952050031394e-02 -2.055359999999999965e-01
1.232171230020844520e-02 -3.929960000000000120e-01
1.234171507991657646e-02 -1.031360999999999972e+00
1.236171785962470598e-02 -1.866724000000000050e+00
1.238172063933283724e-02 -2.731351000000000084e+00
1.240172341904096677e-02 -3.028861000000000026e+00
1.242172619874909803e-02 -2.304910000000000014e+00
1.244172897845722929e-02 -9.261779999999999458e-01
1.246173175816535882e-02 2.257720000000000005e-01
1.248173453787349008e-02 6.864740000000000286e-01
1.250173731758162134e-02 3.839029999999999943e-01
1.252174009728975086e-02 -5.645590000000000330e-01
1.254174287699788212e-02 -1.596467000000000080e+00
1.256174565670601165e-02 -2.319639000000000006e+00
1.258174843641414291e-02 -2.606117999999999935e+00
1.260175121612227417e-02 -2.297706999999999944e+00
1.262175399583040369e-02 -1.588290999999999897e+00
1.264175677553853495e-02 -7.282710000000000017e-01
1.266175955524666448e-02 -1.906120000000000037e-01
1.268176233495479574e-02 -2.605609999999999871e-01
1.270176511466292700e-02 -8.290410000000000279e-01
1.272176789437105653e-02 -1.408163000000000054e+00
1.274177067407918779e-02 -1.849269000000000052e+00
1.276177345378731905e-02 -1.890862000000000043e+00
1.278177623349544857e-02 -1.576286999999999994e+00
1.280177901320357983e-02 -1.185858000000000079e+00
1.282178179291170936e-02 -9.523920000000000163e-01
1.284178457261984062e-02 -9.242310000000000247e-01
1.286178735232797188e-02 -9.355869999999999465e-01
1.288179013203610140e-02 -9.275409999999999489e-01
1.290179291174423266e-02 -9.919090000000000407e-01
1.292179569145236219e-02 -1.388697000000000070e+00
1.294179847116049345e-02 -1.693604000000000109e+00
1.296180125086862471e-02 -1.590302000000000104e+00
1.298180403057675424e-02 -1.223881999999999914e+00
1.300180681028488550e-02 -9.188460000000000516e-01
1.302180958999301676e-02 -8.782259999999999511e-01
1.304181236970114628e-02 -1.034216000000000024e+00
1.306181514940927754e-02 -1.031360999999999972e+00
1.308181792911740707e-02 -9.304599999999999538e-01
1.310182070882553833e-02 -1.072109999999999896e+00
1.312182348853366959e-02 -1.389799999999999924e+00
1.314182626824179911e-02 -1.727605000000000057e+00
1.316182904794993037e-02 -1.885801000000000061e+00
1.318183182765805990e-02 -1.613985999999999921e+00
1.320183460736619116e-02 -1.102022999999999975e+00
1.322183738707432242e-02 -6.300310000000000077e-01
1.324184016678245195e-02 -4.606089999999999907e-01
1.326184294649058321e-02 -5.264050000000000118e-01
1.328184572619871447e-02 -8.339729999999999643e-01
1.330184850590684399e-02 -1.241597000000000062e+00
1.332185128561497525e-02 -1.592314000000000007e+00
1.334185406532310478e-02 -1.842975000000000030e+00
1.336185684503123604e-02 -2.019664000000000126e+00
1.338185962473936730e-02 -1.942836999999999925e+00
1.340186240444749682e-02 -1.512243000000000004e+00
1.342186518415562808e-02 -9.436330000000000551e-01
1.344186796386375761e-02 -5.159580000000000277e-01
1.346187074357188887e-02 -5.611199999999999521e-01
1.348187352328002013e-02 -9.436980000000000368e-01
1.350187630298814966e-02 -1.263463999999999920e+00
1.352187908269628092e-02 -1.217718000000000078e+00
1.354188186240441218e-02 -1.134466999999999892e+00
1.356188464211254170e-02 -1.238677000000000028e+00
1.358188742182067296e-02 -1.331077000000000066e+00
1.360189020152880249e-02 -1.405567000000000011e+00
1.362189298123693375e-02 -1.344961999999999991e+00
1.364189576094506501e-02 -1.253859999999999975e+00
1.366189854065319453e-02 -1.292793000000000081e+00
1.368190132036132579e-02 -1.324197999999999986e+00
1.370190410006945532e-02 -1.214733000000000063e+00
1.372190687977758658e-02 -1.025260999999999978e+00
1.374190965948571784e-02 -9.250749999999999806e-01
1.376191243919384737e-02 -8.446139999999999759e-01
1.378191521890197863e-02 -1.064387999999999890e+00
1.380191799861010989e-02 -1.418026000000000009e+00
1.382192077831823941e-02 -1.744604999999999961e+00
1.384192355802637067e-02 -1.856730999999999909e+00
1.386192633773450020e-02 -1.572329000000000088e+00
1.388192911744263146e-02 -1.075744000000000034e+00
1.390193189715076272e-02 -6.262670000000000181e-01
1.392193467685889224e-02 -3.716479999999999784e-01
1.394193745656702350e-02 -4.881220000000000003e-01
1.396194023627515303e-02 -8.862069999999999670e-01
1.398194301598328429e-02 -1.376109000000000027e+00
1.400194579569141555e-02 -1.928107000000000015e+00
1.402194857539954508e-02 -2.301925000000000221e+00
1.404195135510767634e-02 -2.128610000000000113e+00
1.406195413481580760e-02 -1.402972000000000108e+00
1.408195691452393712e-02 -5.629370000000000207e-01
1.410195969423206838e-02 -4.993600000000000122e-02
1.412196247394019791e-02 -6.829899999999999860e-02
1.414196525364832917e-02 -6.258129999999999526e-01
1.416196803335646043e-02 -1.314983999999999931e+00
1.418197081306458995e-02 -2.015315999999999885e+00
1.420197359277272121e-02 -2.346372999999999820e+00
1.422197637248085074e-02 -2.122640000000000082e+00
1.424197915218898200e-02 -1.474866999999999928e+00
1.426198193189711326e-02 -7.675929999999999698e-01
1.428198471160524279e-02 -2.676990000000000203e-01
1.430198749131337405e-02 -1.642029999999999879e-01
1.432199027102150531e-02 -5.929149999999999698e-01
1.434199305072963483e-02 -1.298567999999999945e+00
1.436199583043776609e-02 -1.896895999999999916e+00
1.438199861014589562e-02 -2.041335999999999817e+00
1.440200138985402688e-02 -1.741165999999999991e+00
1.442200416956215814e-02 -1.120905999999999958e+00
1.444200694927028766e-02 -6.401529999999999720e-01
1.446200972897841892e-02 -4.672930000000000139e-01
1.448201250868654845e-02 -5.973279999999999701e-01
1.450201528839467971e-02 -8.268349999999999866e-01
1.452201806810281097e-02 -1.168468000000000062e+00
1.454202084781094050e-02 -1.539366000000000012e+00
1.456202362751907176e-02 -1.709761000000000086e+00
1.458202640722720302e-02 -1.644223999999999908e+00
1.460202918693533254e-02 -1.314141000000000004e+00
1.462203196664346380e-02 -9.867829999999999657e-01
1.464203474635159333e-02 -8.884779999999999900e-01
1.466203752605972459e-02 -9.854199999999999626e-01
1.468204030576785585e-02 -1.080545000000000089e+00
1.470204308547598537e-02 -1.064063999999999899e+00
1.472204586518411663e-02 -1.064324000000000048e+00
1.474204864489224616e-02 -1.018966999999999956e+00
1.476205142460037742e-02 -1.081712999999999925e+00
1.478205420430850868e-02 -1.225438999999999945e+00
1.480205698401663821e-02 -1.335488999999999926e+00
1.482205976372476947e-02 -1.355409000000000086e+00
1.484206254343290073e-02 -1.238027999999999906e+00
1.486206532314103025e-02 -1.045960000000000001e+00
1.488206810284916151e-02 -8.909439999999999582e-01
1.490207088255729104e-02 -8.630419999999999758e-01
1.492207366226542230e-02 -8.325449999999999795e-01
1.494207644197355356e-02 -9.225440000000000307e-01
1.496207922168168308e-02 -1.093911999999999995e+00
1.498208200138981434e-02 -1.370722999999999914e+00
1.500208478109794387e-02 -1.604902000000000051e+00
1.502208756080607513e-02 -1.555976999999999943e+00
1.504209034051420639e-02 -1.271120000000000028e+00
1.506209312022233592e-02 -9.901569999999999538e-01
1.508209589993046718e-02 -8.647939999999999516e-01
1.510209867963859844e-02 -9.611520000000000064e-01
1.512210145934672796e-02 -1.133947999999999956e+00
1.514210423905485922e-02 -1.162044000000000077e+00
1.516210701876298875e-02 -1.186765999999999988e+00
1.518210979847112001e-02 -1.184625000000000039e+00
1.520211257817925127e-02 -1.170803999999999956e+00
1.522211535788738079e-02 -1.159383999999999970e+00
1.524211813759551205e-02 -1.173270000000000035e+00
1.526212091730364158e-02 -1.162044000000000077e+00
1.528212369701177284e-02 -1.187999000000000027e+00
1.530212647671990410e-02 -1.186053000000000024e+00
1.532212925642803363e-02 -1.029025000000000079e+00
1.534213203613616489e-02 -9.027530000000000276e-01
1.536213481584429441e-02 -8.131439999999999779e-01
1.538213759555242567e-02 -7.475420000000000398e-01
1.540214037526055693e-02 -8.910740000000000327e-01
1.542214315496868646e-02 -1.266577999999999982e+00
1.544214593467681772e-02 -1.647273999999999905e+00
1.546214871438494898e-02 -1.773025999999999991e+00
1.548215149409307850e-02 -1.560389000000000026e+00
1.550215427380120976e-02 -1.129729999999999901e+00
1.552215705350933929e-02 -7.742759999999999643e-01
1.554215983321747055e-02 -5.720859999999999834e-01
1.556216261292560181e-02 -5.997930000000000206e-01
1.558216539263373134e-02 -8.427320000000000366e-01
1.560216817234186260e-02 -1.239519999999999955e+00
1.562217095204999212e-02 -1.665313000000000043e+00
1.564217373175812512e-02 -1.778996000000000022e+00
1.566217651146625464e-02 -1.590043000000000095e+00
1.568217929117438417e-02 -1.127653999999999934e+00
1.570218207088251369e-02 -6.241259999999999586e-01
1.572218485059064669e-02 -3.114330000000000154e-01
1.574218763029877621e-02 -4.661250000000000115e-01
1.576219041000690574e-02 -8.464960000000000262e-01
1.578219318971503873e-02 -1.418350000000000000e+00
1.580219596942316826e-02 -1.807350999999999930e+00
1.582219874913129778e-02 -1.756350000000000078e+00
1.584220152883943078e-02 -1.441384999999999916e+00
1.586220430854756031e-02 -1.048230999999999913e+00
1.588220708825568983e-02 -7.310609999999999609e-01
1.590220986796382283e-02 -5.371770000000000156e-01
1.592221264767195235e-02 -5.827280000000000237e-01
1.594221542738008188e-02 -8.640799999999999592e-01
1.596221820708821140e-02 -1.335488999999999926e+00
1.598222098679634440e-02 -1.816435999999999940e+00
1.600222376650447392e-02 -1.900854999999999961e+00
1.602222654621260345e-02 -1.562141000000000002e+00
1.604222932592073644e-02 -1.059781000000000084e+00
1.606223210562886597e-02 -7.196409999999999751e-01
1.608223488533699549e-02 -4.888350000000000195e-01
1.610223766504512849e-02 -5.037599999999999856e-01
1.612224044475325802e-02 -6.984869999999999690e-01
1.614224322446138754e-02 -9.840579999999999883e-01
1.616224600416952054e-02 -1.294739000000000084e+00
1.618224878387765006e-02 -1.460396999999999945e+00
1.620225156358577959e-02 -1.500432999999999906e+00
1.622225434329390911e-02 -1.342106999999999939e+00
1.624225712300204211e-02 -1.136543000000000081e+00
1.626225990271017163e-02 -1.028764999999999930e+00
1.628226268241830116e-02 -1.025455999999999923e+00
1.630226546212643415e-02 -1.077171000000000101e+00
1.632226824183456368e-02 -1.223946999999999896e+00
1.634227102154269320e-02 -1.244256999999999946e+00
1.636227380125082620e-02 -1.101828999999999947e+00
1.638227658095895573e-02 -9.344189999999999996e-01
1.640227936066708525e-02 -9.300059999999999993e-01
1.642228214037521825e-02 -1.104619000000000018e+00
1.644228492008334777e-02 -1.297530000000000072e+00
1.646228769979147730e-02 -1.384414000000000033e+00
1.648229047949960682e-02 -1.315244000000000080e+00
1.650229325920773982e-02 -1.244971000000000050e+00
1.652229603891586934e-02 -1.173010000000000108e+00
1.654229881862399887e-02 -1.015463000000000005e+00
1.656230159833213186e-02 -8.079530000000000323e-01
1.658230437804026139e-02 -6.746739999999999959e-01
1.660230715774839091e-02 -7.523440000000000127e-01
1.662230993745652391e-02 -9.944399999999999906e-01
1.664231271716465344e-02 -1.293765999999999972e+00
1.666231549687278296e-02 -1.449495999999999896e+00
1.668231827658091596e-02 -1.427305000000000046e+00
1.670232105628904548e-02 -1.293571000000000026e+00
1.672232383599717501e-02 -1.132910000000000084e+00
1.674232661570530453e-02 -1.023120000000000029e+00
1.676232939541343753e-02 -1.000993000000000022e+00
1.678233217512156705e-02 -1.076912000000000091e+00
1.680233495482969658e-02 -1.087099000000000038e+00
1.682233773453782957e-02 -1.062442000000000109e+00
1.684234051424595910e-02 -1.122074000000000016e+00
1.686234329395408862e-02 -1.205519000000000007e+00
1.688234607366222162e-02 -1.181186000000000069e+00
1.690234885337035114e-02 -1.105917000000000039e+00
1.692235163307848067e-02 -1.018836999999999993e+00
1.694235441278661367e-02 -9.789959999999999773e-01
1.696235719249474319e-02 -1.041678000000000104e+00
1.698235997220287272e-02 -1.107863000000000042e+00
1.700236275191100224e-02 -1.156917999999999891e+00
1.702236553161913524e-02 -1.164120999999999961e+00
1.704236831132726476e-02 -1.227710999999999997e+00
1.706237109103539429e-02 -1.334386000000000072e+00
1.708237387074352728e-02 -1.395445000000000046e+00
1.710237665045165681e-02 -1.286499000000000059e+00
1.712237943015978633e-02 -1.111302000000000012e+00
1.714238220986791933e-02 -9.090479999999999672e-01
1.716238498957604885e-02 -7.551339999999999719e-01
1.718238776928417838e-02 -7.759629999999999583e-01
1.720239054899231138e-02 -9.784770000000000412e-01
1.722239332870044090e-02 -1.282864999999999922e+00
1.724239610840857043e-02 -1.545595000000000052e+00
1.726239888811669995e-02 -1.644028999999999963e+00
1.728240166782483295e-02 -1.520289000000000001e+00
1.730240444753296247e-02 -1.208504000000000023e+00
1.732240722724109200e-02 -8.530499999999999750e-01
1.734241000694922499e-02 -4.974009999999999820e-01
1.736241278665735452e-02 -4.325780000000000181e-01
1.738241556636548404e-02 -6.897269999999999790e-01
1.740241834607361704e-02 -1.149780999999999942e+00
1.742242112578174656e-02 -1.565255999999999981e+00
1.744242390548987609e-02 -1.747201000000000004e+00
1.746242668519800909e-02 -1.635593999999999992e+00
1.748242946490613861e-02 -1.369944000000000051e+00
1.750243224461426814e-02 -1.034604999999999997e+00
1.752243502432239766e-02 -7.648019999999999818e-01
1.754243780403053066e-02 -6.969300000000000495e-01
1.756244058373866018e-02 -8.402669999999999861e-01
1.758244336344678971e-02 -1.129664999999999919e+00
1.760244614315492270e-02 -1.377796000000000021e+00
1.762244892286305223e-02 -1.458774999999999933e+00
1.764245170257118175e-02 -1.330686999999999953e+00
1.766245448227931475e-02 -1.059133000000000102e+00
1.768245726198744427e-02 -8.562290000000000179e-01
1.770246004169557380e-02 -8.132089999999999597e-01
1.772246282140370680e-02 -9.806829999999999714e-01
1.774246560111183632e-02 -1.187415000000000109e+00
1.776246838081996585e-02 -1.347039000000000097e+00
1.778247116052809537e-02 -1.385323000000000082e+00
1.780247394023622837e-02 -1.275338000000000083e+00
1.782247671994435789e-02 -1.145432999999999923e+00
1.784247949965248742e-02 -1.010920999999999959e+00
1.786248227936062041e-02 -9.451899999999999746e-01
1.788248505906874994e-02 -9.533660000000000467e-01
1.790248783877687946e-02 -1.103904999999999914e+00
1.792249061848501246e-02 -1.306743999999999906e+00
1.794249339819314198e-02 -1.447743999999999920e+00
1.796249617790127151e-02 -1.382532000000000094e+00
1.798249895760940451e-02 -1.144719000000000042e+00
1.800250173731753403e-02 -9.109939999999999705e-01
1.802250451702566356e-02 -8.208649999999999558e-01
1.804250729673379308e-02 -8.917230000000000434e-01
1.806251007644192608e-02 -1.048556000000000044e+00
1.808251285615005560e-02 -1.186960999999999933e+00
1.810251563585818513e-02 -1.266189000000000009e+00
1.812251841556631812e-02 -1.248734000000000011e+00
1.814252119527444765e-02 -1.156463999999999936e+00
1.816252397498257717e-02 -1.103709999999999969e+00
1.818252675469071017e-02 -1.053552000000000044e+00
1.820252953439883969e-02 -1.044987000000000110e+00
1.822253231410696922e-02 -1.144784000000000024e+00
1.824253509381510222e-02 -1.287406999999999968e+00
1.826253787352323174e-02 -1.459035000000000082e+00
1.828254065323136127e-02 -1.499524999999999997e+00
1.830254343293949079e-02 -1.394665999999999961e+00
1.832254621264762379e-02 -1.150689000000000073e+00
1.834254899235575331e-02 -9.170289999999999830e-01
1.836255177206388284e-02 -8.135329999999999506e-01
1.838255455177201583e-02 -8.682980000000000143e-01
1.840255733148014536e-02 -9.920390000000000041e-01
1.842256011118827488e-02 -1.119542999999999955e+00
1.844256289089640788e-02 -1.207530999999999910e+00
1.846256567060453740e-02 -1.297595000000000054e+00
1.848256845031266693e-02 -1.340030999999999972e+00
1.850257123002079993e-02 -1.289612999999999898e+00
1.852257400972892945e-02 -1.143680999999999948e+00
1.854257678943705898e-02 -9.764009999999999634e-01
1.856257956914518850e-02 -8.692710000000000159e-01
1.858258234885332150e-02 -8.776420000000000332e-01
1.860258512856145102e-02 -9.601140000000000230e-01
1.862258790826958055e-02 -1.128562000000000065e+00
1.864259068797771354e-02 -1.263333999999999957e+00
1.866259346768584307e-02 -1.389475000000000016e+00
1.868259624739397259e-02 -1.475710999999999995e+00
1.870259902710210559e-02 -1.481355999999999895e+00
1.872260180681023511e-02 -1.397976000000000107e+00
1.874260458651836464e-02 -1.223557999999999923e+00
1.876260736622649763e-02 -9.979440000000000532e-01
1.878261014593462716e-02 -8.266400000000000414e-01
1.880261292564275669e-02 -7.886159999999999837e-01
1.882261570535088621e-02 -8.699200000000000266e-01
1.884261848505901921e-02 -1.015268999999999977e+00
1.886262126476714873e-02 -1.152635999999999994e+00
1.888262404447527826e-02 -1.272223000000000104e+00
1.890262682418341125e-02 -1.271509999999999918e+00
1.892262960389154078e-02 -1.220962000000000103e+00
1.894263238359967030e-02 -1.165159000000000056e+00
1.896263516330780330e-02 -1.089695000000000080e+00
1.898263794301593282e-02 -1.056213000000000068e+00
1.900264072272406235e-02 -1.099363000000000090e+00
1.902264350243219534e-02 -1.206426999999999916e+00
1.904264628214032487e-02 -1.312648000000000037e+00
1.906264906184845440e-02 -1.339186999999999905e+00
1.908265184155658392e-02 -1.254509000000000096e+00
1.910265462126471692e-02 -1.098778999999999950e+00
1.912265740097284644e-02 -9.742600000000000149e-01
1.914266018068097597e-02 -9.365599999999999481e-01
1.916266296038910896e-02 -9.916490000000000027e-01
1.918266574009723849e-02 -1.118440000000000101e+00
1.920266851980536801e-02 -1.245943999999999940e+00
1.922267129951350101e-02 -1.333801999999999932e+00
1.924267407922163053e-02 -1.332764000000000060e+00
1.926267685892976006e-02 -1.230760000000000076e+00
1.928267963863789305e-02 -1.049983000000000111e+00
1.930268241834602258e-02 -8.451980000000000048e-01
1.932268519805415211e-02 -7.931580000000000297e-01
1.934268797776228163e-02 -8.880240000000000355e-01
1.936269075747041463e-02 -1.066140000000000088e+00
1.938269353717854415e-02 -1.254898000000000069e+00
1.940269631688667368e-02 -1.359043000000000001e+00
1.942269909659480667e-02 -1.344378000000000073e+00
1.944270187630293620e-02 -1.263139000000000012e+00
1.946270465601106572e-02 -1.203572000000000086e+00
1.948270743571919872e-02 -1.152376000000000067e+00
1.950271021542732824e-02 -1.165094000000000074e+00
1.952271299513545777e-02 -1.217718000000000078e+00
1.954271577484359076e-02 -1.266707999999999945e+00
1.956271855455172029e-02 -1.275273000000000101e+00
1.958272133425984982e-02 -1.207854999999999901e+00
1.960272411396797934e-02 -1.046024999999999983e+00
1.962272689367611234e-02 -8.514270000000000449e-01
1.964272967338424186e-02 -7.559129999999999461e-01
1.966273245309237139e-02 -8.080819999999999670e-01
1.968273523280050438e-02 -1.033047999999999966e+00
1.970273801250863391e-02 -1.296362000000000014e+00
1.972274079221676343e-02 -1.429186999999999985e+00
1.974274357192489643e-02 -1.414326999999999890e+00
1.976274635163302595e-02 -1.252822000000000102e+00
1.978274913134115548e-02 -1.046284999999999910e+00
1.980275191104928847e-02 -8.669999999999999929e-01
1.982275469075741800e-02 -8.012040000000000273e-01
1.984275747046554753e-02 -8.659620000000000095e-01
1.986276025017367705e-02 -1.047841999999999940e+00
1.988276302988181005e-02 -1.275273000000000101e+00
1.990276580958993957e-02 -1.469351999999999991e+00
1.992276858929806910e-02 -1.536056000000000088e+00
1.994277136900620209e-02 -1.406022000000000105e+00
1.996277414871433162e-02 -1.176838999999999968e+00
1.998277692842246114e-02 -9.544040000000000301e-01
2.000277970813059414e-02 -8.494810000000000416e-01
2.002278248783872366e-02 -8.751109999999999722e-01
2.004278526754685319e-02 -9.705610000000000070e-01
2.006278804725498618e-02 -1.077560999999999991e+00
2.008279082696311571e-02 -1.102606999999999893e+00
2.010279360667124524e-02 -1.112081000000000097e+00
2.012279638637937476e-02 -1.098713999999999968e+00
2.014279916608750776e-02 -1.111950999999999912e+00
2.016280194579563728e-02 -1.105787000000000075e+00
2.018280472550376681e-02 -1.116427999999999976e+00
2.020280750521189980e-02 -1.181899999999999951e+00
2.022281028492002933e-02 -1.215511999999999926e+00
2.024281306462815885e-02 -1.253535999999999984e+00
2.026281584433629185e-02 -1.243478000000000083e+00
2.028281862404442137e-02 -1.184495000000000076e+00
2.030282140375255090e-02 -1.114287000000000027e+00
2.032282418346068389e-02 -1.052383999999999986e+00
2.034282696316881342e-02 -1.029738000000000042e+00
2.036282974287694295e-02 -1.064194000000000084e+00
2.038283252258507247e-02 -1.080610000000000070e+00
2.040283530229320547e-02 -1.053098000000000090e+00
2.042283808200133499e-02 -1.068281999999999954e+00
2.044284086170946452e-02 -1.102217999999999920e+00
2.046284364141759751e-02 -1.155165999999999915e+00
2.048284642112572704e-02 -1.208374000000000059e+00
2.050284920083385656e-02 -1.218625999999999987e+00
2.052285198054198956e-02 -1.159448999999999952e+00
2.054285476025011908e-02 -1.073212999999999973e+00
2.056285753995824861e-02 -9.975540000000000518e-01
2.058286031966638160e-02 -9.472660000000000524e-01
2.060286309937451113e-02 -9.416860000000000230e-01
2.062286587908264066e-02 -1.012868000000000102e+00
2.064286865879077018e-02 -1.162757999999999958e+00
2.066287143849890318e-02 -1.295387999999999984e+00
2.068287421820703270e-02 -1.402711999999999959e+00
2.070287699791516223e-02 -1.400117000000000056e+00
2.072287977762329522e-02 -1.331012000000000084e+00
2.074288255733142475e-02 -1.191567999999999961e+00
2.076288533703955427e-02 -1.079442000000000013e+00
2.078288811674768727e-02 -9.993710000000000093e-01
2.080289089645581679e-02 -9.876909999999999856e-01
2.082289367616394632e-02 -1.007805999999999980e+00
2.084289645587207931e-02 -1.065231999999999957e+00
2.086289923558020884e-02 -1.100660999999999889e+00
2.088290201528833837e-02 -1.085671999999999970e+00
2.090290479499646789e-02 -1.104424000000000072e+00
2.092290757470460089e-02 -1.092289999999999983e+00
2.094291035441273041e-02 -1.122333000000000025e+00
2.096291313412085994e-02 -1.183197999999999972e+00
2.098291591382899293e-02 -1.238871000000000056e+00
2.100291869353712246e-02 -1.268655000000000088e+00
2.102292147324525198e-02 -1.209022999999999959e+00
2.104292425295338498e-02 -1.091447000000000056e+00
2.106292703266151450e-02 -9.575190000000000090e-01
2.108292981236964403e-02 -9.228039999999999576e-01
2.110293259207777702e-02 -9.496019999999999461e-01
2.112293537178590655e-02 -1.067827999999999999e+00
2.114293815149403608e-02 -1.228942999999999897e+00
2.116294093120216560e-02 -1.327442999999999929e+00
2.118294371091029860e-02 -1.366765000000000008e+00
2.120294649061842812e-02 -1.322640999999999956e+00
2.122294927032655765e-02 -1.184495000000000076e+00
2.124295205003469064e-02 -1.013061999999999907e+00
2.126295482974282017e-02 -8.603819999999999801e-01
2.128295760945094969e-02 -8.359839999999999494e-01
2.130296038915908269e-02 -9.344829999999999526e-01
2.132296316886721221e-02 -1.097610999999999892e+00
2.134296594857534174e-02 -1.243932000000000038e+00
2.136296872828347473e-02 -1.280982999999999983e+00
2.138297150799160426e-02 -1.231214000000000031e+00
2.140297428769973379e-02 -1.141151000000000026e+00
2.142297706740786331e-02 -1.064583000000000057e+00
2.144297984711599631e-02 -1.062507000000000090e+00
2.146298262682412583e-02 -1.093263000000000096e+00
2.148298540653225536e-02 -1.181056000000000106e+00
2.150298818624038835e-02 -1.226477999999999957e+00
2.152299096594851788e-02 -1.267811000000000021e+00
2.154299374565664740e-02 -1.270990999999999982e+00
2.156299652536478040e-02 -1.151921999999999890e+00
2.158299930507290992e-02 -9.913250000000000117e-01
2.160300208478103945e-02 -8.562290000000000179e-01
2.162300486448917244e-02 -8.148959999999999537e-01
2.164300764419730197e-02 -9.139140000000000041e-01
2.166301042390543150e-02 -1.085671999999999970e+00
2.168301320361356102e-02 -1.238547000000000065e+00
2.170301598332169402e-02 -1.316735999999999907e+00
2.172301876302982354e-02 -1.273716000000000070e+00
2.174302154273795307e-02 -1.180342999999999920e+00
2.176302432244608606e-02 -1.108772000000000091e+00
2.178302710215421559e-02 -1.033501999999999921e+00
2.180302988186234511e-02 -9.988519999999999621e-01
2.182303266157047811e-02 -9.788019999999999499e-01
2.184303544127860763e-02 -1.037590000000000012e+00
2.186303822098673716e-02 -1.127264999999999961e+00
2.188304100069487015e-02 -1.195786000000000016e+00
2.190304378040299968e-02 -1.212526999999999910e+00
2.192304656011112921e-02 -1.195850999999999997e+00
2.194304933981925873e-02 -1.169635999999999898e+00
2.196305211952739173e-02 -1.109615000000000018e+00
2.198305489923552125e-02 -1.128433000000000019e+00
2.200305767894365078e-02 -1.140825999999999896e+00
2.202306045865178377e-02 -1.108381999999999978e+00
2.204306323835991330e-02 -1.060754999999999892e+00
2.206306601806804282e-02 -1.008065999999999907e+00
2.208306879777617582e-02 -9.978789999999999605e-01
2.210307157748430534e-02 -1.022146999999999917e+00
2.212307435719243487e-02 -1.073992000000000058e+00
2.214307713690056786e-02 -1.141928999999999972e+00
2.216307991660869739e-02 -1.193319999999999936e+00
2.218308269631682692e-02 -1.208439000000000041e+00
2.220308547602495644e-02 -1.227127000000000079e+00
2.222308825573308944e-02 -1.195136999999999894e+00
2.224309103544121896e-02 -1.167624999999999913e+00
2.226309381514934849e-02 -1.099363000000000090e+00
2.228309659485748148e-02 -1.058548999999999962e+00
2.230309937456561101e-02 -1.038303999999999894e+00
2.232310215427374053e-02 -1.064778000000000002e+00
2.234310493398187353e-02 -1.071720999999999924e+00
2.236310771369000305e-02 -1.068735999999999908e+00
2.238311049339813258e-02 -1.082168000000000019e+00
2.240311327310626557e-02 -1.095663999999999971e+00
2.242311605281439510e-02 -1.109939999999999927e+00
2.244311883252252462e-02 -1.137906000000000084e+00
2.246312161223065415e-02 -1.166976000000000013e+00
2.248312439193878715e-02 -1.149197000000000024e+00
2.250312717164691667e-02 -1.101245000000000029e+00
2.252312995135504620e-02 -1.056083000000000105e+00
2.254313273106317919e-02 -1.020264999999999977e+00
2.256313551077130872e-02 -1.010013000000000050e+00
2.258313829047943824e-02 -1.052254000000000023e+00
2.260314107018757124e-02 -1.111107999999999985e+00
2.262314384989570076e-02 -1.170220000000000038e+00
2.264314662960383029e-02 -1.213694999999999968e+00
2.266314940931196328e-02 -1.206233000000000111e+00
2.268315218902009281e-02 -1.140956000000000081e+00
2.270315496872822233e-02 -1.091121999999999925e+00
2.272315774843635186e-02 -1.065426999999999902e+00
2.274316052814448486e-02 -1.072435000000000027e+00
2.276316330785261438e-02 -1.120257000000000058e+00
2.278316608756074391e-02 -1.150039999999999951e+00
2.280316886726887690e-02 -1.148613000000000106e+00
2.282317164697700643e-02 -1.107539000000000051e+00
2.284317442668513595e-02 -1.038432999999999939e+00
2.286317720639326895e-02 -9.560910000000000242e-01
2.288317998610139847e-02 -9.355869999999999465e-01
2.290318276580952800e-02 -9.717940000000000467e-01
2.292318554551766099e-02 -1.081453999999999915e+00
2.294318832522579052e-02 -1.218755999999999950e+00
2.296319110493392004e-02 -1.308235999999999954e+00
2.298319388464204957e-02 -1.306030000000000024e+00
2.300319666435018257e-02 -1.221546000000000021e+00
2.302319944405831209e-02 -1.087877999999999901e+00
2.304320222376644162e-02 -9.954779999999999740e-01
2.306320500347457461e-02 -9.368189999999999573e-01
2.308320778318270414e-02 -9.510950000000000237e-01
2.310321056289083366e-02 -1.052124999999999977e+00
2.312321334259896666e-02 -1.151208000000000009e+00
2.314321612230709618e-02 -1.236210999999999949e+00
2.316321890201522571e-02 -1.268199999999999994e+00
2.318322168172335870e-02 -1.210385999999999962e+00
2.320322446143148823e-02 -1.122398000000000007e+00
2.322322724113961775e-02 -1.003459000000000101e+00
2.324323002084774728e-02 -9.654350000000000431e-01
2.326323280055588028e-02 -9.680950000000000388e-01
2.328323558026400980e-02 -1.049204999999999943e+00
2.330323835997213933e-02 -1.123761000000000010e+00
2.332324113968027232e-02 -1.149585999999999997e+00
2.334324391938840185e-02 -1.125318000000000040e+00
2.336324669909653137e-02 -1.072694000000000036e+00
2.338324947880466437e-02 -1.011115999999999904e+00
2.340325225851279389e-02 -1.022275999999999962e+00
2.342325503822092342e-02 -1.060754999999999892e+00
2.344325781792905641e-02 -1.112015999999999893e+00
2.346326059763718594e-02 -1.159707999999999961e+00
2.348326337734531546e-02 -1.208178999999999892e+00
2.350326615705344499e-02 -1.198056999999999928e+00
2.352326893676157799e-02 -1.151791999999999927e+00
2.354327171646970751e-02 -1.094495999999999913e+00
2.356327449617783704e-02 -1.032529000000000030e+00
2.358327727588597003e-02 -9.921039999999999859e-01
2.360328005559409956e-02 -1.012868000000000102e+00
2.362328283530222908e-02 -1.043365000000000098e+00
2.364328561501036208e-02 -1.080025999999999931e+00
2.366328839471849160e-02 -1.091576000000000102e+00
2.368329117442662113e-02 -1.072175000000000100e+00
2.370329395413475412e-02 -1.044337999999999989e+00
2.372329673384288365e-02 -1.057900000000000063e+00
2.374329951355101317e-02 -1.058872999999999953e+00
2.376330229325914270e-02 -1.075679000000000052e+00
2.378330507296727570e-02 -1.090732999999999953e+00
2.380330785267540522e-02 -1.104554000000000036e+00
2.382331063238353475e-02 -1.107669000000000015e+00
2.384331341209166774e-02 -1.098065000000000069e+00
2.386331619179979727e-02 -1.072109999999999896e+00
2.388331897150792679e-02 -1.065750999999999893e+00
2.390332175121605979e-02 -1.069644000000000039e+00
2.392332453092418931e-02 -1.077949999999999964e+00
2.394332731063231884e-02 -1.138360000000000039e+00
2.396333009034045183e-02 -1.146924999999999972e+00
2.398333287004858136e-02 -1.143745999999999929e+00
2.400333564975671088e-02 -1.102087999999999957e+00
2.402333842946484041e-02 -1.066853999999999969e+00
2.404334120917297341e-02 -1.014944000000000068e+00
2.406334398888110293e-02 -9.978139999999999787e-01
2.408334676858923246e-02 -9.723779999999999646e-01
2.410334954829736545e-02 -9.707559999999999523e-01
2.412335232800549498e-02 -9.892490000000000450e-01
2.414335510771362450e-02 -1.025910000000000100e+00
2.416335788742175750e-02 -1.073927000000000076e+00
2.418336066712988702e-02 -1.099428000000000072e+00
2.420336344683801655e-02 -1.107733000000000079e+00
2.422336622654614954e-02 -1.123761000000000010e+00
2.424336900625427907e-02 -1.101828999999999947e+00
2.426337178596240859e-02 -1.103126000000000051e+00
2.428337456567053812e-02 -1.059911000000000048e+00
2.430337734537867111e-02 -9.471370000000000067e-01
2.432338012508680064e-02 -1.023509000000000002e+00
2.434338290479493017e-02 -9.805540000000000367e-01
2.436338568450306316e-02 -1.067827999999999999e+00
2.438338846421119269e-02 -1.170350000000000001e+00
2.440339124391932221e-02 -1.156268999999999991e+00
2.442339402362745521e-02 -1.139982999999999969e+00
2.444339680333558473e-02 -1.061468999999999996e+00
2.446339958304371426e-02 -1.178655999999999926e+00
2.448340236275184725e-02 -9.986570000000000169e-01
2.450340514245997678e-02 -1.049789000000000083e+00
2.452340792216810630e-02 -9.566099999999999604e-01
2.454341070187623583e-02 -7.949749999999999872e-01
2.456341348158436882e-02 -1.072564000000000073e+00
2.458341626129249835e-02 -1.195267000000000079e+00
2.460341904100062788e-02 -1.155556000000000028e+00
2.462342182070876087e-02 -1.197667999999999955e+00
2.464342460041689040e-02 -1.091447000000000056e+00
2.466342738012501992e-02 -9.868479999999999475e-01
2.468343015983315292e-02 -1.012933000000000083e+00
2.470343293954128244e-02 -1.036162000000000027e+00
2.472343571924941197e-02 -1.100400999999999962e+00
2.474343849895754496e-02 -1.216224999999999890e+00
2.476344127866567449e-02 -1.193708999999999909e+00
2.478344405837380401e-02 -1.115455000000000085e+00
2.480344683808193354e-02 -1.051476000000000077e+00
2.482344961779006653e-02 -1.014555000000000096e+00
2.484345239749819606e-02 -9.982680000000000442e-01
2.486345517720632559e-02 -1.002485999999999988e+00
2.488345795691445858e-02 -1.011894000000000071e+00
2.490346073662258811e-02 -1.030906000000000100e+00
2.492346351633071763e-02 -1.105332999999999899e+00
2.494346629603885063e-02 -1.170803999999999956e+00
2.496346907574698015e-02 -1.187349999999999905e+00
2.498347185545510968e-02 -1.099687000000000081e+00
2.500347463516324267e-02 -9.918439999999999479e-01
2.502347741487137220e-02 -9.606329999999999592e-01
2.504348019457950172e-02 -1.026753999999999944e+00
2.506348297428763125e-02 -1.096443000000000056e+00
2.508348575399576424e-02 -1.117337000000000025e+00
2.510348853370389377e-02 -1.118829000000000073e+00
2.512349131341202330e-02 -1.133753000000000011e+00
2.514349409312015629e-02 -1.150039999999999951e+00
2.516349687282828582e-02 -1.169246999999999925e+00
2.518349965253641534e-02 -1.103774999999999951e+00
2.520350243224454834e-02 -1.044337999999999989e+00
2.522350521195267786e-02 -1.032010000000000094e+00
2.524350799166080739e-02 -1.081649000000000083e+00
2.526351077136894038e-02 -1.119866999999999946e+00
2.528351355107706991e-02 -1.111107999999999985e+00
2.530351633078519943e-02 -1.030842000000000036e+00
2.532351911049332896e-02 -9.744540000000000424e-01
2.534352189020146195e-02 -9.438919999999999533e-01
2.536352466990959148e-02 -9.868479999999999475e-01
2.538352744961772101e-02 -1.034281000000000006e+00
2.540353022932585400e-02 -1.094041999999999959e+00
2.542353300903398353e-02 -1.143356999999999957e+00
2.544353578874211305e-02 -1.161330999999999891e+00
2.546353856845024605e-02 -1.185208999999999957e+00
2.548354134815837557e-02 -1.154063000000000061e+00
2.550354412786650510e-02 -1.102087999999999957e+00
2.552354690757463809e-02 -1.042715999999999976e+00
2.554354968728276762e-02 -9.931419999999999693e-01
2.556355246699089714e-02 -1.017279999999999962e+00
2.558355524669902667e-02 -1.057315999999999923e+00
2.560355802640715966e-02 -1.090538000000000007e+00
2.562356080611528919e-02 -1.110394000000000103e+00
2.564356358582341872e-02 -1.090862999999999916e+00
2.566356636553155171e-02 -1.097869999999999902e+00
2.568356914523968124e-02 -1.129664999999999919e+00
2.570357192494781076e-02 -1.137516999999999889e+00
2.572357470465594376e-02 -1.098195000000000032e+00
2.574357748436407328e-02 -1.079183000000000003e+00
2.576358026407220281e-02 -1.070618000000000070e+00
2.578358304378033580e-02 -1.094367000000000090e+00
2.580358582348846533e-02 -1.089110999999999940e+00
2.582358860319659485e-02 -1.076651999999999942e+00
2.584359138290472438e-02 -1.065492000000000106e+00
2.586359416261285737e-02 -1.074899999999999967e+00
2.588359694232098690e-02 -1.120516000000000068e+00
2.590359972202911643e-02 -1.147380000000000067e+00
2.592360250173724942e-02 -1.127653999999999934e+00
2.594360528144537895e-02 -1.090927999999999898e+00
2.596360806115350847e-02 -1.090991999999999962e+00
2.598361084086164147e-02 -1.122074000000000016e+00
2.600361362056977099e-02 -1.121099999999999985e+00
2.602361640027790052e-02 -1.118894000000000055e+00
2.604361917998603351e-02 -1.096638000000000002e+00
2.606362195969416304e-02 -1.064648000000000039e+00
2.608362473940229256e-02 -1.045312000000000019e+00
2.610362751911042209e-02 -1.034540000000000015e+00
2.612363029881855508e-02 -1.025714999999999932e+00
2.614363307852668461e-02 -1.024157999999999902e+00
2.616363585823481414e-02 -1.058483999999999980e+00
2.618363863794294713e-02 -1.108835999999999933e+00
2.620364141765107666e-02 -1.172296999999999922e+00
2.622364419735920618e-02 -1.219081000000000081e+00
2.624364697706733918e-02 -1.197019000000000055e+00
2.626364975677546870e-02 -1.137256999999999962e+00
2.628365253648359823e-02 -1.066983999999999932e+00
2.630365531619173122e-02 -1.016501000000000099e+00
2.632365809589986075e-02 -1.026429000000000036e+00
2.634366087560799027e-02 -1.028245999999999993e+00
2.636366365531611980e-02 -1.055952999999999919e+00
2.638366643502425279e-02 -1.069903999999999966e+00
2.640366921473238232e-02 -1.096832000000000029e+00
2.642367199444051185e-02 -1.133817999999999993e+00
2.644367477414864484e-02 -1.114676000000000000e+00
2.646367755385677437e-02 -1.074964999999999948e+00
2.648368033356490389e-02 -1.053487000000000062e+00
2.650368311327303689e-02 -1.062831000000000081e+00
2.652368589298116641e-02 -1.100985000000000102e+00
2.654368867268929594e-02 -1.124538999999999955e+00
2.656369145239742893e-02 -1.117142000000000079e+00
2.658369423210555846e-02 -1.090927999999999898e+00
2.660369701181368798e-02 -1.039536999999999933e+00
2.662369979152181751e-02 -1.036421999999999954e+00
2.664370257122995050e-02 -1.024483000000000033e+00
2.666370535093808003e-02 -1.061339000000000032e+00
2.668370813064620956e-02 -1.096182999999999907e+00
2.670371091035434255e-02 -1.132714999999999916e+00
2.672371369006247208e-02 -1.172101999999999977e+00
2.674371646977060160e-02 -1.153674000000000088e+00
2.676371924947873460e-02 -1.113378999999999897e+00
2.678372202918686412e-02 -1.060170999999999975e+00
2.680372480889499365e-02 -1.004108000000000001e+00
2.682372758860312664e-02 -9.900919999999999721e-01
2.684373036831125617e-02 -1.010467000000000004e+00
2.686373314801938569e-02 -1.033177999999999930e+00
2.688373592772751522e-02 -1.075353999999999921e+00
2.690373870743564821e-02 -1.100335999999999981e+00
2.692374148714377774e-02 -1.112470000000000070e+00
2.694374426685190727e-02 -1.082233000000000001e+00
2.696374704656004026e-02 -1.049269999999999925e+00
2.698374982626816979e-02 -1.040575000000000028e+00
2.700375260597629931e-02 -1.059067999999999898e+00
2.702375538568443231e-02 -1.113313999999999915e+00
2.704375816539256183e-02 -1.136867999999999990e+00
2.706376094510069136e-02 -1.145237999999999978e+00
2.708376372480882435e-02 -1.119801999999999964e+00
2.710376650451695388e-02 -1.081518999999999897e+00
2.712376928422508340e-02 -1.057315999999999923e+00
2.714377206393321293e-02 -1.042327000000000004e+00
2.716377484364134592e-02 -1.014489999999999892e+00
2.718377762334947545e-02 -1.017605000000000093e+00
2.720378040305760498e-02 -1.045506000000000046e+00
2.722378318276573797e-02 -1.097285999999999984e+00
2.724378596247386750e-02 -1.125836999999999977e+00
2.726378874218199702e-02 -1.121359999999999912e+00
2.728379152189013002e-02 -1.081649000000000083e+00
2.730379430159825954e-02 -1.045052000000000092e+00
2.732379708130638907e-02 -1.055563999999999947e+00
2.734379986101452206e-02 -1.059717000000000020e+00
2.736380264072265159e-02 -1.053487000000000062e+00
2.738380542043078111e-02 -1.063350000000000017e+00
2.740380820013891064e-02 -1.066853999999999969e+00
2.742381097984704363e-02 -1.090991999999999962e+00
2.744381375955517316e-02 -1.102737000000000078e+00
2.746381653926330269e-02 -1.141410000000000036e+00
2.748381931897143568e-02 -1.121424999999999894e+00
2.750382209867956521e-02 -1.095663999999999971e+00
2.752382487838769473e-02 -1.086060999999999943e+00
2.754382765809582773e-02 -1.070877000000000079e+00
2.756383043780395725e-02 -1.066724000000000006e+00
2.758383321751208678e-02 -1.057965000000000044e+00
2.760383599722021977e-02 -1.037265000000000104e+00
2.762383877692834930e-02 -1.023444000000000020e+00
2.764384155663647882e-02 -1.037071000000000076e+00
2.766384433634460835e-02 -1.057509999999999950e+00
2.768384711605274134e-02 -1.085153000000000034e+00
2.770384989576087087e-02 -1.075809000000000015e+00
2.772385267546900040e-02 -1.061987999999999932e+00
2.774385545517713339e-02 -1.053682000000000007e+00
2.776385823488526292e-02 -1.063998999999999917e+00
2.778386101459339244e-02 -1.063350000000000017e+00
2.780386379430152544e-02 -1.068931000000000076e+00
2.782386657400965496e-02 -1.080869999999999997e+00
2.784386935371778449e-02 -1.081193999999999988e+00
2.786387213342591748e-02 -1.065881000000000078e+00
2.788387491313404701e-02 -1.106500999999999957e+00
2.790387769284217653e-02 -1.071266999999999969e+00
2.792388047255030606e-02 -1.039017000000000079e+00
2.794388325225843905e-02 -1.046089999999999964e+00
2.796388603196656858e-02 -1.064907999999999966e+00
2.798388881167469810e-02 -1.090408000000000044e+00
2.800389159138283110e-02 -1.107928000000000024e+00
2.802389437109096063e-02 -1.108057999999999987e+00
2.804389715079909015e-02 -1.080934999999999979e+00
2.806389993050722315e-02 -1.042456000000000049e+00
2.808390271021535267e-02 -1.015463000000000005e+00
2.810390548992348220e-02 -1.001576999999999940e+00
2.812390826963161519e-02 -1.013840999999999992e+00
2.814391104933974472e-02 -1.013581000000000065e+00
2.816391382904787424e-02 -1.054200999999999944e+00
2.818391660875600377e-02 -1.092873999999999901e+00
2.820391938846413676e-02 -1.133169000000000093e+00
2.822392216817226629e-02 -1.103644999999999987e+00
2.824392494788039581e-02 -1.098908999999999914e+00
2.826392772758852881e-02 -1.063155999999999990e+00
2.828393050729665834e-02 -1.075744000000000034e+00
2.830393328700478786e-02 -1.107019999999999893e+00
2.832393606671292086e-02 -1.096247999999999889e+00
2.834393884642105038e-02 -1.090149000000000035e+00
2.836394162612917991e-02 -1.066594999999999960e+00
2.838394440583731290e-02 -1.023509000000000002e+00
2.840394718554544243e-02 -1.015852999999999895e+00
2.842394996525357195e-02 -9.825000000000000400e-01
2.844395274496170148e-02 -9.828900000000000414e-01
2.846395552466983447e-02 -1.004367000000000010e+00
2.848395830437796400e-02 -1.049009999999999998e+00
2.850396108408609352e-02 -1.082751999999999937e+00
2.852396386379422652e-02 -1.104554000000000036e+00
2.854396664350235605e-02 -1.093717999999999968e+00
2.856396942321048557e-02 -1.053293000000000035e+00
2.858397220291861857e-02 -9.972299999999999498e-01
2.860397498262674809e-02 -9.610870000000000246e-01
2.862397776233487762e-02 -9.680299999999999461e-01
2.864398054204301061e-02 -1.005276000000000058e+00
2.866398332175114014e-02 -1.056148000000000087e+00
2.868398610145926966e-02 -1.089434999999999931e+00
2.870398888116739919e-02 -1.115715000000000012e+00
2.872399166087553218e-02 -1.107019999999999893e+00
2.874399444058366171e-02 -1.112081000000000097e+00
2.876399722029179123e-02 -1.066205000000000069e+00
