# time(s), 	 	 acceleration(g)
0.000000000000000000e+00 6.073960999999999721e+00
2.000277970813066735e-05 6.300224000000000046e+00
4.000555941626133470e-05 6.520518000000000036e+00
6.000833912439200544e-05 6.763976000000000433e+00
8.001111883252266940e-05 7.024110000000000298e+00
1.000138985406533334e-04 7.312666000000000111e+00
1.200166782487840109e-04 7.634184000000000303e+00
1.400194579569146748e-04 7.956739999999999924e+00
1.600222376650453388e-04 8.296037000000000106e+00
1.800250173731760028e-04 8.656681999999999988e+00
2.000277970813066667e-04 9.036794000000000437e+00
2.200305767894373307e-04 9.423135000000000261e+00
2.400333564975680217e-04 9.836468999999999241e+00
2.600361362056986857e-04 1.032267200000000074e+01
2.800389159138293497e-04 1.083781399999999984e+01
3.000416956219600136e-04 1.143516900000000014e+01
3.200444753300906776e-04 1.207612899999999989e+01
3.400472550382213415e-04 1.287171599999999927e+01
3.600500347463520055e-04 1.364199699999999993e+01
3.800528144544826695e-04 1.460161899999999946e+01
4.000555941626133334e-04 1.574701499999999932e+01
4.200583738707439974e-04 1.672234100000000012e+01
4.400611535788746614e-04 1.802736000000000161e+01
4.600639332870053253e-04 1.958226200000000006e+01
4.800667129951360435e-04 2.146977700000000056e+01
5.000694927032666532e-04 2.351003800000000155e+01
5.200722724113973714e-04 2.618068200000000090e+01
5.400750521195279812e-04 2.960862900000000053e+01
5.600778318276586993e-04 3.405777700000000152e+01
5.800806115357893091e-04 4.091756399999999871e+01
6.000833912439200273e-04 5.159682999999999709e+01
6.200861709520506370e-04 6.941554899999999861e+01
6.400889506601813552e-04 9.768383199999999533e+01
6.600917303683120733e-04 1.393887149999999906e+02
6.800945100764426831e-04 1.947841029999999876e+02
7.000972897845734013e-04 2.631882860000000051e+02
7.201000694927040110e-04 3.368456400000000031e+02
7.401028492008347292e-04 4.069882269999999949e+02
7.601056289089653389e-04 4.612166110000000003e+02
7.801084086170960571e-04 4.897834419999999795e+02
8.001111883252266669e-04 4.884142489999999839e+02
8.201139680333573850e-04 4.614316489999999931e+02
8.401167477414879948e-04 4.202040789999999788e+02
8.601195274496187130e-04 3.735088210000000117e+02
8.801223071577493227e-04 3.257602420000000052e+02
9.001250868658800409e-04 2.815107279999999719e+02
9.201278665740106506e-04 2.389217510000000004e+02
9.401306462821413688e-04 1.900136310000000037e+02
9.601334259902720870e-04 1.372807760000000030e+02
9.801362056984026967e-04 8.582542899999999975e+01
1.000138985406533306e-03 4.471926400000000257e+01
1.020141765114664133e-03 1.332216599999999929e+01
1.040144544822794743e-03 -3.332729000000000052e+00
1.060147324530925353e-03 -7.497734000000000343e+00
1.080150104239055962e-03 1.357730000000000048e-01
1.100152883947186789e-03 1.902851100000000173e+01
1.120155663655317399e-03 4.072809199999999663e+01
1.140158443363448008e-03 6.005648599999999959e+01
1.160161223071578618e-03 7.024974400000000685e+01
1.180164002779709445e-03 6.243396800000000013e+01
1.200166782487840055e-03 4.788039299999999798e+01
1.220169562195970664e-03 1.623042799999999986e+01
1.240172341904101274e-03 -1.003970600000000069e+01
1.260175121612232101e-03 -2.858626900000000148e+01
1.280177901320362710e-03 -4.401446399999999670e+01
1.300180681028493320e-03 -3.775540600000000069e+01
1.320183460736624147e-03 -2.166432000000000002e+01
1.340186240444754756e-03 -7.182316000000000145e+00
1.360189020152885366e-03 1.179334899999999919e+01
1.380191799861015976e-03 2.452877300000000105e+01
1.400194579569146803e-03 2.920334100000000177e+01
1.420197359277277412e-03 1.980910899999999941e+01
1.440200138985408022e-03 4.893786000000000413e+00
1.460202918693538632e-03 7.222342000000000262e+00
1.480205698401669458e-03 7.930840000000000112e-01
1.500208478109800068e-03 8.804229999999999556e-01
1.520211257817930678e-03 1.132505500000000076e+01
1.540214037526061288e-03 1.236429500000000026e+01
1.560216817234192114e-03 1.718194000000000088e+01
1.580219596942322724e-03 2.094821100000000058e+01
1.600222376650453334e-03 1.282324500000000000e+01
1.620225156358584160e-03 2.179602000000000039e+00
1.640227936066714770e-03 -7.849819999999999576e-01
1.660230715774845380e-03 5.059118999999999922e+00
1.680233495482975990e-03 3.777070000000000149e+00
1.700236275191106816e-03 4.199294000000000082e+00
1.720239054899237426e-03 6.528044999999999654e+00
1.740241834607368036e-03 2.641200000000000214e-01
1.760244614315498645e-03 -6.774562000000000417e+00
1.780247394023629472e-03 -1.615588199999999830e+01
1.800250173731760082e-03 -2.691171500000000094e+01
1.820252953439890692e-03 -3.263240100000000155e+01
1.840255733148021301e-03 -2.722434399999999854e+01
1.860258512856152128e-03 -1.520183899999999966e+01
1.880261292564282738e-03 -2.062749000000000166e+00
1.900264072272413347e-03 2.436136300000000077e+01
1.920266851980544174e-03 3.154727600000000010e+01
1.940269631688674784e-03 4.023105300000000284e+01
1.960272411396805393e-03 4.204745199999999983e+01
1.980275191104936220e-03 2.393303999999999832e+01
2.000277970813066613e-03 1.793132699999999957e+01
2.020280750521197440e-03 -1.824870999999999910e+00
2.040283530229328266e-03 -1.385847099999999976e+01
2.060286309937458659e-03 -1.840358799999999917e+01
2.080289089645589486e-03 -2.199810199999999938e+01
2.100291869353719879e-03 -1.683213999999999899e+01
2.120294649061850705e-03 -1.173554400000000086e+01
2.140297428769981532e-03 -7.662029999999999674e+00
2.160300208478111925e-03 -5.438006999999999813e+00
2.180302988186242751e-03 -5.849914000000000058e+00
2.200305767894373578e-03 -2.728755000000000042e+00
2.220308547602503971e-03 -9.809160999999999575e+00
2.240311327310634797e-03 -8.506995999999999114e+00
2.260314107018765624e-03 -7.294247000000000369e+00
2.280316886726896017e-03 -2.252609999999999779e+00
2.300319666435026843e-03 4.387980000000000214e-01
2.320322446143157236e-03 3.587858000000000214e+00
2.340325225851288063e-03 7.852401000000000408e+00
2.360328005559418890e-03 5.327169999999999739e+00
2.380330785267549282e-03 9.784233999999999654e+00
2.400333564975680109e-03 8.206882000000000232e+00
2.420336344683810936e-03 4.287475999999999843e+00
2.440339124391941329e-03 1.047081000000000017e+01
2.460341904100072155e-03 6.763067999999999635e+00
2.480344683808202548e-03 2.708047000000000093e+00
2.500347463516333375e-03 -3.386261000000000188e+00
2.520350243224464201e-03 -9.486345000000000027e+00
2.540353022932594594e-03 -1.528723100000000024e+01
2.560355802640725421e-03 -1.613414399999999915e+01
2.580358582348856247e-03 -1.876248100000000107e+01
2.600361362056986640e-03 -1.378099500000000077e+01
2.620364141765117467e-03 -1.338167699999999982e+01
2.640366921473248293e-03 -5.003974000000000366e+00
2.660369701181378686e-03 -5.196495999999999782e+00
2.680372480889509513e-03 -2.254569999999999907e-01
2.700375260597639906e-03 -1.631895000000000095e+00
2.720378040305770732e-03 -3.955585000000000129e+00
2.740380820013901559e-03 -9.321599999999999331e-02
2.760383599722031952e-03 1.949121000000000103e+00
2.780386379430162778e-03 7.149668000000000134e+00
2.800389159138293605e-03 1.361033199999999965e+01
2.820391938846423998e-03 1.310109399999999980e+01
2.840394718554554825e-03 6.976482999999999990e+00
2.860397498262685217e-03 3.843570000000000042e-01
2.880400277970816044e-03 -5.838959999999999706e-01
2.900403057678946871e-03 -1.769652000000000003e+00
2.920405837387077264e-03 -7.300281000000000020e+00
2.940408617095208090e-03 -1.008227199999999968e+01
2.960411396803338917e-03 -1.047789200000000065e+01
2.980414176511469310e-03 -8.410833000000000226e+00
3.000416956219600136e-03 -8.628140999999999394e+00
3.020419735927730963e-03 -7.997368999999999950e+00
3.040422515635861356e-03 -1.734287000000000134e+01
3.060425295343992182e-03 -1.862816400000000172e+01
3.080428075052122575e-03 -1.160544400000000032e+01
3.100430854760253402e-03 -1.045057399999999959e+01
3.120433634468384228e-03 -3.205548999999999982e+00
3.140436414176514621e-03 4.937585000000000335e+00
3.160439193884645448e-03 1.162970199999999998e+01
3.180441973592776275e-03 1.367327300000000001e+01
3.200444753300906667e-03 1.185817199999999971e+01
3.220447533009037494e-03 8.713654000000000011e+00
3.240450312717168321e-03 9.271420000000000217e-01
3.260453092425298714e-03 -1.507506000000000013e+00
3.280455872133429540e-03 -3.864678000000000058e+00
3.300458651841559933e-03 -7.458671999999999969e+00
3.320461431549690760e-03 -3.200422999999999796e+00
3.340464211257821586e-03 3.270297999999999927e+00
3.360466990965951979e-03 1.385442999999999980e+00
3.380469770674082806e-03 -3.045730999999999966e+00
3.400472550382213632e-03 -6.974027000000000420e+00
3.420475330090344025e-03 -1.541986200000000018e+01
3.440478109798474852e-03 -1.912228299999999948e+01
3.460480889506605245e-03 -1.691370399999999918e+01
3.480483669214736071e-03 -1.549824599999999997e+01
3.500486448922866898e-03 -1.076800500000000049e+01
3.520489228630997291e-03 -2.097010000000000041e+00
3.540492008339128117e-03 7.192752999999999730e+00
3.560494788047258944e-03 8.507894999999999541e+00
3.580497567755389337e-03 9.675936999999999344e+00
3.600500347463520164e-03 8.189102000000000103e+00
3.620503127171650990e-03 1.368961000000000094e+00
3.640505906879781383e-03 -1.717299999999999938e-01
3.660508686587912210e-03 -3.398266000000000009e+00
3.680511466296042603e-03 -3.455626000000000086e+00
3.700514246004173429e-03 -8.088610000000000522e-01
3.720517025712304256e-03 -5.437300000000000466e-01
3.740519805420434649e-03 -1.610229999999999995e-01
3.760522585128565475e-03 4.934330000000000105e-01
3.780525364836696302e-03 -1.625146999999999897e+00
3.800528144544826695e-03 -5.616389999999999993e-01
3.820530924252957521e-03 -2.311204000000000036e+00
3.840533703961088348e-03 -6.069298999999999999e+00
3.860536483669218741e-03 -1.058093399999999917e+01
3.880539263377349567e-03 -1.005235899999999916e+01
3.900542043085479960e-03 -1.218716099999999969e+01
3.920544822793610787e-03 -1.270937699999999992e+01
3.940547602501741180e-03 -9.705145999999999162e+00
3.960550382209872440e-03 -5.048098000000000418e+00
3.980553161918002833e-03 2.657758999999999983e+00
4.000555941626133226e-03 6.912569000000000408e+00
4.020558721334264486e-03 1.489822099999999949e+01
4.040561501042394879e-03 1.132103200000000065e+01
4.060564280750525272e-03 8.456438999999999595e+00
4.080567060458656532e-03 6.608115999999999879e+00
4.100569840166786925e-03 -5.729300000000000503e-01
4.120572619874917318e-03 -1.201235999999999970e+00
4.140575399583047711e-03 -4.124812000000000367e+00
4.160578179291178971e-03 -7.115091999999999750e+00
4.180580958999309364e-03 -5.999025999999999748e+00
4.200583738707439757e-03 -7.641460000000000363e+00
4.220586518415571017e-03 -5.310373000000000232e+00
4.240589298123701410e-03 -6.080848999999999727e+00
4.260592077831831803e-03 -6.862030999999999992e+00
4.280594857539963063e-03 -4.438088999999999729e+00
4.300597637248093456e-03 -3.826524000000000036e+00
4.320600416956223849e-03 -1.927199000000000106e+00
4.340603196664355110e-03 4.564399999999999707e-02
4.360605976372485502e-03 1.140349999999999975e-01
4.380608756080615895e-03 2.592093000000000202e+00
4.400611535788747156e-03 2.398273000000000099e+00
4.420614315496877549e-03 3.640026999999999902e+00
4.440617095205007941e-03 2.652632999999999797e+00
4.460619874913139202e-03 2.876949000000000201e+00
4.480622654621269595e-03 1.224002999999999952e+00
4.500625434329399988e-03 -3.152861000000000136e+00
4.520628214037531248e-03 -3.736006000000000160e+00
4.540630993745661641e-03 -3.556526999999999994e+00
4.560633773453792034e-03 -1.620865000000000000e+00
4.580636553161922427e-03 2.522273999999999905e+00
4.600639332870053687e-03 2.201210000000000111e+00
4.620642112578184080e-03 2.252340999999999926e+00
4.640644892286314473e-03 -1.290715999999999974e+00
4.660647671994445733e-03 -3.726532000000000178e+00
4.680650451702576126e-03 -6.211791999999999980e+00
4.700653231410706519e-03 -1.194058799999999998e+01
4.720656011118837779e-03 -1.082445700000000066e+01
4.740658790826968172e-03 -9.343396999999999508e+00
4.760661570535098565e-03 1.335020000000000095e-01
4.780664350243229825e-03 7.576563000000000159e+00
4.800667129951360218e-03 7.065119000000000149e+00
4.820669909659490611e-03 8.850956000000000046e+00
4.840672689367621871e-03 6.813354999999999606e+00
4.860675469075752264e-03 8.684699999999999365e-02
4.880678248783882657e-03 -2.493538000000000032e+00
4.900681028492013917e-03 -8.079192000000000817e+00
4.920683808200144310e-03 -8.523671999999999471e+00
4.940686587908274703e-03 -6.326642999999999795e+00
4.960689367616405096e-03 -2.510870000000000046e-01
4.980692147324536356e-03 1.917002000000000095e+00
5.000694927032666749e-03 2.446743999999999808e+00
5.020697706740797142e-03 3.900020000000000153e-01
5.040700486448928402e-03 -1.560778999999999916e+00
5.060703266157058795e-03 -1.754598000000000102e+00
5.080706045865189188e-03 9.163700000000000179e-01
5.100708825573320448e-03 -1.243284000000000056e+00
5.120711605281450841e-03 -2.299199999999999910e+00
5.140714384989581234e-03 -3.231180000000000163e+00
5.160717164697712495e-03 -6.209585999999999828e+00
5.180719944405842887e-03 -4.617763000000000062e+00
5.200722724113973280e-03 -1.301358000000000015e+00
5.220725503822104541e-03 -1.646625000000000005e+00
5.240728283530234934e-03 -9.558320000000000149e-01
5.260731063238365326e-03 -8.979519999999999724e-01
5.280733842946496587e-03 8.616700000000000470e-01
5.300736622654626980e-03 3.241747000000000156e+00
5.320739402362757373e-03 3.022232999999999947e+00
5.340742182070887765e-03 6.257899999999999574e-02
5.360744961779019026e-03 -3.050403000000000198e+00
5.380747741487149419e-03 -1.748952999999999980e+00
5.400750521195279812e-03 -2.048992999999999842e+00
5.420753300903411072e-03 -1.964963000000000015e+00
5.440756080611541465e-03 -1.422633000000000036e+00
5.460758860319671858e-03 -2.947750999999999788e+00
5.480761640027803118e-03 -3.236501000000000072e+00
5.500764419735933511e-03 -5.443789999999999463e-01
5.520767199444063904e-03 -6.701310000000000322e-01
5.540769979152195164e-03 -3.947538999999999909e+00
5.560772758860325557e-03 -4.951740000000000030e+00
5.580775538568455950e-03 -4.744294000000000011e+00
5.600778318276587210e-03 -4.841624999999999623e+00
5.620781097984717603e-03 -7.472299999999999776e-02
5.640783877692847996e-03 1.461621000000000059e+00
5.660786657400979256e-03 2.276739000000000068e+00
5.680789437109109649e-03 2.001875000000000071e+00
5.700792216817240042e-03 6.024299999999999794e-02
5.720794996525370435e-03 1.595209999999999961e-01
5.740797776233501695e-03 2.163500000000000145e-02
5.760800555941632088e-03 -1.370009000000000032e+00
5.780803335649762481e-03 -1.823898000000000019e+00
5.800806115357893741e-03 -3.465230000000000032e+00
5.820808895066024134e-03 -2.391664000000000012e+00
5.840811674774154527e-03 -2.018431000000000086e+00
5.860814454482285787e-03 -8.825730000000000519e-01
5.880817234190416180e-03 -1.216874000000000011e+00
5.900820013898546573e-03 -3.636728000000000183e+00
5.920822793606677834e-03 -3.788823999999999970e+00
5.940825573314808226e-03 -4.514656999999999698e+00
5.960828353022938619e-03 -3.412995000000000001e+00
5.980831132731069880e-03 -1.555587999999999971e+00
6.000833912439200273e-03 -1.633518000000000026e+00
6.020836692147330665e-03 -2.444418000000000202e+00
6.040839471855461926e-03 -8.526599999999999735e-01
6.060842251563592319e-03 7.987940000000000040e-01
6.080845031271722712e-03 2.826077000000000172e+00
6.100847810979853972e-03 2.702986000000000111e+00
6.120850590687984365e-03 -8.001660000000000439e-01
6.140853370396114758e-03 -2.822582999999999842e+00
6.160856150104245151e-03 -1.757711999999999941e+00
6.180858929812376411e-03 -8.634319999999999773e-01
6.200861709520506804e-03 -7.696039999999999548e-01
6.220864489228637197e-03 -2.268896999999999942e+00
6.240867268936768457e-03 -3.920221999999999873e+00
6.260870048644898850e-03 -4.340823000000000320e+00
6.280872828353029243e-03 -1.766796999999999951e+00
6.300875608061160503e-03 -7.304770000000000429e-01
6.320878387769290896e-03 -7.949100000000000055e-01
6.340881167477421289e-03 -1.313231999999999955e+00
6.360883947185552549e-03 -3.040345999999999993e+00
6.380886726893682942e-03 -2.212250000000000050e+00
6.400889506601813335e-03 4.262739999999999863e-01
6.420892286309944595e-03 8.344169999999999643e-01
6.440895066018074988e-03 1.131992000000000109e+00
6.460897845726205381e-03 1.626360000000000028e-01
6.480900625434336641e-03 -2.309970999999999997e+00
6.500903405142467034e-03 -2.466934000000000182e+00
6.520906184850597427e-03 -1.294025999999999899e+00
6.540908964558727820e-03 -1.233160999999999952e+00
6.560911744266859080e-03 -1.349310000000000009e+00
6.580914523974989473e-03 -6.687039999999999651e-01
6.600917303683119866e-03 5.125750000000000028e-01
6.620920083391251126e-03 1.609888999999999903e+00
6.640922863099381519e-03 6.111389999999999878e-01
6.660925642807511912e-03 -2.707536999999999860e+00
6.680928422515643172e-03 -4.674085999999999963e+00
6.700931202223773565e-03 -4.959979999999999833e+00
6.720933981931903958e-03 -3.214373999999999842e+00
6.740936761640035219e-03 -8.043190000000000062e-01
6.760939541348165611e-03 9.450509999999999744e-01
6.780942321056296004e-03 6.792709999999999582e-01
6.800945100764427265e-03 -1.353332999999999897e+00
6.820947880472557658e-03 -2.372651999999999983e+00
6.840950660180688050e-03 -2.847758999999999929e+00
6.860953439888819311e-03 -2.976755999999999958e+00
6.880956219596949704e-03 -9.754279999999999617e-01
6.900958999305080097e-03 -1.595310000000000061e-01
6.920961779013210489e-03 3.471110000000000029e-01
6.940964558721341750e-03 1.752316999999999902e+00
6.960967338429472143e-03 1.402897999999999978e+00
6.980970118137602536e-03 -2.732789999999999941e-01
7.000972897845733796e-03 -2.214520999999999962e+00
7.020975677553864189e-03 -4.009376999999999747e+00
7.040978457261994582e-03 -3.802840000000000220e+00
7.060981236970125842e-03 -1.940241000000000104e+00
7.080984016678256235e-03 -8.847900000000000209e-02
7.100986796386386628e-03 1.732130000000000059e-01
7.120989576094517888e-03 -4.097370000000000179e-01
7.140992355802648281e-03 -1.200198000000000098e+00
7.160995135510778674e-03 -1.722153999999999963e+00
7.180997915218909934e-03 -2.158587999999999951e+00
7.201000694927040327e-03 -3.669106999999999896e+00
7.221003474635170720e-03 -3.487486000000000086e+00
7.241006254343301980e-03 -2.642389999999999795e+00
7.261009034051432373e-03 -1.404335000000000111e+00
7.281011813759562766e-03 4.195260000000000100e-01
7.301014593467693159e-03 1.416848000000000107e+00
7.321017373175824419e-03 7.274180000000000090e-01
7.341020152883954812e-03 -1.110524000000000067e+00
7.361022932592085205e-03 -1.660381000000000107e+00
7.381025712300216465e-03 -1.147054999999999936e+00
7.401028492008346858e-03 -4.730679999999999885e-01
7.421031271716477251e-03 1.418719999999999981e-01
7.441034051424608511e-03 -1.207530999999999910e+00
7.461036831132738904e-03 -2.113297000000000203e+00
7.481039610840869297e-03 -1.915389000000000008e+00
7.501042390549000557e-03 -2.051458999999999921e+00
7.521045170257130950e-03 -1.733573999999999948e+00
7.541047949965261343e-03 -1.757907000000000108e+00
7.561050729673392604e-03 -1.843623999999999929e+00
7.581053509381522997e-03 -1.732340999999999909e+00
7.601056289089653389e-03 -1.270211999999999897e+00
7.621059068797784650e-03 -1.614635000000000042e+00
7.641061848505915043e-03 -1.978201000000000098e+00
7.661064628214045436e-03 -1.853487000000000107e+00
7.681067407922176696e-03 -1.222520000000000051e+00
7.701070187630307089e-03 -1.843180000000000096e-01
7.721072967338437482e-03 8.632800000000000196e-02
7.741075747046567875e-03 -1.056089999999999945e-01
7.761078526754699135e-03 -2.261060000000000014e-01
7.781081306462829528e-03 -8.736840000000000162e-01
7.801084086170959921e-03 -1.545269999999999921e+00
7.821086865879090314e-03 -1.824416999999999955e+00
7.841089645587221574e-03 -1.033566999999999902e+00
7.861092425295352834e-03 -1.116233999999999948e+00
7.881095205003482360e-03 -1.601074000000000108e+00
7.901097984711613620e-03 -1.597828999999999944e+00
7.921100764419744880e-03 -1.880220000000000002e+00
7.941103544127874406e-03 -1.787884999999999946e+00
7.961106323836005666e-03 -1.615544000000000091e+00
7.981109103544136926e-03 -1.940112000000000059e+00
8.001111883252266452e-03 -1.575248999999999899e+00
8.021114662960397712e-03 -8.106780000000000097e-01
8.041117442668528972e-03 -7.094530000000000003e-01
8.061120222376658498e-03 -1.170933999999999919e+00
8.081123002084789758e-03 -2.202516999999999836e+00
8.101125781792921018e-03 -2.718309000000000086e+00
8.121128561501050544e-03 -1.855367999999999906e+00
8.141131341209181804e-03 -5.358789999999999942e-01
8.161134120917313065e-03 1.948850000000000027e-01
8.181136900625442590e-03 7.368909999999999627e-01
8.201139680333573850e-03 9.341500000000000359e-01
8.221142460041705111e-03 1.434290000000000009e-01
8.241145239749834636e-03 -7.840089999999999559e-01
8.261148019457965896e-03 -1.885995000000000088e+00
8.281150799166095422e-03 -3.223847999999999825e+00
8.301153578874226682e-03 -3.843653999999999904e+00
8.321156358582357943e-03 -3.745284999999999975e+00
8.341159138290487468e-03 -2.826995000000000147e+00
8.361161917998618728e-03 -9.344829999999999526e-01
8.381164697706749989e-03 1.039072999999999913e+00
8.401167477414879514e-03 1.532737999999999934e+00
8.421170257123010774e-03 2.600970000000000226e-01
8.441173036831142035e-03 -1.558313000000000059e+00
8.461175816539271560e-03 -2.726290000000000102e+00
8.481178596247402821e-03 -2.782223000000000113e+00
8.501181375955534081e-03 -2.133735999999999855e+00
8.521184155663663606e-03 -1.981119999999999992e+00
8.541186935371794867e-03 -1.828244999999999898e+00
8.561189715079926127e-03 -2.871650000000000036e-01
8.581192494788055652e-03 8.797739999999999450e-01
8.601195274496186913e-03 6.378730000000000233e-01
8.621198054204318173e-03 -4.995419999999999860e-01
8.641200833912447699e-03 -1.959578000000000042e+00
8.661203613620578959e-03 -2.854832000000000036e+00
8.681206393328710219e-03 -2.353251000000000204e+00
8.701209173036839745e-03 -1.013646000000000047e+00
8.721211952744971005e-03 -1.742700000000000152e-02
8.741214732453102265e-03 1.332419999999999993e-01
8.761217512161231791e-03 -6.633829999999999449e-01
8.781220291869363051e-03 -1.617166000000000103e+00
8.801223071577494311e-03 -1.873731999999999953e+00
8.821225851285623837e-03 -2.327620000000000022e+00
8.841228630993755097e-03 -2.667241999999999891e+00
8.861231410701886357e-03 -2.181103999999999932e+00
8.881234190410015883e-03 -1.675046000000000035e+00
8.901236970118147143e-03 -6.359359999999999458e-01
8.921239749826278403e-03 8.507689999999999975e-01
8.941242529534407929e-03 9.736010000000000497e-01
8.961245309242539189e-03 -1.277359999999999884e-01
8.981248088950670450e-03 -1.627936999999999967e+00
9.001250868658799975e-03 -2.145611000000000157e+00
9.021253648366931235e-03 -1.672709999999999919e+00
9.041256428075062496e-03 -1.132130999999999998e+00
9.061259207783192021e-03 -1.106241000000000030e+00
9.081261987491323281e-03 -1.443591999999999986e+00
9.101264767199452807e-03 -1.641888000000000014e+00
9.121267546907584067e-03 -1.928820999999999897e+00
9.141270326615715328e-03 -2.106808000000000014e+00
9.161273106323844853e-03 -1.685621999999999954e+00
9.181275886031976113e-03 -1.297854000000000063e+00
9.201278665740107374e-03 -1.035319000000000100e+00
9.221281445448236899e-03 -4.185619999999999896e-01
9.241284225156368159e-03 1.736020000000000063e-01
9.261287004864499420e-03 3.133699999999999819e-01
9.281289784572628945e-03 -4.262190000000000145e-01
9.301292564280760206e-03 -1.992669999999999941e+00
9.321295343988891466e-03 -2.873130000000000184e+00
9.341298123697020991e-03 -2.458692999999999795e+00
9.361300903405152252e-03 -1.574794000000000027e+00
9.381303683113283512e-03 -6.631879999999999997e-01
9.401306462821413037e-03 -4.493190000000000239e-01
9.421309242529544298e-03 -1.056278000000000050e+00
9.441312022237675558e-03 -1.125253000000000059e+00
9.461314801945805084e-03 -9.760119999999999907e-01
9.481317581653936344e-03 -1.290521999999999947e+00
9.501320361362067604e-03 -1.818901000000000101e+00
9.521323141070197130e-03 -2.099864999999999871e+00
9.541325920778328390e-03 -1.705608000000000013e+00
9.561328700486459650e-03 -1.008000999999999925e+00
9.581331480194589176e-03 -4.756630000000000025e-01
9.601334259902720436e-03 -6.120569999999999622e-01
9.621337039610851696e-03 -8.201519999999999921e-01
9.641339819318981222e-03 -7.769359999999999600e-01
9.661342599027112482e-03 -1.031879999999999908e+00
9.681345378735243742e-03 -1.053876999999999953e+00
9.701348158443373268e-03 -9.305900000000000283e-01
9.721350938151504528e-03 -1.214863000000000026e+00
9.741353717859635789e-03 -1.798526999999999987e+00
9.761356497567765314e-03 -2.228861000000000203e+00
9.781359277275896574e-03 -1.984494999999999898e+00
9.801362056984027835e-03 -1.106954999999999911e+00
9.821364836692157360e-03 -1.348739999999999939e-01
9.841367616400288620e-03 -1.825009999999999966e-01
9.861370396108418146e-03 -1.198511000000000104e+00
9.881373175816549406e-03 -1.940047000000000077e+00
9.901375955524680667e-03 -2.052236999999999867e+00
9.921378735232810192e-03 -2.107132000000000005e+00
9.941381514940941452e-03 -1.897998999999999992e+00
9.961384294649072713e-03 -1.296167000000000069e+00
9.981387074357202238e-03 -3.922829999999999928e-01
1.000138985406533350e-02 6.414419999999999566e-01
1.002139263377346476e-02 1.056656999999999957e+00
1.004139541348159428e-02 3.740299999999999875e-02
1.006139819318972554e-02 -1.485508999999999968e+00
1.008140097289785680e-02 -2.443315000000000126e+00
1.010140375260598633e-02 -2.911868000000000123e+00
1.012140653231411759e-02 -2.696766000000000219e+00
1.014140931202224885e-02 -1.721375000000000099e+00
1.016141209173037838e-02 -5.131029999999999758e-01
1.018141487143850964e-02 1.943660000000000110e-01
1.020141765114664090e-02 2.623030000000000084e-01
1.022142043085477042e-02 -3.495219999999999994e-01
1.024142321056290168e-02 -1.308950000000000058e+00
1.026142599027103294e-02 -1.938944000000000001e+00
1.028142876997916247e-02 -2.391469999999999985e+00
1.030143154968729373e-02 -2.632137999999999867e+00
1.032143432939542499e-02 -2.286417000000000144e+00
1.034143710910355451e-02 -1.130314000000000041e+00
1.036143988881168577e-02 -1.158700000000000008e-02
1.038144266851981704e-02 -2.709500000000000103e-02
1.040144544822794656e-02 -6.376230000000000508e-01
1.042144822793607782e-02 -1.061209000000000069e+00
1.044145100764420908e-02 -1.117402000000000006e+00
1.046145378735233861e-02 -8.346209999999999463e-01
1.048145656706046987e-02 -6.603980000000000405e-01
1.050145934676860113e-02 -1.136803000000000008e+00
1.052146212647673065e-02 -1.451378000000000057e+00
1.054146490618486191e-02 -1.240429000000000004e+00
1.056146768589299317e-02 -1.390514000000000028e+00
1.058147046560112270e-02 -1.769392000000000076e+00
1.060147324530925396e-02 -1.747654999999999959e+00
1.062147602501738522e-02 -1.656552999999999942e+00
1.064147880472551475e-02 -1.205195000000000016e+00
1.066148158443364601e-02 -3.695720000000000116e-01
1.068148436414177553e-02 -9.976899999999999658e-02
1.070148714384990679e-02 -5.674139999999999739e-01
1.072148992355803805e-02 -1.176903999999999950e+00
1.074149270326616758e-02 -1.836551000000000045e+00
1.076149548297429884e-02 -2.258255000000000123e+00
1.078149826268243010e-02 -2.020831999999999962e+00
1.080150104239055962e-02 -1.367607999999999935e+00
1.082150382209869088e-02 -9.412970000000000503e-01
1.084150660180682214e-02 -6.550129999999999564e-01
1.086150938151495167e-02 -3.235669999999999935e-01
1.088151216122308293e-02 -3.027499999999999983e-02
1.090151494093121419e-02 -2.462209999999999954e-01
1.092151772063934372e-02 -1.052319000000000004e+00
1.094152050034747498e-02 -1.908317000000000041e+00
1.096152328005560624e-02 -2.284600000000000186e+00
1.098152605976373576e-02 -1.707943999999999907e+00
1.100152883947186702e-02 -9.333160000000000345e-01
1.102153161917999828e-02 -7.475420000000000398e-01
1.104153439888812781e-02 -7.926389999999999825e-01
1.106153717859625907e-02 -7.928340000000000387e-01
1.108153995830439033e-02 -1.124733999999999901e+00
1.110154273801251985e-02 -1.514772999999999925e+00
1.112154551772065111e-02 -1.765303999999999984e+00
1.114154829742878237e-02 -2.064760999999999846e+00
1.116155107713691190e-02 -2.140874000000000166e+00
1.118155385684504316e-02 -1.424903999999999948e+00
1.120155663655317442e-02 -6.049839999999999662e-01
1.122155941626130395e-02 -1.637490000000000057e-01
1.124156219596943521e-02 -1.846499999999999878e-02
1.126156497567756647e-02 -4.802049999999999930e-01
1.128156775538569599e-02 -1.256131000000000109e+00
1.130157053509382725e-02 -1.528529000000000027e+00
1.132157331480195851e-02 -1.332699000000000078e+00
1.134157609451008804e-02 -1.277608999999999995e+00
1.136157887421821930e-02 -1.464096000000000064e+00
1.138158165392635056e-02 -1.628196999999999894e+00
1.140158443363448008e-02 -1.566683000000000048e+00
1.142158721334261134e-02 -1.181381000000000014e+00
1.144158999305074087e-02 -8.592140000000000333e-01
1.146159277275887213e-02 -1.047387999999999986e+00
1.148159555246700339e-02 -1.415170999999999957e+00
1.150159833217513292e-02 -1.363909999999999956e+00
1.152160111188326418e-02 -1.223038999999999987e+00
1.154160389159139544e-02 -1.361118999999999968e+00
1.156160667129952496e-02 -1.462085000000000079e+00
1.158160945100765622e-02 -1.463122999999999951e+00
1.160161223071578748e-02 -1.347623000000000015e+00
1.162161501042391701e-02 -1.181705000000000005e+00
1.164161779013204827e-02 -7.895250000000000323e-01
1.166162056984017953e-02 -5.626130000000000297e-01
1.168162334954830905e-02 -7.099720000000000475e-01
1.170162612925644031e-02 -1.109615000000000018e+00
1.172162890896457157e-02 -1.697497000000000034e+00
1.174163168867270110e-02 -1.910976999999999926e+00
1.176163446838083236e-02 -1.430290000000000061e+00
1.178163724808896362e-02 -7.806349999999999678e-01
1.180164002779709315e-02 -5.872049999999999770e-01
1.182164280750522441e-02 -8.740080000000000071e-01
1.184164558721335567e-02 -1.180862000000000078e+00
1.186164836692148519e-02 -1.259505000000000097e+00
1.188165114662961645e-02 -1.427370000000000028e+00
1.190165392633774771e-02 -1.829218999999999928e+00
1.192165670604587724e-02 -2.051652999999999949e+00
1.194165948575400850e-02 -1.768807999999999936e+00
1.196166226546213976e-02 -9.887299999999999978e-01
1.198166504517026928e-02 -3.649649999999999839e-01
1.200166782487840055e-02 -4.024699999999999944e-01
1.202167060458653181e-02 -8.727749999999999675e-01
1.204167338429466133e-02 -1.335034999999999972e+00
1.206167616400279259e-02 -1.714367999999999892e+00
1.208167894371092385e-02 -1.732925000000000049e+00
1.210168172341905338e-02 -1.316151999999999989e+00
1.212168450312718464e-02 -9.889890000000000070e-01
1.214168728283531590e-02 -7.683710000000000262e-01
1.216169006254344542e-02 -8.058760000000000367e-01
1.218169284225157668e-02 -1.192736000000000018e+00
1.220169562195970794e-02 -1.541247000000000034e+00
1.222169840166783747e-02 -1.559935000000000072e+00
1.224170118137596873e-02 -1.498876000000000097e+00
1.226170396108409825e-02 -1.364559000000000077e+00
1.228170674079222952e-02 -9.380519999999999969e-01
1.230170952050036078e-02 -3.602929999999999744e-01
1.232171230020849030e-02 -1.677720000000000045e-01
1.234171507991662156e-02 -7.467639999999999834e-01
1.236171785962475282e-02 -1.866139999999999910e+00
1.238172063933288235e-02 -2.645375000000000032e+00
1.240172341904101361e-02 -2.561929000000000123e+00
1.242172619874914487e-02 -1.815072999999999936e+00
1.244172897845727439e-02 -9.328610000000000513e-01
1.246173175816540565e-02 -3.385560000000000236e-01
1.248173453787353691e-02 -7.595599999999999574e-02
1.250173731758166644e-02 -9.996399999999999730e-02
1.252174009728979770e-02 -5.384100000000000552e-01
1.254174287699792896e-02 -1.289938000000000029e+00
1.256174565670605849e-02 -1.966844999999999954e+00
1.258174843641418975e-02 -2.315291999999999906e+00
1.260175121612232101e-02 -2.100903000000000187e+00
1.262175399583045053e-02 -1.437751999999999919e+00
1.264175677553858179e-02 -8.047729999999999606e-01
1.266175955524671305e-02 -4.459449999999999803e-01
1.268176233495484258e-02 -5.172560000000000491e-01
1.270176511466297384e-02 -1.004367000000000010e+00
1.272176789437110510e-02 -1.560907999999999962e+00
1.274177067407923462e-02 -1.673812999999999995e+00
1.276177345378736588e-02 -1.501860999999999891e+00
1.278177623349549714e-02 -1.341912999999999911e+00
1.280177901320362667e-02 -1.275014000000000092e+00
1.282178179291175793e-02 -1.221611000000000002e+00
1.284178457261988919e-02 -1.107019999999999893e+00
1.286178735232801872e-02 -8.915929999999999689e-01
1.288179013203614998e-02 -8.066550000000000109e-01
1.290179291174428124e-02 -1.008131000000000110e+00
1.292179569145241076e-02 -1.307263000000000064e+00
1.294179847116054202e-02 -1.407189999999999941e+00
1.296180125086867328e-02 -1.333931999999999896e+00
1.298180403057680281e-02 -1.257818000000000103e+00
1.300180681028493407e-02 -1.281242999999999910e+00
1.302180958999306359e-02 -1.425292999999999921e+00
1.304181236970119485e-02 -1.427499000000000073e+00
1.306181514940932611e-02 -1.220118999999999954e+00
1.308181792911745564e-02 -8.984060000000000379e-01
1.310182070882558690e-02 -7.308010000000000339e-01
1.312182348853371816e-02 -7.870589999999999531e-01
1.314182626824184769e-02 -1.006313999999999931e+00
1.316182904794997895e-02 -1.270211999999999897e+00
1.318183182765811021e-02 -1.410693999999999892e+00
1.320183460736623973e-02 -1.361313999999999913e+00
1.322183738707437099e-02 -1.374227000000000087e+00
1.324184016678250225e-02 -1.395834000000000019e+00
1.326184294649063178e-02 -1.287925999999999904e+00
1.328184572619876304e-02 -1.164314999999999989e+00
1.330184850590689430e-02 -1.057120999999999977e+00
1.332185128561502382e-02 -1.121490000000000098e+00
1.334185406532315508e-02 -1.301617999999999942e+00
1.336185684503128634e-02 -1.431132999999999988e+00
1.338185962473941587e-02 -1.464679999999999982e+00
1.340186240444754713e-02 -1.333801999999999932e+00
1.342186518415567839e-02 -1.266837999999999909e+00
1.344186796386380792e-02 -1.213953999999999978e+00
1.346187074357193918e-02 -1.179240000000000066e+00
1.348187352328007044e-02 -1.124020000000000019e+00
1.350187630298819996e-02 -1.064387999999999890e+00
1.352187908269633122e-02 -1.097806000000000060e+00
1.354188186240446248e-02 -1.131158000000000108e+00
1.356188464211259201e-02 -1.209411999999999932e+00
1.358188742182072327e-02 -1.196693999999999924e+00
1.360189020152885453e-02 -1.169377000000000111e+00
1.362189298123698405e-02 -1.278971999999999998e+00
1.364189576094511532e-02 -1.416857999999999951e+00
1.366189854065324658e-02 -1.390773000000000037e+00
1.368190132036137610e-02 -1.396873000000000031e+00
1.370190410006950736e-02 -1.275468000000000046e+00
1.372190687977763862e-02 -1.039341999999999988e+00
1.374190965948576815e-02 -8.823140000000000427e-01
1.376191243919389941e-02 -9.324719999999999676e-01
1.378191521890203067e-02 -1.119283000000000028e+00
1.380191799861016019e-02 -1.385712000000000055e+00
1.382192077831829145e-02 -1.557404000000000011e+00
1.384192355802642098e-02 -1.573366999999999960e+00
1.386192633773455224e-02 -1.574600000000000000e+00
1.388192911744268350e-02 -1.438010999999999928e+00
1.390193189715081303e-02 -1.053358000000000017e+00
1.392193467685894429e-02 -6.569589999999999597e-01
1.394193745656707555e-02 -4.997369999999999868e-01
1.396194023627520507e-02 -7.065329999999999666e-01
1.398194301598333633e-02 -1.215640999999999972e+00
1.400194579569146759e-02 -1.708657000000000092e+00
1.402194857539959712e-02 -1.856861000000000095e+00
1.404195135510772838e-02 -1.683481000000000005e+00
1.406195413481585964e-02 -1.282929999999999904e+00
1.408195691452398916e-02 -9.168990000000000196e-01
1.410195969423212042e-02 -6.735060000000000491e-01
1.412196247394025168e-02 -5.752009999999999623e-01
1.414196525364838121e-02 -8.324150000000000160e-01
1.416196803335651247e-02 -1.308430999999999900e+00
1.418197081306464373e-02 -1.718974999999999920e+00
1.420197359277277326e-02 -1.919672000000000045e+00
1.422197637248090452e-02 -1.843428999999999984e+00
1.424197915218903578e-02 -1.395834000000000019e+00
1.426198193189716530e-02 -8.187889999999999890e-01
1.428198471160529656e-02 -3.708699999999999775e-01
1.430198749131342782e-02 -3.779429999999999734e-01
1.432199027102155735e-02 -8.304690000000000127e-01
1.434199305072968861e-02 -1.358263999999999916e+00
1.436199583043781987e-02 -1.599711000000000105e+00
1.438199861014594939e-02 -1.571938999999999975e+00
1.440200138985408065e-02 -1.363650000000000029e+00
1.442200416956221191e-02 -1.155165999999999915e+00
1.444200694927034144e-02 -1.040056000000000092e+00
1.446200972897847270e-02 -9.504460000000000131e-01
1.448201250868660396e-02 -8.446139999999999759e-01
1.450201528839473349e-02 -9.516790000000000527e-01
1.452201806810286475e-02 -1.229268000000000027e+00
1.454202084781099601e-02 -1.481681000000000026e+00
1.456202362751912553e-02 -1.422503000000000073e+00
1.458202640722725679e-02 -1.144460000000000033e+00
1.460202918693538632e-02 -9.277999999999999581e-01
1.462203196664351758e-02 -8.942529999999999646e-01
1.464203474635164884e-02 -1.035319000000000100e+00
1.466203752605977836e-02 -1.282929999999999904e+00
1.468204030576790962e-02 -1.396158999999999928e+00
1.470204308547604088e-02 -1.295712999999999893e+00
1.472204586518417041e-02 -1.076912000000000091e+00
1.474204864489230167e-02 -9.743889999999999496e-01
1.476205142460043293e-02 -9.723779999999999646e-01
1.478205420430856246e-02 -1.072435000000000027e+00
1.480205698401669372e-02 -1.178914999999999935e+00
1.482205976372482498e-02 -1.220572999999999908e+00
1.484206254343295450e-02 -1.222583999999999893e+00
1.486206532314108576e-02 -1.241726000000000107e+00
1.488206810284921702e-02 -1.188908000000000076e+00
1.490207088255734655e-02 -1.023898999999999893e+00
1.492207366226547781e-02 -7.732379999999999809e-01
1.494207644197360907e-02 -7.013420000000000210e-01
1.496207922168173859e-02 -9.413620000000000321e-01
1.498208200138986985e-02 -1.228942999999999897e+00
1.500208478109800111e-02 -1.412900000000000045e+00
1.502208756080613064e-02 -1.440088000000000035e+00
1.504209034051426190e-02 -1.278907000000000016e+00
1.506209312022239316e-02 -1.151596999999999982e+00
1.508209589993052269e-02 -1.072759000000000018e+00
1.510209867963865395e-02 -1.066853999999999969e+00
1.512210145934678521e-02 -1.113768000000000091e+00
1.514210423905491473e-02 -1.080999999999999961e+00
1.516210701876304599e-02 -1.080155999999999894e+00
1.518210979847117725e-02 -1.141863999999999990e+00
1.520211257817930678e-02 -1.229592000000000018e+00
1.522211535788743804e-02 -1.268199999999999994e+00
1.524211813759556930e-02 -1.279814999999999925e+00
1.526212091730369882e-02 -1.235497000000000067e+00
1.528212369701183009e-02 -1.155296000000000101e+00
1.530212647671996135e-02 -1.105591999999999908e+00
1.532212925642809087e-02 -1.042327000000000004e+00
1.534213203613622213e-02 -8.379959999999999631e-01
1.536213481584435339e-02 -6.404130000000000100e-01
1.538213759555248292e-02 -6.269160000000000288e-01
1.540214037526061418e-02 -8.677139999999999853e-01
1.542214315496874370e-02 -1.292597999999999914e+00
1.544214593467687496e-02 -1.586149999999999949e+00
1.546214871438500622e-02 -1.673294000000000059e+00
1.548215149409313575e-02 -1.581153000000000031e+00
1.550215427380126701e-02 -1.324068999999999940e+00
1.552215705350939827e-02 -9.747139999999999693e-01
1.554215983321752780e-02 -7.077660000000000062e-01
1.556216261292565906e-02 -6.051140000000000407e-01
1.558216539263379032e-02 -7.394309999999999494e-01
1.560216817234191984e-02 -9.976840000000000153e-01
1.562217095205005110e-02 -1.317126000000000019e+00
1.564217373175818063e-02 -1.535147999999999957e+00
1.566217651146631362e-02 -1.562011000000000038e+00
1.568217929117444315e-02 -1.323225000000000096e+00
1.570218207088257267e-02 -1.011765000000000025e+00
1.572218485059070567e-02 -7.408590000000000453e-01
1.574218763029883519e-02 -6.968649999999999567e-01
1.576219041000696472e-02 -8.734239999999999782e-01
1.578219318971509771e-02 -1.073927000000000076e+00
1.580219596942322724e-02 -1.197602999999999973e+00
1.582219874913135677e-02 -1.261581999999999981e+00
1.584220152883948976e-02 -1.264048000000000060e+00
1.586220430854761929e-02 -1.196628999999999943e+00
1.588220708825574881e-02 -1.054200999999999944e+00
1.590220986796388181e-02 -8.930200000000000360e-01
1.592221264767201133e-02 -9.195590000000000153e-01
1.594221542738014086e-02 -1.185534000000000088e+00
1.596221820708827385e-02 -1.415494999999999948e+00
1.598222098679640338e-02 -1.482393999999999989e+00
1.600222376650453290e-02 -1.348661000000000110e+00
1.602222654621266590e-02 -1.138554999999999984e+00
1.604222932592079542e-02 -9.146279999999999966e-01
1.606223210562892495e-02 -7.862799999999999789e-01
1.608223488533705794e-02 -6.876510000000000122e-01
1.610223766504518747e-02 -7.745360000000000023e-01
1.612224044475331700e-02 -9.714049999999999629e-01
1.614224322446144999e-02 -1.147639000000000076e+00
1.616224600416957952e-02 -1.392913999999999985e+00
1.618224878387770904e-02 -1.327831999999999901e+00
1.620225156358584204e-02 -1.164964000000000111e+00
1.622225434329397156e-02 -1.050956999999999919e+00
1.624225712300210109e-02 -9.447360000000000202e-01
1.626225990271023408e-02 -9.834089999999999776e-01
1.628226268241836361e-02 -1.148287999999999975e+00
1.630226546212649313e-02 -1.255287999999999959e+00
1.632226824183462613e-02 -1.263074000000000030e+00
1.634227102154275565e-02 -1.149391000000000052e+00
1.636227380125088518e-02 -1.004172999999999982e+00
1.638227658095901818e-02 -9.475909999999999611e-01
1.640227936066714770e-02 -1.019420999999999911e+00
1.642228214037527723e-02 -1.100206000000000017e+00
1.644228492008341022e-02 -1.185208999999999957e+00
1.646228769979153975e-02 -1.340939000000000103e+00
1.648229047949966927e-02 -1.427499000000000073e+00
1.650229325920780227e-02 -1.467081000000000079e+00
1.652229603891593179e-02 -1.312324000000000046e+00
1.654229881862406132e-02 -9.615420000000000078e-01
1.656230159833219084e-02 -6.613069999999999782e-01
1.658230437804032384e-02 -5.742920000000000247e-01
1.660230715774845336e-02 -7.105559999999999654e-01
1.662230993745658289e-02 -9.599839999999999485e-01
1.664231271716471589e-02 -1.199354999999999949e+00
1.666231549687284541e-02 -1.360600000000000032e+00
1.668231827658097494e-02 -1.377340999999999926e+00
1.670232105628910793e-02 -1.311674999999999924e+00
1.672232383599723746e-02 -1.168403000000000080e+00
1.674232661570536698e-02 -1.032399000000000067e+00
1.676232939541349998e-02 -9.302660000000000373e-01
1.678233217512162950e-02 -9.222850000000000215e-01
1.680233495482975903e-02 -1.010142000000000095e+00
1.682233773453789202e-02 -1.188323999999999936e+00
1.684234051424602155e-02 -1.279295999999999989e+00
1.686234329395415107e-02 -1.265215999999999896e+00
1.688234607366228407e-02 -1.165937999999999919e+00
1.690234885337041359e-02 -1.078858000000000095e+00
1.692235163307854312e-02 -1.078144999999999909e+00
1.694235441278667612e-02 -1.112859999999999960e+00
1.696235719249480564e-02 -1.111043000000000003e+00
1.698235997220293517e-02 -1.051087000000000105e+00
1.700236275191106816e-02 -1.003524000000000083e+00
1.702236553161919769e-02 -1.002550999999999970e+00
1.704236831132732721e-02 -1.151143000000000027e+00
1.706237109103546021e-02 -1.225633999999999890e+00
1.708237387074358973e-02 -1.297010999999999914e+00
1.710237665045171926e-02 -1.294415000000000093e+00
1.712237943015985225e-02 -1.132455999999999907e+00
1.714238220986798178e-02 -1.021433000000000035e+00
1.716238498957611130e-02 -9.917789999999999662e-01
1.718238776928424430e-02 -1.001902000000000070e+00
1.720239054899237383e-02 -1.026494000000000018e+00
1.722239332870050335e-02 -1.164120999999999961e+00
1.724239610840863635e-02 -1.290197000000000038e+00
1.726239888811676587e-02 -1.440477000000000007e+00
1.728240166782489540e-02 -1.490634999999999932e+00
1.730240444753302839e-02 -1.308041000000000009e+00
1.732240722724115792e-02 -9.549879999999999480e-01
1.734241000694928744e-02 -7.302170000000000050e-01
1.736241278665742044e-02 -7.198999999999999844e-01
1.738241556636554996e-02 -9.067760000000000264e-01
1.740241834607367949e-02 -1.128692000000000029e+00
1.742242112578181248e-02 -1.317320000000000046e+00
1.744242390548994201e-02 -1.384090000000000042e+00
1.746242668519807154e-02 -1.385971000000000064e+00
1.748242946490620453e-02 -1.269498000000000015e+00
1.750243224461433406e-02 -1.111496999999999957e+00
1.752243502432246358e-02 -9.366250000000000409e-01
1.754243780403059658e-02 -8.718669999999999476e-01
1.756244058373872610e-02 -9.410370000000000124e-01
1.758244336344685563e-02 -1.130314000000000041e+00
1.760244614315498862e-02 -1.312713000000000019e+00
1.762244892286311815e-02 -1.378638999999999948e+00
1.764245170257124767e-02 -1.261128000000000027e+00
1.766245448227938067e-02 -1.061598000000000042e+00
1.768245726198751019e-02 -9.335750000000000437e-01
1.770246004169563972e-02 -9.506409999999999583e-01
1.772246282140377271e-02 -1.156204000000000010e+00
1.774246560111190224e-02 -1.290327000000000002e+00
1.776246838082003177e-02 -1.316151999999999989e+00
1.778247116052816476e-02 -1.238482000000000083e+00
1.780247394023629429e-02 -1.144719000000000042e+00
1.782247671994442381e-02 -1.070942000000000061e+00
1.784247949965255681e-02 -1.012996999999999925e+00
1.786248227936068633e-02 -9.682899999999999840e-01
1.788248505906881586e-02 -1.018577999999999983e+00
1.790248783877694885e-02 -1.212981000000000087e+00
1.792249061848507838e-02 -1.410109999999999975e+00
1.794249339819320790e-02 -1.448782999999999932e+00
1.796249617790134090e-02 -1.360015999999999892e+00
1.798249895760947042e-02 -1.090927999999999898e+00
1.800250173731759995e-02 -8.366329999999999600e-01
1.802250451702573295e-02 -7.465039999999999454e-01
1.804250729673386247e-02 -8.625230000000000397e-01
1.806251007644199200e-02 -1.049724000000000101e+00
1.808251285615012499e-02 -1.230371000000000103e+00
1.810251563585825452e-02 -1.346001000000000003e+00
1.812251841556638404e-02 -1.327701999999999938e+00
1.814252119527451357e-02 -1.275727000000000055e+00
1.816252397498264656e-02 -1.211748000000000047e+00
1.818252675469077609e-02 -1.116427999999999976e+00
1.820252953439890561e-02 -1.042132000000000058e+00
1.822253231410703861e-02 -1.035512999999999906e+00
1.824253509381516813e-02 -1.105526999999999926e+00
1.826253787352329766e-02 -1.292402999999999968e+00
1.828254065323143066e-02 -1.383895000000000097e+00
1.830254343293956018e-02 -1.322510999999999992e+00
1.832254621264768971e-02 -1.152635999999999994e+00
1.834254899235582270e-02 -1.010337000000000041e+00
1.836255177206395223e-02 -9.715989999999999904e-01
1.838255455177208175e-02 -1.012607999999999953e+00
1.840255733148021475e-02 -1.088136999999999910e+00
1.842256011118834427e-02 -1.181381000000000014e+00
1.844256289089647380e-02 -1.240234000000000059e+00
1.846256567060460679e-02 -1.280982999999999983e+00
1.848256845031273632e-02 -1.288704999999999989e+00
1.850257123002086584e-02 -1.168144000000000071e+00
1.852257400972899884e-02 -1.038628000000000107e+00
1.854257678943712837e-02 -9.460979999999999945e-01
1.856257956914525789e-02 -9.133299999999999752e-01
1.858258234885339089e-02 -9.407130000000000214e-01
1.860258512856152041e-02 -1.031036000000000064e+00
1.862258790826964994e-02 -1.164574999999999916e+00
1.864259068797778293e-02 -1.258985999999999938e+00
1.866259346768591246e-02 -1.338408999999999960e+00
1.868259624739404198e-02 -1.358913000000000038e+00
1.870259902710217498e-02 -1.351645999999999903e+00
1.872260180681030450e-02 -1.263009000000000048e+00
1.874260458651843403e-02 -1.180797000000000097e+00
1.876260736622656702e-02 -1.069579000000000057e+00
1.878261014593469655e-02 -1.002874999999999961e+00
1.880261292564282607e-02 -9.701720000000000343e-01
1.882261570535095907e-02 -9.709499999999999797e-01
1.884261848505908860e-02 -1.047128000000000059e+00
1.886262126476721812e-02 -1.102348000000000106e+00
1.888262404447535112e-02 -1.188908000000000076e+00
1.890262682418348064e-02 -1.236860000000000070e+00
1.892262960389161017e-02 -1.235042999999999891e+00
1.894263238359974316e-02 -1.176579000000000041e+00
1.896263516330787269e-02 -1.123631000000000046e+00
1.898263794301600221e-02 -1.091836000000000029e+00
1.900264072272413521e-02 -1.127199999999999980e+00
1.902264350243226473e-02 -1.156917999999999891e+00
1.904264628214039426e-02 -1.183975999999999917e+00
1.906264906184852725e-02 -1.192541000000000073e+00
1.908265184155665678e-02 -1.174307999999999907e+00
1.910265462126478631e-02 -1.175799999999999956e+00
1.912265740097291930e-02 -1.157372000000000067e+00
1.914266018068104883e-02 -1.127523999999999971e+00
1.916266296038917835e-02 -1.112859999999999960e+00
1.918266574009731135e-02 -1.146600999999999981e+00
1.920266851980544087e-02 -1.225114999999999954e+00
1.922267129951357040e-02 -1.262361000000000066e+00
1.924267407922170339e-02 -1.235173000000000076e+00
1.926267685892983292e-02 -1.120905999999999958e+00
1.928267963863796244e-02 -9.632290000000000019e-01
1.930268241834609544e-02 -8.832870000000000443e-01
1.932268519805422496e-02 -9.175480000000000302e-01
1.934268797776235449e-02 -1.041612999999999900e+00
1.936269075747048748e-02 -1.146017000000000063e+00
1.938269353717861701e-02 -1.230046999999999890e+00
1.940269631688674654e-02 -1.289288999999999907e+00
1.942269909659487953e-02 -1.294804000000000066e+00
1.944270187630300906e-02 -1.234912999999999927e+00
1.946270465601113858e-02 -1.185534000000000088e+00
1.948270743571927158e-02 -1.126031999999999922e+00
1.950271021542740110e-02 -1.125642000000000031e+00
1.952271299513553063e-02 -1.201106999999999925e+00
1.954271577484366362e-02 -1.291754999999999987e+00
1.956271855455179315e-02 -1.346389999999999976e+00
1.958272133425992267e-02 -1.267616000000000076e+00
1.960272411396805567e-02 -1.104878000000000027e+00
1.962272689367618519e-02 -9.164449999999999541e-01
1.964272967338431472e-02 -8.353350000000000497e-01
1.966273245309244772e-02 -9.070359999999999534e-01
1.968273523280057724e-02 -1.065750999999999893e+00
1.970273801250870677e-02 -1.235692000000000013e+00
1.972274079221683629e-02 -1.330297999999999981e+00
1.974274357192496929e-02 -1.317191000000000001e+00
1.976274635163309881e-02 -1.234329000000000010e+00
1.978274913134122834e-02 -1.071266999999999969e+00
1.980275191104936133e-02 -9.177419999999999467e-01
1.982275469075749086e-02 -8.272239999999999593e-01
1.984275747046562038e-02 -8.662870000000000292e-01
1.986276025017375338e-02 -1.076651999999999942e+00
1.988276302988188290e-02 -1.297984000000000027e+00
1.990276580959001243e-02 -1.467924000000000007e+00
1.992276858929814543e-02 -1.465394000000000085e+00
1.994277136900627495e-02 -1.326405000000000056e+00
1.996277414871440448e-02 -1.143875999999999893e+00
1.998277692842253747e-02 -9.985279999999999712e-01
2.000277970813066700e-02 -9.334449999999999692e-01
2.002278248783879652e-02 -9.544690000000000119e-01
2.004278526754692952e-02 -9.964509999999999756e-01
2.006278804725505904e-02 -1.062831000000000081e+00
2.008279082696318857e-02 -1.101893999999999929e+00
2.010279360667132156e-02 -1.162498999999999949e+00
2.012279638637945109e-02 -1.171907000000000032e+00
2.014279916608758061e-02 -1.136543000000000081e+00
2.016280194579571361e-02 -1.124929000000000068e+00
2.018280472550384314e-02 -1.137582000000000093e+00
2.020280750521197266e-02 -1.168209000000000053e+00
2.022281028492010566e-02 -1.225568999999999908e+00
2.024281306462823518e-02 -1.218042000000000069e+00
2.026281584433636471e-02 -1.163211999999999913e+00
2.028281862404449770e-02 -1.069320000000000048e+00
2.030282140375262723e-02 -1.025779999999999914e+00
2.032282418346075675e-02 -1.032853000000000021e+00
2.034282696316888975e-02 -1.086645000000000083e+00
2.036282974287701927e-02 -1.149845000000000006e+00
2.038283252258514880e-02 -1.158346000000000098e+00
2.040283530229328179e-02 -1.170025000000000093e+00
2.042283808200141132e-02 -1.179368999999999890e+00
2.044284086170954085e-02 -1.182419000000000109e+00
2.046284364141767384e-02 -1.169701000000000102e+00
2.048284642112580337e-02 -1.122203000000000062e+00
2.050284920083393289e-02 -1.065946000000000060e+00
2.052285198054206589e-02 -1.049204999999999943e+00
2.054285476025019541e-02 -1.056017999999999901e+00
2.056285753995832494e-02 -1.065231999999999957e+00
2.058286031966645793e-02 -1.059196999999999944e+00
2.060286309937458746e-02 -1.062766000000000099e+00
2.062286587908271698e-02 -1.111755999999999966e+00
2.064286865879084998e-02 -1.177681999999999896e+00
2.066287143849897950e-02 -1.260672999999999933e+00
2.068287421820710903e-02 -1.293765999999999972e+00
2.070287699791524202e-02 -1.254509000000000096e+00
2.072287977762337155e-02 -1.199030000000000040e+00
2.074288255733150108e-02 -1.137647000000000075e+00
2.076288533703963407e-02 -1.099428000000000072e+00
2.078288811674776360e-02 -1.095210000000000017e+00
2.080289089645589312e-02 -1.108772000000000091e+00
2.082289367616402612e-02 -1.130508999999999986e+00
2.084289645587215564e-02 -1.128562000000000065e+00
2.086289923558028517e-02 -1.166651000000000105e+00
2.088290201528841816e-02 -1.136479000000000017e+00
2.090290479499654769e-02 -1.139528000000000096e+00
2.092290757470467721e-02 -1.116039000000000003e+00
2.094291035441281021e-02 -1.120451000000000086e+00
2.096291313412093973e-02 -1.145497999999999905e+00
2.098291591382906926e-02 -1.199939000000000089e+00
2.100291869353720225e-02 -1.195397000000000043e+00
2.102292147324533178e-02 -1.149974999999999969e+00
2.104292425295346131e-02 -1.055174000000000056e+00
2.106292703266159430e-02 -9.745840000000000058e-01
2.108292981236972383e-02 -9.518729999999999691e-01
2.110293259207785335e-02 -1.013517000000000001e+00
2.112293537178598635e-02 -1.116492999999999958e+00
2.114293815149411587e-02 -1.229981999999999909e+00
2.116294093120224540e-02 -1.293117000000000072e+00
2.118294371091037839e-02 -1.320823999999999998e+00
2.120294649061850792e-02 -1.274949000000000110e+00
2.122294927032663744e-02 -1.145693000000000072e+00
2.124295205003477044e-02 -9.896380000000000177e-01
2.126295482974289996e-02 -8.961350000000000149e-01
2.128295760945102949e-02 -8.938639999999999919e-01
2.130296038915915902e-02 -9.901569999999999538e-01
2.132296316886729201e-02 -1.125836999999999977e+00
2.134296594857542154e-02 -1.258661999999999948e+00
2.136296872828355106e-02 -1.301098000000000088e+00
2.138297150799168406e-02 -1.265474999999999905e+00
2.140297428769981358e-02 -1.186960999999999933e+00
2.142297706740794311e-02 -1.087164000000000019e+00
2.144297984711607610e-02 -1.037201000000000040e+00
2.146298262682420563e-02 -1.021044000000000063e+00
2.148298540653233515e-02 -1.080999999999999961e+00
2.150298818624046815e-02 -1.139853000000000005e+00
2.152299096594859767e-02 -1.195397000000000043e+00
2.154299374565672720e-02 -1.208374000000000059e+00
2.156299652536486020e-02 -1.154322999999999988e+00
2.158299930507298972e-02 -1.046415000000000095e+00
2.160300208478111925e-02 -9.610870000000000246e-01
2.162300486448925224e-02 -9.407130000000000214e-01
2.164300764419738177e-02 -1.004822000000000104e+00
2.166301042390551129e-02 -1.110133999999999954e+00
2.168301320361364429e-02 -1.196369999999999933e+00
2.170301598332177381e-02 -1.254898000000000069e+00
2.172301876302990334e-02 -1.220442999999999945e+00
2.174302154273803633e-02 -1.146665999999999963e+00
2.176302432244616586e-02 -1.057965000000000044e+00
2.178302710215429538e-02 -1.002356000000000025e+00
2.180302988186242838e-02 -9.791260000000000518e-01
2.182303266157055791e-02 -1.030127999999999933e+00
2.184303544127868743e-02 -1.123436000000000101e+00
2.186303822098682043e-02 -1.187480000000000091e+00
2.188304100069494995e-02 -1.218561000000000005e+00
2.190304378040307948e-02 -1.189621999999999957e+00
2.192304656011121247e-02 -1.150689000000000073e+00
2.194304933981934200e-02 -1.113833000000000073e+00
2.196305211952747152e-02 -1.087034000000000056e+00
2.198305489923560452e-02 -1.091965999999999992e+00
2.200305767894373404e-02 -1.106111000000000066e+00
2.202306045865186357e-02 -1.107993000000000006e+00
2.204306323835999656e-02 -1.118244999999999933e+00
2.206306601806812609e-02 -1.113183999999999951e+00
2.208306879777625562e-02 -1.055563999999999947e+00
2.210307157748438861e-02 -1.010855999999999977e+00
2.212307435719251814e-02 -1.039730999999999961e+00
2.214307713690064766e-02 -1.106824999999999948e+00
2.216307991660878066e-02 -1.188582999999999945e+00
2.218308269631691018e-02 -1.236730000000000107e+00
2.220308547602503971e-02 -1.251913999999999971e+00
2.222308825573317270e-02 -1.223233000000000015e+00
2.224309103544130223e-02 -1.154063000000000061e+00
2.226309381514943175e-02 -1.087488000000000010e+00
2.228309659485756475e-02 -1.039471999999999952e+00
2.230309937456569427e-02 -1.014944000000000068e+00
2.232310215427382380e-02 -1.021433000000000035e+00
2.234310493398195679e-02 -1.038497999999999921e+00
2.236310771369008632e-02 -1.110263999999999918e+00
2.238311049339821585e-02 -1.149521000000000015e+00
2.240311327310634884e-02 -1.177942000000000045e+00
2.242311605281447837e-02 -1.195267000000000079e+00
2.244311883252260789e-02 -1.150234999999999896e+00
2.246312161223074089e-02 -1.135375999999999941e+00
2.248312439193887041e-02 -1.089695000000000080e+00
2.250312717164699994e-02 -1.084503999999999913e+00
2.252312995135513293e-02 -1.044532999999999934e+00
2.254313273106326246e-02 -1.005406000000000022e+00
2.256313551077139198e-02 -1.005080999999999891e+00
2.258313829047952498e-02 -1.064324000000000048e+00
2.260314107018765450e-02 -1.146406000000000036e+00
2.262314384989578403e-02 -1.212461999999999929e+00
2.264314662960391702e-02 -1.231862999999999930e+00
2.266314940931204655e-02 -1.184301000000000048e+00
2.268315218902017608e-02 -1.104878000000000027e+00
2.270315496872830907e-02 -1.075094999999999912e+00
2.272315774843643860e-02 -1.067372999999999905e+00
2.274316052814456812e-02 -1.092419999999999947e+00
2.276316330785270112e-02 -1.103256000000000014e+00
2.278316608756083064e-02 -1.143550999999999984e+00
2.280316886726896017e-02 -1.154452000000000034e+00
2.282317164697709316e-02 -1.165548000000000028e+00
2.284317442668522269e-02 -1.123305999999999916e+00
2.286317720639335221e-02 -1.029868000000000006e+00
2.288317998610148174e-02 -9.719889999999999919e-01
2.290318276580961473e-02 -9.775040000000000395e-01
2.292318554551774426e-02 -1.028634999999999966e+00
2.294318832522587379e-02 -1.159513999999999934e+00
2.296319110493400678e-02 -1.236599999999999921e+00
2.298319388464213631e-02 -1.239584999999999937e+00
2.300319666435026583e-02 -1.185469000000000106e+00
2.302319944405839883e-02 -1.079960999999999949e+00
2.304320222376652835e-02 -1.029090000000000060e+00
2.306320500347465788e-02 -9.993710000000000093e-01
2.308320778318279087e-02 -1.031619999999999981e+00
2.310321056289092040e-02 -1.083271000000000095e+00
2.312321334259904992e-02 -1.145173999999999914e+00
2.314321612230718292e-02 -1.200652000000000053e+00
2.316321890201531244e-02 -1.242699999999999916e+00
2.318322168172344197e-02 -1.225375000000000103e+00
2.320322446143157497e-02 -1.122462999999999989e+00
2.322322724113970449e-02 -1.009493999999999891e+00
2.324323002084783402e-02 -9.627099999999999547e-01
2.326323280055596701e-02 -9.980080000000000062e-01
2.328323558026409654e-02 -1.071979999999999933e+00
2.330323835997222606e-02 -1.111237000000000030e+00
2.332324113968035906e-02 -1.132910000000000084e+00
2.334324391938848858e-02 -1.108641999999999905e+00
2.336324669909661811e-02 -1.063026000000000026e+00
2.338324947880475110e-02 -1.054461000000000093e+00
2.340325225851288063e-02 -1.048230999999999913e+00
2.342325503822101015e-02 -1.067633000000000054e+00
2.344325781792914315e-02 -1.101763999999999966e+00
2.346326059763727268e-02 -1.142902000000000085e+00
2.348326337734540220e-02 -1.187545000000000073e+00
2.350326615705353520e-02 -1.186765999999999988e+00
2.352326893676166472e-02 -1.162239000000000022e+00
2.354327171646979425e-02 -1.086514999999999898e+00
2.356327449617792724e-02 -1.023703999999999947e+00
2.358327727588605677e-02 -1.009104000000000001e+00
2.360328005559418629e-02 -1.044208000000000025e+00
2.362328283530231929e-02 -1.110068999999999972e+00
2.364328561501044881e-02 -1.147899000000000003e+00
2.366328839471857834e-02 -1.129470999999999892e+00
2.368329117442671133e-02 -1.092030999999999974e+00
2.370329395413484086e-02 -1.048945000000000016e+00
2.372329673384297039e-02 -1.024288000000000087e+00
2.374329951355110338e-02 -1.008065999999999907e+00
2.376330229325923291e-02 -9.965810000000000501e-01
2.378330507296736243e-02 -1.037201000000000040e+00
2.380330785267549543e-02 -1.082233000000000001e+00
2.382331063238362495e-02 -1.132910000000000084e+00
2.384331341209175448e-02 -1.171453000000000078e+00
2.386331619179988747e-02 -1.145173999999999914e+00
2.388331897150801700e-02 -1.129729999999999901e+00
2.390332175121614652e-02 -1.089369999999999949e+00
2.392332453092427952e-02 -1.082686999999999955e+00
2.394332731063240904e-02 -1.085412000000000043e+00
2.396333009034053857e-02 -1.115390000000000104e+00
2.398333287004867156e-02 -1.143356999999999957e+00
2.400333564975680109e-02 -1.121618999999999922e+00
2.402333842946493062e-02 -1.116946999999999912e+00
2.404334120917306361e-02 -1.056602000000000041e+00
2.406334398888119314e-02 -1.025001999999999969e+00
2.408334676858932266e-02 -9.959320000000000395e-01
2.410334954829745566e-02 -9.679649999999999643e-01
2.412335232800558518e-02 -9.808130000000000459e-01
2.414335510771371471e-02 -1.001641999999999921e+00
2.416335788742184770e-02 -1.041352999999999973e+00
2.418336066712997723e-02 -1.077171000000000101e+00
2.420336344683810675e-02 -1.103580999999999923e+00
2.422336622654623975e-02 -1.112081000000000097e+00
2.424336900625436927e-02 -1.098973999999999895e+00
2.426337178596249880e-02 -1.078988000000000058e+00
2.428337456567063180e-02 -1.044402999999999970e+00
2.430337734537876132e-02 -1.013840999999999992e+00
2.432338012508689085e-02 -1.015657999999999950e+00
2.434338290479502384e-02 -1.035449000000000064e+00
2.436338568450315337e-02 -1.087488000000000010e+00
2.438338846421128289e-02 -1.125966999999999940e+00
2.440339124391941589e-02 -1.157696999999999976e+00
2.442339402362754541e-02 -1.163796000000000053e+00
2.444339680333567494e-02 -1.145693000000000072e+00
2.446339958304380446e-02 -1.080481000000000025e+00
2.448340236275193746e-02 -1.033956000000000097e+00
2.450340514246006698e-02 -9.699769999999999781e-01
2.452340792216819651e-02 -9.477849999999999886e-01
2.454341070187632950e-02 -9.841870000000000340e-01
2.456341348158445903e-02 -9.772440000000000015e-01
2.458341626129258856e-02 -1.128821999999999992e+00
2.460341904100072155e-02 -1.167364999999999986e+00
2.462342182070885108e-02 -1.135504999999999987e+00
2.464342460041698060e-02 -1.110263999999999918e+00
2.466342738012511360e-02 -1.068866000000000094e+00
2.468343015983324312e-02 -1.021238000000000090e+00
2.470343293954137265e-02 -9.762060000000000182e-01
2.472343571924950564e-02 -1.153478999999999921e+00
2.474343849895763517e-02 -1.097285999999999984e+00
2.476344127866576469e-02 -1.202015000000000056e+00
2.478344405837389769e-02 -1.169701000000000102e+00
2.480344683808202721e-02 -1.019811000000000023e+00
2.482344961779015674e-02 -1.069838999999999984e+00
2.484345239749828974e-02 -1.078729000000000049e+00
2.486345517720641926e-02 -1.015916999999999959e+00
2.488345795691454879e-02 -1.065426999999999902e+00
2.490346073662268178e-02 -1.098648999999999987e+00
2.492346351633081131e-02 -1.094171999999999922e+00
2.494346629603894083e-02 -1.124279999999999946e+00
2.496346907574707383e-02 -1.089760000000000062e+00
2.498347185545520335e-02 -1.043689000000000089e+00
2.500347463516333288e-02 -1.049919000000000047e+00
2.502347741487146587e-02 -1.015981999999999941e+00
2.504348019457959540e-02 -9.710149999999999615e-01
2.506348297428772492e-02 -9.919090000000000407e-01
2.508348575399585792e-02 -1.091576000000000102e+00
2.510348853370398745e-02 -1.168209000000000053e+00
2.512349131341211697e-02 -1.230890000000000040e+00
2.514349409312024997e-02 -1.197861999999999982e+00
2.516349687282837949e-02 -1.096508000000000038e+00
2.518349965253650902e-02 -1.021044000000000063e+00
2.520350243224464201e-02 -1.031231000000000009e+00
2.522350521195277154e-02 -1.077625999999999973e+00
2.524350799166090106e-02 -1.108057999999999987e+00
2.526351077136903406e-02 -1.105267999999999917e+00
2.528351355107716358e-02 -1.094495999999999913e+00
2.530351633078529311e-02 -1.108381999999999978e+00
2.532351911049342610e-02 -1.072044999999999915e+00
2.534352189020155563e-02 -1.020070000000000032e+00
2.536352466990968516e-02 -9.796449999999999880e-01
2.538352744961781815e-02 -9.887299999999999978e-01
2.540353022932594768e-02 -1.074446000000000012e+00
2.542353300903407720e-02 -1.177747000000000099e+00
2.544353578874221020e-02 -1.198576000000000086e+00
2.546353856845033972e-02 -1.165613000000000010e+00
2.548354134815846925e-02 -1.103904999999999914e+00
2.550354412786660224e-02 -1.052513999999999950e+00
2.552354690757473177e-02 -1.038238999999999912e+00
2.554354968728286129e-02 -1.013127000000000111e+00
2.556355246699099429e-02 -1.012024000000000035e+00
2.558355524669912381e-02 -1.019940000000000069e+00
2.560355802640725334e-02 -1.111043000000000003e+00
2.562356080611538633e-02 -1.141021000000000063e+00
2.564356358582351586e-02 -1.176773999999999987e+00
2.566356636553164539e-02 -1.161459999999999937e+00
2.568356914523977838e-02 -1.128497000000000083e+00
2.570357192494790791e-02 -1.115000999999999909e+00
2.572357470465603743e-02 -1.111302000000000012e+00
2.574357748436417043e-02 -1.088980999999999977e+00
2.576358026407229995e-02 -1.069579000000000057e+00
2.578358304378042948e-02 -1.055174000000000056e+00
2.580358582348856247e-02 -1.073083000000000009e+00
2.582358860319669200e-02 -1.083271000000000095e+00
2.584359138290482152e-02 -1.093393000000000059e+00
2.586359416261295452e-02 -1.077301000000000064e+00
2.588359694232108404e-02 -1.094756000000000062e+00
2.590359972202921357e-02 -1.114676000000000000e+00
2.592360250173734657e-02 -1.140891000000000099e+00
2.594360528144547609e-02 -1.139334000000000069e+00
2.596360806115360562e-02 -1.141215000000000090e+00
2.598361084086173861e-02 -1.121618999999999922e+00
2.600361362056986814e-02 -1.107019999999999893e+00
2.602361640027799766e-02 -1.109420000000000073e+00
2.604361917998612719e-02 -1.093004000000000087e+00
2.606362195969426018e-02 -1.077236000000000082e+00
2.608362473940238971e-02 -1.043819000000000052e+00
2.610362751911051923e-02 -1.018772000000000011e+00
2.612363029881865223e-02 -1.015333000000000041e+00
2.614363307852678175e-02 -1.088201999999999892e+00
2.616363585823491128e-02 -1.131742000000000026e+00
2.618363863794304428e-02 -1.133753000000000011e+00
2.620364141765117380e-02 -1.147899000000000003e+00
2.622364419735930333e-02 -1.148547999999999902e+00
2.624364697706743632e-02 -1.148352999999999957e+00
2.626364975677556585e-02 -1.140306999999999960e+00
2.628365253648369537e-02 -1.101698999999999984e+00
2.630365531619182837e-02 -1.031490000000000018e+00
2.632365809589995789e-02 -1.015139000000000014e+00
2.634366087560808742e-02 -1.062376999999999905e+00
2.636366365531622041e-02 -1.102737000000000078e+00
2.638366643502434994e-02 -1.110328999999999899e+00
2.640366921473247946e-02 -1.098324999999999996e+00
2.642367199444061246e-02 -1.083205999999999891e+00
2.644367477414874198e-02 -1.077496000000000009e+00
2.646367755385687151e-02 -1.096182999999999907e+00
2.648368033356500451e-02 -1.082362000000000046e+00
2.650368311327313403e-02 -1.073407999999999918e+00
2.652368589298126356e-02 -1.075938000000000061e+00
2.654368867268939655e-02 -1.104100000000000081e+00
2.656369145239752608e-02 -1.124929000000000068e+00
2.658369423210565560e-02 -1.118894000000000055e+00
2.660369701181378860e-02 -1.069255000000000067e+00
2.662369979152191812e-02 -1.019681000000000060e+00
2.664370257123004765e-02 -1.022535999999999889e+00
2.666370535093818064e-02 -1.057444999999999968e+00
2.668370813064631017e-02 -1.123112000000000110e+00
2.670371091035443969e-02 -1.151208000000000009e+00
2.672371369006257269e-02 -1.141151000000000026e+00
2.674371646977070222e-02 -1.114676000000000000e+00
2.676371924947883174e-02 -1.088397000000000059e+00
2.678372202918696474e-02 -1.053163000000000071e+00
2.680372480889509426e-02 -1.036032999999999982e+00
2.682372758860322379e-02 -9.985279999999999712e-01
2.684373036831135678e-02 -1.001967000000000052e+00
2.686373314801948631e-02 -1.053163000000000071e+00
2.688373592772761583e-02 -1.115324999999999900e+00
2.690373870743574883e-02 -1.148352999999999957e+00
2.692374148714387835e-02 -1.140695999999999932e+00
2.694374426685200788e-02 -1.073992000000000058e+00
2.696374704656014087e-02 -1.032853000000000021e+00
2.698374982626827040e-02 -1.025779999999999914e+00
2.700375260597639993e-02 -1.044337999999999989e+00
2.702375538568453292e-02 -1.080025999999999931e+00
2.704375816539266245e-02 -1.112081000000000097e+00
2.706376094510079197e-02 -1.146471000000000018e+00
2.708376372480892497e-02 -1.171583000000000041e+00
2.710376650451705449e-02 -1.153413999999999939e+00
2.712376928422518402e-02 -1.125836999999999977e+00
2.714377206393331701e-02 -1.049074999999999980e+00
2.716377484364144654e-02 -1.030321999999999960e+00
2.718377762334957606e-02 -1.036875999999999909e+00
2.720378040305770906e-02 -1.057574999999999932e+00
2.722378318276583858e-02 -1.083530000000000104e+00
2.724378596247396811e-02 -1.072109999999999896e+00
2.726378874218210110e-02 -1.075809000000000015e+00
2.728379152189023063e-02 -1.077755000000000019e+00
2.730379430159836016e-02 -1.068151999999999990e+00
2.732379708130649315e-02 -1.051606000000000041e+00
2.734379986101462268e-02 -1.042262000000000022e+00
2.736380264072275220e-02 -1.067503000000000091e+00
2.738380542043088520e-02 -1.115844000000000058e+00
2.740380820013901472e-02 -1.136673000000000044e+00
2.742381097984714425e-02 -1.141539999999999999e+00
2.744381375955527724e-02 -1.114740999999999982e+00
2.746381653926340677e-02 -1.094626000000000099e+00
2.748381931897153629e-02 -1.106306000000000012e+00
2.750382209867966929e-02 -1.093263000000000096e+00
2.752382487838779881e-02 -1.073538000000000103e+00
2.754382765809592834e-02 -1.068931000000000076e+00
2.756383043780406134e-02 -1.062246999999999941e+00
2.758383321751219086e-02 -1.066853999999999969e+00
2.760383599722032039e-02 -1.083790000000000031e+00
2.762383877692844991e-02 -1.077042000000000055e+00
2.764384155663658291e-02 -1.060494999999999965e+00
2.766384433634471243e-02 -1.057704999999999895e+00
2.768384711605284196e-02 -1.066400000000000015e+00
2.770384989576097495e-02 -1.077301000000000064e+00
2.772385267546910448e-02 -1.075418999999999903e+00
2.774385545517723400e-02 -1.059457000000000093e+00
2.776385823488536700e-02 -1.022275999999999962e+00
2.778386101459349652e-02 -1.044337999999999989e+00
2.780386379430162605e-02 -1.057900000000000063e+00
2.782386657400975905e-02 -1.080740000000000034e+00
2.784386935371788857e-02 -1.099817000000000045e+00
2.786387213342601810e-02 -1.096443000000000056e+00
2.788387491313415109e-02 -1.097935000000000105e+00
2.790387769284228062e-02 -1.079571999999999976e+00
2.792388047255041014e-02 -1.090732999999999953e+00
2.794388325225854314e-02 -1.102541999999999911e+00
2.796388603196667266e-02 -1.076133000000000006e+00
2.798388881167480219e-02 -1.077949999999999964e+00
2.800389159138293518e-02 -1.058354000000000017e+00
2.802389437109106471e-02 -1.049139999999999961e+00
2.804389715079919423e-02 -1.024936999999999987e+00
2.806389993050732723e-02 -1.022081999999999935e+00
2.808390271021545676e-02 -1.012153999999999998e+00
2.810390548992358628e-02 -9.998899999999999455e-01
2.812390826963171928e-02 -1.040704000000000073e+00
2.814391104933984880e-02 -1.091382000000000074e+00
2.816391382904797833e-02 -1.111626999999999921e+00
2.818391660875611132e-02 -1.121618999999999922e+00
2.820391938846424085e-02 -1.107539000000000051e+00
2.822392216817237037e-02 -1.096832000000000029e+00
2.824392494788050337e-02 -1.074575999999999976e+00
2.826392772758863289e-02 -1.047128000000000059e+00
2.828393050729676242e-02 -1.064324000000000048e+00
2.830393328700489541e-02 -1.037784999999999958e+00
2.832393606671302494e-02 -1.095534999999999926e+00
2.834393884642115446e-02 -1.109291000000000027e+00
2.836394162612928746e-02 -1.066594999999999960e+00
2.838394440583741699e-02 -1.076003000000000043e+00
2.840394718554554651e-02 -1.040315000000000101e+00
2.842394996525367951e-02 -1.050696999999999992e+00
2.844395274496180903e-02 -1.050632000000000010e+00
2.846395552466993856e-02 -1.028245999999999993e+00
2.848395830437807155e-02 -1.063220000000000054e+00
2.850396108408620108e-02 -1.033306999999999976e+00
2.852396386379433060e-02 -1.067892000000000063e+00
2.854396664350246360e-02 -1.067179000000000100e+00
2.856396942321059312e-02 -1.009363999999999928e+00
2.858397220291872265e-02 -9.962560000000000304e-01
2.860397498262685564e-02 -9.943100000000000271e-01
2.862397776233498517e-02 -1.028245999999999993e+00
2.864398054204311470e-02 -1.054654999999999898e+00
2.866398332175124769e-02 -1.072499000000000091e+00
2.868398610145937722e-02 -1.098713999999999968e+00
2.870398888116750674e-02 -1.095793999999999935e+00
2.872399166087563974e-02 -1.087229000000000001e+00
2.874399444058376926e-02 -1.115844000000000058e+00
2.876399722029189879e-02 -1.049593999999999916e+00
