# time(s), 	 	 acceleration(g)
0.000000000000000000e+00 6.143651000000000195e+00
2.000277970813059281e-05 6.376597000000000293e+00
4.000555941626118562e-05 6.625894999999999868e+00
6.000833912439177504e-05 6.880644000000000204e+00
8.001111883252237124e-05 7.140194000000000152e+00
1.000138985406529674e-04 7.451201000000000185e+00
1.200166782487835501e-04 7.764217999999999620e+00
1.400194579569141598e-04 8.092095000000000482e+00
1.600222376650447425e-04 8.438205999999999207e+00
1.800250173731753251e-04 8.785679000000000016e+00
2.000277970813059349e-04 9.160144999999999982e+00
2.200305767894365175e-04 9.572570999999999941e+00
2.400333564975671002e-04 1.001607800000000026e+01
2.600361362056977099e-04 1.052220100000000080e+01
2.800389159138283197e-04 1.107186399999999971e+01
3.000416956219588752e-04 1.166000499999999995e+01
3.200444753300894850e-04 1.236202399999999990e+01
3.400472550382200947e-04 1.318473400000000062e+01
3.600500347463506503e-04 1.400108499999999978e+01
3.800528144544812600e-04 1.495649000000000051e+01
4.000555941626118698e-04 1.602947100000000091e+01
4.200583738707424253e-04 1.713275499999999951e+01
4.400611535788730351e-04 1.855457200000000029e+01
4.600639332870036448e-04 2.020278199999999913e+01
4.800667129951342003e-04 2.199251200000000139e+01
5.000694927032648101e-04 2.426805500000000038e+01
5.200722724113954198e-04 2.713887700000000081e+01
5.400750521195260296e-04 3.084824199999999905e+01
5.600778318276566393e-04 3.583667100000000261e+01
5.800806115357871407e-04 4.369235299999999711e+01
6.000833912439177504e-04 5.601768700000000223e+01
6.200861709520483602e-04 7.637792399999999304e+01
6.400889506601789699e-04 1.080781120000000044e+02
6.600917303683095797e-04 1.532973719999999958e+02
6.800945100764401894e-04 2.120578959999999995e+02
7.000972897845707992e-04 2.824754110000000082e+02
7.201000694927013005e-04 3.554370400000000245e+02
7.401028492008319103e-04 4.223691840000000184e+02
7.601056289089625200e-04 4.692536539999999832e+02
7.801084086170931298e-04 4.896137610000000109e+02
8.001111883252237395e-04 4.799097560000000158e+02
8.201139680333543493e-04 4.486090800000000058e+02
8.401167477414848506e-04 4.050013040000000046e+02
8.601195274496154604e-04 3.585036279999999920e+02
8.801223071577460701e-04 3.110846789999999942e+02
9.001250868658766799e-04 2.689038449999999898e+02
9.201278665740072896e-04 2.246752889999999923e+02
9.401306462821378994e-04 1.758115520000000060e+02
9.601334259902684007e-04 1.226948869999999943e+02
9.801362056983990104e-04 7.456340699999999799e+01
1.000138985406529620e-03 3.593069299999999799e+01
1.020141765114660230e-03 8.359692000000000789e+00
1.040144544822790840e-03 -5.171124999999999972e+00
1.060147324530921449e-03 -5.222255999999999787e+00
1.080150104239052059e-03 5.292650000000000077e+00
1.100152883947182669e-03 2.522988399999999842e+01
1.120155663655313279e-03 4.731613099999999861e+01
1.140158443363443888e-03 6.336964700000000050e+01
1.160161223071574281e-03 6.902116300000000138e+01
1.180164002779704891e-03 5.774739600000000195e+01
1.200166782487835501e-03 3.555765399999999943e+01
1.220169562195966111e-03 5.209658000000000122e+00
1.240172341904096720e-03 -1.954048399999999930e+01
1.260175121612227330e-03 -3.637414400000000114e+01
1.280177901320357940e-03 -3.722767499999999785e+01
1.300180681028488550e-03 -2.595410400000000095e+01
1.320183460736619159e-03 -1.128755999999999915e+01
1.340186240444749769e-03 7.287814000000000014e+00
1.360189020152880379e-03 2.213597800000000149e+01
1.380191799861010989e-03 2.926446500000000128e+01
1.400194579569141598e-03 2.210677899999999951e+01
1.420197359277271991e-03 4.346847999999999601e+00
1.440200138985402601e-03 -9.526520000000000543e-01
1.460202918693533211e-03 -9.899160000000000181e+00
1.480205698401663821e-03 -2.297448000000000157e+00
1.500208478109794430e-03 5.162729999999999819e-01
1.520211257817925040e-03 1.183825099999999964e+01
1.540214037526055650e-03 2.358044100000000043e+01
1.560216817234186260e-03 2.355565400000000054e+01
1.580219596942316869e-03 2.581510499999999908e+01
1.600222376650447479e-03 1.532200199999999946e+01
1.620225156358578089e-03 1.874759999999999982e+00
1.640227936066708699e-03 7.639634000000000036e+00
1.660230715774839308e-03 -1.281112999999999946e+00
1.680233495482969701e-03 -1.756230000000000013e-01
1.700236275191100311e-03 2.696496999999999922e+00
1.720239054899230921e-03 1.436509000000000036e+00
1.740241834607361530e-03 5.202959999999999807e-01
1.760244614315492140e-03 -1.173807399999999923e+01
1.780247394023622750e-03 -1.822929999999999851e+01
1.800250173731753360e-03 -2.792577800000000110e+01
1.820252953439883969e-03 -2.966281999999999996e+01
1.840255733148014579e-03 -1.998347100000000154e+01
1.860258512856145189e-03 -1.510827100000000023e+01
1.880261292564275799e-03 6.475875000000000270e+00
1.900264072272406408e-03 2.353547400000000067e+01
1.920266851980536801e-03 3.196132400000000118e+01
1.940269631688667411e-03 4.034317899999999923e+01
1.960272411396798021e-03 3.465240699999999663e+01
1.980275191104928847e-03 2.197207200000000071e+01
2.000277970813059240e-03 8.447224999999999540e+00
2.020280750521190067e-03 -1.986571000000000087e+00
2.040283530229320460e-03 -1.515726100000000010e+01
2.060286309937450853e-03 -1.691792200000000079e+01
2.080289089645581679e-03 -1.578290800000000083e+01
2.100291869353712072e-03 -1.336655799999999950e+01
2.120294649061842899e-03 -7.351996999999999893e+00
2.140297428769973292e-03 -5.122328999999999688e+00
2.160300208478104118e-03 -1.414781999999999984e+00
2.180302988186234511e-03 -5.035574000000000439e+00
2.200305767894365338e-03 -8.494538000000000366e+00
2.220308547602495731e-03 -1.492210900000000073e+01
2.240311327310626557e-03 -1.388909800000000061e+01
2.260314107018756950e-03 -6.746660000000000323e+00
2.280316886726887777e-03 -5.333797999999999817e+00
2.300319666435018170e-03 -1.888655999999999890e+00
2.320322446143148563e-03 6.446026999999999951e+00
2.340325225851279389e-03 8.310506999999999422e+00
2.360328005559409782e-03 1.262949099999999980e+01
2.380330785267540609e-03 1.331158899999999967e+01
2.400333564975671002e-03 1.157493700000000025e+01
2.420336344683801828e-03 6.541216999999999615e+00
2.440339124391932221e-03 8.090668000000000859e+00
2.460341904100063048e-03 3.315783999999999843e+00
2.480344683808193441e-03 -3.794014999999999915e+00
2.500347463516324267e-03 -7.944614999999999760e+00
2.520350243224454660e-03 -1.373161600000000071e+01
2.540353022932585487e-03 -1.499452299999999916e+01
2.560355802640715880e-03 -1.664974099999999879e+01
2.580358582348846273e-03 -9.177868999999999389e+00
2.600361362056977099e-03 -7.045272999999999897e+00
2.620364141765107492e-03 -7.107370999999999661e+00
2.640366921473238319e-03 -5.896892000000000245e+00
2.660369701181368712e-03 -6.063199000000000005e+00
2.680372480889499538e-03 -6.953782000000000352e+00
2.700375260597629931e-03 -6.424558000000000213e+00
2.720378040305760758e-03 -7.243763999999999648e+00
2.740380820013891151e-03 -3.298858000000000068e+00
2.760383599722021977e-03 9.719790000000000374e-01
2.780386379430152370e-03 1.106076799999999949e+01
2.800389159138283197e-03 1.900703299999999984e+01
2.820391938846413590e-03 1.332527999999999935e+01
2.840394718554543983e-03 8.253341000000000705e+00
2.860397498262674809e-03 2.734456000000000220e+00
2.880400277970805202e-03 2.455620000000000025e-01
2.900403057678936029e-03 -4.375148000000000259e+00
2.920405837387066422e-03 -8.110338000000000491e+00
2.940408617095197248e-03 -1.338018500000000088e+01
2.960411396803327641e-03 -1.059397599999999962e+01
2.980414176511458468e-03 -8.079841000000000051e+00
3.000416956219588861e-03 -7.952467000000000397e+00
3.020419735927719687e-03 -1.162906300000000037e+01
3.040422515635850080e-03 -1.701992500000000064e+01
3.060425295343980907e-03 -1.453881799999999913e+01
3.080428075052111300e-03 -1.266895200000000088e+01
3.100430854760241692e-03 -8.498691000000000884e+00
3.120433634468372519e-03 -1.065685999999999911e+00
3.140436414176502912e-03 6.422926999999999609e+00
3.160439193884633739e-03 1.079602700000000048e+01
3.180441973592764131e-03 1.229843400000000031e+01
3.200444753300894958e-03 1.023909599999999998e+01
3.220447533009025351e-03 5.026091000000000086e+00
3.240450312717156178e-03 1.315623999999999905e+00
3.260453092425286570e-03 -2.167348000000000052e+00
3.280455872133417397e-03 -5.847578000000000387e+00
3.300458651841547790e-03 -4.508168000000000397e+00
3.320461431549678617e-03 6.594799999999999551e-01
3.340464211257809009e-03 4.320763000000000353e+00
3.360466990965939402e-03 5.912190000000000500e-01
3.380469770674070229e-03 -2.917253999999999792e+00
3.400472550382200622e-03 -8.741564999999999586e+00
3.420475330090331448e-03 -1.681844900000000109e+01
3.440478109798461841e-03 -1.736538600000000088e+01
3.460480889506592668e-03 -1.812684199999999990e+01
3.480483669214723061e-03 -1.558272900000000050e+01
3.500486448922853887e-03 -1.124518800000000063e+01
3.520489228630984280e-03 -9.927529999999999966e-01
3.540492008339115107e-03 5.039848000000000106e+00
3.560494788047245500e-03 9.150088000000000221e+00
3.580497567755376326e-03 1.154599699999999984e+01
3.600500347463506719e-03 6.816794999999999938e+00
3.620503127171637112e-03 3.135655999999999999e+00
3.640505906879767939e-03 -6.623449999999999616e-01
3.660508686587898332e-03 -2.043153000000000219e+00
3.680511466296029158e-03 2.137030000000000041e-01
3.700514246004159551e-03 -3.037230999999999792e+00
3.720517025712290378e-03 -4.234732000000000163e+00
3.740519805420420771e-03 -1.737208000000000085e+00
3.760522585128551597e-03 -2.262602999999999920e+00
3.780525364836681990e-03 -1.115455000000000085e+00
3.800528144544812817e-03 2.209385999999999850e+00
3.820530924252943210e-03 -2.401860000000000106e-01
3.840533703961073603e-03 -5.110000999999999571e+00
3.860536483669204429e-03 -5.118305999999999578e+00
3.880539263377334822e-03 -9.921416000000000679e+00
3.900542043085465649e-03 -1.354675100000000043e+01
3.920544822793596042e-03 -1.480420799999999915e+01
3.940547602501726435e-03 -1.231200499999999920e+01
3.960550382209857695e-03 -8.226487000000000549e+00
3.980553161917988088e-03 -3.487430000000000252e-01
4.000555941626118481e-03 1.042675099999999944e+01
4.020558721334248874e-03 1.282661900000000088e+01
4.040561501042380134e-03 1.247311200000000042e+01
4.060564280750510527e-03 1.088433900000000065e+01
4.080567060458640920e-03 4.826172999999999824e+00
4.100569840166771313e-03 2.755220000000000002e+00
4.120572619874901706e-03 -1.013776000000000010e+00
4.140575399583032966e-03 -4.024885000000000268e+00
4.160578179291163359e-03 -6.260132999999999726e+00
4.180580958999293752e-03 -7.665858000000000061e+00
4.200583738707424145e-03 -5.438006999999999813e+00
4.220586518415555405e-03 -5.294864999999999711e+00
4.240589298123685798e-03 -6.789031999999999734e+00
4.260592077831816191e-03 -6.273953999999999809e+00
4.280594857539946584e-03 -4.567734999999999879e+00
4.300597637248077844e-03 -3.779479999999999951e+00
4.320600416956208237e-03 -3.694217999999999780e+00
4.340603196664338630e-03 -1.505039999999999933e+00
4.360605976372469023e-03 -3.420599999999999752e-01
4.380608756080599415e-03 7.329329999999999457e-01
4.400611535788730676e-03 3.880501000000000200e+00
4.420614315496861069e-03 4.477206999999999937e+00
4.440617095204991462e-03 2.732314999999999827e+00
4.460619874913121854e-03 3.150320999999999927e+00
4.480622654621253115e-03 7.485060000000000047e-01
4.500625434329383508e-03 -3.506888000000000005e+00
4.520628214037513901e-03 -3.638673999999999964e+00
4.540630993745644294e-03 -1.039536999999999933e+00
4.560633773453775554e-03 1.517424000000000106e+00
4.580636553161905947e-03 3.310334000000000110e+00
4.600639332870036340e-03 3.310462999999999933e+00
4.620642112578166733e-03 -2.200709999999999888e-01
4.640644892286297125e-03 -2.736022999999999872e+00
4.660647671994428386e-03 -5.631631999999999749e+00
4.680650451702558779e-03 -1.062122899999999959e+01
4.700653231410689172e-03 -1.324009200000000064e+01
4.720656011118819564e-03 -1.115531900000000043e+01
4.740658790826950825e-03 -4.993787000000000198e+00
4.760661570535081218e-03 3.319093000000000071e+00
4.780664350243211611e-03 7.855190999999999590e+00
4.800667129951342003e-03 9.003766000000000602e+00
4.820669909659473264e-03 7.259977000000000125e+00
4.840672689367603657e-03 4.602829999999999977e+00
4.860675469075734050e-03 -4.935200000000000004e-02
4.880678248783864442e-03 -4.682001999999999775e+00
4.900681028491994835e-03 -7.077912000000000425e+00
4.920683808200126096e-03 -8.182104000000000710e+00
4.940686587908256489e-03 -5.588676000000000421e+00
4.960689367616386881e-03 -1.037919999999999954e-01
4.980692147324517274e-03 1.260404000000000080e+00
5.000694927032648535e-03 1.252294000000000018e+00
5.020697706740778928e-03 3.853949999999999876e-01
5.040700486448909320e-03 -9.525869999999999616e-01
5.060703266157039713e-03 3.670970000000000066e-01
5.080706045865170974e-03 1.760234000000000076e+00
5.100708825573301367e-03 1.178646000000000083e+00
5.120711605281431759e-03 -2.180000999999999856e+00
5.140714384989562152e-03 -5.937837000000000032e+00
5.160717164697692545e-03 -6.468098000000000347e+00
5.180719944405823806e-03 -6.554657999999999873e+00
5.200722724113954198e-03 -4.666428999999999938e+00
5.220725503822084591e-03 -1.725527999999999951e+00
5.240728283530214984e-03 -7.539660000000000251e-01
5.260731063238346245e-03 1.371491999999999933e+00
5.280733842946476637e-03 3.639638000000000151e+00
5.300736622654607030e-03 4.179698000000000135e+00
5.320739402362737423e-03 2.201988000000000056e+00
5.340742182070868684e-03 -4.768310000000000048e-01
5.360744961778999076e-03 -3.076617999999999853e+00
5.380747741487129469e-03 -3.716149999999999842e+00
5.400750521195259862e-03 -3.066949999999999843e+00
5.420753300903390255e-03 -2.954110000000000014e+00
5.440756080611521515e-03 -1.818057999999999952e+00
5.460758860319651908e-03 -6.735700000000000021e-01
5.480761640027782301e-03 -9.176130000000000120e-01
5.500764419735912694e-03 5.016089999999999716e-01
5.520767199444043954e-03 -2.527739999999999987e-01
5.540769979152174347e-03 -2.906741999999999937e+00
5.560772758860304740e-03 -6.030884999999999607e+00
5.580775538568435133e-03 -6.041007999999999711e+00
5.600778318276566393e-03 -4.179318000000000310e+00
5.620781097984696786e-03 -1.925966000000000067e+00
5.640783877692827179e-03 4.938870000000000204e-01
5.660786657400957572e-03 1.613197999999999910e+00
5.680789437109087965e-03 5.887529999999999708e-01
5.700792216817219225e-03 5.847299999999999720e-01
5.720794996525349618e-03 -1.233240000000000031e-01
5.740797776233480011e-03 -4.489299999999999957e-01
5.760800555941610404e-03 -2.081320000000000114e-01
5.780803335649741664e-03 -8.816000000000000503e-01
5.800806115357872057e-03 -1.651556000000000024e+00
5.820808895066002450e-03 -1.297595000000000054e+00
5.840811674774132843e-03 -5.934989999999999988e-01
5.860814454482264103e-03 -9.929470000000000240e-01
5.880817234190394496e-03 -2.867680000000000007e+00
5.900820013898524889e-03 -3.627642999999999951e+00
5.920822793606655282e-03 -5.278773000000000160e+00
5.940825573314785675e-03 -6.334689000000000014e+00
5.960828353022916935e-03 -3.199644999999999850e+00
5.980831132731047328e-03 -1.927848000000000006e+00
6.000833912439177721e-03 -1.624562999999999979e+00
6.020836692147308114e-03 -9.280599999999999961e-01
6.040839471855439374e-03 -1.548589999999999967e-01
6.060842251563569767e-03 1.379992000000000107e+00
6.080845031271700160e-03 2.006676999999999822e+00
6.100847810979830553e-03 5.825240000000000418e-01
6.120850590687961813e-03 -1.553121999999999892e+00
6.140853370396092206e-03 -1.455985000000000085e+00
6.160856150104222599e-03 -2.470640000000000058e-01
6.180858929812352992e-03 -6.513790000000000413e-01
6.200861709520483385e-03 -6.947889999999999899e-01
6.220864489228614645e-03 -2.423200000000000021e+00
6.240867268936745038e-03 -4.501614000000000004e+00
6.260870048644875431e-03 -3.306189999999999962e+00
6.280872828353005824e-03 -1.599580999999999920e+00
6.300875608061137084e-03 -1.308689999999999909e+00
6.320878387769267477e-03 -1.831034999999999968e+00
6.340881167477397870e-03 -1.762383999999999951e+00
6.360883947185528263e-03 -1.709241000000000010e+00
6.380886726893659523e-03 -6.539099999999999913e-01
6.400889506601789916e-03 6.684350000000000014e-01
6.420892286309920309e-03 3.002630000000000021e-01
6.440895066018050702e-03 -8.302739999999999565e-01
6.460897845726181095e-03 -1.590302000000000104e+00
6.480900625434312355e-03 -2.281160999999999994e+00
6.500903405142442748e-03 -2.170268000000000086e+00
6.520906184850573141e-03 -1.352100000000000080e+00
6.540908964558703534e-03 -4.815030000000000143e-01
6.560911744266834794e-03 -6.945289999999999520e-01
6.580914523974965187e-03 2.467300000000000049e-01
6.600917303683095580e-03 1.468369000000000035e+00
6.620920083391225973e-03 6.435830000000000162e-01
6.640922863099357233e-03 -1.075549000000000088e+00
6.660925642807487626e-03 -2.715843000000000007e+00
6.680928422515618019e-03 -4.045843999999999774e+00
6.700931202223748412e-03 -3.373737999999999904e+00
6.720933981931878805e-03 -1.271898999999999891e+00
6.740936761640010065e-03 -3.320670000000000011e-01
6.760939541348140458e-03 -7.621419999999999861e-01
6.780942321056270851e-03 -1.616516999999999982e+00
6.800945100764401244e-03 -2.805776999999999965e+00
6.820947880472532504e-03 -3.767475999999999825e+00
6.840950660180662897e-03 -3.021462999999999788e+00
6.860953439888793290e-03 -1.661353999999999997e+00
6.880956219596923683e-03 -6.290580000000000060e-01
6.900958999305054943e-03 9.524479999999999613e-01
6.920961779013185336e-03 2.684298000000000073e+00
6.940964558721315729e-03 2.527658999999999878e+00
6.960967338429446122e-03 4.640389999999999793e-01
6.980970118137576515e-03 -1.869383999999999935e+00
7.000972897845707775e-03 -3.958051000000000208e+00
7.020975677553838168e-03 -4.550279999999999880e+00
7.040978457261968561e-03 -2.667241999999999891e+00
7.060981236970098954e-03 -4.349140000000000228e-01
7.080984016678230214e-03 8.880149999999999988e-01
7.100986796386360607e-03 6.138000000000000123e-01
7.120989576094491000e-03 -1.087034000000000056e+00
7.140992355802621393e-03 -2.303612000000000215e+00
7.160995135510752653e-03 -2.713830999999999882e+00
7.180997915218883046e-03 -3.449266999999999861e+00
7.201000694927013439e-03 -4.208905999999999814e+00
7.221003474635143832e-03 -3.044693000000000094e+00
7.241006254343274225e-03 -1.287341999999999986e+00
7.261009034051405485e-03 1.063140000000000057e-01
7.281011813759535878e-03 1.355399999999999938e+00
7.301014593467666271e-03 1.352025999999999950e+00
7.321017373175796664e-03 -8.588300000000000101e-02
7.341020152883927924e-03 -1.434247999999999967e+00
7.361022932592058317e-03 -1.797747999999999902e+00
7.381025712300188710e-03 -1.146212000000000009e+00
7.401028492008319103e-03 -1.116883000000000070e+00
7.421031271716450363e-03 -1.472207000000000043e+00
7.441034051424580756e-03 -1.605745999999999896e+00
7.461036831132711149e-03 -1.663040999999999991e+00
7.481039610840841542e-03 -1.009493999999999891e+00
7.501042390548971935e-03 -9.068410000000000082e-01
7.521045170257103195e-03 -1.354889999999999928e+00
7.541047949965233588e-03 -1.258920999999999957e+00
7.561050729673363981e-03 -1.384219000000000088e+00
7.581053509381494374e-03 -1.711772000000000071e+00
7.601056289089625634e-03 -1.660250999999999921e+00
7.621059068797756027e-03 -1.943551000000000029e+00
7.641061848505886420e-03 -2.820377000000000134e+00
7.661064628214016813e-03 -2.920497999999999816e+00
7.681067407922147205e-03 -1.726047000000000109e+00
7.701070187630278466e-03 -3.184409999999999741e-01
7.721072967338408859e-03 1.065080000000000054e-01
7.741075747046539252e-03 2.993540000000000090e-01
7.761078526754669644e-03 4.663749999999999840e-01
7.781081306462800905e-03 -2.687370000000000037e-01
7.801084086170931298e-03 -6.141330000000000400e-01
7.821086865879062558e-03 -4.179780000000000162e-01
7.841089645587192083e-03 -1.135829999999999895e+00
7.861092425295323344e-03 -2.272920000000000051e+00
7.881095205003452869e-03 -2.817521999999999860e+00
7.901097984711584130e-03 -2.749064999999999870e+00
7.921100764419715390e-03 -2.262798000000000087e+00
7.941103544127844915e-03 -1.351256999999999930e+00
7.961106323835976176e-03 -1.170220000000000038e+00
7.981109103544105701e-03 -1.189751000000000003e+00
8.001111883252236961e-03 -7.656460000000000488e-01
8.021114662960368222e-03 -4.131770000000000165e-01
8.041117442668497747e-03 -9.119669999999999721e-01
8.061120222376629008e-03 -2.006167000000000034e+00
8.081123002084760268e-03 -2.807010000000000005e+00
8.101125781792889793e-03 -2.997908999999999935e+00
8.121128561501021054e-03 -2.034911999999999832e+00
8.141131341209150579e-03 -3.527660000000000240e-01
8.161134120917281840e-03 7.749800000000000022e-01
8.181136900625413100e-03 1.089490999999999987e+00
8.201139680333542625e-03 6.394300000000000539e-01
8.221142460041673886e-03 -2.501789999999999847e-01
8.241145239749803411e-03 -1.111172000000000049e+00
8.261148019457934671e-03 -1.875872999999999902e+00
8.281150799166065932e-03 -2.728041999999999856e+00
8.301153578874195457e-03 -3.369196000000000080e+00
8.321156358582326718e-03 -3.103092000000000183e+00
8.341159138290457978e-03 -2.004868999999999790e+00
8.361161917998587503e-03 -6.537800000000000278e-01
8.381164697706718764e-03 3.417910000000000115e-01
8.401167477414848289e-03 -1.235829999999999984e-01
8.421170257122979549e-03 -1.449430999999999914e+00
8.441173036831110810e-03 -2.270195000000000185e+00
8.461175816539240335e-03 -2.106288999999999856e+00
8.481178596247371596e-03 -1.541117999999999988e+00
8.501181375955501121e-03 -1.329064999999999941e+00
8.521184155663632381e-03 -1.336851999999999929e+00
8.541186935371763642e-03 -1.139204000000000105e+00
8.561189715079893167e-03 -3.913739999999999997e-01
8.581192494788024427e-03 1.381090000000000095e-01
8.601195274496155688e-03 -2.514770000000000061e-01
8.621198054204285213e-03 -1.359822000000000086e+00
8.641200833912416474e-03 -2.180649999999999977e+00
8.661203613620545999e-03 -2.117255000000000109e+00
8.681206393328677259e-03 -1.280594000000000010e+00
8.701209173036808520e-03 -1.647869999999999890e-01
8.721211952744938045e-03 2.437459999999999904e-01
8.741214732453069305e-03 -4.809189999999999854e-01
8.761217512161198831e-03 -1.499719000000000024e+00
8.781220291869330091e-03 -2.041205999999999854e+00
8.801223071577461352e-03 -2.276489000000000207e+00
8.821225851285590877e-03 -2.389911999999999814e+00
8.841228630993722137e-03 -2.293165000000000120e+00
8.861231410701853398e-03 -2.091883999999999855e+00
8.881234190409982923e-03 -1.401543999999999901e+00
8.901236970118114183e-03 -2.140360000000000040e-01
8.921239749826243709e-03 4.034989999999999966e-01
8.941242529534374969e-03 -6.382200000000000373e-02
8.961245309242506230e-03 -1.066400000000000015e+00
8.981248088950635755e-03 -1.575183999999999918e+00
9.001250868658767015e-03 -1.347363000000000088e+00
9.021253648366896541e-03 -5.106380000000000363e-01
9.041256428075027801e-03 -9.658999999999999531e-02
9.061259207783159061e-03 -8.128840000000000510e-01
9.081261987491288587e-03 -1.516524999999999901e+00
9.101264767199419847e-03 -2.041984999999999939e+00
9.121267546907551108e-03 -2.461094000000000115e+00
9.141270326615680633e-03 -2.494835999999999832e+00
9.161273106323811893e-03 -2.178897999999999779e+00
9.181275886031941419e-03 -1.496151000000000009e+00
9.201278665740072679e-03 -7.725239999999999885e-01
9.221281445448203939e-03 2.429000000000000169e-03
9.241284225156333465e-03 4.299080000000000124e-01
9.261287004864464725e-03 -1.437699999999999916e-02
9.281289784572594251e-03 -1.030647000000000091e+00
9.301292564280725511e-03 -2.256114000000000175e+00
9.321295343988856771e-03 -2.652318000000000175e+00
9.341298123696986297e-03 -1.870940999999999965e+00
9.361300903405117557e-03 -1.090602999999999989e+00
9.381303683113248817e-03 -7.182129999999999903e-01
9.401306462821378343e-03 -5.811060000000000114e-01
9.421309242529509603e-03 -6.652649999999999952e-01
9.441312022237639129e-03 -9.577130000000000365e-01
9.461314801945770389e-03 -1.236664999999999903e+00
9.481317581653901649e-03 -1.716574000000000044e+00
9.501320361362031175e-03 -2.122380999999999851e+00
9.521323141070162435e-03 -2.015575999999999812e+00
9.541325920778291961e-03 -1.153543999999999903e+00
9.561328700486423221e-03 -5.609260000000000357e-01
9.581331480194554481e-03 -6.378169999999999673e-01
9.601334259902684007e-03 -9.344189999999999996e-01
9.621337039610815267e-03 -1.171648000000000023e+00
9.641339819318946527e-03 -1.258143000000000011e+00
9.661342599027076053e-03 -1.161850000000000049e+00
9.681345378735207313e-03 -1.166066999999999965e+00
9.701348158443336839e-03 -1.113898000000000055e+00
9.721350938151468099e-03 -1.057965000000000044e+00
9.741353717859599359e-03 -1.231020000000000003e+00
9.761356497567728885e-03 -1.201885000000000092e+00
9.781359277275860145e-03 -8.847150000000000292e-01
9.801362056983989671e-03 -6.571540000000000159e-01
9.821364836692120931e-03 -8.254070000000000018e-01
9.841367616400252191e-03 -1.456050000000000066e+00
9.861370396108381717e-03 -1.952309999999999990e+00
9.881373175816512977e-03 -2.134450000000000180e+00
9.901375955524644237e-03 -2.307958999999999872e+00
9.921378735232773763e-03 -2.011033999999999988e+00
9.941381514940905023e-03 -1.404398999999999953e+00
9.961384294649034549e-03 -4.933779999999999832e-01
9.981387074357165809e-03 5.086169999999999858e-01
1.000138985406529707e-02 1.057760000000000034e+00
1.002139263377342659e-02 5.234760000000000524e-01
1.004139541348155786e-02 -9.192350000000000243e-01
1.006139819318968738e-02 -2.113685999999999954e+00
1.008140097289781864e-02 -2.586132000000000097e+00
1.010140375260594990e-02 -2.656080999999999914e+00
1.012140653231407943e-02 -2.139251999999999931e+00
1.014140931202221069e-02 -1.223168000000000033e+00
1.016141209173034195e-02 -4.140849999999999809e-01
1.018141487143847147e-02 -9.964999999999999900e-03
1.020141765114660273e-02 -1.078149999999999942e-01
1.022142043085473226e-02 -5.537229999999999652e-01
1.024142321056286352e-02 -1.192606000000000055e+00
1.026142599027099478e-02 -1.849982999999999933e+00
1.028142876997912430e-02 -2.242487999999999815e+00
1.030143154968725556e-02 -2.207513000000000059e+00
1.032143432939538509e-02 -1.708009000000000110e+00
1.034143710910351635e-02 -9.897029999999999994e-01
1.036143988881164761e-02 -6.975139999999999674e-01
1.038144266851977714e-02 -1.006898000000000071e+00
1.040144544822790840e-02 -1.187156000000000100e+00
1.042144822793603966e-02 -9.420749999999999957e-01
1.044145100764416918e-02 -3.761260000000000159e-01
1.046145378735230044e-02 -1.052199999999999941e-01
1.048145656706042997e-02 -3.689230000000000009e-01
1.050145934676856123e-02 -8.638209999999999500e-01
1.052146212647669249e-02 -1.240558000000000050e+00
1.054146490618482201e-02 -1.547541999999999973e+00
1.056146768589295327e-02 -1.964250000000000052e+00
1.058147046560108280e-02 -2.326970999999999901e+00
1.060147324530921406e-02 -2.262019000000000002e+00
1.062147602501734532e-02 -1.612104999999999899e+00
1.064147880472547485e-02 -6.555969999999999853e-01
1.066148158443360611e-02 1.697740000000000082e-01
1.068148436414173737e-02 2.151299999999999879e-01
1.070148714384986689e-02 -6.012210000000000054e-01
1.072148992355799815e-02 -1.545010999999999912e+00
1.074149270326612768e-02 -2.091429000000000205e+00
1.076149548297425894e-02 -2.090520999999999852e+00
1.078149826268239020e-02 -1.701324999999999976e+00
1.080150104239051972e-02 -1.338278999999999996e+00
1.082150382209865098e-02 -1.181705000000000005e+00
1.084150660180678051e-02 -8.191779999999999617e-01
1.086150938151491177e-02 -2.929399999999999782e-01
1.088151216122304303e-02 -2.093000000000000138e-01
1.090151494093117256e-02 -7.152929999999999566e-01
1.092151772063930382e-02 -1.418414999999999981e+00
1.094152050034743508e-02 -1.759074999999999944e+00
1.096152328005556460e-02 -1.403167000000000053e+00
1.098152605976369586e-02 -6.658490000000000242e-01
1.100152883947182539e-02 -4.227799999999999891e-01
1.102153161917995665e-02 -7.740160000000000373e-01
1.104153439888808791e-02 -1.305835000000000079e+00
1.106153717859621743e-02 -1.695354999999999945e+00
1.108153995830434869e-02 -1.894754999999999967e+00
1.110154273801247822e-02 -2.049252000000000073e+00
1.112154551772060948e-02 -2.040038000000000018e+00
1.114154829742874074e-02 -1.870616999999999974e+00
1.116155107713687027e-02 -1.331725000000000048e+00
1.118155385684500153e-02 -4.597660000000000080e-01
1.120155663655313279e-02 2.227220000000000033e-01
1.122155941626126231e-02 2.291459999999999886e-01
1.124156219596939357e-02 -4.416619999999999990e-01
1.126156497567752310e-02 -1.407254999999999923e+00
1.128156775538565436e-02 -2.042828999999999784e+00
1.130157053509378562e-02 -1.923629999999999951e+00
1.132157331480191514e-02 -1.459359000000000073e+00
1.134157609451004640e-02 -1.181056000000000106e+00
1.136157887421817593e-02 -1.168598000000000026e+00
1.138158165392630719e-02 -1.019227000000000105e+00
1.140158443363443845e-02 -8.162580000000000391e-01
1.142158721334256798e-02 -7.388470000000000315e-01
1.144158999305069924e-02 -1.033956000000000097e+00
1.146159277275883050e-02 -1.601528000000000063e+00
1.148159555246696002e-02 -1.908835999999999977e+00
1.150159833217509128e-02 -1.707359999999999989e+00
1.152160111188322081e-02 -1.347687999999999997e+00
1.154160389159135207e-02 -1.254834000000000005e+00
1.156160667129948333e-02 -1.288575000000000026e+00
1.158160945100761285e-02 -1.302786000000000000e+00
1.160161223071574411e-02 -1.251330000000000053e+00
1.162161501042387364e-02 -1.029414000000000051e+00
1.164161779013200490e-02 -7.329430000000000112e-01
1.166162056984013616e-02 -7.407939999999999525e-01
1.168162334954826569e-02 -9.919090000000000407e-01
1.170162612925639695e-02 -1.296362000000000014e+00
1.172162890896452821e-02 -1.379223000000000088e+00
1.174163168867265773e-02 -1.166131999999999946e+00
1.176163446838078899e-02 -9.447360000000000202e-01
1.178163724808891852e-02 -8.989249999999999741e-01
1.180164002779704978e-02 -1.138878999999999975e+00
1.182164280750518104e-02 -1.464031000000000082e+00
1.184164558721331056e-02 -1.485508999999999968e+00
1.186164836692144182e-02 -1.446512000000000020e+00
1.188165114662957135e-02 -1.568564999999999987e+00
1.190165392633770261e-02 -1.781136999999999970e+00
1.192165670604583387e-02 -1.642991000000000090e+00
1.194165948575396340e-02 -1.125577000000000050e+00
1.196166226546209466e-02 -6.015449999999999964e-01
1.198166504517022592e-02 -5.270540000000000225e-01
1.200166782487835544e-02 -8.803670000000000107e-01
1.202167060458648670e-02 -1.284421999999999953e+00
1.204167338429461623e-02 -1.470520000000000049e+00
1.206167616400274749e-02 -1.485832999999999959e+00
1.208167894371087875e-02 -1.318359000000000059e+00
1.210168172341900827e-02 -1.055498999999999965e+00
1.212168450312713953e-02 -9.405829999999999469e-01
1.214168728283526906e-02 -9.918439999999999479e-01
1.216169006254340032e-02 -1.062700999999999896e+00
1.218169284225153158e-02 -1.229786999999999964e+00
1.220169562195966111e-02 -1.554095000000000004e+00
1.222169840166779237e-02 -1.644354000000000093e+00
1.224170118137592363e-02 -1.435416000000000025e+00
1.226170396108405315e-02 -1.098908999999999914e+00
1.228170674079218441e-02 -6.319780000000000397e-01
1.230170952050031394e-02 -3.406970000000000276e-01
1.232171230020844520e-02 -6.125110000000000277e-01
1.234171507991657646e-02 -1.365337000000000023e+00
1.236171785962470598e-02 -2.049641999999999964e+00
1.238172063933283724e-02 -2.254815999999999931e+00
1.240172341904096677e-02 -1.869903000000000093e+00
1.242172619874909803e-02 -1.173983999999999916e+00
1.244172897845722929e-02 -6.390500000000000069e-01
1.246173175816535882e-02 -3.207119999999999971e-01
1.248173453787349008e-02 -2.366820000000000035e-01
1.250173731758162134e-02 -6.638370000000000104e-01
1.252174009728975086e-02 -1.368646000000000029e+00
1.254174287699788212e-02 -1.985532999999999992e+00
1.256174565670601165e-02 -2.276424000000000003e+00
1.258174843641414291e-02 -2.066771999999999831e+00
1.260175121612227417e-02 -1.384932999999999970e+00
1.262175399583040369e-02 -7.112049999999999761e-01
1.264175677553853495e-02 -2.949510000000000187e-01
1.266175955524666448e-02 -3.852749999999999786e-01
1.268176233495479574e-02 -7.783639999999999448e-01
1.270176511466292700e-02 -1.315763000000000016e+00
1.272176789437105653e-02 -1.649869000000000030e+00
1.274177067407918779e-02 -1.738960000000000061e+00
1.276177345378731905e-02 -1.646430000000000060e+00
1.278177623349544857e-02 -1.411667000000000005e+00
1.280177901320357983e-02 -1.260672999999999933e+00
1.282178179291170936e-02 -1.112924000000000024e+00
1.284178457261984062e-02 -1.022925000000000084e+00
1.286178735232797188e-02 -1.046478999999999937e+00
1.288179013203610140e-02 -1.219600000000000017e+00
1.290179291174423266e-02 -1.301682000000000006e+00
1.292179569145236219e-02 -1.209866000000000108e+00
1.294179847116049345e-02 -9.415559999999999485e-01
1.296180125086862471e-02 -7.777800000000000269e-01
1.298180403057675424e-02 -9.266969999999999930e-01
1.300180681028488550e-02 -1.253924999999999956e+00
1.302180958999301676e-02 -1.495241999999999960e+00
1.304181236970114628e-02 -1.586734000000000089e+00
1.306181514940927754e-02 -1.512048000000000059e+00
1.308181792911740707e-02 -1.366505000000000081e+00
1.310182070882553833e-02 -1.239195999999999964e+00
1.312182348853366959e-02 -1.081193999999999988e+00
1.314182626824179911e-02 -9.497320000000000206e-01
1.316182904794993037e-02 -8.607709999999999528e-01
1.318183182765805990e-02 -9.109289999999999887e-01
1.320183460736619116e-02 -1.122268000000000043e+00
1.322183738707432242e-02 -1.335553999999999908e+00
1.324184016678245195e-02 -1.488947999999999938e+00
1.326184294649058321e-02 -1.380066999999999933e+00
1.328184572619871447e-02 -1.210126000000000035e+00
1.330184850590684399e-02 -1.215640999999999972e+00
1.332185128561497525e-02 -1.278127999999999931e+00
1.334185406532310478e-02 -1.383634999999999948e+00
1.336185684503123604e-02 -1.326534000000000102e+00
1.338185962473936730e-02 -1.183068000000000008e+00
1.340186240444749682e-02 -1.164509999999999934e+00
1.342186518415562808e-02 -1.247565999999999953e+00
1.344186796386375761e-02 -1.372605000000000075e+00
1.346187074357188887e-02 -1.354824999999999946e+00
1.348187352328002013e-02 -1.159448999999999952e+00
1.350187630298814966e-02 -1.000993000000000022e+00
1.352187908269628092e-02 -9.628390000000000004e-01
1.354188186240441218e-02 -1.090408000000000044e+00
1.356188464211254170e-02 -1.158994999999999997e+00
1.358188742182067296e-02 -1.161720000000000086e+00
1.360189020152880249e-02 -1.218237000000000014e+00
1.362189298123693375e-02 -1.366440000000000099e+00
1.364189576094506501e-02 -1.512307999999999986e+00
1.366189854065319453e-02 -1.476749000000000089e+00
1.368190132036132579e-02 -1.355863999999999958e+00
1.370190410006945532e-02 -1.140112000000000014e+00
1.372190687977758658e-02 -9.430490000000000261e-01
1.374190965948571784e-02 -9.422049999999999592e-01
1.376191243919384737e-02 -1.151208000000000009e+00
1.378191521890197863e-02 -1.444304999999999950e+00
1.380191799861010989e-02 -1.497902999999999984e+00
1.382192077831823941e-02 -1.482264999999999944e+00
1.384192355802637067e-02 -1.392978999999999967e+00
1.386192633773450020e-02 -1.292728000000000099e+00
1.388192911744263146e-02 -1.129340999999999928e+00
1.390193189715076272e-02 -8.437710000000000488e-01
1.392193467685889224e-02 -7.053650000000000198e-01
1.394193745656702350e-02 -8.185289999999999511e-01
1.396194023627515303e-02 -1.265020999999999951e+00
1.398194301598328429e-02 -1.662717000000000001e+00
1.400194579569141555e-02 -1.825585000000000013e+00
1.402194857539954508e-02 -1.603345000000000020e+00
1.404195135510767634e-02 -1.205454000000000025e+00
1.406195413481580760e-02 -8.864020000000000232e-01
1.408195691452393712e-02 -7.601310000000000011e-01
1.410195969423206838e-02 -7.371600000000000374e-01
1.412196247394019791e-02 -8.379309999999999814e-01
1.414196525364832917e-02 -1.208504000000000023e+00
1.416196803335646043e-02 -1.642926000000000109e+00
1.418197081306458995e-02 -1.897545000000000037e+00
1.420197359277272121e-02 -1.772572000000000036e+00
1.422197637248085074e-02 -1.411537000000000042e+00
1.424197915218898200e-02 -9.360410000000000119e-01
1.426198193189711326e-02 -5.356840000000000490e-01
1.428198471160524279e-02 -5.029160000000000297e-01
1.430198749131337405e-02 -8.054219999999999713e-01
1.432199027102150531e-02 -1.209217999999999904e+00
1.434199305072963483e-02 -1.510426000000000046e+00
1.436199583043776609e-02 -1.578297999999999979e+00
1.438199861014589562e-02 -1.392849999999999921e+00
1.440200138985402688e-02 -1.226218000000000030e+00
1.442200416956215814e-02 -1.075029999999999930e+00
1.444200694927028766e-02 -9.335750000000000437e-01
1.446200972897841892e-02 -9.204029999999999712e-01
1.448201250868654845e-02 -1.070227999999999957e+00
1.450201528839467971e-02 -1.326079999999999925e+00
1.452201806810281097e-02 -1.526064000000000087e+00
1.454202084781094050e-02 -1.529373000000000093e+00
1.456202362751907176e-02 -1.257624000000000075e+00
1.458202640722720302e-02 -9.139140000000000041e-01
1.460202918693533254e-02 -7.792069999999999830e-01
1.462203196664346380e-02 -8.839360000000000550e-01
1.464203474635159333e-02 -1.059911000000000048e+00
1.466203752605972459e-02 -1.241012999999999922e+00
1.468204030576785585e-02 -1.314855000000000107e+00
1.470204308547598537e-02 -1.242245000000000044e+00
1.472204586518411663e-02 -1.154517000000000015e+00
1.474204864489224616e-02 -1.037849000000000022e+00
1.476205142460037742e-02 -9.922980000000000134e-01
1.478205420430850868e-02 -9.938559999999999617e-01
1.480205698401663821e-02 -1.117920999999999943e+00
1.482205976372476947e-02 -1.269692999999999961e+00
1.484206254343290073e-02 -1.397650999999999977e+00
1.486206532314103025e-02 -1.473375000000000101e+00
1.488206810284916151e-02 -1.296297000000000033e+00
1.490207088255729104e-02 -9.662779999999999703e-01
1.492207366226542230e-02 -7.171750000000000069e-01
1.494207644197355356e-02 -7.341750000000000220e-01
1.496207922168168308e-02 -8.785500000000000531e-01
1.498208200138981434e-02 -1.064194000000000084e+00
1.500208478109794387e-02 -1.190790000000000015e+00
1.502208756080607513e-02 -1.236534999999999940e+00
1.504209034051420639e-02 -1.259570000000000078e+00
1.506209312022233592e-02 -1.226218000000000030e+00
1.508209589993046718e-02 -1.190595000000000070e+00
1.510209867963859844e-02 -1.097026999999999974e+00
1.512210145934672796e-02 -1.076457999999999915e+00
1.514210423905485922e-02 -1.109356000000000009e+00
1.516210701876298875e-02 -1.182094999999999896e+00
1.518210979847112001e-02 -1.253600999999999965e+00
1.520211257817925127e-02 -1.291690000000000005e+00
1.522211535788738079e-02 -1.258078000000000030e+00
1.524211813759551205e-02 -1.229008000000000100e+00
1.526212091730364158e-02 -1.161459999999999937e+00
1.528212369701177284e-02 -1.082168000000000019e+00
1.530212647671990410e-02 -9.800990000000000535e-01
1.532212925642803363e-02 -8.728399999999999492e-01
1.534213203613616489e-02 -7.413779999999999815e-01
1.536213481584429441e-02 -7.077660000000000062e-01
1.538213759555242567e-02 -8.838059999999999805e-01
1.540214037526055693e-02 -1.180536999999999948e+00
1.542214315496868646e-02 -1.411861999999999950e+00
1.544214593467681772e-02 -1.548515000000000086e+00
1.546214871438494898e-02 -1.538067999999999991e+00
1.548215149409307850e-02 -1.394991000000000092e+00
1.550215427380120976e-02 -1.172881000000000062e+00
1.552215705350933929e-02 -8.862069999999999670e-01
1.554215983321747055e-02 -6.834980000000000500e-01
1.556216261292560181e-02 -7.045219999999999816e-01
1.558216539263373134e-02 -9.895730000000000359e-01
1.560216817234186260e-02 -1.254250000000000087e+00
1.562217095204999212e-02 -1.437816999999999901e+00
1.564217373175812512e-02 -1.456374000000000057e+00
1.566217651146625464e-02 -1.341264000000000012e+00
1.568217929117438417e-02 -1.133882999999999974e+00
1.570218207088251369e-02 -9.464230000000000143e-01
1.572218485059064669e-02 -8.342319999999999736e-01
1.574218763029877621e-02 -8.902949999999999475e-01
1.576219041000690574e-02 -1.002421000000000006e+00
1.578219318971503873e-02 -1.117142000000000079e+00
1.580219596942316826e-02 -1.168792999999999971e+00
1.582219874913129778e-02 -1.175346000000000002e+00
1.584220152883943078e-02 -1.098195000000000032e+00
1.586220430854756031e-02 -9.739349999999999952e-01
1.588220708825568983e-02 -9.108000000000000540e-01
1.590220986796382283e-02 -9.623850000000000460e-01
1.592221264767195235e-02 -1.181834999999999969e+00
1.594221542738008188e-02 -1.462733000000000061e+00
1.596221820708821140e-02 -1.547995999999999928e+00
1.598222098679634440e-02 -1.392330000000000068e+00
1.600222376650447392e-02 -1.101893999999999929e+00
1.602222654621260345e-02 -9.002229999999999954e-01
1.604222932592073644e-02 -7.868640000000000079e-01
1.606223210562886597e-02 -7.221060000000000256e-01
1.608223488533699549e-02 -7.274920000000000275e-01
1.610223766504512849e-02 -9.263080000000000203e-01
1.612224044475325802e-02 -1.217003999999999975e+00
1.614224322446138754e-02 -1.388501999999999903e+00
1.616224600416952054e-02 -1.362028000000000016e+00
1.618224878387765006e-02 -1.220637999999999890e+00
1.620225156358577959e-02 -1.021692000000000045e+00
1.622225434329390911e-02 -8.915929999999999689e-01
1.624225712300204211e-02 -9.279300000000000326e-01
1.626225990271017163e-02 -1.075873999999999997e+00
1.628226268241830116e-02 -1.204935000000000089e+00
1.630226546212643415e-02 -1.229268000000000027e+00
1.632226824183456368e-02 -1.168727999999999989e+00
1.634227102154269320e-02 -1.061663000000000023e+00
1.636227380125082620e-02 -9.583620000000000472e-01
1.638227658095895573e-02 -9.882100000000000328e-01
1.640227936066708525e-02 -1.039536999999999933e+00
1.642228214037521825e-02 -1.086449999999999916e+00
1.644228492008334777e-02 -1.224725999999999981e+00
1.646228769979147730e-02 -1.415365999999999902e+00
1.648229047949960682e-02 -1.557274999999999965e+00
1.650229325920773982e-02 -1.471492999999999940e+00
1.652229603891586934e-02 -1.158150999999999931e+00
1.654229881862399887e-02 -7.924449999999999550e-01
1.656230159833213186e-02 -5.744219999999999882e-01
1.658230437804026139e-02 -6.653299999999999770e-01
1.660230715774839091e-02 -8.590189999999999770e-01
1.662230993745652391e-02 -1.087423999999999946e+00
1.664231271716465344e-02 -1.244841000000000086e+00
1.666231549687278296e-02 -1.316607000000000083e+00
1.668231827658091596e-02 -1.308950000000000058e+00
1.670232105628904548e-02 -1.231020000000000003e+00
1.672232383599717501e-02 -1.082751999999999937e+00
1.674232661570530453e-02 -9.331859999999999600e-01
1.676232939541343753e-02 -8.368280000000000163e-01
1.678233217512156705e-02 -9.025590000000000002e-01
1.680233495482969658e-02 -1.082492000000000010e+00
1.682233773453782957e-02 -1.260153999999999996e+00
1.684234051424595910e-02 -1.329388999999999932e+00
1.686234329395408862e-02 -1.284877000000000047e+00
1.688234607366222162e-02 -1.178655999999999926e+00
1.690234885337035114e-02 -1.100206000000000017e+00
1.692235163307848067e-02 -1.066076000000000024e+00
1.694235441278661367e-02 -1.008715000000000028e+00
1.696235719249474319e-02 -9.730269999999999753e-01
1.698235997220287272e-02 -9.851609999999999534e-01
1.700236275191100224e-02 -1.045830999999999955e+00
1.702236553161913524e-02 -1.144330000000000069e+00
1.704236831132726476e-02 -1.218431999999999960e+00
1.706237109103539429e-02 -1.217522999999999911e+00
1.708237387074352728e-02 -1.187934000000000045e+00
1.710237665045165681e-02 -1.142188999999999899e+00
1.712237943015978633e-02 -1.076847000000000110e+00
1.714238220986791933e-02 -1.032010000000000094e+00
1.716238498957604885e-02 -1.020070000000000032e+00
1.718238776928417838e-02 -1.085606999999999989e+00
1.720239054899231138e-02 -1.136023999999999923e+00
1.722239332870044090e-02 -1.219470000000000054e+00
1.724239610840857043e-02 -1.298956999999999917e+00
1.726239888811669995e-02 -1.340875000000000039e+00
1.728240166782483295e-02 -1.258078000000000030e+00
1.730240444753296247e-02 -1.078079999999999927e+00
1.732240722724109200e-02 -9.032080000000000108e-01
1.734241000694922499e-02 -8.370220000000000438e-01
1.736241278665735452e-02 -9.422700000000000520e-01
1.738241556636548404e-02 -1.080351000000000061e+00
1.740241834607361704e-02 -1.224142000000000063e+00
1.742242112578174656e-02 -1.320111000000000034e+00
1.744242390548987609e-02 -1.386230999999999991e+00
1.746242668519800909e-02 -1.301034000000000024e+00
1.748242946490613861e-02 -1.139528000000000096e+00
1.750243224461426814e-02 -1.000539000000000067e+00
1.752243502432239766e-02 -9.113839999999999719e-01
1.754243780403053066e-02 -9.787369999999999681e-01
1.756244058373866018e-02 -1.108641999999999905e+00
1.758244336344678971e-02 -1.203767000000000031e+00
1.760244614315492270e-02 -1.275014000000000092e+00
1.762244892286305223e-02 -1.226542999999999939e+00
1.764245170257118175e-02 -1.109096000000000082e+00
1.766245448227931475e-02 -1.023185000000000011e+00
1.768245726198744427e-02 -1.027466999999999908e+00
1.770246004169557380e-02 -1.104100000000000081e+00
1.772246282140370680e-02 -1.200587999999999989e+00
1.774246560111183632e-02 -1.305380999999999903e+00
1.776246838081996585e-02 -1.321472999999999898e+00
1.778247116052809537e-02 -1.235238000000000058e+00
1.780247394023622837e-02 -1.131223000000000090e+00
1.782247671994435789e-02 -1.003978000000000037e+00
1.784247949965248742e-02 -9.188460000000000516e-01
1.786248227936062041e-02 -9.404529999999999834e-01
1.788248505906874994e-02 -1.101310000000000011e+00
1.790248783877687946e-02 -1.328351000000000059e+00
1.792249061848501246e-02 -1.461370999999999976e+00
1.794249339819314198e-02 -1.383764999999999912e+00
1.796249617790127151e-02 -1.193580000000000085e+00
1.798249895760940451e-02 -9.621910000000000185e-01
1.800250173731753403e-02 -8.184639999999999693e-01
1.802250451702566356e-02 -8.071739999999999471e-01
1.804250729673379308e-02 -9.351319999999999633e-01
1.806251007644192608e-02 -1.070488000000000106e+00
1.808251285615005560e-02 -1.257363999999999926e+00
1.810251563585818513e-02 -1.351320999999999994e+00
1.812251841556631812e-02 -1.376692000000000027e+00
1.814252119527444765e-02 -1.269627999999999979e+00
1.816252397498257717e-02 -1.128433000000000019e+00
1.818252675469071017e-02 -1.020459999999999923e+00
1.820252953439883969e-02 -1.008844999999999992e+00
1.822253231410696922e-02 -1.122721999999999998e+00
1.824253509381510222e-02 -1.250161999999999995e+00
1.826253787352323174e-02 -1.334451000000000054e+00
1.828254065323136127e-02 -1.315374000000000043e+00
1.830254343293949079e-02 -1.198252000000000095e+00
1.832254621264762379e-02 -1.072759000000000018e+00
1.834254899235575331e-02 -1.000798999999999994e+00
1.836255177206388284e-02 -1.011505000000000098e+00
1.838255455177201583e-02 -1.059391999999999889e+00
1.840255733148014536e-02 -1.137126999999999999e+00
1.842256011118827488e-02 -1.223751999999999951e+00
1.844256289089640788e-02 -1.308820000000000094e+00
1.846256567060453740e-02 -1.297854000000000063e+00
1.848256845031266693e-02 -1.222974000000000006e+00
1.850257123002079993e-02 -1.064387999999999890e+00
1.852257400972892945e-02 -9.479800000000000448e-01
1.854257678943705898e-02 -8.996389999999999665e-01
1.856257956914518850e-02 -9.520030000000000436e-01
1.858258234885332150e-02 -1.023379999999999956e+00
1.860258512856145102e-02 -1.096508000000000038e+00
1.862258790826958055e-02 -1.194164000000000003e+00
1.864259068797771354e-02 -1.278127999999999931e+00
1.866259346768584307e-02 -1.349050000000000082e+00
1.868259624739397259e-02 -1.309922999999999949e+00
1.870259902710210559e-02 -1.268524999999999903e+00
1.872260180681023511e-02 -1.172360999999999986e+00
1.874260458651836464e-02 -1.070618000000000070e+00
1.876260736622649763e-02 -1.030192999999999914e+00
1.878261014593462716e-02 -1.039147000000000043e+00
1.880261292564275669e-02 -1.039991000000000110e+00
1.882261570535088621e-02 -1.055304000000000020e+00
1.884261848505901921e-02 -1.077625999999999973e+00
1.886262126476714873e-02 -1.131936000000000053e+00
1.888262404447527826e-02 -1.175864999999999938e+00
1.890262682418341125e-02 -1.157955999999999985e+00
1.892262960389154078e-02 -1.112924000000000024e+00
1.894263238359967030e-02 -1.083401000000000058e+00
1.896263516330780330e-02 -1.095923999999999898e+00
1.898263794301593282e-02 -1.145693000000000072e+00
1.900264072272406235e-02 -1.193515000000000104e+00
1.902264350243219534e-02 -1.210191000000000017e+00
1.904264628214032487e-02 -1.183716999999999908e+00
1.906264906184845440e-02 -1.142382999999999926e+00
1.908265184155658392e-02 -1.154517000000000015e+00
1.910265462126471692e-02 -1.136284000000000072e+00
1.912265740097284644e-02 -1.112405000000000088e+00
1.914266018068097597e-02 -1.131742000000000026e+00
1.916266296038910896e-02 -1.158735000000000070e+00
1.918266574009723849e-02 -1.239973999999999910e+00
1.920266851980536801e-02 -1.279166000000000025e+00
1.922267129951350101e-02 -1.240688000000000013e+00
1.924267407922163053e-02 -1.124799000000000104e+00
1.926267685892976006e-02 -9.246210000000000262e-01
1.928267963863789305e-02 -8.474690000000000278e-01
1.930268241834602258e-02 -8.593439999999999968e-01
1.932268519805415211e-02 -9.981379999999999697e-01
1.934268797776228163e-02 -1.129275999999999947e+00
1.936269075747041463e-02 -1.202663999999999955e+00
1.938269353717854415e-02 -1.269822999999999924e+00
1.940269631688667368e-02 -1.320759000000000016e+00
1.942269909659480667e-02 -1.310702000000000034e+00
1.944270187630293620e-02 -1.267292000000000085e+00
1.946270465601106572e-02 -1.197797000000000001e+00
1.948270743571919872e-02 -1.137062999999999935e+00
1.950271021542732824e-02 -1.156139999999999946e+00
1.952271299513545777e-02 -1.253276000000000057e+00
1.954271577484359076e-02 -1.313881000000000077e+00
1.956271855455172029e-02 -1.286693000000000087e+00
1.958272133425984982e-02 -1.143226999999999993e+00
1.960272411396797934e-02 -9.934009999999999785e-01
1.962272689367611234e-02 -9.064520000000000355e-01
1.964272967338424186e-02 -9.253339999999999899e-01
1.966273245309237139e-02 -1.049269999999999925e+00
1.968273523280050438e-02 -1.166457000000000077e+00
1.970273801250863391e-02 -1.265150999999999915e+00
1.972274079221676343e-02 -1.297465000000000090e+00
1.974274357192489643e-02 -1.268979000000000079e+00
1.976274635163302595e-02 -1.159254000000000007e+00
1.978274913134115548e-02 -1.018124000000000029e+00
1.980275191104928847e-02 -9.029479999999999729e-01
1.982275469075741800e-02 -8.664809999999999457e-01
1.984275747046554753e-02 -9.797749999999999515e-01
1.986276025017367705e-02 -1.214409000000000072e+00
1.988276302988181005e-02 -1.383245999999999976e+00
1.990276580958993957e-02 -1.459230000000000027e+00
1.992276858929806910e-02 -1.366050999999999904e+00
1.994277136900620209e-02 -1.203117999999999910e+00
1.996277414871433162e-02 -1.046478999999999937e+00
1.998277692842246114e-02 -9.508999999999999675e-01
2.000277970813059414e-02 -9.335099999999999509e-01
2.002278248783872366e-02 -9.594650000000000123e-01
2.004278526754685319e-02 -1.018513000000000002e+00
2.006278804725498618e-02 -1.099363000000000090e+00
2.008279082696311571e-02 -1.157826999999999940e+00
2.010279360667124524e-02 -1.205583999999999989e+00
2.012279638637937476e-02 -1.159448999999999952e+00
2.014279916608750776e-02 -1.131807000000000007e+00
2.016280194579563728e-02 -1.122657999999999934e+00
2.018280472550376681e-02 -1.149002000000000079e+00
2.020280750521189980e-02 -1.219988999999999990e+00
2.022281028492002933e-02 -1.230501000000000067e+00
2.024281306462815885e-02 -1.194617999999999958e+00
2.026281584433629185e-02 -1.121683999999999903e+00
2.028281862404442137e-02 -1.026364000000000054e+00
2.030282140375255090e-02 -9.891189999999999705e-01
2.032282418346068389e-02 -1.010337000000000041e+00
2.034282696316881342e-02 -1.049463999999999952e+00
2.036282974287694295e-02 -1.138425000000000020e+00
2.038283252258507247e-02 -1.169051999999999980e+00
2.040283530229320547e-02 -1.182808000000000082e+00
2.042283808200133499e-02 -1.211489000000000038e+00
2.044284086170946452e-02 -1.188453999999999899e+00
2.046284364141759751e-02 -1.154193000000000024e+00
2.048284642112572704e-02 -1.097350999999999965e+00
2.050284920083385656e-02 -1.075159999999999894e+00
2.052285198054198956e-02 -1.064063999999999899e+00
2.054285476025011908e-02 -1.068994999999999918e+00
2.056285753995824861e-02 -1.090991999999999962e+00
2.058286031966638160e-02 -1.089564999999999895e+00
2.060286309937451113e-02 -1.114740999999999982e+00
2.062286587908264066e-02 -1.158411000000000080e+00
2.064286865879077018e-02 -1.200652000000000053e+00
2.066287143849890318e-02 -1.232447000000000070e+00
2.068287421820703270e-02 -1.223038999999999987e+00
2.070287699791516223e-02 -1.195071999999999912e+00
2.072287977762329522e-02 -1.146600999999999981e+00
2.074288255733142475e-02 -1.102541999999999911e+00
2.076288533703955427e-02 -1.077236000000000082e+00
2.078288811674768727e-02 -1.079701999999999940e+00
2.080289089645581679e-02 -1.117077000000000098e+00
2.082289367616394632e-02 -1.165289000000000019e+00
2.084289645587207931e-02 -1.180018000000000011e+00
2.086289923558020884e-02 -1.190465000000000106e+00
2.088290201528833837e-02 -1.164055999999999980e+00
2.090290479499646789e-02 -1.147639000000000076e+00
2.092290757470460089e-02 -1.138943999999999956e+00
2.094291035441273041e-02 -1.168144000000000071e+00
2.096291313412085994e-02 -1.190010999999999930e+00
2.098291591382899293e-02 -1.192086999999999897e+00
2.100291869353712246e-02 -1.153804000000000052e+00
2.102292147324525198e-02 -1.088786000000000032e+00
2.104292425295338498e-02 -1.026882999999999990e+00
2.106292703266151450e-02 -9.677710000000000479e-01
2.108292981236964403e-02 -9.854850000000000554e-01
2.110293259207777702e-02 -1.051865000000000050e+00
2.112293537178590655e-02 -1.158474999999999921e+00
2.114293815149403608e-02 -1.258726999999999929e+00
2.116294093120216560e-02 -1.324588000000000099e+00
2.118294371091029860e-02 -1.315503000000000089e+00
2.120294649061842812e-02 -1.188712999999999909e+00
2.122294927032655765e-02 -1.047906999999999922e+00
2.124295205003469064e-02 -9.197539999999999605e-01
2.126295482974282017e-02 -8.960700000000000331e-01
2.128295760945094969e-02 -9.846420000000000172e-01
2.130296038915908269e-02 -1.093847000000000014e+00
2.132296316886721221e-02 -1.206102999999999925e+00
2.134296594857534174e-02 -1.273196999999999912e+00
2.136296872828347473e-02 -1.283319000000000099e+00
2.138297150799160426e-02 -1.238547000000000065e+00
2.140297428769973379e-02 -1.151661999999999964e+00
2.142297706740786331e-02 -1.072629000000000055e+00
2.144297984711599631e-02 -1.027727000000000057e+00
2.146298262682412583e-02 -1.038888000000000034e+00
2.148298540653225536e-02 -1.132714999999999916e+00
2.150298818624038835e-02 -1.190140999999999893e+00
2.152299096594851788e-02 -1.210644999999999971e+00
2.154299374565664740e-02 -1.158474999999999921e+00
2.156299652536478040e-02 -1.039795999999999943e+00
2.158299930507290992e-02 -9.655650000000000066e-01
2.160300208478103945e-02 -9.321479999999999766e-01
2.162300486448917244e-02 -9.841870000000000340e-01
2.164300764419730197e-02 -1.054720000000000102e+00
2.166301042390543150e-02 -1.130379000000000023e+00
2.168301320361356102e-02 -1.181056000000000106e+00
2.170301598332169402e-02 -1.227581000000000033e+00
2.172301876302982354e-02 -1.186571999999999960e+00
2.174302154273795307e-02 -1.123761000000000010e+00
2.176302432244608606e-02 -1.048426000000000080e+00
2.178302710215421559e-02 -9.955429999999999557e-01
2.180302988186234511e-02 -9.939210000000000544e-01
2.182303266157047811e-02 -1.053682000000000007e+00
2.184303544127860763e-02 -1.130249000000000059e+00
2.186303822098673716e-02 -1.173464999999999980e+00
2.188304100069487015e-02 -1.180212999999999957e+00
2.190304378040299968e-02 -1.156463999999999936e+00
2.192304656011112921e-02 -1.118829000000000073e+00
2.194304933981925873e-02 -1.104748999999999981e+00
2.196305211952739173e-02 -1.093263000000000096e+00
2.198305489923552125e-02 -1.085412000000000043e+00
2.200305767894365078e-02 -1.068022000000000027e+00
2.202306045865178377e-02 -1.094756000000000062e+00
2.204306323835991330e-02 -1.102282999999999902e+00
2.206306601806804282e-02 -1.115909000000000040e+00
2.208306879777617582e-02 -1.089889000000000108e+00
2.210307157748430534e-02 -1.081908000000000092e+00
2.212307435719243487e-02 -1.107539000000000051e+00
2.214307713690056786e-02 -1.145367999999999942e+00
2.216307991660869739e-02 -1.206817000000000029e+00
2.218308269631682692e-02 -1.221222000000000030e+00
2.220308547602495644e-02 -1.209346999999999950e+00
2.222308825573308944e-02 -1.171257999999999910e+00
2.224309103544121896e-02 -1.117077000000000098e+00
2.226309381514934849e-02 -1.067957000000000045e+00
2.228309659485748148e-02 -1.033956000000000097e+00
2.230309937456561101e-02 -1.035188999999999915e+00
2.232310215427374053e-02 -1.038758000000000070e+00
2.234310493398187353e-02 -1.073212999999999973e+00
2.236310771369000305e-02 -1.109874999999999945e+00
2.238311049339813258e-02 -1.162563000000000013e+00
2.240311327310626557e-02 -1.167753999999999959e+00
2.242311605281439510e-02 -1.167624999999999913e+00
2.244311883252252462e-02 -1.128951999999999956e+00
2.246312161223065415e-02 -1.090214000000000016e+00
2.248312439193878715e-02 -1.077236000000000082e+00
2.250312717164691667e-02 -1.061987999999999932e+00
2.252312995135504620e-02 -1.047711999999999977e+00
2.254313273106317919e-02 -1.051021999999999901e+00
2.256313551077130872e-02 -1.079312999999999967e+00
2.258313829047943824e-02 -1.130508999999999986e+00
2.260314107018757124e-02 -1.181834999999999969e+00
2.262314384989570076e-02 -1.205389000000000044e+00
2.264314662960383029e-02 -1.170090000000000074e+00
2.266314940931196328e-02 -1.131547000000000081e+00
2.268315218902009281e-02 -1.116103999999999985e+00
2.270315496872822233e-02 -1.092289999999999983e+00
2.272315774843635186e-02 -1.073992000000000058e+00
2.274316052814448486e-02 -1.087682999999999955e+00
2.276316330785261438e-02 -1.111302000000000012e+00
2.278316608756074391e-02 -1.130767999999999995e+00
2.280316886726887690e-02 -1.147769000000000039e+00
2.282317164697700643e-02 -1.133882999999999974e+00
2.284317442668513595e-02 -1.074640999999999957e+00
2.286317720639326895e-02 -1.019681000000000060e+00
2.288317998610139847e-02 -9.948289999999999633e-01
2.290318276580952800e-02 -1.035708000000000073e+00
2.292318554551766099e-02 -1.120581000000000049e+00
2.294318832522579052e-02 -1.188647999999999927e+00
2.296319110493392004e-02 -1.214409000000000072e+00
2.298319388464204957e-02 -1.179044999999999899e+00
2.300319666435018257e-02 -1.142773000000000039e+00
2.302319944405831209e-02 -1.055757999999999974e+00
2.304320222376644162e-02 -1.012996999999999925e+00
2.306320500347457461e-02 -1.004496999999999973e+00
2.308320778318270414e-02 -1.040964000000000000e+00
2.310321056289083366e-02 -1.132649999999999935e+00
2.312321334259896666e-02 -1.235951000000000022e+00
2.314321612230709618e-02 -1.263722999999999930e+00
2.316321890201522571e-02 -1.238482000000000083e+00
2.318322168172335870e-02 -1.167883999999999922e+00
2.320322446143148823e-02 -1.056407000000000096e+00
2.322322724113961775e-02 -1.023379999999999956e+00
2.324323002084774728e-02 -1.008844999999999992e+00
2.326323280055588028e-02 -1.042067000000000077e+00
2.328323558026400980e-02 -1.097156999999999938e+00
2.330323835997213933e-02 -1.122657999999999934e+00
2.332324113968027232e-02 -1.126225999999999949e+00
2.334324391938840185e-02 -1.086256000000000110e+00
2.336324669909653137e-02 -1.048037000000000107e+00
2.338324947880466437e-02 -1.034929999999999906e+00
2.340325225851279389e-02 -1.038693000000000088e+00
2.342325503822092342e-02 -1.079053000000000040e+00
2.344325781792905641e-02 -1.122138000000000080e+00
2.346326059763718594e-02 -1.185208999999999957e+00
2.348326337734531546e-02 -1.206363000000000074e+00
2.350326615705344499e-02 -1.181121000000000087e+00
2.352326893676157799e-02 -1.131547000000000081e+00
2.354327171646970751e-02 -1.071201999999999988e+00
2.356327449617783704e-02 -1.034151000000000042e+00
2.358327727588597003e-02 -1.029479000000000033e+00
2.360328005559409956e-02 -1.062961000000000045e+00
2.362328283530222908e-02 -1.087488000000000010e+00
2.364328561501036208e-02 -1.120192000000000077e+00
2.366328839471849160e-02 -1.118699000000000110e+00
2.368329117442662113e-02 -1.101698999999999984e+00
2.370329395413475412e-02 -1.073927000000000076e+00
2.372329673384288365e-02 -1.045960000000000001e+00
2.374329951355101317e-02 -1.018318000000000056e+00
2.376330229325914270e-02 -1.047841999999999940e+00
2.378330507296727570e-02 -1.066983999999999932e+00
2.380330785267540522e-02 -1.102476999999999929e+00
2.382331063238353475e-02 -1.121164999999999967e+00
2.384331341209166774e-02 -1.122786999999999979e+00
2.386331619179979727e-02 -1.099167999999999923e+00
2.388331897150792679e-02 -1.093458000000000041e+00
2.390332175121605979e-02 -1.090408000000000044e+00
2.392332453092418931e-02 -1.103839999999999932e+00
2.394332731063231884e-02 -1.104619000000000018e+00
2.396333009034045183e-02 -1.106306000000000012e+00
2.398333287004858136e-02 -1.127588999999999952e+00
2.400333564975671088e-02 -1.127588999999999952e+00
2.402333842946484041e-02 -1.099298000000000108e+00
2.404334120917297341e-02 -1.063933999999999935e+00
2.406334398888110293e-02 -1.034604999999999997e+00
2.408334676858923246e-02 -1.038562999999999903e+00
2.410334954829736545e-02 -1.026947999999999972e+00
2.412335232800549498e-02 -1.039991000000000110e+00
2.414335510771362450e-02 -1.025260999999999978e+00
2.416335788742175750e-02 -1.033112999999999948e+00
2.418336066712988702e-02 -1.050826999999999956e+00
2.420336344683801655e-02 -1.084049000000000040e+00
2.422336622654614954e-02 -1.085801000000000016e+00
2.424336900625427907e-02 -1.081584000000000101e+00
2.426337178596240859e-02 -1.035058999999999951e+00
2.428337456567053812e-02 -1.001122999999999985e+00
2.430337734537867111e-02 -9.946989999999999998e-01
2.432338012508680064e-02 -1.040184999999999915e+00
2.434338290479493017e-02 -1.065101999999999993e+00
2.436338568450306316e-02 -1.111691999999999902e+00
2.438338846421119269e-02 -1.142643000000000075e+00
2.440339124391932221e-02 -1.166716000000000086e+00
2.442339402362745521e-02 -1.156787999999999927e+00
2.444339680333558473e-02 -1.122074000000000016e+00
2.446339958304371426e-02 -1.030842000000000036e+00
2.448340236275184725e-02 -9.856150000000000189e-01
2.450340514245997678e-02 -8.883480000000000265e-01
2.452340792216810630e-02 -9.839280000000000248e-01
2.454341070187623583e-02 -1.019161999999999901e+00
2.456341348158436882e-02 -1.085217000000000098e+00
2.458341626129249835e-02 -1.180666999999999911e+00
2.460341904100062788e-02 -1.149585999999999997e+00
2.462342182070876087e-02 -1.100789999999999935e+00
2.464342460041689040e-02 -9.869780000000000220e-01
2.466342738012501992e-02 -1.117466999999999988e+00
2.468343015983315292e-02 -9.921039999999999859e-01
2.470343293954128244e-02 -1.103256000000000014e+00
2.472343571924941197e-02 -1.077560999999999991e+00
2.474343849895754496e-02 -9.553120000000000500e-01
2.476344127866567449e-02 -1.134727000000000041e+00
2.478344405837380401e-02 -1.238871000000000056e+00
2.480344683808193354e-02 -1.107928000000000024e+00
2.482344961779006653e-02 -1.096897000000000011e+00
2.484345239749819606e-02 -1.043169999999999931e+00
2.486345517720632559e-02 -1.004691999999999918e+00
2.488345795691445858e-02 -1.066724000000000006e+00
2.490346073662258811e-02 -1.119477999999999973e+00
2.492346351633071763e-02 -1.128951999999999956e+00
2.494346629603885063e-02 -1.165094000000000074e+00
2.496346907574698015e-02 -1.094106999999999941e+00
2.498347185545510968e-02 -9.995659999999999545e-01
2.500347463516324267e-02 -9.523920000000000163e-01
2.502347741487137220e-02 -9.776340000000000030e-01
2.504348019457950172e-02 -1.046024999999999983e+00
2.506348297428763125e-02 -1.143550999999999984e+00
2.508348575399576424e-02 -1.167170000000000041e+00
2.510348853370389377e-02 -1.156724000000000085e+00
2.512349131341202330e-02 -1.140306999999999960e+00
2.514349409312015629e-02 -1.124473999999999974e+00
2.516349687282828582e-02 -1.095858999999999916e+00
2.518349965253641534e-02 -1.050048000000000092e+00
2.520350243224454834e-02 -1.006248999999999949e+00
2.522350521195267786e-02 -1.033436999999999939e+00
2.524350799166080739e-02 -1.126745000000000108e+00
2.526351077136894038e-02 -1.180862000000000078e+00
2.528351355107706991e-02 -1.147054999999999936e+00
2.530351633078519943e-02 -1.080869999999999997e+00
2.532351911049332896e-02 -1.053487000000000062e+00
2.534352189020146195e-02 -1.044337999999999989e+00
2.536352466990959148e-02 -1.073731999999999909e+00
2.538352744961772101e-02 -1.065620999999999929e+00
2.540353022932585400e-02 -1.073212999999999973e+00
2.542353300903398353e-02 -1.079897000000000107e+00
2.544353578874211305e-02 -1.118829000000000073e+00
2.546353856845024605e-02 -1.144265000000000088e+00
2.548354134815837557e-02 -1.105267999999999917e+00
2.550354412786650510e-02 -1.049789000000000083e+00
2.552354690757463809e-02 -9.869780000000000220e-01
2.554354968728276762e-02 -1.012024000000000035e+00
2.556355246699089714e-02 -1.049009999999999998e+00
2.558355524669902667e-02 -1.104813000000000045e+00
2.560355802640715966e-02 -1.147963999999999984e+00
2.562356080611528919e-02 -1.137126999999999999e+00
2.564356358582341872e-02 -1.127718999999999916e+00
2.566356636553155171e-02 -1.155426000000000064e+00
2.568356914523968124e-02 -1.158605000000000107e+00
2.570357192494781076e-02 -1.123761000000000010e+00
2.572357470465594376e-02 -1.087617999999999974e+00
2.574357748436407328e-02 -1.058029000000000108e+00
2.576358026407220281e-02 -1.053876999999999953e+00
2.578358304378033580e-02 -1.065750999999999893e+00
2.580358582348846533e-02 -1.086190999999999907e+00
2.582358860319659485e-02 -1.077884999999999982e+00
2.584359138290472438e-02 -1.064972000000000030e+00
2.586359416261285737e-02 -1.082362000000000046e+00
2.588359694232098690e-02 -1.139917999999999987e+00
2.590359972202911643e-02 -1.149650999999999978e+00
2.592360250173724942e-02 -1.154841999999999924e+00
2.594360528144537895e-02 -1.110003999999999991e+00
2.596360806115350847e-02 -1.117661000000000016e+00
2.598361084086164147e-02 -1.121553999999999940e+00
2.600361362056977099e-02 -1.136088999999999904e+00
2.602361640027790052e-02 -1.080221000000000098e+00
2.604361917998603351e-02 -1.052902999999999922e+00
2.606362195969416304e-02 -1.035903000000000018e+00
2.608362473940229256e-02 -1.048556000000000044e+00
2.610362751911042209e-02 -1.056083000000000105e+00
2.612363029881855508e-02 -1.089695000000000080e+00
2.614363307852668461e-02 -1.078079999999999927e+00
2.616363585823481414e-02 -1.122462999999999989e+00
2.618363863794294713e-02 -1.194034000000000040e+00
2.620364141765107666e-02 -1.212591999999999892e+00
2.622364419735920618e-02 -1.191567999999999961e+00
2.624364697706733918e-02 -1.126486000000000098e+00
2.626364975677546870e-02 -1.062116999999999978e+00
2.628365253648359823e-02 -1.019746000000000041e+00
2.630365531619173122e-02 -1.034021000000000079e+00
2.632365809589986075e-02 -1.040249999999999897e+00
2.634366087560799027e-02 -1.058678000000000008e+00
2.636366365531611980e-02 -1.095080000000000053e+00
2.638366643502425279e-02 -1.137126999999999999e+00
2.640366921473238232e-02 -1.146341999999999972e+00
2.642367199444051185e-02 -1.145237999999999978e+00
2.644367477414864484e-02 -1.093652999999999986e+00
2.646367755385677437e-02 -1.064387999999999890e+00
2.648368033356490389e-02 -1.066724000000000006e+00
2.650368311327303689e-02 -1.098389999999999977e+00
2.652368589298116641e-02 -1.128692000000000029e+00
2.654368867268929594e-02 -1.139917999999999987e+00
2.656369145239742893e-02 -1.103061000000000069e+00
2.658369423210555846e-02 -1.069838999999999984e+00
2.660369701181368798e-02 -1.040184999999999915e+00
2.662369979152181751e-02 -1.042780999999999958e+00
2.664370257122995050e-02 -1.045117000000000074e+00
2.666370535093808003e-02 -1.077105999999999897e+00
2.668370813064620956e-02 -1.103709999999999969e+00
2.670371091035434255e-02 -1.139917999999999987e+00
2.672371369006247208e-02 -1.174177999999999944e+00
2.674371646977060160e-02 -1.153867999999999894e+00
2.676371924947873460e-02 -1.115194999999999936e+00
2.678372202918686412e-02 -1.051021999999999901e+00
2.680372480889499365e-02 -1.011700000000000044e+00
2.682372758860312664e-02 -1.029025000000000079e+00
2.684373036831125617e-02 -1.054200999999999944e+00
2.686373314801938569e-02 -1.079831999999999903e+00
2.688373592772751522e-02 -1.099232999999999905e+00
2.690373870743564821e-02 -1.115455000000000085e+00
2.692374148714377774e-02 -1.110263999999999918e+00
2.694374426685190727e-02 -1.073731999999999909e+00
2.696374704656004026e-02 -1.060365000000000002e+00
2.698374982626816979e-02 -1.034993999999999970e+00
2.700375260597629931e-02 -1.074057000000000039e+00
2.702375538568443231e-02 -1.077625999999999973e+00
2.704375816539256183e-02 -1.120061999999999891e+00
2.706376094510069136e-02 -1.149002000000000079e+00
2.708376372480882435e-02 -1.154063000000000061e+00
2.710376650451695388e-02 -1.112211000000000061e+00
2.712376928422508340e-02 -1.120840999999999976e+00
2.714377206393321293e-02 -1.085606999999999989e+00
2.716377484364134592e-02 -1.067048999999999914e+00
2.718377762334947545e-02 -1.054526000000000074e+00
2.720378040305760498e-02 -1.064972000000000030e+00
2.722378318276573797e-02 -1.066140000000000088e+00
2.724378596247386750e-02 -1.083271000000000095e+00
2.726378874218199702e-02 -1.072175000000000100e+00
2.728379152189013002e-02 -1.054461000000000093e+00
2.730379430159825954e-02 -1.041482999999999937e+00
2.732379708130638907e-02 -1.040575000000000028e+00
2.734379986101452206e-02 -1.052708999999999895e+00
2.736380264072265159e-02 -1.084049000000000040e+00
2.738380542043078111e-02 -1.127912999999999943e+00
2.740380820013891064e-02 -1.103709999999999969e+00
2.742381097984704363e-02 -1.112989000000000006e+00
2.744381375955517316e-02 -1.109031000000000100e+00
2.746381653926330269e-02 -1.107085000000000097e+00
2.748381931897143568e-02 -1.104165000000000063e+00
2.750382209867956521e-02 -1.094560999999999895e+00
2.752382487838769473e-02 -1.086319999999999952e+00
2.754382765809582773e-02 -1.086775000000000047e+00
2.756383043780395725e-02 -1.091121999999999925e+00
2.758383321751208678e-02 -1.088851000000000013e+00
2.760383599722021977e-02 -1.083205999999999891e+00
2.762383877692834930e-02 -1.085542000000000007e+00
2.764384155663647882e-02 -1.080675000000000052e+00
2.766384433634460835e-02 -1.080286000000000080e+00
2.768384711605274134e-02 -1.061533000000000060e+00
2.770384989576087087e-02 -1.076003000000000043e+00
2.772385267546900040e-02 -1.068735999999999908e+00
2.774385545517713339e-02 -1.062637000000000054e+00
2.776385823488526292e-02 -1.067633000000000054e+00
2.778386101459339244e-02 -1.061144000000000087e+00
2.780386379430152544e-02 -1.075159999999999894e+00
2.782386657400965496e-02 -1.068475999999999981e+00
2.784386935371778449e-02 -1.074510999999999994e+00
2.786387213342591748e-02 -1.097676000000000096e+00
2.788387491313404701e-02 -1.086969000000000074e+00
2.790387769284217653e-02 -1.098130000000000051e+00
2.792388047255030606e-02 -1.104100000000000081e+00
2.794388325225843905e-02 -1.127264999999999961e+00
2.796388603196656858e-02 -1.123696000000000028e+00
2.798388881167469810e-02 -1.110587999999999909e+00
2.800389159138283110e-02 -1.088851000000000013e+00
2.802389437109096063e-02 -1.051541000000000059e+00
2.804389715079909015e-02 -1.026882999999999990e+00
2.806389993050722315e-02 -1.030906000000000100e+00
2.808390271021535267e-02 -1.033890999999999893e+00
2.810390548992348220e-02 -1.045441000000000065e+00
2.812390826963161519e-02 -1.072824000000000000e+00
2.814391104933974472e-02 -1.096961999999999993e+00
2.816391382904787424e-02 -1.122462999999999989e+00
2.818391660875600377e-02 -1.145758000000000054e+00
2.820391938846413676e-02 -1.097545999999999911e+00
2.822392216817226629e-02 -1.057250999999999941e+00
2.824392494788039581e-02 -1.036356999999999973e+00
2.826392772758852881e-02 -1.040249999999999897e+00
2.828393050729665834e-02 -1.067244000000000081e+00
2.830393328700478786e-02 -1.102413000000000087e+00
2.832393606671292086e-02 -1.105591999999999908e+00
2.834393884642105038e-02 -1.118764000000000092e+00
2.836394162612917991e-02 -1.127394000000000007e+00
2.838394440583731290e-02 -1.107863000000000042e+00
2.840394718554544243e-02 -1.071007000000000042e+00
2.842394996525357195e-02 -1.043234999999999912e+00
2.844395274496170148e-02 -1.028051000000000048e+00
2.846395552466983447e-02 -1.044532999999999934e+00
2.848395830437796400e-02 -1.067698000000000036e+00
2.850396108408609352e-02 -1.071720999999999924e+00
2.852396386379422652e-02 -1.080155999999999894e+00
2.854396664350235605e-02 -1.037265000000000104e+00
2.856396942321048557e-02 -1.006833000000000089e+00
2.858397220291861857e-02 -9.682899999999999840e-01
2.860397498262674809e-02 -9.850959999999999717e-01
2.862397776233487762e-02 -9.954129999999999923e-01
2.864398054204301061e-02 -1.030971000000000082e+00
2.866398332175114014e-02 -1.092095000000000038e+00
2.868398610145926966e-02 -1.117661000000000016e+00
2.870398888116739919e-02 -1.124799000000000104e+00
2.872399166087553218e-02 -1.126031999999999922e+00
2.874399444058366171e-02 -1.106889999999999930e+00
2.876399722029179123e-02 -1.058029000000000108e+00
