# time(s), 	 	 acceleration(g)
0.000000000000000000e+00 6.248833000000000304e+00
2.000277970813059281e-05 6.475291000000000352e+00
4.000555941626118562e-05 6.700711000000000084e+00
6.000833912439177504e-05 6.951954999999999885e+00
8.001111883252237124e-05 7.228635999999999839e+00
1.000138985406529674e-04 7.493377999999999872e+00
1.200166782487835501e-04 7.826900000000000190e+00
1.400194579569141598e-04 8.175216000000000705e+00
1.600222376650447425e-04 8.522235000000000227e+00
1.800250173731753251e-04 8.902281999999999584e+00
2.000277970813059349e-04 9.309711000000000070e+00
2.200305767894365175e-04 9.710781000000000773e+00
2.400333564975671002e-04 1.017076999999999920e+01
2.600361362056977099e-04 1.068454999999999977e+01
2.800389159138283197e-04 1.122454399999999985e+01
3.000416956219588752e-04 1.184746499999999969e+01
3.200444753300894850e-04 1.254364400000000046e+01
3.400472550382200947e-04 1.331710499999999975e+01
3.600500347463506503e-04 1.420859500000000075e+01
3.800528144544812600e-04 1.520299799999999912e+01
4.000555941626118698e-04 1.625904299999999836e+01
4.200583738707424253e-04 1.752941300000000169e+01
4.400611535788730351e-04 1.888478500000000082e+01
4.600639332870036448e-04 2.055356400000000150e+01
4.800667129951342003e-04 2.241798000000000002e+01
5.000694927032648101e-04 2.471895900000000168e+01
5.200722724113954198e-04 2.762112199999999973e+01
5.400750521195260296e-04 3.126501499999999822e+01
5.600778318276566393e-04 3.663037599999999827e+01
5.800806115357871407e-04 4.435543899999999695e+01
6.000833912439177504e-04 5.740543900000000122e+01
6.200861709520483602e-04 7.872873699999999531e+01
6.400889506601789699e-04 1.116473189999999960e+02
6.600917303683095797e-04 1.597017779999999902e+02
6.800945100764401894e-04 2.213516170000000045e+02
7.000972897845707992e-04 2.959824140000000057e+02
7.201000694927013005e-04 3.746451329999999871e+02
7.401028492008319103e-04 4.453452340000000049e+02
7.601056289089625200e-04 4.935608740000000125e+02
7.801084086170931298e-04 5.100134489999999801e+02
8.001111883252237395e-04 4.931315119999999865e+02
8.201139680333543493e-04 4.534812959999999862e+02
8.401167477414848506e-04 4.040134550000000218e+02
8.601195274496154604e-04 3.540289789999999925e+02
8.801223071577460701e-04 3.053387519999999995e+02
9.001250868658766799e-04 2.631126919999999814e+02
9.201278665740072896e-04 2.183461529999999868e+02
9.401306462821378994e-04 1.683708259999999939e+02
9.601334259902684007e-04 1.147341519999999946e+02
9.801362056983990104e-04 6.741182000000000585e+01
1.000138985406529620e-03 2.829154000000000124e+01
1.020141765114660230e-03 2.535185999999999940e+00
1.040144544822790840e-03 -8.366059999999999164e+00
1.060147324530921449e-03 -7.927939000000000291e+00
1.080150104239052059e-03 4.458584000000000103e+00
1.100152883947182669e-03 2.834786300000000026e+01
1.120155663655313279e-03 4.851330699999999752e+01
1.140158443363443888e-03 6.861094300000000601e+01
1.160161223071574281e-03 7.122000900000000456e+01
1.180164002779704891e-03 6.012169800000000208e+01
1.200166782487835501e-03 3.903186600000000084e+01
1.220169562195966111e-03 3.865965999999999791e+00
1.240172341904096720e-03 -1.672987699999999833e+01
1.260175121612227330e-03 -4.012944900000000104e+01
1.280177901320357940e-03 -4.691188999999999965e+01
1.300180681028488550e-03 -3.553079999999999927e+01
1.320183460736619159e-03 -1.903150499999999923e+01
1.340186240444749769e-03 -5.129089999999999483e-01
1.360189020152880379e-03 1.972254900000000077e+01
1.380191799861010989e-03 2.534343700000000155e+01
1.400194579569141598e-03 3.260124499999999870e+01
1.420197359277271991e-03 1.472081799999999951e+01
1.440200138985402601e-03 5.291417000000000037e+00
1.460202918693533211e-03 7.990287000000000361e+00
1.480205698401663821e-03 -2.535324999999999829e+00
1.500208478109794430e-03 7.417524000000000228e+00
1.520211257817925040e-03 1.143847899999999917e+01
1.540214037526055650e-03 1.514167899999999989e+01
1.560216817234186260e-03 2.132377999999999929e+01
1.580219596942316869e-03 1.333799800000000069e+01
1.600222376650447479e-03 9.898372000000000170e+00
1.620225156358578089e-03 -4.188207000000000235e+00
1.640227936066708699e-03 -2.919201000000000157e+00
1.660230715774839308e-03 8.227646000000000015e+00
1.680233495482969701e-03 3.884653999999999829e+00
1.700236275191100311e-03 7.130656000000000105e+00
1.720239054899230921e-03 6.974925999999999959e+00
1.740241834607361530e-03 -1.484990000000000032e+00
1.760244614315492140e-03 -1.222414700000000032e+01
1.780247394023622750e-03 -1.966188800000000114e+01
1.800250173731753360e-03 -3.196022999999999925e+01
1.820252953439883969e-03 -3.769045400000000257e+01
1.840255733148014579e-03 -2.182543599999999984e+01
1.860258512856145189e-03 -1.314723799999999976e+01
1.880261292564275799e-03 1.032734300000000083e+01
1.900264072272406408e-03 3.131199300000000108e+01
1.920266851980536801e-03 3.737846499999999850e+01
1.940269631688667411e-03 5.014023399999999953e+01
1.960272411396798021e-03 3.384332299999999805e+01
1.980275191104928847e-03 2.600496599999999958e+01
2.000277970813059240e-03 6.987188999999999872e+00
2.020280750521190067e-03 -1.236391500000000043e+01
2.040283530229320460e-03 -1.544984000000000002e+01
2.060286309937450853e-03 -2.567826700000000173e+01
2.080289089645581679e-03 -2.268870000000000076e+01
2.100291869353712072e-03 -1.380688600000000044e+01
2.120294649061842899e-03 -1.137729900000000072e+01
2.140297428769973292e-03 -3.137936999999999976e+00
2.160300208478104118e-03 -5.957432999999999979e+00
2.180302988186234511e-03 -5.395780000000000021e-01
2.200305767894365338e-03 -5.810138000000000247e+00
2.220308547602495731e-03 -1.049294599999999988e+01
2.240311327310626557e-03 -7.761243000000000336e+00
2.260314107018756950e-03 -9.732203999999999411e+00
2.280316886726887777e-03 1.437611999999999890e+00
2.300319666435018170e-03 -1.173788999999999971e+00
2.320322446143148563e-03 8.919866999999999990e+00
2.340325225851279389e-03 7.668834000000000373e+00
2.360328005559409782e-03 6.078567999999999749e+00
2.380330785267540609e-03 1.286775800000000025e+01
2.400333564975671002e-03 2.353177000000000074e+00
2.420336344683801828e-03 7.842018999999999629e+00
2.440339124391932221e-03 9.678986999999999341e+00
2.460341904100063048e-03 4.597313999999999901e+00
2.480344683808193441e-03 2.368100999999999789e+00
2.500347463516324267e-03 -7.253433000000000241e+00
2.520350243224454660e-03 -1.243879500000000071e+01
2.540353022932585487e-03 -1.572723399999999927e+01
2.560355802640715880e-03 -1.953133499999999856e+01
2.580358582348846273e-03 -1.716241799999999884e+01
2.600361362056977099e-03 -1.569524499999999989e+01
2.620364141765107492e-03 -9.528522000000000602e+00
2.640366921473238319e-03 -3.973364000000000118e+00
2.660369701181368712e-03 -4.241545000000000343e+00
2.680372480889499538e-03 3.257579999999999920e+00
2.700375260597629931e-03 -5.549548999999999843e+00
2.720378040305760758e-03 9.275200000000000111e-02
2.740380820013891151e-03 1.151783000000000001e+00
2.760383599722021977e-03 5.024079999999999657e+00
2.780386379430152370e-03 9.234052000000000149e+00
2.800389159138283197e-03 1.393470499999999923e+01
2.820391938846413590e-03 1.107127999999999979e+01
2.840394718554543983e-03 3.355754999999999821e+00
2.860397498262674809e-03 -9.499269999999999659e-01
2.880400277970805202e-03 -2.491721000000000075e+00
2.900403057678936029e-03 -5.287079000000000306e+00
2.920405837387066422e-03 -8.842140999999999806e+00
2.940408617095197248e-03 -1.167805300000000024e+01
2.960411396803327641e-03 -8.530160999999999660e+00
2.980414176511458468e-03 -6.158972999999999587e+00
3.000416956219588861e-03 -5.509123999999999910e+00
3.020419735927719687e-03 -9.790407999999999333e+00
3.040422515635850080e-03 -1.896564400000000106e+01
3.060425295343980907e-03 -1.804443500000000000e+01
3.080428075052111300e-03 -1.397961600000000004e+01
3.100430854760241692e-03 -8.252961000000000880e+00
3.120433634468372519e-03 -2.956250999999999962e+00
3.140436414176502912e-03 6.753529000000000337e+00
3.160439193884633739e-03 1.561730499999999999e+01
3.180441973592764131e-03 1.359157899999999941e+01
3.200444753300894958e-03 1.368332999999999977e+01
3.220447533009025351e-03 8.475061999999999429e+00
3.240450312717156178e-03 -4.731330000000000258e-01
3.260453092425286570e-03 -3.278029000000000082e+00
3.280455872133417397e-03 -3.857150999999999996e+00
3.300458651841547790e-03 -6.729594999999999771e+00
3.320461431549678617e-03 -3.796676000000000162e+00
3.340464211257809009e-03 4.220965999999999774e+00
3.360466990965939402e-03 -1.969894999999999952e+00
3.380469770674070229e-03 -7.243504999999999860e+00
3.400472550382200622e-03 -8.294359999999999289e+00
3.420475330090331448e-03 -1.743046899999999866e+01
3.440478109798461841e-03 -1.940746400000000094e+01
3.460480889506592668e-03 -1.587537200000000048e+01
3.480483669214723061e-03 -1.249725899999999967e+01
3.500486448922853887e-03 -8.704838000000000520e+00
3.520489228630984280e-03 4.453653000000000084e+00
3.540492008339115107e-03 1.120838700000000010e+01
3.560494788047245500e-03 8.440217000000000525e+00
3.580497567755376326e-03 1.045225199999999965e+01
3.600500347463506719e-03 4.496737999999999680e+00
3.620503127171637112e-03 -3.734707999999999917e+00
3.640505906879767939e-03 -2.398022999999999794e+00
3.660508686587898332e-03 -5.750894999999999868e+00
3.680511466296029158e-03 -1.600619999999999932e+00
3.700514246004159551e-03 2.115883000000000180e+00
3.720517025712290378e-03 2.516887999999999792e+00
3.740519805420420771e-03 2.673137000000000096e+00
3.760522585128551597e-03 3.918189999999999729e-01
3.780525364836681990e-03 -8.806270000000000486e-01
3.800528144544812817e-03 -4.336669999999999803e+00
3.820530924252943210e-03 -4.829621000000000386e+00
3.840533703961073603e-03 -1.008331100000000013e+01
3.860536483669204429e-03 -1.357925999999999966e+01
3.880539263377334822e-03 -1.151492600000000088e+01
3.900542043085465649e-03 -1.327610499999999938e+01
3.920544822793596042e-03 -9.740899000000000640e+00
3.940547602501726435e-03 -4.924876000000000253e+00
3.960550382209857695e-03 2.450702999999999854e+00
3.980553161917988088e-03 5.179940000000000211e+00
4.000555941626118481e-03 1.223127500000000012e+01
4.020558721334248874e-03 1.519605499999999942e+01
4.040561501042380134e-03 6.320922999999999625e+00
4.060564280750510527e-03 7.143697999999999659e+00
4.080567060458640920e-03 2.145471000000000128e+00
4.100569840166771313e-03 -5.554999999999999716e+00
4.120572619874901706e-03 -1.307002999999999915e+00
4.140575399583032966e-03 -5.533326999999999884e+00
4.160578179291163359e-03 -5.820844000000000129e+00
4.180580958999293752e-03 -4.443735000000000213e+00
4.200583738707424145e-03 -5.062114000000000225e+00
4.220586518415555405e-03 -4.902230000000000310e+00
4.240589298123685798e-03 -5.047318999999999889e+00
4.260592077831816191e-03 -4.790364000000000289e+00
4.280594857539946584e-03 -6.703899999999999970e+00
4.300597637248077844e-03 -3.793496000000000201e+00
4.320600416956208237e-03 -1.331596000000000002e+00
4.340603196664338630e-03 -3.755276999999999976e+00
4.360605976372469023e-03 1.378824000000000050e+00
4.380608756080599415e-03 2.494956000000000174e+00
4.400611535788730676e-03 1.749527000000000054e+00
4.420614315496861069e-03 4.597055000000000113e+00
4.440617095204991462e-03 5.385438999999999865e+00
4.460619874913121854e-03 3.540878999999999888e+00
4.480622654621253115e-03 5.053069999999999506e-01
4.500625434329383508e-03 -1.227646000000000015e+00
4.520628214037513901e-03 -5.458770999999999596e+00
4.540630993745644294e-03 -5.299471999999999738e+00
4.560633773453775554e-03 9.477109999999999701e-01
4.580636553161905947e-03 1.002606000000000108e+00
4.600639332870036340e-03 3.255567999999999795e+00
4.620642112578166733e-03 3.017431000000000196e+00
4.640644892286297125e-03 -3.514413999999999927e+00
4.660647671994428386e-03 -2.960857999999999990e+00
4.680650451702558779e-03 -8.381828000000000500e+00
4.700653231410689172e-03 -1.303316599999999958e+01
4.720656011118819564e-03 -1.431463100000000033e+01
4.740658790826950825e-03 -8.450673999999999353e+00
4.760661570535081218e-03 1.662382999999999944e+00
4.780664350243211611e-03 8.507960000000000633e+00
4.800667129951342003e-03 1.177329899999999974e+01
4.820669909659473264e-03 1.031585800000000042e+01
4.840672689367603657e-03 4.984822999999999560e+00
4.860675469075734050e-03 7.662849999999999939e-01
4.880678248783864442e-03 -6.859630000000000116e+00
4.900681028491994835e-03 -8.756942999999999699e+00
4.920683808200126096e-03 -7.517525000000000013e+00
4.940686587908256489e-03 -4.674344999999999750e+00
4.960689367616386881e-03 4.872040000000000259e-01
4.980692147324517274e-03 3.698751000000000122e+00
5.000694927032648535e-03 1.184096999999999955e+00
5.020697706740778928e-03 -1.670439000000000007e+00
5.040700486448909320e-03 -1.156139999999999946e+00
5.060703266157039713e-03 -3.526613000000000220e+00
5.080706045865170974e-03 -7.424809999999999466e-01
5.100708825573301367e-03 -5.845449999999999813e-01
5.120711605281431759e-03 -2.362140000000000128e+00
5.140714384989562152e-03 -4.393965999999999816e+00
5.160717164697692545e-03 -5.112790999999999642e+00
5.180719944405823806e-03 -4.021706000000000003e+00
5.200722724113954198e-03 -1.698989000000000082e+00
5.220725503822084591e-03 -7.896539999999999671e-01
5.240728283530214984e-03 -1.074381000000000030e+00
5.260731063238346245e-03 -1.185662999999999911e+00
5.280733842946476637e-03 3.252388999999999974e+00
5.300736622654607030e-03 3.533936000000000188e+00
5.320739402362737423e-03 3.764482000000000106e+00
5.340742182070868684e-03 -9.762800000000000644e-02
5.360744961778999076e-03 -2.425730000000000164e+00
5.380747741487129469e-03 -3.404170000000000140e+00
5.400750521195259862e-03 -3.053258000000000028e+00
5.420753300903390255e-03 -4.254846999999999824e+00
5.440756080611521515e-03 -4.660588999999999871e+00
5.460758860319651908e-03 -3.644839000000000162e+00
5.480761640027782301e-03 -2.231522000000000006e+00
5.500764419735912694e-03 7.509719999999999729e-01
5.520767199444043954e-03 7.484410000000000229e-01
5.540769979152174347e-03 -3.056242999999999821e+00
5.560772758860304740e-03 -2.770023999999999820e+00
5.580775538568435133e-03 -4.188401999999999958e+00
5.600778318276566393e-03 -3.092449999999999921e+00
5.620781097984696786e-03 -2.164369999999999905e-01
5.640783877692827179e-03 4.593019999999999881e-01
5.660786657400957572e-03 2.334930000000000061e-01
5.680789437109087965e-03 -1.469157000000000046e+00
5.700792216817219225e-03 -5.424330000000000540e-01
5.720794996525349618e-03 -5.397720000000000296e-01
5.740797776233480011e-03 -1.837989999999999902e-01
5.760800555941610404e-03 4.188769999999999993e-01
5.780803335649741664e-03 -1.586927999999999894e+00
5.800806115357872057e-03 -1.459165000000000045e+00
5.820808895066002450e-03 -5.440549999999999553e-01
5.840811674774132843e-03 -1.106694999999999984e+00
5.860814454482264103e-03 4.915510000000000157e-01
5.880817234190394496e-03 -2.375767000000000184e+00
5.900820013898524889e-03 -4.293130999999999808e+00
5.920822793606655282e-03 -5.321468999999999561e+00
5.940825573314785675e-03 -5.790477000000000096e+00
5.960828353022916935e-03 -5.608792000000000222e+00
5.980831132731047328e-03 -3.166746999999999979e+00
6.000833912439177721e-03 -1.946471000000000062e+00
6.020836692147308114e-03 -1.095080000000000053e+00
6.040839471855439374e-03 1.701640000000000041e+00
6.060842251563569767e-03 4.186899999999999622e+00
6.080845031271700160e-03 3.950644000000000045e+00
6.100847810979830553e-03 1.744596000000000036e+00
6.120850590687961813e-03 -2.204593000000000025e+00
6.140853370396092206e-03 -4.040458000000000105e+00
6.160856150104222599e-03 -2.588728000000000140e+00
6.180858929812352992e-03 -7.441029999999999589e-01
6.200861709520483385e-03 -1.305056999999999912e+00
6.220864489228614645e-03 -2.194859999999999811e+00
6.240867268936745038e-03 -2.674704000000000192e+00
6.260870048644875431e-03 -3.002127000000000212e+00
6.280872828353005824e-03 -1.122851999999999961e+00
6.300875608061137084e-03 -4.118140000000000134e-01
6.320878387769267477e-03 -2.296149999999999913e+00
6.340881167477397870e-03 -4.106124000000000329e+00
6.360883947185528263e-03 -4.186910000000000132e+00
6.380886726893659523e-03 -2.190252999999999783e+00
6.400889506601789916e-03 8.106689999999999729e-01
6.420892286309920309e-03 2.671126000000000111e+00
6.440895066018050702e-03 2.512929999999999886e+00
6.460897845726181095e-03 1.040429999999999966e-01
6.480900625434312355e-03 -1.438919999999999977e+00
6.500903405142442748e-03 -2.174745000000000150e+00
6.520906184850573141e-03 -1.542286000000000046e+00
6.540908964558703534e-03 -1.211033999999999944e+00
6.560911744266834794e-03 -1.909613999999999923e+00
6.580914523974965187e-03 -6.882350000000000412e-01
6.600917303683095580e-03 1.235942000000000096e+00
6.620920083391225973e-03 1.093838000000000088e+00
6.640922863099357233e-03 -8.726460000000000328e-01
6.660925642807487626e-03 -3.819516000000000133e+00
6.680928422515618019e-03 -6.118419000000000274e+00
6.700931202223748412e-03 -4.851683000000000412e+00
6.720933981931878805e-03 -1.634166000000000007e+00
6.740936761640010065e-03 3.876009999999999733e-01
6.760939541348140458e-03 2.447134000000000142e+00
6.780942321056270851e-03 1.092020999999999908e+00
6.800945100764401244e-03 -1.909159999999999968e+00
6.820947880472532504e-03 -2.655692000000000164e+00
6.840950660180662897e-03 -3.544782000000000100e+00
6.860953439888793290e-03 -3.343694999999999862e+00
6.880956219596923683e-03 -9.841229999999999700e-01
6.900958999305054943e-03 6.212499999999999967e-02
6.920961779013185336e-03 8.972290000000000543e-01
6.940964558721315729e-03 1.957492000000000010e+00
6.960967338429446122e-03 1.528389999999999915e+00
6.980970118137576515e-03 -1.121359999999999912e+00
7.000972897845707775e-03 -3.505395000000000039e+00
7.020975677553838168e-03 -4.195020999999999667e+00
7.040978457261968561e-03 -3.966616000000000142e+00
7.060981236970098954e-03 -1.343730000000000091e+00
7.080984016678230214e-03 1.299271999999999982e+00
7.100986796386360607e-03 1.068143000000000065e+00
7.120989576094491000e-03 -1.924289999999999889e-01
7.140992355802621393e-03 -1.115000999999999909e+00
7.160995135510752653e-03 -2.638107000000000202e+00
7.180997915218883046e-03 -4.324212000000000167e+00
7.201000694927013439e-03 -4.131171000000000149e+00
7.221003474635143832e-03 -3.995816000000000034e+00
7.241006254343274225e-03 -2.762561999999999962e+00
7.261009034051405485e-03 -6.576799999999999313e-02
7.281011813759535878e-03 1.469797000000000020e+00
7.301014593467666271e-03 2.332996000000000070e+00
7.321017373175796664e-03 9.858000000000000096e-01
7.341020152883927924e-03 -1.321603000000000083e+00
7.361022932592058317e-03 -1.809881999999999991e+00
7.381025712300188710e-03 -1.445928000000000102e+00
7.401028492008319103e-03 -6.777229999999999643e-01
7.421031271716450363e-03 -7.276219999999999910e-01
7.441034051424580756e-03 -2.074688000000000088e+00
7.461036831132711149e-03 -2.559722999999999971e+00
7.481039610840841542e-03 -2.229963999999999835e+00
7.501042390548971935e-03 -1.557404000000000011e+00
7.521045170257103195e-03 -1.418739999999999890e+00
7.541047949965233588e-03 -1.310702000000000034e+00
7.561050729673363981e-03 -1.349569000000000019e+00
7.581053509381494374e-03 -1.771144000000000052e+00
7.601056289089625634e-03 -1.859715999999999925e+00
7.621059068797756027e-03 -1.879571000000000103e+00
7.641061848505886420e-03 -2.214910999999999852e+00
7.661064628214016813e-03 -1.713263999999999898e+00
7.681067407922147205e-03 -2.433009999999999895e-01
7.701070187630278466e-03 9.955999999999999572e-03
7.721072967338408859e-03 1.352530000000000121e-01
7.741075747046539252e-03 2.642499999999999849e-01
7.761078526754669644e-03 -7.796619999999999662e-01
7.781081306462800905e-03 -1.699767999999999946e+00
7.801084086170931298e-03 -2.030046000000000017e+00
7.821086865879062558e-03 -1.745838000000000001e+00
7.841089645587192083e-03 -9.462279999999999580e-01
7.861092425295323344e-03 -4.858509999999999773e-01
7.881095205003452869e-03 -1.149197000000000024e+00
7.901097984711584130e-03 -2.002988000000000213e+00
7.921100764419715390e-03 -2.041335999999999817e+00
7.941103544127844915e-03 -2.334757999999999889e+00
7.961106323835976176e-03 -2.461873000000000200e+00
7.981109103544105701e-03 -1.762903000000000109e+00
8.001111883252236961e-03 -9.132649999999999935e-01
8.021114662960368222e-03 -1.429199999999999915e-01
8.041117442668497747e-03 6.232000000000000040e-02
8.061120222376629008e-03 -1.151337999999999973e+00
8.081123002084760268e-03 -2.736022999999999872e+00
8.101125781792889793e-03 -2.767039000000000026e+00
8.121128561501021054e-03 -2.071703999999999990e+00
8.141131341209150579e-03 -1.211098999999999926e+00
8.161134120917281840e-03 1.937170000000000003e-01
8.181136900625413100e-03 1.250866000000000033e+00
8.201139680333542625e-03 1.116354000000000068e+00
8.221142460041673886e-03 5.364539999999999864e-01
8.241145239749803411e-03 -8.273540000000000338e-01
8.261148019457934671e-03 -2.535909000000000191e+00
8.281150799166065932e-03 -3.649509999999999810e+00
8.301153578874195457e-03 -4.167248999999999981e+00
8.321156358582326718e-03 -3.709661000000000097e+00
8.341159138290457978e-03 -2.048214000000000201e+00
8.361161917998587503e-03 -3.995000000000000287e-03
8.381164697706718764e-03 1.414382999999999946e+00
8.401167477414848289e-03 1.201551000000000036e+00
8.421170257122979549e-03 -4.957779999999999965e-01
8.441173036831110810e-03 -2.536753000000000036e+00
8.461175816539240335e-03 -3.151692999999999856e+00
8.481178596247371596e-03 -2.744393000000000082e+00
8.501181375955501121e-03 -2.011683000000000110e+00
8.521184155663632381e-03 -1.440347000000000044e+00
8.541186935371763642e-03 -7.254810000000000425e-01
8.561189715079893167e-03 7.739420000000000188e-01
8.581192494788024427e-03 1.153469999999999995e+00
8.601195274496155688e-03 1.281099999999999947e-02
8.621198054204285213e-03 -1.472985999999999907e+00
8.641200833912416474e-03 -2.919589999999999907e+00
8.661203613620545999e-03 -3.424221000000000181e+00
8.681206393328677259e-03 -2.492694000000000187e+00
8.701209173036808520e-03 -5.769530000000000491e-01
8.721211952744938045e-03 6.792059999999999764e-01
8.741214732453069305e-03 5.464459999999999873e-01
8.761217512161198831e-03 -4.027950000000000141e-01
8.781220291869330091e-03 -1.498097000000000012e+00
8.801223071577461352e-03 -2.422420999999999935e+00
8.821225851285590877e-03 -3.066235999999999962e+00
8.841228630993722137e-03 -3.002127000000000212e+00
8.861231410701853398e-03 -2.376155999999999935e+00
8.881234190409982923e-03 -1.446056999999999926e+00
8.901236970118114183e-03 1.594569999999999876e-01
8.921239749826243709e-03 1.328731000000000106e+00
8.941242529534374969e-03 1.262610999999999928e+00
8.961245309242506230e-03 -2.748360000000000247e-01
8.981248088950635755e-03 -1.764720000000000066e+00
9.001250868658767015e-03 -2.161831999999999976e+00
9.021253648366896541e-03 -2.040233000000000185e+00
9.041256428075027801e-03 -1.626640000000000086e+00
9.061259207783159061e-03 -1.425357999999999903e+00
9.081261987491288587e-03 -1.397845999999999922e+00
9.101264767199419847e-03 -1.475581000000000031e+00
9.121267546907551108e-03 -1.655319999999999903e+00
9.141270326615680633e-03 -1.710409000000000068e+00
9.161273106323811893e-03 -1.526777999999999968e+00
9.181275886031941419e-03 -1.103515999999999941e+00
9.201278665740072679e-03 -9.683549999999999658e-01
9.221281445448203939e-03 -4.640480000000000160e-01
9.241284225156333465e-03 6.978199999999999681e-02
9.261287004864464725e-03 -1.503819999999999879e-01
9.281289784572594251e-03 -1.078664000000000067e+00
9.301292564280725511e-03 -2.259294000000000135e+00
9.321295343988856771e-03 -2.783260999999999985e+00
9.341298123696986297e-03 -2.138018999999999892e+00
9.361300903405117557e-03 -9.167689999999999451e-01
9.381303683113248817e-03 -2.964439999999999853e-01
9.401306462821378343e-03 -6.652000000000000135e-01
9.421309242529509603e-03 -9.835390000000000521e-01
9.441312022237639129e-03 -1.096378000000000075e+00
9.461314801945770389e-03 -1.359496999999999955e+00
9.481317581653901649e-03 -1.668881000000000059e+00
9.501320361362031175e-03 -2.229769999999999808e+00
9.521323141070162435e-03 -2.140678999999999998e+00
9.541325920778291961e-03 -1.357550999999999952e+00
9.561328700486423221e-03 -8.106130000000000280e-01
9.581331480194554481e-03 -5.280920000000000059e-01
9.601334259902684007e-03 -6.454739999999999922e-01
9.621337039610815267e-03 -7.182129999999999903e-01
9.641339819318946527e-03 -7.917309999999999626e-01
9.661342599027076053e-03 -7.515650000000000386e-01
9.681345378735207313e-03 -8.718019999999999659e-01
9.701348158443336839e-03 -1.212981000000000087e+00
9.721350938151468099e-03 -1.544102000000000086e+00
9.741353717859599359e-03 -2.118163000000000018e+00
9.761356497567728885e-03 -2.405745000000000022e+00
9.781359277275860145e-03 -1.722348999999999908e+00
9.801362056983989671e-03 -5.027859999999999552e-01
9.821364836692120931e-03 1.870989999999999875e-01
9.841367616400252191e-03 -4.325780000000000181e-01
9.861370396108381717e-03 -1.638708999999999971e+00
9.881373175816512977e-03 -2.471929999999999961e+00
9.901375955524644237e-03 -2.618186999999999820e+00
9.921378735232773763e-03 -2.582498999999999878e+00
9.941381514940905023e-03 -1.982807999999999904e+00
9.961384294649034549e-03 -5.700749999999999984e-01
9.981387074357165809e-03 7.775109999999999522e-01
1.000138985406529707e-02 1.658814000000000011e+00
1.002139263377342659e-02 1.439818999999999960e+00
1.004139541348155786e-02 -4.301769999999999761e-01
1.006139819318968738e-02 -2.406198999999999977e+00
1.008140097289781864e-02 -3.375620000000000065e+00
1.010140375260594990e-02 -3.636079000000000061e+00
1.012140653231407943e-02 -2.908234999999999904e+00
1.014140931202221069e-02 -1.320759000000000016e+00
1.016141209173034195e-02 2.805369999999999808e-01
1.018141487143847147e-02 9.967660000000000409e-01
1.020141765114660273e-02 6.139940000000000397e-01
1.022142043085473226e-02 -6.463830000000000409e-01
1.024142321056286352e-02 -1.945108000000000059e+00
1.026142599027099478e-02 -2.605338999999999849e+00
1.028142876997912430e-02 -2.771192000000000100e+00
1.030143154968725556e-02 -2.731675000000000075e+00
1.032143432939538509e-02 -1.813126000000000015e+00
1.034143710910351635e-02 -2.608199999999999963e-01
1.036143988881164761e-02 4.715010000000000034e-01
1.038144266851977714e-02 8.353800000000000114e-02
1.040144544822790840e-02 -8.427320000000000366e-01
1.042144822793603966e-02 -1.509776999999999925e+00
1.044145100764416918e-02 -1.449691000000000063e+00
1.046145378735230044e-02 -9.680950000000000388e-01
1.048145656706042997e-02 -6.777229999999999643e-01
1.050145934676856123e-02 -9.636179999999999746e-01
1.052146212647669249e-02 -1.127653999999999934e+00
1.054146490618482201e-02 -1.253276000000000057e+00
1.056146768589295327e-02 -1.653632999999999909e+00
1.058147046560108280e-02 -1.891056000000000070e+00
1.060147324530921406e-02 -1.925642000000000076e+00
1.062147602501734532e-02 -1.725397999999999987e+00
1.064147880472547485e-02 -1.180666999999999911e+00
1.066148158443360611e-02 -5.525550000000000184e-01
1.068148436414173737e-02 -2.849590000000000178e-01
1.070148714384986689e-02 -4.983739999999999837e-01
1.072148992355799815e-02 -1.084179000000000004e+00
1.074149270326612768e-02 -1.722283999999999926e+00
1.076149548297425894e-02 -2.006296999999999997e+00
1.078149826268239020e-02 -1.612428999999999890e+00
1.080150104239051972e-02 -1.033890999999999893e+00
1.082150382209865098e-02 -8.991200000000000303e-01
1.084150660180678051e-02 -9.094370000000000509e-01
1.086150938151491177e-02 -7.006289999999999463e-01
1.088151216122304303e-02 -4.332269999999999732e-01
1.090151494093117256e-02 -6.648760000000000225e-01
1.092151772063930382e-02 -1.152311000000000085e+00
1.094152050034743508e-02 -1.771338999999999997e+00
1.096152328005556460e-02 -1.927912999999999988e+00
1.098152605976369586e-02 -1.303824000000000094e+00
1.100152883947182539e-02 -8.133380000000000054e-01
1.102153161917995665e-02 -7.895250000000000323e-01
1.104153439888808791e-02 -7.995820000000000149e-01
1.106153717859621743e-02 -1.018318000000000056e+00
1.108153995830434869e-02 -1.613661999999999930e+00
1.110154273801247822e-02 -1.950169000000000041e+00
1.112154551772060948e-02 -1.951985999999999999e+00
1.114154829742874074e-02 -1.962043999999999899e+00
1.116155107713687027e-02 -1.616646999999999945e+00
1.118155385684500153e-02 -8.763440000000000119e-01
1.120155663655313279e-02 -3.219449999999999812e-01
1.122155941626126231e-02 3.967400000000000093e-02
1.124156219596939357e-02 5.018600000000000144e-02
1.126156497567752310e-02 -7.108809999999999851e-01
1.128156775538565436e-02 -1.574405000000000054e+00
1.130157053509378562e-02 -1.824286999999999992e+00
1.132157331480191514e-02 -1.672903999999999947e+00
1.134157609451004640e-02 -1.581412999999999958e+00
1.136157887421817593e-02 -1.537549000000000055e+00
1.138158165392630719e-02 -1.414587000000000039e+00
1.140158443363443845e-02 -1.107019999999999893e+00
1.142158721334256798e-02 -7.005639999999999645e-01
1.144158999305069924e-02 -6.599439999999999751e-01
1.146159277275883050e-02 -1.130508999999999986e+00
1.148159555246696002e-02 -1.600424999999999986e+00
1.150159833217509128e-02 -1.660641000000000034e+00
1.152160111188322081e-02 -1.695939000000000085e+00
1.154160389159135207e-02 -1.743891000000000080e+00
1.156160667129948333e-02 -1.542675000000000018e+00
1.158160945100761285e-02 -1.068994999999999918e+00
1.160161223071574411e-02 -6.720779999999999532e-01
1.162161501042387364e-02 -5.426269999999999705e-01
1.164161779013200490e-02 -5.439899999999999736e-01
1.166162056984013616e-02 -6.842770000000000241e-01
1.168162334954826569e-02 -1.055628999999999929e+00
1.170162612925639695e-02 -1.688997000000000082e+00
1.172162890896452821e-02 -2.268832000000000182e+00
1.174163168867265773e-02 -2.149633999999999823e+00
1.176163446838078899e-02 -1.279620999999999897e+00
1.178163724808891852e-02 -3.852099999999999969e-01
1.180164002779704978e-02 -2.358389999999999931e-01
1.182164280750518104e-02 -6.090069999999999650e-01
1.184164558721331056e-02 -1.059846000000000066e+00
1.186164836692144182e-02 -1.510815000000000019e+00
1.188165114662957135e-02 -2.003830999999999918e+00
1.190165392633770261e-02 -2.347475999999999896e+00
1.192165670604583387e-02 -2.205760999999999861e+00
1.194165948575396340e-02 -1.490115999999999996e+00
1.196166226546209466e-02 -4.575600000000000223e-01
1.198166504517022592e-02 7.425000000000000176e-03
1.200166782487835544e-02 -2.553699999999999859e-01
1.202167060458648670e-02 -8.426679999999999726e-01
1.204167338429461623e-02 -1.427629000000000037e+00
1.206167616400274749e-02 -1.954126999999999947e+00
1.208167894371087875e-02 -1.950039000000000078e+00
1.210168172341900827e-02 -1.502315000000000067e+00
1.212168450312713953e-02 -9.594650000000000123e-01
1.214168728283526906e-02 -6.274999999999999467e-01
1.216169006254340032e-02 -8.318959999999999688e-01
1.218169284225153158e-02 -1.314724999999999921e+00
1.220169562195966111e-02 -1.605939999999999923e+00
1.222169840166779237e-02 -1.596402000000000099e+00
1.224170118137592363e-02 -1.459554000000000018e+00
1.226170396108405315e-02 -1.167948999999999904e+00
1.228170674079218441e-02 -6.256829999999999892e-01
1.230170952050031394e-02 -1.339650000000000007e-01
1.232171230020844520e-02 -2.702289999999999970e-01
1.234171507991657646e-02 -1.193515000000000104e+00
1.236171785962470598e-02 -2.272530999999999857e+00
1.238172063933283724e-02 -2.755164999999999864e+00
1.240172341904096677e-02 -2.364996000000000098e+00
1.242172619874909803e-02 -1.482784000000000102e+00
1.244172897845722929e-02 -6.214009999999999811e-01
1.246173175816535882e-02 -1.841879999999999906e-01
1.248173453787349008e-02 1.125300000000000085e-02
1.250173731758162134e-02 -2.902790000000000092e-01
1.252174009728975086e-02 -1.033825999999999912e+00
1.254174287699788212e-02 -1.810985000000000067e+00
1.256174565670601165e-02 -2.280057999999999918e+00
1.258174843641414291e-02 -2.267145000000000188e+00
1.260175121612227417e-02 -1.756154999999999911e+00
1.262175399583040369e-02 -9.760119999999999907e-01
1.264175677553853495e-02 -4.563269999999999826e-01
1.266175955524666448e-02 -3.119520000000000071e-01
1.268176233495479574e-02 -6.044000000000000483e-01
1.270176511466292700e-02 -1.270470999999999906e+00
1.272176789437105653e-02 -1.727279999999999927e+00
1.274177067407918779e-02 -1.708787000000000056e+00
1.276177345378731905e-02 -1.496734999999999927e+00
1.278177623349544857e-02 -1.407189999999999941e+00
1.280177901320357983e-02 -1.346908999999999912e+00
1.282178179291170936e-02 -1.314659999999999940e+00
1.284178457261984062e-02 -1.150039999999999951e+00
1.286178735232797188e-02 -9.188460000000000516e-01
1.288179013203610140e-02 -8.551260000000000527e-01
1.290179291174423266e-02 -1.067633000000000054e+00
1.292179569145236219e-02 -1.269174000000000024e+00
1.294179847116049345e-02 -1.245943999999999940e+00
1.296180125086862471e-02 -1.189362000000000030e+00
1.298180403057675424e-02 -1.155880000000000019e+00
1.300180681028488550e-02 -1.196565000000000101e+00
1.302180958999301676e-02 -1.337045999999999957e+00
1.304181236970114628e-02 -1.409785000000000066e+00
1.306181514940927754e-02 -1.249578000000000078e+00
1.308181792911740707e-02 -1.050956999999999919e+00
1.310182070882553833e-02 -1.050696999999999992e+00
1.312182348853366959e-02 -1.233030999999999988e+00
1.314182626824179911e-02 -1.495567000000000091e+00
1.316182904794993037e-02 -1.540923000000000043e+00
1.318183182765805990e-02 -1.288510000000000044e+00
1.320183460736619116e-02 -9.199490000000000167e-01
1.322183738707432242e-02 -7.663600000000000412e-01
1.324184016678245195e-02 -8.696610000000000174e-01
1.326184294649058321e-02 -9.712100000000000177e-01
1.328184572619871447e-02 -1.126875000000000071e+00
1.330184850590684399e-02 -1.353528000000000064e+00
1.332185128561497525e-02 -1.593677000000000010e+00
1.334185406532310478e-02 -1.763746999999999954e+00
1.336185684503123604e-02 -1.732990000000000030e+00
1.338185962473936730e-02 -1.450015000000000054e+00
1.340186240444749682e-02 -1.137191999999999981e+00
1.342186518415562808e-02 -9.897029999999999994e-01
1.344186796386375761e-02 -9.911299999999999555e-01
1.346187074357188887e-02 -1.043884000000000034e+00
1.348187352328002013e-02 -1.182223999999999942e+00
1.350187630298814966e-02 -1.271703999999999946e+00
1.352187908269628092e-02 -1.202145000000000019e+00
1.354188186240441218e-02 -1.139334000000000069e+00
1.356188464211254170e-02 -1.075159999999999894e+00
1.358188742182067296e-02 -1.051930000000000032e+00
1.360189020152880249e-02 -1.111820999999999948e+00
1.362189298123693375e-02 -1.314855000000000107e+00
1.364189576094506501e-02 -1.420620999999999912e+00
1.366189854065319453e-02 -1.442682999999999938e+00
1.368190132036132579e-02 -1.501341999999999954e+00
1.370190410006945532e-02 -1.336527000000000021e+00
1.372190687977758658e-02 -1.079312999999999967e+00
1.374190965948571784e-02 -9.317579999999999751e-01
1.376191243919384737e-02 -9.672520000000000007e-01
1.378191521890197863e-02 -1.243154000000000092e+00
1.380191799861010989e-02 -1.443202000000000096e+00
1.382192077831823941e-02 -1.527881000000000045e+00
1.384192355802637067e-02 -1.504197000000000006e+00
1.386192633773450020e-02 -1.424514999999999976e+00
1.388192911744263146e-02 -1.158670000000000089e+00
1.390193189715076272e-02 -7.845280000000000031e-01
1.392193467685889224e-02 -5.140120000000000244e-01
1.394193745656702350e-02 -6.097209999999999575e-01
1.396194023627515303e-02 -1.050956999999999919e+00
1.398194301598328429e-02 -1.607302999999999926e+00
1.400194579569141555e-02 -1.961848999999999954e+00
1.402194857539954508e-02 -1.967494000000000076e+00
1.404195135510767634e-02 -1.617361000000000049e+00
1.406195413481580760e-02 -1.111043000000000003e+00
1.408195691452393712e-02 -6.816170000000000284e-01
1.410195969423206838e-02 -3.866370000000000084e-01
1.412196247394019791e-02 -4.765719999999999956e-01
1.414196525364832917e-02 -9.780879999999999574e-01
1.416196803335646043e-02 -1.550332000000000043e+00
1.418197081306458995e-02 -1.960355999999999987e+00
1.420197359277272121e-02 -2.040297999999999945e+00
1.422197637248085074e-02 -1.792491999999999974e+00
1.424197915218898200e-02 -1.229397999999999991e+00
1.426198193189711326e-02 -6.212060000000000359e-01
1.428198471160524279e-02 -2.802870000000000084e-01
1.430198749131337405e-02 -4.754039999999999933e-01
1.432199027102150531e-02 -1.062052999999999914e+00
1.434199305072963483e-02 -1.607563000000000075e+00
1.436199583043776609e-02 -1.808974000000000082e+00
1.438199861014589562e-02 -1.698080999999999952e+00
1.440200138985402688e-02 -1.387075000000000058e+00
1.442200416956215814e-02 -1.053811999999999971e+00
1.444200694927028766e-02 -8.641450000000000520e-01
1.446200972897841892e-02 -7.659059999999999757e-01
1.448201250868654845e-02 -7.993879999999999875e-01
1.450201528839467971e-02 -1.012477999999999989e+00
1.452201806810281097e-02 -1.355409000000000086e+00
1.454202084781094050e-02 -1.525673999999999975e+00
1.456202362751907176e-02 -1.392460000000000031e+00
1.458202640722720302e-02 -1.175994999999999902e+00
1.460202918693533254e-02 -1.010596999999999968e+00
1.462203196664346380e-02 -9.763359999999999816e-01
1.464203474635159333e-02 -1.121683999999999903e+00
1.466203752605972459e-02 -1.304926999999999948e+00
1.468204030576785585e-02 -1.325301999999999980e+00
1.470204308547598537e-02 -1.189491999999999994e+00
1.472204586518411663e-02 -1.000150000000000095e+00
1.474204864489224616e-02 -9.122270000000000101e-01
1.476205142460037742e-02 -1.010920999999999959e+00
1.478205420430850868e-02 -1.192671000000000037e+00
1.480205698401663821e-02 -1.275598000000000010e+00
1.482205976372476947e-02 -1.262424999999999908e+00
1.484206254343290073e-02 -1.242634999999999934e+00
1.486206532314103025e-02 -1.140306999999999960e+00
1.488206810284916151e-02 -1.036745999999999945e+00
1.490207088255729104e-02 -8.814049999999999940e-01
1.492207366226542230e-02 -7.627260000000000151e-01
1.494207644197355356e-02 -8.241749999999999909e-01
1.496207922168168308e-02 -1.187934000000000045e+00
1.498208200138981434e-02 -1.465394000000000085e+00
1.500208478109794387e-02 -1.458709999999999951e+00
1.502208756080607513e-02 -1.341264000000000012e+00
1.504209034051420639e-02 -1.152117000000000058e+00
1.506209312022233592e-02 -9.325369999999999493e-01
1.508209589993046718e-02 -9.654350000000000431e-01
1.510209867963859844e-02 -1.138749999999999929e+00
1.512210145934672796e-02 -1.208828000000000014e+00
1.514210423905485922e-02 -1.203767000000000031e+00
1.516210701876298875e-02 -1.211942999999999993e+00
1.518210979847112001e-02 -1.169246999999999925e+00
1.520211257817925127e-02 -1.137256999999999962e+00
1.522211535788738079e-02 -1.168403000000000080e+00
1.524211813759551205e-02 -1.207594999999999974e+00
1.526212091730364158e-02 -1.211424000000000056e+00
1.528212369701177284e-02 -1.222455000000000069e+00
1.530212647671990410e-02 -1.174827000000000066e+00
1.532212925642803363e-02 -1.010142000000000095e+00
1.534213203613616489e-02 -7.941970000000000418e-01
1.536213481584429441e-02 -6.360649999999999915e-01
1.538213759555242567e-02 -7.102969999999999562e-01
1.540214037526055693e-02 -1.008455000000000101e+00
1.542214315496868646e-02 -1.422048999999999896e+00
1.544214593467681772e-02 -1.657980000000000009e+00
1.546214871438494898e-02 -1.752520999999999995e+00
1.548215149409307850e-02 -1.574729000000000045e+00
1.550215427380120976e-02 -1.161005999999999982e+00
1.552215705350933929e-02 -7.232089999999999907e-01
1.554215983321747055e-02 -5.490509999999999557e-01
1.556216261292560181e-02 -6.303549999999999986e-01
1.558216539263373134e-02 -9.445409999999999640e-01
1.560216817234186260e-02 -1.327897000000000105e+00
1.562217095204999212e-02 -1.587836999999999943e+00
1.564217373175812512e-02 -1.636438000000000059e+00
1.566217651146625464e-02 -1.440282000000000062e+00
1.568217929117438417e-02 -1.074705999999999939e+00
1.570218207088251369e-02 -7.071169999999999956e-01
1.572218485059064669e-02 -5.634559999999999569e-01
1.574218763029877621e-02 -7.402100000000000346e-01
1.576219041000690574e-02 -1.061013999999999902e+00
1.578219318971503873e-02 -1.339641999999999999e+00
1.580219596942316826e-02 -1.440088000000000035e+00
1.582219874913129778e-02 -1.377666000000000057e+00
1.584220152883943078e-02 -1.230695000000000094e+00
1.586220430854756031e-02 -9.891839999999999522e-01
1.588220708825568983e-02 -8.174909999999999677e-01
1.590220986796382283e-02 -7.248320000000000318e-01
1.592221264767195235e-02 -9.188460000000000516e-01
1.594221542738008188e-02 -1.273131999999999930e+00
1.596221820708821140e-02 -1.576286999999999994e+00
1.598222098679634440e-02 -1.613272999999999957e+00
1.600222376650447392e-02 -1.441060999999999925e+00
1.602222654621260345e-02 -1.178395999999999999e+00
1.604222932592073644e-02 -8.901649999999999840e-01
1.606223210562886597e-02 -6.952430000000000554e-01
1.608223488533699549e-02 -6.399589999999999446e-01
1.610223766504512849e-02 -7.489050000000000429e-01
1.612224044475325802e-02 -9.494080000000000297e-01
1.614224322446138754e-02 -1.225959000000000021e+00
1.616224600416952054e-02 -1.355409000000000086e+00
1.618224878387765006e-02 -1.376044000000000045e+00
1.620225156358577959e-02 -1.297334999999999905e+00
1.622225434329390911e-02 -1.173723999999999990e+00
1.624225712300204211e-02 -1.026170000000000027e+00
1.626225990271017163e-02 -1.030257999999999896e+00
1.628226268241830116e-02 -1.091252000000000111e+00
1.630226546212643415e-02 -1.172751000000000099e+00
1.632226824183456368e-02 -1.180536999999999948e+00
1.634227102154269320e-02 -1.106176000000000048e+00
1.636227380125082620e-02 -1.030386999999999942e+00
1.638227658095895573e-02 -1.048945000000000016e+00
1.640227936066708525e-02 -1.121683999999999903e+00
1.642228214037521825e-02 -1.225179999999999936e+00
1.644228492008334777e-02 -1.303498999999999963e+00
1.646228769979147730e-02 -1.374616000000000060e+00
1.648229047949960682e-02 -1.389021000000000061e+00
1.650229325920773982e-02 -1.336203000000000030e+00
1.652229603891586934e-02 -1.116946999999999912e+00
1.654229881862399887e-02 -8.443549999999999667e-01
1.656230159833213186e-02 -6.548180000000000112e-01
1.658230437804026139e-02 -6.986170000000000435e-01
1.660230715774839091e-02 -8.801080000000000014e-01
1.662230993745652391e-02 -1.108316999999999997e+00
1.664231271716465344e-02 -1.308235999999999954e+00
1.666231549687278296e-02 -1.384673999999999960e+00
1.668231827658091596e-02 -1.353852000000000055e+00
1.670232105628904548e-02 -1.261063000000000045e+00
1.672232383599717501e-02 -1.153998000000000079e+00
1.674232661570530453e-02 -1.025260999999999978e+00
1.676232939541343753e-02 -9.819160000000000110e-01
1.678233217512156705e-02 -1.021692000000000045e+00
1.680233495482969658e-02 -1.076197999999999988e+00
1.682233773453782957e-02 -1.150428999999999924e+00
1.684234051424595910e-02 -1.208439000000000041e+00
1.686234329395408862e-02 -1.218496999999999941e+00
1.688234607366222162e-02 -1.174048999999999898e+00
1.690234885337035114e-02 -1.144978999999999969e+00
1.692235163307848067e-02 -1.116883000000000070e+00
1.694235441278661367e-02 -1.075938000000000061e+00
1.696235719249474319e-02 -1.075809000000000015e+00
1.698235997220287272e-02 -1.035384000000000082e+00
1.700236275191100224e-02 -1.027531999999999890e+00
1.702236553161913524e-02 -1.047258000000000022e+00
1.704236831132726476e-02 -1.203896999999999995e+00
1.706237109103539429e-02 -1.306743999999999906e+00
1.708237387074352728e-02 -1.325042000000000053e+00
1.710237665045165681e-02 -1.233095999999999970e+00
1.712237943015978633e-02 -1.068605999999999945e+00
1.714238220986791933e-02 -9.526520000000000543e-01
1.716238498957604885e-02 -8.895809999999999551e-01
1.718238776928417838e-02 -9.368189999999999573e-01
1.720239054899231138e-02 -1.074770000000000003e+00
1.722239332870044090e-02 -1.278062999999999949e+00
1.724239610840857043e-02 -1.504261999999999988e+00
1.726239888811669995e-02 -1.608017000000000030e+00
1.728240166782483295e-02 -1.498486999999999902e+00
1.730240444753296247e-02 -1.154972000000000110e+00
1.732240722724109200e-02 -7.672029999999999683e-01
1.734241000694922499e-02 -5.726050000000000306e-01
1.736241278665735452e-02 -6.614360000000000239e-01
1.738241556636548404e-02 -9.519379999999999509e-01
1.740241834607361704e-02 -1.266772999999999927e+00
1.742242112578174656e-02 -1.494139000000000106e+00
1.744242390548987609e-02 -1.565839999999999899e+00
1.746242668519800909e-02 -1.423411999999999900e+00
1.748242946490613861e-02 -1.199095000000000022e+00
1.750243224461426814e-02 -9.444110000000000005e-01
1.752243502432239766e-02 -7.892649999999999944e-01
1.754243780403053066e-02 -8.315719999999999779e-01
1.756244058373866018e-02 -1.027207999999999899e+00
1.758244336344678971e-02 -1.282540999999999931e+00
1.760244614315492270e-02 -1.431586999999999943e+00
1.762244892286305223e-02 -1.401219999999999910e+00
1.764245170257118175e-02 -1.205454000000000025e+00
1.766245448227931475e-02 -9.941149999999999709e-01
1.768245726198744427e-02 -8.695310000000000539e-01
1.770246004169557380e-02 -9.615420000000000078e-01
1.772246282140370680e-02 -1.154646999999999979e+00
1.774246560111183632e-02 -1.285849999999999937e+00
1.776246838081996585e-02 -1.308820000000000094e+00
1.778247116052809537e-02 -1.215251999999999999e+00
1.780247394023622837e-02 -1.125448000000000004e+00
1.782247671994435789e-02 -1.046219999999999928e+00
1.784247949965248742e-02 -1.003654000000000046e+00
1.786248227936062041e-02 -9.919740000000000224e-01
1.788248505906874994e-02 -1.117142000000000079e+00
1.790248783877687946e-02 -1.313881000000000077e+00
1.792249061848501246e-02 -1.453389999999999960e+00
1.794249339819314198e-02 -1.436973000000000056e+00
1.796249617790127151e-02 -1.250032000000000032e+00
1.798249895760940451e-02 -9.911950000000000482e-01
1.800250173731753403e-02 -8.104179999999999717e-01
1.802250451702566356e-02 -8.167130000000000223e-01
1.804250729673379308e-02 -9.525219999999999798e-01
1.806251007644192608e-02 -1.138036000000000048e+00
1.808251285615005560e-02 -1.287471999999999950e+00
1.810251563585818513e-02 -1.306030000000000024e+00
1.812251841556631812e-02 -1.261063000000000045e+00
1.814252119527444765e-02 -1.149845000000000006e+00
1.816252397498257717e-02 -1.116753000000000107e+00
1.818252675469071017e-02 -1.066076000000000024e+00
1.820252953439883969e-02 -1.077755000000000019e+00
1.822253231410696922e-02 -1.143941000000000097e+00
1.824253509381510222e-02 -1.264437000000000033e+00
1.826253787352323174e-02 -1.374292000000000069e+00
1.828254065323136127e-02 -1.393563000000000107e+00
1.830254343293949079e-02 -1.297400000000000109e+00
1.832254621264762379e-02 -1.099687000000000081e+00
1.834254899235575331e-02 -9.934659999999999602e-01
1.836255177206388284e-02 -9.945049999999999724e-01
1.838255455177201583e-02 -1.039795999999999943e+00
1.840255733148014536e-02 -1.108511999999999942e+00
1.842256011118827488e-02 -1.172166999999999959e+00
1.844256289089640788e-02 -1.222455000000000069e+00
1.846256567060453740e-02 -1.256456000000000017e+00
1.848256845031266693e-02 -1.246658000000000044e+00
1.850257123002079993e-02 -1.170738999999999974e+00
1.852257400972892945e-02 -1.052902999999999922e+00
1.854257678943705898e-02 -9.869130000000000402e-01
1.856257956914518850e-02 -9.201430000000000442e-01
1.858258234885332150e-02 -9.008720000000000061e-01
1.860258512856145102e-02 -1.005859999999999976e+00
1.862258790826958055e-02 -1.137582000000000093e+00
1.864259068797771354e-02 -1.292273999999999923e+00
1.866259346768584307e-02 -1.429770999999999903e+00
1.868259624739397259e-02 -1.470259999999999900e+00
1.870259902710210559e-02 -1.414587000000000039e+00
1.872260180681023511e-02 -1.288380000000000081e+00
1.874260458651836464e-02 -1.157308000000000003e+00
1.876260736622649763e-02 -9.915850000000000497e-01
1.878261014593462716e-02 -9.052189999999999959e-01
1.880261292564275669e-02 -8.711529999999999552e-01
1.882261570535088621e-02 -9.636179999999999746e-01
1.884261848505901921e-02 -1.083464999999999900e+00
1.886262126476714873e-02 -1.196565000000000101e+00
1.888262404447527826e-02 -1.247760999999999898e+00
1.890262682418341125e-02 -1.217783000000000060e+00
1.892262960389154078e-02 -1.167170000000000041e+00
1.894263238359967030e-02 -1.066983999999999932e+00
1.896263516330780330e-02 -1.049463999999999952e+00
1.898263794301593282e-02 -1.095080000000000053e+00
1.900264072272406235e-02 -1.176255000000000051e+00
1.902264350243219534e-02 -1.226023000000000085e+00
1.904264628214032487e-02 -1.259570000000000078e+00
1.906264906184845440e-02 -1.246593000000000062e+00
1.908265184155658392e-02 -1.176320000000000032e+00
1.910265462126471692e-02 -1.123631000000000046e+00
1.912265740097284644e-02 -1.071396000000000015e+00
1.914266018068097597e-02 -1.047452999999999967e+00
1.916266296038910896e-02 -1.085801000000000016e+00
1.918266574009723849e-02 -1.183132999999999990e+00
1.920266851980536801e-02 -1.319526999999999894e+00
1.922267129951350101e-02 -1.339512000000000036e+00
1.924267407922163053e-02 -1.263852999999999893e+00
1.926267685892976006e-02 -1.082362000000000046e+00
1.928267963863789305e-02 -8.679740000000000233e-01
1.930268241834602258e-02 -8.053569999999999895e-01
1.932268519805415211e-02 -8.682980000000000143e-01
1.934268797776228163e-02 -1.006702999999999903e+00
1.936269075747041463e-02 -1.145887000000000100e+00
1.938269353717854415e-02 -1.275207999999999897e+00
1.940269631688667368e-02 -1.335943000000000103e+00
1.942269909659480667e-02 -1.336592000000000002e+00
1.944270187630293620e-02 -1.287601999999999913e+00
1.946270465601106572e-02 -1.226347999999999994e+00
1.948270743571919872e-02 -1.143226999999999993e+00
1.950271021542732824e-02 -1.173659000000000008e+00
1.952271299513545777e-02 -1.242180000000000062e+00
1.954271577484359076e-02 -1.331984999999999975e+00
1.956271855455172029e-02 -1.319461999999999913e+00
1.958272133425984982e-02 -1.214083999999999941e+00
1.960272411396797934e-02 -1.007417000000000007e+00
1.962272689367611234e-02 -8.403319999999999679e-01
1.964272967338424186e-02 -8.246940000000000381e-01
1.966273245309237139e-02 -9.440870000000000095e-01
1.968273523280050438e-02 -1.157243000000000022e+00
1.970273801250863391e-02 -1.328934999999999977e+00
1.972274079221676343e-02 -1.376433000000000018e+00
1.974274357192489643e-02 -1.291430000000000078e+00
1.976274635163302595e-02 -1.166911000000000032e+00
1.978274913134115548e-02 -9.926230000000000331e-01
1.980275191104928847e-02 -8.612900000000000000e-01
1.982275469075741800e-02 -8.397480000000000500e-01
1.984275747046554753e-02 -9.170939999999999648e-01
1.986276025017367705e-02 -1.160681999999999992e+00
1.988276302988181005e-02 -1.398365000000000080e+00
1.990276580958993957e-02 -1.528529000000000027e+00
1.992276858929806910e-02 -1.489401999999999893e+00
1.994277136900620209e-02 -1.297139999999999960e+00
1.996277414871433162e-02 -1.092939000000000105e+00
1.998277692842246114e-02 -9.720529999999999449e-01
2.000277970813059414e-02 -9.473960000000000159e-01
2.002278248783872366e-02 -9.856800000000000006e-01
2.004278526754685319e-02 -1.048945000000000016e+00
2.006278804725498618e-02 -1.061404000000000014e+00
2.008279082696311571e-02 -1.091252000000000111e+00
2.010279360667124524e-02 -1.098713999999999968e+00
2.012279638637937476e-02 -1.115000999999999909e+00
2.014279916608750776e-02 -1.110328999999999899e+00
2.016280194579563728e-02 -1.119542999999999955e+00
2.018280472550376681e-02 -1.166131999999999946e+00
2.020280750521189980e-02 -1.193189999999999973e+00
2.022281028492002933e-02 -1.242634999999999934e+00
2.024281306462815885e-02 -1.228553999999999924e+00
2.026281584433629185e-02 -1.157178000000000040e+00
2.028281862404442137e-02 -1.081649000000000083e+00
2.030282140375255090e-02 -1.061987999999999932e+00
2.032282418346068389e-02 -1.076392999999999933e+00
2.034282696316881342e-02 -1.102606999999999893e+00
2.036282974287694295e-02 -1.147054999999999936e+00
2.038283252258507247e-02 -1.139399000000000051e+00
2.040283530229320547e-02 -1.112729999999999997e+00
2.042283808200133499e-02 -1.121099999999999985e+00
2.044284086170946452e-02 -1.148352999999999957e+00
2.046284364141759751e-02 -1.176384000000000096e+00
2.048284642112572704e-02 -1.187934000000000045e+00
2.050284920083385656e-02 -1.156463999999999936e+00
2.052285198054198956e-02 -1.103580999999999923e+00
2.054285476025011908e-02 -1.051215999999999928e+00
2.056285753995824861e-02 -9.995009999999999728e-01
2.058286031966638160e-02 -9.734810000000000407e-01
2.060286309937451113e-02 -1.010272000000000059e+00
2.062286587908264066e-02 -1.108641999999999905e+00
2.064286865879077018e-02 -1.219081000000000081e+00
2.066287143849890318e-02 -1.331919999999999993e+00
2.068287421820703270e-02 -1.352100000000000080e+00
2.070287699791516223e-02 -1.301811999999999969e+00
2.072287977762329522e-02 -1.215187000000000017e+00
2.074288255733142475e-02 -1.127458999999999989e+00
2.076288533703955427e-02 -1.057574999999999932e+00
2.078288811674768727e-02 -1.055304000000000020e+00
2.080289089645581679e-02 -1.092289999999999983e+00
2.082289367616394632e-02 -1.133103999999999889e+00
2.084289645587207931e-02 -1.172231999999999941e+00
2.086289923558020884e-02 -1.141604999999999981e+00
2.088290201528833837e-02 -1.105267999999999917e+00
2.090290479499646789e-02 -1.096182999999999907e+00
2.092290757470460089e-02 -1.097935000000000105e+00
2.094291035441273041e-02 -1.152765000000000040e+00
2.096291313412085994e-02 -1.205454000000000025e+00
2.098291591382899293e-02 -1.251395000000000035e+00
2.100291869353712246e-02 -1.240104000000000095e+00
2.102292147324525198e-02 -1.131547000000000081e+00
2.104292425295338498e-02 -1.023573999999999984e+00
2.106292703266151450e-02 -9.157960000000000544e-01
2.108292981236964403e-02 -9.191049999999999498e-01
2.110293259207777702e-02 -1.005276000000000058e+00
2.112293537178590655e-02 -1.166457000000000077e+00
2.114293815149403608e-02 -1.290197000000000038e+00
2.116294093120216560e-02 -1.380779999999999896e+00
2.118294371091029860e-02 -1.372540000000000093e+00
2.120294649061842812e-02 -1.277544000000000013e+00
2.122294927032655765e-02 -1.093134000000000050e+00
2.124295205003469064e-02 -9.581030000000000380e-01
2.126295482974282017e-02 -8.852339999999999653e-01
2.128295760945094969e-02 -9.098910000000000053e-01
2.130296038915908269e-02 -1.020329999999999959e+00
2.132296316886721221e-02 -1.160292000000000101e+00
2.134296594857534174e-02 -1.260868000000000100e+00
2.136296872828347473e-02 -1.269433000000000034e+00
2.138297150799160426e-02 -1.220183999999999935e+00
2.140297428769973379e-02 -1.140371999999999941e+00
2.142297706740786331e-02 -1.072499000000000091e+00
2.144297984711599631e-02 -1.061339000000000032e+00
2.146298262682412583e-02 -1.100985000000000102e+00
2.148298540653225536e-02 -1.169570999999999916e+00
2.150298818624038835e-02 -1.216485000000000039e+00
2.152299096594851788e-02 -1.221416000000000057e+00
2.154299374565664740e-02 -1.193969000000000058e+00
2.156299652536478040e-02 -1.075094999999999912e+00
2.158299930507290992e-02 -9.708210000000000450e-01
2.160300208478103945e-02 -9.307199999999999918e-01
2.162300486448917244e-02 -9.449950000000000294e-01
2.164300764419730197e-02 -1.033112999999999948e+00
2.166301042390543150e-02 -1.155620000000000092e+00
2.168301320361356102e-02 -1.256844999999999990e+00
2.170301598332169402e-02 -1.280464000000000047e+00
2.172301876302982354e-02 -1.242180000000000062e+00
2.174302154273795307e-02 -1.147963999999999984e+00
2.176302432244608606e-02 -1.046934000000000031e+00
2.178302710215421559e-02 -9.855500000000000371e-01
2.180302988186234511e-02 -9.659539999999999793e-01
2.182303266157047811e-02 -1.016307000000000071e+00
2.184303544127860763e-02 -1.098973999999999895e+00
2.186303822098673716e-02 -1.161979000000000095e+00
2.188304100069487015e-02 -1.204804999999999904e+00
2.190304378040299968e-02 -1.230110999999999954e+00
2.192304656011112921e-02 -1.197473000000000010e+00
2.194304933981925873e-02 -1.172490999999999950e+00
2.196305211952739173e-02 -1.141086000000000045e+00
2.198305489923552125e-02 -1.125642000000000031e+00
2.200305767894365078e-02 -1.105787000000000075e+00
2.202306045865178377e-02 -1.075353999999999921e+00
2.204306323835991330e-02 -1.070812000000000097e+00
2.206306601806804282e-02 -1.044791999999999943e+00
2.208306879777617582e-02 -1.017929000000000084e+00
2.210307157748430534e-02 -1.041223999999999927e+00
2.212307435719243487e-02 -1.084373999999999949e+00
2.214307713690056786e-02 -1.164574999999999916e+00
2.216307991660869739e-02 -1.219209999999999905e+00
2.218308269631682692e-02 -1.243802999999999992e+00
2.220308547602495644e-02 -1.237119000000000080e+00
2.222308825573308944e-02 -1.190725000000000033e+00
2.224309103544121896e-02 -1.146600999999999981e+00
2.226309381514934849e-02 -1.109874999999999945e+00
2.228309659485748148e-02 -1.072305000000000064e+00
2.230309937456561101e-02 -1.046674000000000104e+00
2.232310215427374053e-02 -1.029349000000000069e+00
2.234310493398187353e-02 -1.069774000000000003e+00
2.236310771369000305e-02 -1.068281999999999954e+00
2.238311049339813258e-02 -1.115000999999999909e+00
2.240311327310626557e-02 -1.144006000000000078e+00
2.242311605281439510e-02 -1.163146999999999931e+00
2.244311883252252462e-02 -1.169701000000000102e+00
2.246312161223065415e-02 -1.157891999999999921e+00
2.248312439193878715e-02 -1.149715999999999960e+00
2.250312717164691667e-02 -1.106565000000000021e+00
2.252312995135504620e-02 -1.050048000000000092e+00
2.254313273106317919e-02 -1.007157999999999998e+00
2.256313551077130872e-02 -1.004626999999999937e+00
2.258313829047943824e-02 -1.067438000000000109e+00
2.260314107018757124e-02 -1.164185999999999943e+00
2.262314384989570076e-02 -1.220703000000000094e+00
2.264314662960383029e-02 -1.210774999999999935e+00
2.266314940931196328e-02 -1.151987000000000094e+00
2.268315218902009281e-02 -1.090797999999999934e+00
2.270315496872822233e-02 -1.066853999999999969e+00
2.272315774843635186e-02 -1.078468999999999900e+00
2.274316052814448486e-02 -1.123112000000000110e+00
2.276316330785261438e-02 -1.161979000000000095e+00
2.278316608756074391e-02 -1.174957000000000029e+00
2.280316886726887690e-02 -1.178331000000000017e+00
2.282317164697700643e-02 -1.136088999999999904e+00
2.284317442668513595e-02 -1.042132000000000058e+00
2.286317720639326895e-02 -9.718590000000000284e-01
2.288317998610139847e-02 -9.323420000000000041e-01
2.290318276580952800e-02 -9.758820000000000272e-01
2.292318554551766099e-02 -1.109420000000000073e+00
2.294318832522579052e-02 -1.252756999999999898e+00
2.296319110493392004e-02 -1.323485000000000023e+00
2.298319388464204957e-02 -1.288899999999999935e+00
2.300319666435018257e-02 -1.163796000000000053e+00
2.302319944405831209e-02 -1.056926000000000032e+00
2.304320222376644162e-02 -9.801640000000000352e-01
2.306320500347457461e-02 -9.871069999999999567e-01
2.308320778318270414e-02 -1.043299999999999894e+00
2.310321056289083366e-02 -1.127977999999999925e+00
2.312321334259896666e-02 -1.202339999999999964e+00
2.314321612230709618e-02 -1.256391000000000036e+00
2.316321890201522571e-02 -1.255546999999999969e+00
2.318322168172335870e-02 -1.193254999999999955e+00
2.320322446143148823e-02 -1.091056999999999944e+00
2.322322724113961775e-02 -1.009039000000000019e+00
2.324323002084774728e-02 -9.729619999999999935e-01
2.326323280055588028e-02 -1.031490000000000018e+00
2.328323558026400980e-02 -1.110913000000000039e+00
2.330323835997213933e-02 -1.150624000000000091e+00
2.332324113968027232e-02 -1.127588999999999952e+00
2.334324391938840185e-02 -1.074640999999999957e+00
2.336324669909653137e-02 -1.028570999999999902e+00
2.338324947880466437e-02 -1.020848999999999895e+00
2.340325225851279389e-02 -1.051800000000000068e+00
2.342325503822092342e-02 -1.104813000000000045e+00
2.344325781792905641e-02 -1.147769000000000039e+00
2.346326059763718594e-02 -1.190399999999999903e+00
2.348326337734531546e-02 -1.217133999999999938e+00
2.350326615705344499e-02 -1.175929999999999920e+00
2.352326893676157799e-02 -1.160746999999999973e+00
2.354327171646970751e-02 -1.094626000000000099e+00
2.356327449617783704e-02 -1.037978999999999985e+00
2.358327727588597003e-02 -1.021692000000000045e+00
2.360328005559409956e-02 -1.060559999999999947e+00
2.362328283530222908e-02 -1.103061000000000069e+00
2.364328561501036208e-02 -1.135569999999999968e+00
2.366328839471849160e-02 -1.110133999999999954e+00
2.368329117442662113e-02 -1.077625999999999973e+00
2.370329395413475412e-02 -1.056796999999999986e+00
2.372329673384288365e-02 -1.063155999999999990e+00
2.374329951355101317e-02 -1.071590999999999960e+00
2.376330229325914270e-02 -1.072499000000000091e+00
2.378330507296727570e-02 -1.072888999999999982e+00
2.380330785267540522e-02 -1.067568000000000072e+00
2.382331063238353475e-02 -1.062766000000000099e+00
2.384331341209166774e-02 -1.081908000000000092e+00
2.386331619179979727e-02 -1.096247999999999889e+00
2.388331897150792679e-02 -1.105267999999999917e+00
2.390332175121605979e-02 -1.122462999999999989e+00
2.392332453092418931e-02 -1.143162000000000011e+00
2.394332731063231884e-02 -1.156593999999999900e+00
2.396333009034045183e-02 -1.160876000000000019e+00
2.398333287004858136e-02 -1.137906000000000084e+00
2.400333564975671088e-02 -1.121294999999999931e+00
2.402333842946484041e-02 -1.084827999999999903e+00
2.404334120917297341e-02 -1.052643999999999913e+00
2.406334398888110293e-02 -1.002485999999999988e+00
2.408334676858923246e-02 -9.921689999999999676e-01
2.410334954829736545e-02 -9.747139999999999693e-01
2.412335232800549498e-02 -9.879510000000000236e-01
2.414335510771362450e-02 -1.003719000000000028e+00
2.416335788742175750e-02 -1.052837999999999941e+00
2.418336066712988702e-02 -1.088721000000000050e+00
2.420336344683801655e-02 -1.130444000000000004e+00
2.422336622654614954e-02 -1.135634999999999950e+00
2.424336900625427907e-02 -1.113313999999999915e+00
2.426337178596240859e-02 -1.071266999999999969e+00
2.428337456567053812e-02 -1.023249999999999993e+00
2.430337734537867111e-02 -9.836679999999999868e-01
2.432338012508680064e-02 -9.905460000000000376e-01
2.434338290479493017e-02 -1.042845999999999940e+00
2.436338568450306316e-02 -1.094560999999999895e+00
2.438338846421119269e-02 -1.151143000000000027e+00
2.440339124391932221e-02 -1.175216000000000038e+00
2.442339402362745521e-02 -1.212526999999999910e+00
2.444339680333558473e-02 -1.103191000000000033e+00
2.446339958304371426e-02 -1.056407000000000096e+00
2.448340236275184725e-02 -1.059911000000000048e+00
2.450340514245997678e-02 -8.992499999999999938e-01
2.452340792216810630e-02 -1.012413999999999925e+00
2.454341070187623583e-02 -9.921689999999999676e-01
2.456341348158436882e-02 -1.067698000000000036e+00
2.458341626129249835e-02 -1.011115999999999904e+00
2.460341904100062788e-02 -1.149261000000000088e+00
2.462342182070876087e-02 -1.136284000000000072e+00
2.464342460041689040e-02 -1.053163000000000071e+00
2.466342738012501992e-02 -1.132779999999999898e+00
2.468343015983315292e-02 -9.248800000000000354e-01
2.470343293954128244e-02 -9.778930000000000122e-01
2.472343571924941197e-02 -1.201041999999999943e+00
2.474343849895754496e-02 -1.212007999999999974e+00
2.476344127866567449e-02 -1.185923000000000060e+00
2.478344405837380401e-02 -1.222714000000000079e+00
2.480344683808193354e-02 -1.076977000000000073e+00
2.482344961779006653e-02 -1.009883000000000086e+00
2.484345239749819606e-02 -9.918439999999999479e-01
2.486345517720632559e-02 -9.594650000000000123e-01
2.488345795691445858e-02 -1.055239000000000038e+00
2.490346073662258811e-02 -1.153609000000000107e+00
2.492346351633071763e-02 -1.140630999999999950e+00
2.494346629603885063e-02 -1.104359000000000091e+00
2.496346907574698015e-02 -1.062896000000000063e+00
2.498347185545510968e-02 -1.031749999999999945e+00
2.500347463516324267e-02 -1.042845999999999940e+00
2.502347741487137220e-02 -1.062311999999999923e+00
2.504348019457950172e-02 -1.012737999999999916e+00
2.506348297428763125e-02 -1.030257999999999896e+00
2.508348575399576424e-02 -1.075353999999999921e+00
2.510348853370389377e-02 -1.148871999999999893e+00
2.512349131341202330e-02 -1.185403999999999902e+00
2.514349409312015629e-02 -1.120581000000000049e+00
2.516349687282828582e-02 -1.066594999999999960e+00
2.518349965253641534e-02 -1.064518000000000075e+00
2.520350243224454834e-02 -1.101050000000000084e+00
2.522350521195267786e-02 -1.147508999999999890e+00
2.524350799166080739e-02 -1.160422000000000065e+00
2.526351077136894038e-02 -1.135116000000000014e+00
2.528351355107706991e-02 -1.109485000000000054e+00
2.530351633078519943e-02 -1.081649000000000083e+00
2.532351911049332896e-02 -1.038432999999999939e+00
2.534352189020146195e-02 -9.819809999999999928e-01
2.536352466990959148e-02 -9.647860000000000325e-01
2.538352744961772101e-02 -9.939210000000000544e-01
2.540353022932585400e-02 -1.088721000000000050e+00
2.542353300903398353e-02 -1.163018000000000107e+00
2.544353578874211305e-02 -1.171453000000000078e+00
2.546353856845024605e-02 -1.146536000000000000e+00
2.548354134815837557e-02 -1.109744999999999981e+00
2.550354412786650510e-02 -1.080025999999999931e+00
2.552354690757463809e-02 -1.060624999999999929e+00
2.554354968728276762e-02 -1.046739000000000086e+00
2.556355246699089714e-02 -1.056602000000000041e+00
2.558355524669902667e-02 -1.070877000000000079e+00
2.560355802640715966e-02 -1.108900999999999915e+00
2.562356080611528919e-02 -1.134336999999999929e+00
2.564356358582341872e-02 -1.152376000000000067e+00
2.566356636553155171e-02 -1.131871999999999989e+00
2.568356914523968124e-02 -1.119931999999999928e+00
2.570357192494781076e-02 -1.111561999999999939e+00
2.572357470465594376e-02 -1.112859999999999960e+00
2.574357748436407328e-02 -1.087358999999999964e+00
2.576358026407220281e-02 -1.070618000000000070e+00
2.578358304378033580e-02 -1.052967999999999904e+00
2.580358582348846533e-02 -1.054005999999999998e+00
2.582358860319659485e-02 -1.063868999999999954e+00
2.584359138290472438e-02 -1.080675000000000052e+00
2.586359416261285737e-02 -1.118114999999999970e+00
2.588359694232098690e-02 -1.109096000000000082e+00
2.590359972202911643e-02 -1.121035000000000004e+00
2.592360250173724942e-02 -1.138814999999999911e+00
2.594360528144537895e-02 -1.149780999999999942e+00
2.596360806115350847e-02 -1.141410000000000036e+00
2.598361084086164147e-02 -1.122268000000000043e+00
2.600361362056977099e-02 -1.114157000000000064e+00
2.602361640027790052e-02 -1.113248999999999933e+00
2.604361917998603351e-02 -1.094691000000000081e+00
2.606362195969416304e-02 -1.083464999999999900e+00
2.608362473940229256e-02 -1.012996999999999925e+00
2.610362751911042209e-02 -1.000993000000000022e+00
2.612363029881855508e-02 -1.028440999999999939e+00
2.614363307852668461e-02 -1.092808999999999919e+00
2.616363585823481414e-02 -1.140112000000000014e+00
2.618363863794294713e-02 -1.186312000000000033e+00
2.620364141765107666e-02 -1.196174999999999988e+00
2.622364419735920618e-02 -1.203832000000000013e+00
2.624364697706733918e-02 -1.176838999999999968e+00
2.626364975677546870e-02 -1.134986000000000050e+00
2.628365253648359823e-02 -1.044597999999999915e+00
2.630365531619173122e-02 -9.971649999999999681e-01
2.632365809589986075e-02 -1.024483000000000033e+00
2.634366087560799027e-02 -1.078014999999999946e+00
2.636366365531611980e-02 -1.117790999999999979e+00
2.638366643502425279e-02 -1.134271999999999947e+00
2.640366921473238232e-02 -1.123761000000000010e+00
2.642367199444051185e-02 -1.112989000000000006e+00
2.644367477414864484e-02 -1.101310000000000011e+00
2.646367755385677437e-02 -1.107733000000000079e+00
2.648368033356490389e-02 -1.106630000000000003e+00
2.650368311327303689e-02 -1.085995999999999961e+00
2.652368589298116641e-02 -1.109356000000000009e+00
2.654368867268929594e-02 -1.113248999999999933e+00
2.656369145239742893e-02 -1.118635000000000046e+00
2.658369423210555846e-02 -1.110652999999999890e+00
2.660369701181368798e-02 -1.037719999999999976e+00
2.662369979152181751e-02 -1.014359999999999928e+00
2.664370257122995050e-02 -1.026105000000000045e+00
2.666370535093808003e-02 -1.104035000000000100e+00
2.668370813064620956e-02 -1.150493999999999906e+00
2.670371091035434255e-02 -1.190399999999999903e+00
2.672371369006247208e-02 -1.162952999999999903e+00
2.674371646977060160e-02 -1.122268000000000043e+00
2.676371924947873460e-02 -1.090667999999999971e+00
2.678372202918686412e-02 -1.051671000000000022e+00
2.680372480889499365e-02 -1.015916999999999959e+00
2.682372758860312664e-02 -1.006833000000000089e+00
2.684373036831125617e-02 -1.017668999999999935e+00
2.686373314801938569e-02 -1.069125000000000103e+00
2.688373592772751522e-02 -1.105396999999999963e+00
2.690373870743564821e-02 -1.146341999999999972e+00
2.692374148714377774e-02 -1.109809999999999963e+00
2.694374426685190727e-02 -1.070033999999999930e+00
2.696374704656004026e-02 -1.038758000000000070e+00
2.698374982626816979e-02 -1.054200999999999944e+00
2.700375260597629931e-02 -1.098454000000000041e+00
2.702375538568443231e-02 -1.103774999999999951e+00
2.704375816539256183e-02 -1.124409999999999910e+00
2.706376094510069136e-02 -1.119283000000000028e+00
2.708376372480882435e-02 -1.137582000000000093e+00
2.710376650451695388e-02 -1.114481999999999973e+00
2.712376928422508340e-02 -1.078079999999999927e+00
2.714377206393321293e-02 -1.039471999999999952e+00
2.716377484364134592e-02 -1.034669999999999979e+00
2.718377762334947545e-02 -1.071137000000000006e+00
2.720378040305760498e-02 -1.107085000000000097e+00
2.722378318276573797e-02 -1.107993000000000006e+00
2.724378596247386750e-02 -1.100270999999999999e+00
2.726378874218199702e-02 -1.082103000000000037e+00
2.728379152189013002e-02 -1.083010999999999946e+00
2.730379430159825954e-02 -1.059717000000000020e+00
2.732379708130638907e-02 -1.022146999999999917e+00
2.734379986101452206e-02 -1.044856999999999925e+00
2.736380264072265159e-02 -1.056472000000000078e+00
2.738380542043078111e-02 -1.085865999999999998e+00
2.740380820013891064e-02 -1.095274999999999999e+00
2.742381097984704363e-02 -1.121164999999999967e+00
2.744381375955517316e-02 -1.114222000000000046e+00
2.746381653926330269e-02 -1.120451000000000086e+00
2.748381931897143568e-02 -1.131027999999999922e+00
2.750382209867956521e-02 -1.127394000000000007e+00
2.752382487838769473e-02 -1.103256000000000014e+00
2.754382765809582773e-02 -1.082038000000000055e+00
2.756383043780395725e-02 -1.058483999999999980e+00
2.758383321751208678e-02 -1.063933999999999935e+00
2.760383599722021977e-02 -1.060235999999999956e+00
2.762383877692834930e-02 -1.061728000000000005e+00
2.764384155663647882e-02 -1.083010999999999946e+00
2.766384433634460835e-02 -1.078534000000000104e+00
2.768384711605274134e-02 -1.097221999999999920e+00
2.770384989576087087e-02 -1.085865999999999998e+00
2.772385267546900040e-02 -1.078014999999999946e+00
2.774385545517713339e-02 -1.078144999999999909e+00
2.776385823488526292e-02 -1.047906999999999922e+00
2.778386101459339244e-02 -1.043169999999999931e+00
2.780386379430152544e-02 -1.066918999999999951e+00
2.782386657400965496e-02 -1.082556999999999992e+00
2.784386935371778449e-02 -1.108057999999999987e+00
2.786387213342591748e-02 -1.098843999999999932e+00
2.788387491313404701e-02 -1.074575999999999976e+00
2.790387769284217653e-02 -1.080025999999999931e+00
2.792388047255030606e-02 -1.086969000000000074e+00
2.794388325225843905e-02 -1.093328000000000078e+00
2.796388603196656858e-02 -1.106111000000000066e+00
2.798388881167469810e-02 -1.118114999999999970e+00
2.800389159138283110e-02 -1.103126000000000051e+00
2.802389437109096063e-02 -1.086969000000000074e+00
2.804389715079909015e-02 -1.054005999999999998e+00
2.806389993050722315e-02 -1.036940999999999891e+00
2.808390271021535267e-02 -1.018577999999999983e+00
2.810390548992348220e-02 -1.017214999999999980e+00
2.812390826963161519e-02 -1.040769000000000055e+00
2.814391104933974472e-02 -1.065426999999999902e+00
2.816391382904787424e-02 -1.107669000000000015e+00
2.818391660875600377e-02 -1.116753000000000107e+00
2.820391938846413676e-02 -1.101115000000000066e+00
2.822392216817226629e-02 -1.089889000000000108e+00
2.824392494788039581e-02 -1.080740000000000034e+00
2.826392772758852881e-02 -1.064713000000000021e+00
2.828393050729665834e-02 -1.081453999999999915e+00
2.830393328700478786e-02 -1.109550000000000036e+00
2.832393606671292086e-02 -1.111885999999999930e+00
2.834393884642105038e-02 -1.117272000000000043e+00
2.836394162612917991e-02 -1.073731999999999909e+00
2.838394440583731290e-02 -1.041547999999999918e+00
2.840394718554544243e-02 -1.022535999999999889e+00
2.842394996525357195e-02 -1.020199999999999996e+00
2.844395274496170148e-02 -1.035968000000000000e+00
2.846395552466983447e-02 -1.052837999999999941e+00
2.848395830437796400e-02 -1.068087000000000009e+00
2.850396108408609352e-02 -1.086319999999999952e+00
2.852396386379422652e-02 -1.098389999999999977e+00
2.854396664350235605e-02 -1.073083000000000009e+00
2.856396942321048557e-02 -1.013776000000000010e+00
2.858397220291861857e-02 -9.725080000000000391e-01
2.860397498262674809e-02 -9.655650000000000066e-01
2.862397776233487762e-02 -1.000539000000000067e+00
2.864398054204301061e-02 -1.046089999999999964e+00
2.866398332175114014e-02 -1.092549999999999910e+00
2.868398610145926966e-02 -1.105526999999999926e+00
2.870398888116739919e-02 -1.123305999999999916e+00
2.872399166087553218e-02 -1.105722000000000094e+00
2.874399444058366171e-02 -1.108511999999999942e+00
2.876399722029179123e-02 -1.081193999999999988e+00
