# time(s), 	 	 acceleration(g)
0.000000000000000000e+00 6.286921999999999677e+00
2.000277970813059281e-05 6.517986999999999753e+00
4.000555941626118562e-05 6.788958000000000048e+00
6.000833912439177504e-05 7.044744999999999813e+00
8.001111883252237124e-05 7.315260999999999569e+00
1.000138985406529674e-04 7.631522999999999612e+00
1.200166782487835501e-04 7.943242999999999832e+00
1.400194579569141598e-04 8.280528999999999584e+00
1.600222376650447425e-04 8.602242000000000388e+00
1.800250173731753251e-04 8.984688999999999481e+00
2.000277970813059349e-04 9.381411999999999196e+00
2.200305767894365175e-04 9.802533000000000385e+00
2.400333564975671002e-04 1.031799999999999962e+01
2.600361362056977099e-04 1.081477899999999970e+01
2.800389159138283197e-04 1.142336000000000062e+01
3.000416956219588752e-04 1.202837199999999918e+01
3.200444753300894850e-04 1.278866000000000014e+01
3.400472550382200947e-04 1.369260899999999914e+01
3.600500347463506503e-04 1.445367599999999975e+01
3.800528144544812600e-04 1.545820100000000075e+01
4.000555941626118698e-04 1.651229999999999976e+01
4.200583738707424253e-04 1.786767199999999889e+01
4.400611535788730351e-04 1.926450699999999827e+01
4.600639332870036448e-04 2.095366100000000031e+01
4.800667129951342003e-04 2.304297700000000049e+01
5.000694927032648101e-04 2.548683899999999980e+01
5.200722724113954198e-04 2.870863800000000055e+01
5.400750521195260296e-04 3.295137900000000286e+01
5.600778318276566393e-04 3.927383199999999874e+01
5.800806115357871407e-04 4.877999499999999955e+01
6.000833912439177504e-04 6.451076100000000224e+01
6.200861709520483602e-04 8.903905199999999809e+01
6.400889506601789699e-04 1.261062880000000064e+02
6.600917303683095797e-04 1.756726930000000095e+02
6.800945100764401894e-04 2.382363440000000026e+02
7.000972897845707992e-04 3.079881780000000049e+02
7.201000694927013005e-04 3.774134320000000002e+02
7.401028492008319103e-04 4.347721240000000194e+02
7.601056289089625200e-04 4.692113479999999868e+02
7.801084086170931298e-04 4.769009819999999991e+02
8.001111883252237395e-04 4.578731480000000147e+02
8.201139680333543493e-04 4.221248170000000073e+02
8.401167477414848506e-04 3.779536219999999958e+02
8.601195274496154604e-04 3.320913899999999899e+02
8.801223071577460701e-04 2.863519909999999982e+02
9.001250868658766799e-04 2.455092050000000086e+02
9.201278665740072896e-04 1.999032149999999888e+02
9.401306462821378994e-04 1.508596750000000100e+02
9.601334259902684007e-04 9.992887799999999743e+01
9.801362056983990104e-04 5.826928699999999850e+01
1.000138985406529620e-03 2.436097399999999880e+01
1.020141765114660230e-03 3.684930000000000039e+00
1.040144544822790840e-03 -2.414505000000000123e+00
1.060147324530921449e-03 1.882028000000000034e+00
1.080150104239052059e-03 1.402983000000000047e+01
1.100152883947182669e-03 3.739007999999999754e+01
1.120155663655313279e-03 5.128381300000000209e+01
1.140158443363443888e-03 6.447409899999999539e+01
1.160161223071574281e-03 6.111220800000000253e+01
1.180164002779704891e-03 4.236332500000000323e+01
1.200166782487835501e-03 1.814591000000000065e+01
1.220169562195966111e-03 -1.029575299999999949e+01
1.240172341904096720e-03 -2.735347000000000151e+01
1.260175121612227330e-03 -3.168880499999999856e+01
1.280177901320357940e-03 -2.381411100000000047e+01
1.300180681028488550e-03 -1.217411899999999925e+01
1.320183460736619159e-03 2.426693999999999907e+00
1.340186240444749769e-03 2.215206999999999837e+01
1.360189020152880379e-03 2.860877599999999887e+01
1.380191799861010989e-03 1.807570199999999971e+01
1.400194579569141598e-03 1.014604800000000040e+01
1.420197359277271991e-03 -5.123821999999999655e+00
1.440200138985402601e-03 -1.485248400000000046e+01
1.460202918693533211e-03 -1.120651499999999956e+01
1.480205698401663821e-03 -4.404802000000000106e+00
1.500208478109794430e-03 6.631994999999999862e+00
1.520211257817925040e-03 2.123423500000000175e+01
1.540214037526055650e-03 2.957384899999999917e+01
1.560216817234186260e-03 3.077277700000000138e+01
1.580219596942316869e-03 2.287031100000000094e+01
1.600222376650447479e-03 1.604764000000000124e+01
1.620225156358578089e-03 8.660380999999999219e+00
1.640227936066708699e-03 -2.291282999999999959e+00
1.660230715774839308e-03 -4.650141999999999776e+00
1.680233495482969701e-03 -4.488960999999999757e+00
1.700236275191100311e-03 -2.582628999999999841e+00
1.720239054899230921e-03 1.056203000000000003e+00
1.740241834607361530e-03 -5.671927000000000163e+00
1.760244614315492140e-03 -1.425383099999999992e+01
1.780247394023622750e-03 -1.797675699999999921e+01
1.800250173731753360e-03 -2.486431699999999978e+01
1.820252953439883969e-03 -2.007489800000000102e+01
1.840255733148014579e-03 -1.624873600000000096e+01
1.860258512856145189e-03 -3.843199999999999950e+00
1.880261292564275799e-03 1.084521100000000082e+01
1.900264072272406408e-03 2.357589899999999972e+01
1.920266851980536801e-03 3.355334100000000319e+01
1.940269631688667411e-03 3.620627000000000351e+01
1.960272411396798021e-03 2.602482200000000034e+01
1.980275191104928847e-03 1.357496800000000015e+01
2.000277970813059240e-03 2.963639000000000134e+00
2.020280750521190067e-03 -8.691731000000000762e+00
2.040283530229320460e-03 -1.333567200000000064e+01
2.060286309937450853e-03 -1.328499500000000033e+01
2.080289089645581679e-03 -1.349639799999999923e+01
2.100291869353712072e-03 -8.913776999999999617e+00
2.120294649061842899e-03 -2.942171000000000092e+00
2.140297428769973292e-03 1.097666000000000031e+00
2.160300208478104118e-03 -1.617815000000000003e+00
2.180302988186234511e-03 -6.955143999999999771e+00
2.200305767894365338e-03 -1.722594300000000089e+01
2.220308547602495731e-03 -1.619909699999999830e+01
2.240311327310626557e-03 -1.151343299999999914e+01
2.260314107018756950e-03 -9.502955999999999293e+00
2.280316886726887777e-03 -6.230998999999999732e+00
2.300319666435018170e-03 7.031500000000000528e-01
2.320322446143148563e-03 9.220361000000000473e+00
2.340325225851279389e-03 1.298637199999999936e+01
2.360328005559409782e-03 1.749677399999999849e+01
2.380330785267540609e-03 1.762012599999999907e+01
2.400333564975671002e-03 8.614311000000000718e+00
2.420336344683801828e-03 7.846885000000000332e+00
2.440339124391932221e-03 1.406206999999999985e+00
2.460341904100063048e-03 -4.688880000000000159e+00
2.480344683808193441e-03 -8.339781000000000333e+00
2.500347463516324267e-03 -1.345558399999999999e+01
2.520350243224454660e-03 -1.636274299999999826e+01
2.540353022932585487e-03 -1.471758299999999942e+01
2.560355802640715880e-03 -6.200695999999999763e+00
2.580358582348846273e-03 -1.554289999999999949e+00
2.600361362056977099e-03 -2.868199000000000165e+00
2.620364141765107492e-03 -3.895305000000000017e+00
2.640366921473238319e-03 -7.176736000000000004e+00
2.660369701181368712e-03 -9.982799999999999230e+00
2.680372480889499538e-03 -8.721125000000000682e+00
2.700375260597629931e-03 -1.254300500000000085e+01
2.720378040305760758e-03 -8.802493999999999374e+00
2.740380820013891151e-03 -4.986908999999999814e+00
2.760383599722021977e-03 6.702397999999999634e+00
2.780386379430152370e-03 1.723638000000000048e+01
2.800389159138283197e-03 1.723079999999999856e+01
2.820391938846413590e-03 1.505862300000000076e+01
2.840394718554543983e-03 1.041533100000000012e+01
2.860397498262674809e-03 2.991280999999999857e+00
2.880400277970805202e-03 -2.674249999999999794e+00
2.900403057678936029e-03 -8.698933999999999500e+00
2.920405837387066422e-03 -1.471836200000000083e+01
2.940408617095197248e-03 -1.439671399999999934e+01
2.960411396803327641e-03 -1.102152000000000065e+01
2.980414176511458468e-03 -8.583757999999999555e+00
3.000416956219588861e-03 -9.802217999999999876e+00
3.020419735927719687e-03 -1.001186900000000080e+01
3.040422515635850080e-03 -9.913434999999999775e+00
3.060425295343980907e-03 -1.296672099999999972e+01
3.080428075052111300e-03 -8.709315999999999391e+00
3.100430854760241692e-03 -4.434521000000000157e+00
3.120433634468372519e-03 2.568529999999999980e-01
3.140436414176502912e-03 6.151761999999999730e+00
3.160439193884633739e-03 8.489855999999999625e+00
3.180441973592764131e-03 8.987220000000000653e+00
3.200444753300894958e-03 6.117435999999999652e+00
3.220447533009025351e-03 4.253993999999999609e+00
3.240450312717156178e-03 2.582149999999999723e-01
3.260453092425286570e-03 -3.854166000000000203e+00
3.280455872133417397e-03 -2.776317999999999842e+00
3.300458651841547790e-03 -1.636956999999999995e+00
3.320461431549678617e-03 2.079091000000000022e+00
3.340464211257809009e-03 2.581710999999999867e+00
3.360466990965939402e-03 -7.984790000000000498e-01
3.380469770674070229e-03 -5.464222000000000357e+00
3.400472550382200622e-03 -1.297976300000000016e+01
3.420475330090331448e-03 -1.657544499999999843e+01
3.440478109798461841e-03 -1.774815800000000010e+01
3.460480889506592668e-03 -1.543822499999999920e+01
3.480483669214723061e-03 -1.419322599999999923e+01
3.500486448922853887e-03 -6.437471000000000387e+00
3.520489228630984280e-03 1.005330999999999975e+00
3.540492008339115107e-03 7.261144999999999960e+00
3.560494788047245500e-03 1.123907900000000026e+01
3.580497567755376326e-03 8.858871999999999858e+00
3.600500347463506719e-03 4.323942999999999870e+00
3.620503127171637112e-03 -7.121140000000000247e-01
3.640505906879767939e-03 -4.728729999999999878e-01
3.660508686587898332e-03 7.958739999999999704e-01
3.680511466296029158e-03 -2.114984000000000197e+00
3.700514246004159551e-03 -4.492530000000000356e+00
3.720517025712290378e-03 -2.630060999999999982e+00
3.740519805420420771e-03 -3.279520999999999908e+00
3.760522585128551597e-03 -1.603539999999999965e+00
3.780525364836681990e-03 8.187149999999999705e-01
3.800528144544812817e-03 2.274207999999999785e+00
3.820530924252943210e-03 -1.937321000000000071e+00
3.840533703961073603e-03 -3.561068999999999818e+00
3.860536483669204429e-03 -6.227819000000000216e+00
3.880539263377334822e-03 -1.258453300000000041e+01
3.900542043085465649e-03 -1.648265599999999864e+01
3.920544822793596042e-03 -1.343488499999999952e+01
3.940547602501726435e-03 -1.170575999999999972e+01
3.960550382209857695e-03 -5.004103999999999886e+00
3.980553161917988088e-03 6.705187999999999704e+00
4.000555941626118481e-03 1.195822800000000008e+01
4.020558721334248874e-03 1.173196500000000064e+01
4.040561501042380134e-03 1.217346099999999964e+01
4.060564280750510527e-03 7.742156999999999734e+00
4.080567060458640920e-03 3.410715000000000163e+00
4.100569840166771313e-03 8.432420000000000471e-01
4.120572619874901706e-03 -2.533833000000000002e+00
4.140575399583032966e-03 -6.759119000000000099e+00
4.160578179291163359e-03 -7.732692000000000121e+00
4.180580958999293752e-03 -6.079939999999999678e+00
4.200583738707424145e-03 -5.264368000000000158e+00
4.220586518415555405e-03 -4.265164000000000399e+00
4.240589298123685798e-03 -3.771888000000000130e+00
4.260592077831816191e-03 -3.811665000000000081e+00
4.280594857539946584e-03 -3.845924999999999816e+00
4.300597637248077844e-03 -4.273274999999999935e+00
4.320600416956208237e-03 -3.132356000000000140e+00
4.340603196664338630e-03 -2.791176999999999797e+00
4.360605976372469023e-03 -1.573301999999999978e+00
4.380608756080599415e-03 -1.715349999999999930e-01
4.400611535788730676e-03 2.784419999999999895e+00
4.420614315496861069e-03 4.147319000000000422e+00
4.440617095204991462e-03 4.083987999999999730e+00
4.460619874913121854e-03 3.426937000000000122e+00
4.480622654621253115e-03 -7.212699999999999667e-02
4.500625434329383508e-03 -1.964639000000000024e+00
4.520628214037513901e-03 -1.365790999999999977e+00
4.540630993745644294e-03 -1.749200000000000060e-02
4.560633773453775554e-03 1.592240000000000100e+00
4.580636553161905947e-03 1.090594000000000063e+00
4.600639332870036340e-03 2.512079999999999869e-01
4.620642112578166733e-03 -2.029072000000000209e+00
4.640644892286297125e-03 -4.068684000000000189e+00
4.660647671994428386e-03 -6.663280000000000314e+00
4.680650451702558779e-03 -1.060280099999999948e+01
4.700653231410689172e-03 -1.110652299999999926e+01
4.720656011118819564e-03 -6.415538999999999881e+00
4.740658790826950825e-03 -1.440412000000000026e+00
4.760661570535081218e-03 4.875682000000000293e+00
4.780664350243211611e-03 7.076279999999999681e+00
4.800667129951342003e-03 6.759108999999999590e+00
4.820669909659473264e-03 4.799892999999999965e+00
4.840672689367603657e-03 6.191200000000000037e-01
4.860675469075734050e-03 -2.283497000000000110e+00
4.880678248783864442e-03 -5.059841999999999729e+00
4.900681028491994835e-03 -7.219625999999999877e+00
4.920683808200126096e-03 -4.725931000000000104e+00
4.940686587908256489e-03 -2.145739999999999981e+00
4.960689367616386881e-03 1.127124999999999932e+00
4.980692147324517274e-03 1.400171999999999972e+00
5.000694927032648535e-03 1.173000999999999960e+00
5.020697706740778928e-03 9.828149999999999942e-01
5.040700486448909320e-03 -5.003849999999999687e-01
5.060703266157039713e-03 6.446859999999999813e-01
5.080706045865170974e-03 -2.697100000000000053e-01
5.100708825573301367e-03 -2.357922999999999991e+00
5.120711605281431759e-03 -5.071068000000000353e+00
5.140714384989562152e-03 -6.468942000000000192e+00
5.160717164697692545e-03 -5.816886000000000223e+00
5.180719944405823806e-03 -5.797939000000000398e+00
5.200722724113954198e-03 -2.719216999999999995e+00
5.220725503822084591e-03 2.053969999999999962e-01
5.240728283530214984e-03 1.176635000000000097e+00
5.260731063238346245e-03 3.773435999999999790e+00
5.280733842946476637e-03 3.789203999999999795e+00
5.300736622654607030e-03 2.674174999999999969e+00
5.320739402362737423e-03 -3.323909999999999920e-01
5.340742182070868684e-03 -1.812348000000000070e+00
5.360744961778999076e-03 -3.089141000000000137e+00
5.380747741487129469e-03 -4.260752000000000095e+00
5.400750521195259862e-03 -3.806474000000000135e+00
5.420753300903390255e-03 -3.317674999999999930e+00
5.440756080611521515e-03 -1.994162999999999908e+00
5.460758860319651908e-03 2.907239999999999824e-01
5.480761640027782301e-03 1.455067000000000110e+00
5.500764419735912694e-03 1.295053999999999927e+00
5.520767199444043954e-03 -9.283190000000000053e-01
5.540769979152174347e-03 -3.472302000000000000e+00
5.560772758860304740e-03 -6.094540000000000290e+00
5.580775538568435133e-03 -5.157369000000000092e+00
5.600778318276566393e-03 -3.769162999999999819e+00
5.620781097984696786e-03 -1.929146000000000027e+00
5.640783877692827179e-03 -6.387909999999999977e-01
5.660786657400957572e-03 6.125669999999999726e-01
5.680789437109087965e-03 8.493420000000000414e-01
5.700792216817219225e-03 1.296080000000000010e-01
5.720794996525349618e-03 3.528859999999999775e-01
5.740797776233480011e-03 5.122399999999999870e-02
5.760800555941610404e-03 -3.785270000000000024e-01
5.780803335649741664e-03 -8.321560000000000068e-01
5.800806115357872057e-03 -9.054140000000000521e-01
5.820808895066002450e-03 -2.391599999999999976e-02
5.840811674774132843e-03 -1.007546999999999970e+00
5.860814454482264103e-03 -2.610399999999999832e+00
5.880817234190394496e-03 -3.826134999999999842e+00
5.900820013898524889e-03 -4.693876000000000381e+00
5.920822793606655282e-03 -5.121031000000000333e+00
5.940825573314785675e-03 -4.699911000000000172e+00
5.960828353022916935e-03 -2.847888999999999893e+00
5.980831132731047328e-03 -2.528706999999999816e+00
6.000833912439177721e-03 -1.731109000000000009e+00
6.020836692147308114e-03 -3.786559999999999926e-01
6.040839471855439374e-03 8.610860000000000181e-01
6.060842251563569767e-03 1.581922999999999968e+00
6.080845031271700160e-03 5.851840000000000375e-01
6.100847810979830553e-03 -4.777399999999999980e-01
6.120850590687961813e-03 -2.883330000000000060e-01
6.140853370396092206e-03 -1.885360000000000091e-01
6.160856150104222599e-03 -2.904089999999999727e-01
6.180858929812352992e-03 -1.369229999999999947e+00
6.200861709520483385e-03 -2.502556999999999920e+00
6.220864489228614645e-03 -3.869869000000000003e+00
6.240867268936745038e-03 -3.593252999999999808e+00
6.260870048644875431e-03 -1.328221000000000096e+00
6.280872828353005824e-03 -1.268524999999999903e+00
6.300875608061137084e-03 -1.720077999999999996e+00
6.320878387769267477e-03 -1.802289999999999948e+00
6.340881167477397870e-03 -1.664403999999999995e+00
6.360883947185528263e-03 -6.440470000000000361e-01
6.380886726893659523e-03 5.673899999999999777e-02
6.400889506601789916e-03 -9.431900000000000006e-02
6.420892286309920309e-03 -1.070488000000000106e+00
6.440895066018050702e-03 -1.673812999999999995e+00
6.460897845726181095e-03 -1.985727999999999938e+00
6.480900625434312355e-03 -2.191355999999999860e+00
6.500903405142442748e-03 -1.734936999999999951e+00
6.520906184850573141e-03 -1.192671000000000037e+00
6.540908964558703534e-03 -7.282710000000000017e-01
6.560911744266834794e-03 3.938949999999999951e-01
6.580914523974965187e-03 1.517943000000000042e+00
6.600917303683095580e-03 1.154703000000000035e+00
6.620920083391225973e-03 -2.221470000000000111e-01
6.640922863099357233e-03 -1.807871000000000006e+00
6.660925642807487626e-03 -3.397486999999999924e+00
6.680928422515618019e-03 -3.792327999999999921e+00
6.700931202223748412e-03 -2.019858000000000153e+00
6.720933981931878805e-03 -6.291219999999999590e-01
6.740936761640010065e-03 -7.735619999999999719e-01
6.760939541348140458e-03 -1.536704999999999988e+00
6.780942321056270851e-03 -2.487568000000000001e+00
6.800945100764401244e-03 -3.373153999999999986e+00
6.820947880472532504e-03 -3.359658000000000033e+00
6.840950660180662897e-03 -2.405485000000000095e+00
6.860953439888793290e-03 -1.700482000000000049e+00
6.880956219596923683e-03 -1.618670000000000109e-01
6.900958999305054943e-03 2.224439999999999973e+00
6.920961779013185336e-03 3.000236000000000125e+00
6.940964558721315729e-03 1.583479999999999999e+00
6.960967338429446122e-03 -8.485719999999999930e-01
6.980970118137576515e-03 -2.717725000000000168e+00
7.000972897845707775e-03 -4.006782000000000288e+00
7.020975677553838168e-03 -3.200422999999999796e+00
7.040978457261968561e-03 -1.254054999999999920e+00
7.060981236970098954e-03 -1.191060000000000035e-01
7.080984016678230214e-03 3.221950000000000092e-01
7.100986796386360607e-03 -4.741710000000000091e-01
7.120989576094491000e-03 -1.783732000000000095e+00
7.140992355802621393e-03 -2.488735999999999837e+00
7.160995135510752653e-03 -3.061888000000000165e+00
7.180997915218883046e-03 -3.777468999999999966e+00
7.201000694927013439e-03 -3.453939000000000092e+00
7.221003474635143832e-03 -1.977551999999999977e+00
7.241006254343274225e-03 -7.387179999999999858e-01
7.261009034051405485e-03 4.178390000000000160e-01
7.281011813759535878e-03 1.076448000000000071e+00
7.301014593467666271e-03 3.239469999999999850e-01
7.321017373175796664e-03 -5.953810000000000491e-01
7.341020152883927924e-03 -9.455789999999999473e-01
7.361022932592058317e-03 -1.074770000000000003e+00
7.381025712300188710e-03 -1.465459000000000067e+00
7.401028492008319103e-03 -1.880025999999999975e+00
7.421031271716450363e-03 -1.728188999999999975e+00
7.441034051424580756e-03 -1.611196000000000073e+00
7.461036831132711149e-03 -1.090408000000000044e+00
7.481039610840841542e-03 -7.201600000000000223e-01
7.501042390548971935e-03 -1.037395000000000067e+00
7.521045170257103195e-03 -7.608439999999999648e-01
7.541047949965233588e-03 -8.347510000000000208e-01
7.561050729673363981e-03 -1.472337000000000007e+00
7.581053509381494374e-03 -1.915518999999999972e+00
7.601056289089625634e-03 -2.030304999999999804e+00
7.621059068797756027e-03 -2.647257000000000193e+00
7.641061848505886420e-03 -3.177128999999999870e+00
7.661064628214016813e-03 -2.418463000000000029e+00
7.681067407922147205e-03 -1.438206000000000095e+00
7.701070187630278466e-03 -5.678039999999999754e-01
7.721072967338408859e-03 1.475819999999999910e-01
7.741075747046539252e-03 6.324870000000000214e-01
7.761078526754669644e-03 4.572260000000000213e-01
7.781081306462800905e-03 1.375889999999999891e-01
7.801084086170931298e-03 3.642420000000000102e-01
7.821086865879062558e-03 -3.088369999999999727e-01
7.841089645587192083e-03 -1.692825000000000024e+00
7.861092425295323344e-03 -2.544020000000000170e+00
7.881095205003452869e-03 -3.043785000000000185e+00
7.901097984711584130e-03 -3.130799000000000110e+00
7.921100764419715390e-03 -2.350915000000000088e+00
7.941103544127844915e-03 -1.685167999999999999e+00
7.961106323835976176e-03 -1.359302999999999928e+00
7.981109103544105701e-03 -7.206789999999999585e-01
8.001111883252236961e-03 -2.741870000000000140e-01
8.021114662960368222e-03 -7.549400000000000555e-01
8.041117442668497747e-03 -1.473505000000000065e+00
8.061120222376629008e-03 -1.978135999999999894e+00
8.081123002084760268e-03 -2.370575999999999794e+00
8.101125781792889793e-03 -2.185515999999999792e+00
8.121128561501021054e-03 -1.226607000000000003e+00
8.141131341209150579e-03 -7.348999999999999977e-02
8.161134120917281840e-03 4.998569999999999958e-01
8.181136900625413100e-03 5.200369999999999715e-01
8.201139680333542625e-03 -9.438399999999999568e-02
8.221142460041673886e-03 -8.246289999999999454e-01
8.241145239749803411e-03 -1.243413000000000102e+00
8.261148019457934671e-03 -2.027645000000000142e+00
8.281150799166065932e-03 -2.633046000000000220e+00
8.301153578874195457e-03 -2.837311999999999834e+00
8.321156358582326718e-03 -2.284664999999999946e+00
8.341159138290457978e-03 -1.319137000000000004e+00
8.361161917998587503e-03 -5.144009999999999971e-01
8.381164697706718764e-03 -5.322449999999999681e-01
8.401167477414848289e-03 -1.395834000000000019e+00
8.421170257122979549e-03 -1.813970000000000082e+00
8.441173036831110810e-03 -1.822405000000000053e+00
8.461175816539240335e-03 -1.740386999999999906e+00
8.481178596247371596e-03 -1.801512000000000002e+00
8.501181375955501121e-03 -1.593936000000000019e+00
8.521184155663632381e-03 -1.097415999999999947e+00
8.541186935371763642e-03 -5.502190000000000136e-01
8.561189715079893167e-03 8.691200000000000314e-02
8.581192494788024427e-03 2.103999999999999967e-03
8.601195274496155688e-03 -7.757680000000000131e-01
8.621198054204285213e-03 -1.482329999999999925e+00
8.641200833912416474e-03 -1.889499000000000040e+00
8.661203613620545999e-03 -1.612233999999999945e+00
8.681206393328677259e-03 -7.238580000000000014e-01
8.701209173036808520e-03 -2.121550000000000102e-01
8.721211952744938045e-03 -4.495779999999999776e-01
8.741214732453069305e-03 -1.142254000000000103e+00
8.761217512161198831e-03 -1.646041000000000087e+00
8.781220291869330091e-03 -2.103758000000000017e+00
8.801223071577461352e-03 -2.394454000000000082e+00
8.821225851285590877e-03 -2.300950999999999969e+00
8.841228630993722137e-03 -2.343064000000000036e+00
8.861231410701853398e-03 -1.808518999999999988e+00
8.881234190409982923e-03 -6.396990000000000176e-01
8.901236970118114183e-03 1.887860000000000094e-01
8.921239749826243709e-03 -1.515499999999999903e-01
8.941242529534374969e-03 -8.338430000000000009e-01
8.961245309242506230e-03 -1.250097000000000014e+00
8.981248088950635755e-03 -1.361248999999999931e+00
9.001250868658767015e-03 -7.771959999999999980e-01
9.021253648366896541e-03 -1.549240000000000061e-01
9.041256428075027801e-03 -2.544609999999999927e-01
9.061259207783159061e-03 -9.055440000000000156e-01
9.081261987491288587e-03 -1.403361000000000081e+00
9.101264767199419847e-03 -2.117319999999999869e+00
9.121267546907551108e-03 -2.607091000000000047e+00
9.141270326615680633e-03 -2.409184000000000214e+00
9.161273106323811893e-03 -2.208486999999999867e+00
9.181275886031941419e-03 -1.675046000000000035e+00
9.201278665740072679e-03 -6.166639999999999899e-01
9.221281445448203939e-03 5.310600000000000043e-02
9.241284225156333465e-03 4.239899999999999919e-02
9.261287004864464725e-03 -5.907740000000000213e-01
9.281289784572594251e-03 -1.623783999999999894e+00
9.301292564280725511e-03 -2.048798000000000119e+00
9.321295343988856771e-03 -1.627288000000000068e+00
9.341298123696986297e-03 -1.033047999999999966e+00
9.361300903405117557e-03 -7.335270000000000401e-01
9.381303683113248817e-03 -6.335349999999999593e-01
9.401306462821378343e-03 -5.301690000000000014e-01
9.421309242529509603e-03 -8.282620000000000537e-01
9.441312022237639129e-03 -1.331077000000000066e+00
9.461314801945770389e-03 -1.772766000000000064e+00
9.481317581653901649e-03 -2.144118000000000190e+00
9.501320361362031175e-03 -2.004610000000000003e+00
9.521323141070162435e-03 -1.370333999999999941e+00
9.541325920778291961e-03 -7.856959999999999500e-01
9.561328700486423221e-03 -6.056979999999999587e-01
9.581331480194554481e-03 -7.260649999999999604e-01
9.601334259902684007e-03 -1.098908999999999914e+00
9.621337039610815267e-03 -1.379936999999999969e+00
9.641339819318946527e-03 -1.467405000000000070e+00
9.661342599027076053e-03 -1.306418999999999997e+00
9.681345378735207313e-03 -1.060429999999999984e+00
9.701348158443336839e-03 -1.097610999999999892e+00
9.721350938151468099e-03 -1.200976999999999961e+00
9.741353717859599359e-03 -1.147639000000000076e+00
9.761356497567728885e-03 -7.591569999999999707e-01
9.781359277275860145e-03 -4.153830000000000022e-01
9.801362056983989671e-03 -6.193889999999999674e-01
9.821364836692120931e-03 -1.116168999999999967e+00
9.841367616400252191e-03 -1.446706000000000047e+00
9.861370396108381717e-03 -1.817279000000000089e+00
9.881373175816512977e-03 -2.192524000000000139e+00
9.901375955524644237e-03 -2.262214000000000169e+00
9.921378735232773763e-03 -1.899945999999999913e+00
9.941381514940905023e-03 -1.133299000000000056e+00
9.961384294649034549e-03 -2.802870000000000084e-01
9.981387074357165809e-03 5.454729999999999857e-01
1.000138985406529707e-02 5.406710000000000127e-01
1.002139263377342659e-02 -2.136470000000000036e-01
1.004139541348155786e-02 -1.215576999999999908e+00
1.006139819318968738e-02 -2.137500000000000178e+00
1.008140097289781864e-02 -2.523321000000000147e+00
1.010140375260594990e-02 -2.188111999999999835e+00
1.012140653231407943e-02 -1.368257000000000057e+00
1.014140931202221069e-02 -7.928340000000000387e-01
1.016141209173034195e-02 -4.537309999999999954e-01
1.018141487143847147e-02 -3.483539999999999970e-01
1.020141765114660273e-02 -3.651599999999999846e-01
1.022142043085473226e-02 -5.904490000000000016e-01
1.024142321056286352e-02 -1.280529000000000028e+00
1.026142599027099478e-02 -2.018949999999999800e+00
1.028142876997912430e-02 -2.145545999999999953e+00
1.030143154968725556e-02 -1.656487999999999960e+00
1.032143432939538509e-02 -1.112015999999999893e+00
1.034143710910351635e-02 -9.044410000000000505e-01
1.036143988881164761e-02 -1.070683000000000051e+00
1.038144266851977714e-02 -1.333995999999999960e+00
1.040144544822790840e-02 -1.219535000000000036e+00
1.042144822793603966e-02 -8.479879999999999640e-01
1.044145100764416918e-02 -4.925340000000000273e-01
1.046145378735230044e-02 -4.068180000000000129e-01
1.048145656706042997e-02 -5.369169999999999776e-01
1.050145934676856123e-02 -8.900350000000000206e-01
1.052146212647669249e-02 -1.229592000000000018e+00
1.054146490618482201e-02 -1.481875000000000053e+00
1.056146768589295327e-02 -1.717546999999999935e+00
1.058147046560108280e-02 -2.028748000000000218e+00
1.060147324530921406e-02 -1.889305000000000012e+00
1.062147602501734532e-02 -1.237054000000000098e+00
1.064147880472547485e-02 -3.643810000000000104e-01
1.066148158443360611e-02 1.383679999999999910e-01
1.068148436414173737e-02 -2.601720000000000144e-01
1.070148714384986689e-02 -1.206557000000000102e+00
1.072148992355799815e-02 -1.957111999999999963e+00
1.074149270326612768e-02 -1.964898999999999951e+00
1.076149548297425894e-02 -1.780747999999999998e+00
1.078149826268239020e-02 -1.656228000000000034e+00
1.080150104239051972e-02 -1.522559999999999913e+00
1.082150382209865098e-02 -1.180277999999999938e+00
1.084150660180678051e-02 -5.798079999999999901e-01
1.086150938151491177e-02 -2.903439999999999910e-01
1.088151216122304303e-02 -4.617120000000000113e-01
1.090151494093117256e-02 -9.720529999999999449e-01
1.092151772063930382e-02 -1.260737999999999914e+00
1.094152050034743508e-02 -1.076521999999999979e+00
1.096152328005556460e-02 -8.350760000000000405e-01
1.098152605976369586e-02 -6.399589999999999446e-01
1.100152883947182539e-02 -6.794099999999999584e-01
1.102153161917995665e-02 -1.132260999999999962e+00
1.104153439888808791e-02 -1.673488000000000087e+00
1.106153717859621743e-02 -1.932390000000000052e+00
1.108153995830434869e-02 -2.113426000000000027e+00
1.110154273801247822e-02 -2.109922000000000075e+00
1.112154551772060948e-02 -2.012850999999999946e+00
1.114154829742874074e-02 -1.515098000000000056e+00
1.116155107713687027e-02 -7.652569999999999650e-01
1.118155385684500153e-02 9.631000000000000671e-03
1.120155663655313279e-02 3.177170000000000272e-01
1.122155941626126231e-02 -1.642679999999999974e-01
1.124156219596939357e-02 -1.097610999999999892e+00
1.126156497567752310e-02 -1.768677999999999972e+00
1.128156775538565436e-02 -1.911172000000000093e+00
1.130157053509378562e-02 -1.691591999999999985e+00
1.132157331480191514e-02 -1.369944000000000051e+00
1.134157609451004640e-02 -1.164314999999999989e+00
1.136157887421817593e-02 -9.473960000000000159e-01
1.138158165392630719e-02 -6.732460000000000111e-01
1.140158443363443845e-02 -6.339890000000000247e-01
1.142158721334256798e-02 -9.342890000000000361e-01
1.144158999305069924e-02 -1.435545999999999989e+00
1.146159277275883050e-02 -1.749795999999999907e+00
1.148159555246696002e-02 -1.826233999999999913e+00
1.150159833217509128e-02 -1.560778999999999916e+00
1.152160111188322081e-02 -1.295387999999999984e+00
1.154160389159135207e-02 -1.241206999999999949e+00
1.156160667129948333e-02 -1.278388000000000080e+00
1.158160945100761285e-02 -1.265279999999999960e+00
1.160161223071574411e-02 -1.092743999999999938e+00
1.162161501042387364e-02 -8.248879999999999546e-01
1.164161779013200490e-02 -7.355380000000000251e-01
1.166162056984013616e-02 -1.040510000000000046e+00
1.168162334954826569e-02 -1.326210000000000111e+00
1.170162612925639695e-02 -1.242504999999999971e+00
1.172162890896452821e-02 -9.536249999999999449e-01
1.174163168867265773e-02 -8.237849999999999895e-01
1.176163446838078899e-02 -8.465610000000000079e-01
1.178163724808891852e-02 -1.038497999999999921e+00
1.180164002779704978e-02 -1.287536999999999932e+00
1.182164280750518104e-02 -1.369555000000000078e+00
1.184164558721331056e-02 -1.459619000000000000e+00
1.186164836692144182e-02 -1.636308000000000096e+00
1.188165114662957135e-02 -1.876131999999999911e+00
1.190165392633770261e-02 -1.755895999999999901e+00
1.192165670604583387e-02 -1.355539000000000049e+00
1.194165948575396340e-02 -8.792640000000000455e-01
1.196166226546209466e-02 -5.883730000000000349e-01
1.198166504517022592e-02 -6.932960000000000234e-01
1.200166782487835544e-02 -9.865880000000000205e-01
1.202167060458648670e-02 -1.305965000000000042e+00
1.204167338429461623e-02 -1.432560999999999973e+00
1.206167616400274749e-02 -1.343793999999999933e+00
1.208167894371087875e-02 -1.084827999999999903e+00
1.210168172341900827e-02 -9.995659999999999545e-01
1.212168450312713953e-02 -1.030321999999999960e+00
1.214168728283526906e-02 -1.027338000000000084e+00
1.216169006254340032e-02 -1.039795999999999943e+00
1.218169284225153158e-02 -1.256650000000000045e+00
1.220169562195966111e-02 -1.583358999999999961e+00
1.222169840166779237e-02 -1.598284000000000038e+00
1.224170118137592363e-02 -1.374875999999999987e+00
1.226170396108405315e-02 -8.739430000000000254e-01
1.228170674079218441e-02 -5.068089999999999540e-01
1.230170952050031394e-02 -5.773420000000000218e-01
1.232171230020844520e-02 -1.070553000000000088e+00
1.234171507991657646e-02 -1.687245000000000106e+00
1.236171785962470598e-02 -1.933623000000000092e+00
1.238172063933283724e-02 -1.832527999999999935e+00
1.240172341904096677e-02 -1.361639000000000044e+00
1.242172619874909803e-02 -8.687519999999999687e-01
1.244172897845722929e-02 -4.679420000000000246e-01
1.246173175816535882e-02 -3.147420000000000218e-01
1.248173453787349008e-02 -5.558640000000000247e-01
1.250173731758162134e-02 -1.102997000000000005e+00
1.252174009728975086e-02 -1.753883999999999999e+00
1.254174287699788212e-02 -2.180520000000000014e+00
1.256174565670601165e-02 -2.216143000000000196e+00
1.258174843641414291e-02 -1.747913999999999968e+00
1.260175121612227417e-02 -1.032723000000000058e+00
1.262175399583040369e-02 -4.245320000000000205e-01
1.264175677553853495e-02 -2.939129999999999798e-01
1.266175955524666448e-02 -5.572270000000000278e-01
1.268176233495479574e-02 -9.987219999999999986e-01
1.270176511466292700e-02 -1.338538999999999923e+00
1.272176789437105653e-02 -1.504456000000000016e+00
1.274177067407918779e-02 -1.578362999999999960e+00
1.276177345378731905e-02 -1.563374000000000041e+00
1.278177623349544857e-02 -1.474996999999999892e+00
1.280177901320357983e-02 -1.269498000000000015e+00
1.282178179291170936e-02 -1.102476999999999929e+00
1.284178457261984062e-02 -1.062831000000000081e+00
1.286178735232797188e-02 -1.217068999999999956e+00
1.288179013203610140e-02 -1.342171999999999921e+00
1.290179291174423266e-02 -1.291106000000000087e+00
1.292179569145236219e-02 -9.769200000000000106e-01
1.294179847116049345e-02 -6.853150000000000075e-01
1.296180125086862471e-02 -7.025099999999999678e-01
1.298180403057675424e-02 -9.701070000000000526e-01
1.300180681028488550e-02 -1.325236999999999998e+00
1.302180958999301676e-02 -1.545660000000000034e+00
1.304181236970114628e-02 -1.573690999999999951e+00
1.306181514940927754e-02 -1.531449000000000060e+00
1.308181792911740707e-02 -1.458515999999999924e+00
1.310182070882553833e-02 -1.332438999999999929e+00
1.312182348853366959e-02 -1.087877999999999901e+00
1.314182626824179911e-02 -8.723210000000000131e-01
1.316182904794993037e-02 -6.936210000000000431e-01
1.318183182765805990e-02 -8.124949999999999672e-01
1.320183460736619116e-02 -1.085865999999999998e+00
1.322183738707432242e-02 -1.394926000000000110e+00
1.324184016678245195e-02 -1.474931999999999910e+00
1.326184294649058321e-02 -1.426914999999999933e+00
1.328184572619871447e-02 -1.406930000000000014e+00
1.330184850590684399e-02 -1.451896999999999993e+00
1.332185128561497525e-02 -1.494723000000000024e+00
1.334185406532310478e-02 -1.321342999999999934e+00
1.336185684503123604e-02 -1.084568999999999894e+00
1.338185962473936730e-02 -9.552479999999999860e-01
1.340186240444749682e-02 -9.506409999999999583e-01
1.342186518415562808e-02 -1.142382999999999926e+00
1.344186796386375761e-02 -1.254378999999999911e+00
1.346187074357188887e-02 -1.219081000000000081e+00
1.348187352328002013e-02 -1.124085000000000001e+00
1.350187630298814966e-02 -1.092419999999999947e+00
1.352187908269628092e-02 -1.121553999999999940e+00
1.354188186240441218e-02 -1.263918000000000097e+00
1.356188464211254170e-02 -1.284032999999999980e+00
1.358188742182067296e-02 -1.256520999999999999e+00
1.360189020152880249e-02 -1.280529000000000028e+00
1.362189298123693375e-02 -1.327053000000000038e+00
1.364189576094506501e-02 -1.411342000000000096e+00
1.366189854065319453e-02 -1.377470999999999890e+00
1.368190132036132579e-02 -1.281177999999999928e+00
1.370190410006945532e-02 -1.051541000000000059e+00
1.372190687977758658e-02 -9.321479999999999766e-01
1.374190965948571784e-02 -1.110783000000000076e+00
1.376191243919384737e-02 -1.398169999999999913e+00
1.378191521890197863e-02 -1.507765000000000022e+00
1.380191799861010989e-02 -1.468507999999999925e+00
1.382192077831823941e-02 -1.399208000000000007e+00
1.384192355802637067e-02 -1.353008999999999906e+00
1.386192633773450020e-02 -1.196499999999999897e+00
1.388192911744263146e-02 -9.587510000000000199e-01
1.390193189715076272e-02 -7.744060000000000388e-01
1.392193467685889224e-02 -7.434539999999999482e-01
1.394193745656702350e-02 -1.037978999999999985e+00
1.396194023627515303e-02 -1.463576999999999906e+00
1.398194301598328429e-02 -1.696393999999999957e+00
1.400194579569141555e-02 -1.660835000000000061e+00
1.402194857539954508e-02 -1.367672999999999917e+00
1.404195135510767634e-02 -1.093523000000000023e+00
1.406195413481580760e-02 -8.796530000000000182e-01
1.408195691452393712e-02 -8.534389999999999477e-01
1.410195969423206838e-02 -8.775770000000000515e-01
1.412196247394019791e-02 -1.099493000000000054e+00
1.414196525364832917e-02 -1.450404999999999944e+00
1.416196803335646043e-02 -1.738571000000000089e+00
1.418197081306458995e-02 -1.811698999999999948e+00
1.420197359277272121e-02 -1.632025000000000059e+00
1.422197637248085074e-02 -1.161655000000000104e+00
1.424197915218898200e-02 -6.404130000000000100e-01
1.426198193189711326e-02 -4.609340000000000104e-01
1.428198471160524279e-02 -6.168590000000000462e-01
1.430198749131337405e-02 -9.970350000000000046e-01
1.432199027102150531e-02 -1.325042000000000053e+00
1.434199305072963483e-02 -1.478242000000000056e+00
1.436199583043776609e-02 -1.500822000000000100e+00
1.438199861014589562e-02 -1.405178000000000038e+00
1.440200138985402688e-02 -1.276829999999999909e+00
1.442200416956215814e-02 -1.077301000000000064e+00
1.444200694927028766e-02 -9.377280000000000060e-01
1.446200972897841892e-02 -9.988519999999999621e-01
1.448201250868654845e-02 -1.248345000000000038e+00
1.450201528839467971e-02 -1.453065000000000051e+00
1.452201806810281097e-02 -1.526648000000000005e+00
1.454202084781094050e-02 -1.395510000000000028e+00
1.456202362751907176e-02 -1.131288000000000071e+00
1.458202640722720302e-02 -9.212460000000000093e-01
1.460202918693533254e-02 -8.690769999999999884e-01
1.462203196664346380e-02 -1.037330000000000085e+00
1.464203474635159333e-02 -1.191567999999999961e+00
1.466203752605972459e-02 -1.295387999999999984e+00
1.468204030576785585e-02 -1.223751999999999951e+00
1.470204308547598537e-02 -1.115194999999999936e+00
1.472204586518411663e-02 -1.024157999999999902e+00
1.474204864489224616e-02 -9.067760000000000264e-01
1.476205142460037742e-02 -8.249530000000000474e-01
1.478205420430850868e-02 -8.490910000000000402e-01
1.480205698401663821e-02 -1.060494999999999965e+00
1.482205976372476947e-02 -1.350543000000000049e+00
1.484206254343290073e-02 -1.649350000000000094e+00
1.486206532314103025e-02 -1.710733999999999977e+00
1.488206810284916151e-02 -1.423475999999999964e+00
1.490207088255729104e-02 -1.110913000000000039e+00
1.492207366226542230e-02 -9.281890000000000418e-01
1.494207644197355356e-02 -8.607709999999999528e-01
1.496207922168168308e-02 -8.212549999999999573e-01
1.498208200138981434e-02 -8.799129999999999452e-01
1.500208478109794387e-02 -9.263080000000000203e-01
1.502208756080607513e-02 -9.786070000000000046e-01
1.504209034051420639e-02 -1.085606999999999989e+00
1.506209312022233592e-02 -1.164639999999999898e+00
1.508209589993046718e-02 -1.185534000000000088e+00
1.510209867963859844e-02 -1.134856000000000087e+00
1.512210145934672796e-02 -1.122657999999999934e+00
1.514210423905485922e-02 -1.118309999999999915e+00
1.516210701876298875e-02 -1.242115999999999998e+00
1.518210979847112001e-02 -1.325625999999999971e+00
1.520211257817925127e-02 -1.329388999999999932e+00
1.522211535788738079e-02 -1.262880000000000003e+00
1.524211813759551205e-02 -1.186830999999999969e+00
1.526212091730364158e-02 -1.087617999999999974e+00
1.528212369701177284e-02 -1.067438000000000109e+00
1.530212647671990410e-02 -9.669269999999999810e-01
1.532212925642803363e-02 -7.863449999999999607e-01
1.534213203613616489e-02 -6.945289999999999520e-01
1.536213481584429441e-02 -7.690850000000000186e-01
1.538213759555242567e-02 -9.990470000000000184e-01
1.540214037526055693e-02 -1.246139000000000108e+00
1.542214315496868646e-02 -1.403944999999999999e+00
1.544214593467681772e-02 -1.481162000000000090e+00
1.546214871438494898e-02 -1.439308999999999950e+00
1.548215149409307850e-02 -1.279425999999999952e+00
1.550215427380120976e-02 -1.094302000000000108e+00
1.552215705350933929e-02 -9.206619999999999804e-01
1.554215983321747055e-02 -8.008800000000000363e-01
1.556216261292560181e-02 -8.845199999999999729e-01
1.558216539263373134e-02 -1.056148000000000087e+00
1.560216817234186260e-02 -1.280464000000000047e+00
1.562217095204999212e-02 -1.409915000000000029e+00
1.564217373175812512e-02 -1.407059999999999977e+00
1.566217651146625464e-02 -1.234005000000000019e+00
1.568217929117438417e-02 -1.046349999999999891e+00
1.570218207088251369e-02 -1.003198999999999952e+00
1.572218485059064669e-02 -1.023768999999999929e+00
1.574218763029877621e-02 -1.096573000000000020e+00
1.576219041000690574e-02 -1.078468999999999900e+00
1.578219318971503873e-02 -1.084373999999999949e+00
1.580219596942316826e-02 -1.066205000000000069e+00
1.582219874913129778e-02 -1.047776999999999958e+00
1.584220152883943078e-02 -9.054790000000000338e-01
1.586220430854756031e-02 -7.921850000000000280e-01
1.588220708825568983e-02 -8.437059999999999560e-01
1.590220986796382283e-02 -1.026623999999999981e+00
1.592221264767195235e-02 -1.313816000000000095e+00
1.594221542738008188e-02 -1.507570999999999994e+00
1.596221820708821140e-02 -1.506467999999999918e+00
1.598222098679634440e-02 -1.301098000000000088e+00
1.600222376650447392e-02 -1.084827999999999903e+00
1.602222654621260345e-02 -8.665460000000000385e-01
1.604222932592073644e-02 -7.178240000000000176e-01
1.606223210562886597e-02 -7.121140000000000247e-01
1.608223488533699549e-02 -8.466259999999999897e-01
1.610223766504512849e-02 -1.025910000000000100e+00
1.612224044475325802e-02 -1.215316999999999981e+00
1.614224322446138754e-02 -1.311739999999999906e+00
1.616224600416952054e-02 -1.291041000000000105e+00
1.618224878387765006e-02 -1.151078000000000046e+00
1.620225156358577959e-02 -9.701720000000000343e-01
1.622225434329390911e-02 -8.546070000000000055e-01
1.624225712300204211e-02 -9.845770000000000355e-01
1.626225990271017163e-02 -1.167753999999999959e+00
1.628226268241830116e-02 -1.282281000000000004e+00
1.630226546212643415e-02 -1.218042000000000069e+00
1.632226824183456368e-02 -1.108316999999999997e+00
1.634227102154269320e-02 -9.433080000000000354e-01
1.636227380125082620e-02 -9.025590000000000002e-01
1.638227658095895573e-02 -9.008070000000000244e-01
1.640227936066708525e-02 -9.624500000000000277e-01
1.642228214037521825e-02 -1.099817000000000045e+00
1.644228492008334777e-02 -1.302786000000000000e+00
1.646228769979147730e-02 -1.479864000000000068e+00
1.648229047949960682e-02 -1.546697999999999906e+00
1.650229325920773982e-02 -1.374746000000000024e+00
1.652229603891586934e-02 -1.072629000000000055e+00
1.654229881862399887e-02 -7.694739999999999913e-01
1.656230159833213186e-02 -6.640970000000000484e-01
1.658230437804026139e-02 -7.507220000000000004e-01
1.660230715774839091e-02 -9.375329999999999497e-01
1.662230993745652391e-02 -1.085865999999999998e+00
1.664231271716465344e-02 -1.176709000000000005e+00
1.666231549687278296e-02 -1.200976999999999961e+00
1.668231827658091596e-02 -1.188973000000000058e+00
1.670232105628904548e-02 -1.084697999999999940e+00
1.672232383599717501e-02 -9.527170000000000361e-01
1.674232661570530453e-02 -8.379959999999999631e-01
1.676232939541343753e-02 -8.063299999999999912e-01
1.678233217512156705e-02 -9.623199999999999532e-01
1.680233495482969658e-02 -1.186247000000000051e+00
1.682233773453782957e-02 -1.348726000000000091e+00
1.684234051424595910e-02 -1.399597999999999898e+00
1.686234329395408862e-02 -1.361833000000000071e+00
1.688234607366222162e-02 -1.273131999999999930e+00
1.690234885337035114e-02 -1.167170000000000041e+00
1.692235163307848067e-02 -1.044143999999999961e+00
1.694235441278661367e-02 -9.352620000000000378e-01
1.696235719249474319e-02 -8.644699999999999607e-01
1.698235997220287272e-02 -8.498700000000000143e-01
1.700236275191100224e-02 -9.026239999999999819e-01
1.702236553161913524e-02 -1.029155000000000042e+00
1.704236831132726476e-02 -1.170868999999999938e+00
1.706237109103539429e-02 -1.199939000000000089e+00
1.708237387074352728e-02 -1.247047000000000017e+00
1.710237665045165681e-02 -1.199808999999999903e+00
1.712237943015978633e-02 -1.132001000000000035e+00
1.714238220986791933e-02 -1.121490000000000098e+00
1.716238498957604885e-02 -1.090278999999999998e+00
1.718238776928417838e-02 -1.069320000000000048e+00
1.720239054899231138e-02 -1.101763999999999966e+00
1.722239332870044090e-02 -1.193839000000000095e+00
1.724239610840857043e-02 -1.245036000000000032e+00
1.726239888811669995e-02 -1.229008000000000100e+00
1.728240166782483295e-02 -1.106694999999999984e+00
1.730240444753296247e-02 -9.802939999999999987e-01
1.732240722724109200e-02 -9.246210000000000262e-01
1.734241000694922499e-02 -9.764009999999999634e-01
1.736241278665735452e-02 -1.082233000000000001e+00
1.738241556636548404e-02 -1.189102000000000103e+00
1.740241834607361704e-02 -1.275468000000000046e+00
1.742242112578174656e-02 -1.291171000000000069e+00
1.744242390548987609e-02 -1.264502000000000015e+00
1.746242668519800909e-02 -1.139008999999999938e+00
1.748242946490613861e-02 -1.032723000000000058e+00
1.750243224461426814e-02 -9.248150000000000537e-01
1.752243502432239766e-02 -9.665380000000000082e-01
1.754243780403053066e-02 -1.051215999999999928e+00
1.756244058373866018e-02 -1.197991999999999946e+00
1.758244336344678971e-02 -1.303628999999999927e+00
1.760244614315492270e-02 -1.300839000000000079e+00
1.762244892286305223e-02 -1.188777999999999890e+00
1.764245170257118175e-02 -1.094430999999999932e+00
1.766245448227931475e-02 -1.058029000000000108e+00
1.768245726198744427e-02 -1.070292999999999939e+00
1.770246004169557380e-02 -1.131547000000000081e+00
1.772246282140370680e-02 -1.183586999999999945e+00
1.774246560111183632e-02 -1.211878000000000011e+00
1.776246838081996585e-02 -1.226671999999999985e+00
1.778247116052809537e-02 -1.146536000000000000e+00
1.780247394023622837e-02 -1.068151999999999990e+00
1.782247671994435789e-02 -9.633580000000000476e-01
1.784247949965248742e-02 -9.230629999999999669e-01
1.786248227936062041e-02 -1.037654999999999994e+00
1.788248505906874994e-02 -1.236599999999999921e+00
1.790248783877687946e-02 -1.398104999999999931e+00
1.792249061848501246e-02 -1.427370000000000028e+00
1.794249339819314198e-02 -1.292013999999999996e+00
1.796249617790127151e-02 -1.077625999999999973e+00
1.798249895760940451e-02 -9.161200000000000454e-01
1.800250173731753403e-02 -8.364380000000000148e-01
1.802250451702566356e-02 -8.808209999999999651e-01
1.804250729673379308e-02 -9.824349999999999472e-01
1.806251007644192608e-02 -1.154193000000000024e+00
1.808251285615005560e-02 -1.251913999999999971e+00
1.810251563585818513e-02 -1.346584999999999921e+00
1.812251841556631812e-02 -1.330947000000000102e+00
1.814252119527444765e-02 -1.216615000000000002e+00
1.816252397498257717e-02 -1.065881000000000078e+00
1.818252675469071017e-02 -9.723129999999999828e-01
1.820252953439883969e-02 -1.017085000000000017e+00
1.822253231410696922e-02 -1.159642999999999979e+00
1.824253509381510222e-02 -1.288834999999999953e+00
1.826253787352323174e-02 -1.316022999999999943e+00
1.828254065323136127e-02 -1.228942999999999897e+00
1.830254343293949079e-02 -1.116298999999999930e+00
1.832254621264762379e-02 -1.000604000000000049e+00
1.834254899235575331e-02 -9.786719999999999864e-01
1.836255177206388284e-02 -9.876260000000000039e-01
1.838255455177201583e-02 -1.038628000000000107e+00
1.840255733148014536e-02 -1.129601000000000077e+00
1.842256011118827488e-02 -1.261257000000000073e+00
1.844256289089640788e-02 -1.341912999999999911e+00
1.846256567060453740e-02 -1.337045999999999957e+00
1.848256845031266693e-02 -1.231927999999999912e+00
1.850257123002079993e-02 -1.085347000000000062e+00
1.852257400972892945e-02 -9.698470000000000146e-01
1.854257678943705898e-02 -9.344189999999999996e-01
1.856257956914518850e-02 -9.630990000000000384e-01
1.858258234885332150e-02 -1.037136000000000058e+00
1.860258512856145102e-02 -1.115844000000000058e+00
1.862258790826958055e-02 -1.175670999999999911e+00
1.864259068797771354e-02 -1.232966000000000006e+00
1.866259346768584307e-02 -1.246204000000000089e+00
1.868259624739397259e-02 -1.251135000000000108e+00
1.870259902710210559e-02 -1.199548999999999976e+00
1.872260180681023511e-02 -1.124149999999999983e+00
1.874260458651836464e-02 -1.073603000000000085e+00
1.876260736622649763e-02 -1.049334999999999907e+00
1.878261014593462716e-02 -1.080090999999999912e+00
1.880261292564275669e-02 -1.062442000000000109e+00
1.882261570535088621e-02 -1.106370999999999993e+00
1.884261848505901921e-02 -1.116818000000000088e+00
1.886262126476714873e-02 -1.132001000000000035e+00
1.888262404447527826e-02 -1.141734000000000027e+00
1.890262682418341125e-02 -1.114676000000000000e+00
1.892262960389154078e-02 -1.099882000000000026e+00
1.894263238359967030e-02 -1.085477000000000025e+00
1.896263516330780330e-02 -1.099622000000000099e+00
1.898263794301593282e-02 -1.121944000000000052e+00
1.900264072272406235e-02 -1.153543999999999903e+00
1.902264350243219534e-02 -1.157372000000000067e+00
1.904264628214032487e-02 -1.130379000000000023e+00
1.906264906184845440e-02 -1.100335999999999981e+00
1.908265184155658392e-02 -1.106824999999999948e+00
1.910265462126471692e-02 -1.116492999999999958e+00
1.912265740097284644e-02 -1.144589999999999996e+00
1.914266018068097597e-02 -1.168274000000000035e+00
1.916266296038910896e-02 -1.205842999999999998e+00
1.918266574009723849e-02 -1.256974999999999953e+00
1.920266851980536801e-02 -1.260478999999999905e+00
1.922267129951350101e-02 -1.165937999999999919e+00
1.924267407922163053e-02 -1.025455999999999923e+00
1.926267685892976006e-02 -8.889970000000000372e-01
1.928267963863789305e-02 -8.618740000000000290e-01
1.930268241834602258e-02 -9.132649999999999935e-01
1.932268519805415211e-02 -1.043495000000000061e+00
1.934268797776228163e-02 -1.132325999999999944e+00
1.936269075747041463e-02 -1.234977999999999909e+00
1.938269353717854415e-02 -1.306809000000000109e+00
1.940269631688667368e-02 -1.328869999999999996e+00
1.942269909659480667e-02 -1.284227999999999925e+00
1.944270187630293620e-02 -1.232836999999999961e+00
1.946270465601106572e-02 -1.149261000000000088e+00
1.948270743571919872e-02 -1.115650000000000031e+00
1.950271021542732824e-02 -1.168792999999999971e+00
1.952271299513545777e-02 -1.234717999999999982e+00
1.954271577484359076e-02 -1.284877000000000047e+00
1.956271855455172029e-02 -1.238547000000000065e+00
1.958272133425984982e-02 -1.118374999999999897e+00
1.960272411396797934e-02 -1.017409999999999926e+00
1.962272689367611234e-02 -9.717940000000000467e-01
1.964272967338424186e-02 -1.015722999999999931e+00
1.966273245309237139e-02 -1.091641000000000084e+00
1.968273523280050438e-02 -1.176709000000000005e+00
1.970273801250863391e-02 -1.199613999999999958e+00
1.972274079221676343e-02 -1.217329000000000105e+00
1.974274357192489643e-02 -1.175540999999999947e+00
1.976274635163302595e-02 -1.095469999999999944e+00
1.978274913134115548e-02 -9.903520000000000101e-01
1.980275191104928847e-02 -9.368840000000000501e-01
1.982275469075741800e-02 -9.825000000000000400e-01
1.984275747046554753e-02 -1.176255000000000051e+00
1.986276025017367705e-02 -1.339317000000000091e+00
1.988276302988181005e-02 -1.467535000000000034e+00
1.990276580958993957e-02 -1.413030000000000008e+00
1.992276858929806910e-02 -1.297334999999999905e+00
1.994277136900620209e-02 -1.100335999999999981e+00
1.996277414871433162e-02 -9.970999999999999863e-01
1.998277692842246114e-02 -9.111890000000000267e-01
2.000277970813059414e-02 -9.050890000000000324e-01
2.002278248783872366e-02 -9.271509999999999474e-01
2.004278526754685319e-02 -1.010531999999999986e+00
2.006278804725498618e-02 -1.077366000000000046e+00
2.008279082696311571e-02 -1.149585999999999997e+00
2.010279360667124524e-02 -1.174307999999999907e+00
2.012279638637937476e-02 -1.139593000000000078e+00
2.014279916608750776e-02 -1.115715000000000012e+00
2.016280194579563728e-02 -1.141863999999999990e+00
2.018280472550376681e-02 -1.197278000000000064e+00
2.020280750521189980e-02 -1.251524000000000081e+00
2.022281028492002933e-02 -1.254639000000000060e+00
2.024281306462815885e-02 -1.184755000000000003e+00
2.026281584433629185e-02 -1.102152999999999938e+00
2.028281862404442137e-02 -1.033762000000000070e+00
2.030282140375255090e-02 -1.011115999999999904e+00
2.032282418346068389e-02 -1.021044000000000063e+00
2.034282696316881342e-02 -1.059717000000000020e+00
2.036282974287694295e-02 -1.106176000000000048e+00
2.038283252258507247e-02 -1.136997999999999953e+00
2.040283530229320547e-02 -1.189751000000000003e+00
2.042283808200133499e-02 -1.190919000000000061e+00
2.044284086170946452e-02 -1.163407000000000080e+00
2.046284364141759751e-02 -1.105267999999999917e+00
2.048284642112572704e-02 -1.082816999999999918e+00
2.050284920083385656e-02 -1.057315999999999923e+00
2.052285198054198956e-02 -1.057250999999999941e+00
2.054285476025011908e-02 -1.076521999999999979e+00
2.056285753995824861e-02 -1.082297000000000065e+00
2.058286031966638160e-02 -1.110978000000000021e+00
2.060286309937451113e-02 -1.139528000000000096e+00
2.062286587908264066e-02 -1.187415000000000109e+00
2.064286865879077018e-02 -1.209541999999999895e+00
2.066287143849890318e-02 -1.226023000000000085e+00
2.068287421820703270e-02 -1.207141000000000020e+00
2.070287699791516223e-02 -1.154711999999999961e+00
2.072287977762329522e-02 -1.108707000000000109e+00
2.074288255733142475e-02 -1.045506000000000046e+00
2.076288533703955427e-02 -1.037914000000000003e+00
2.078288811674768727e-02 -1.049854000000000065e+00
2.080289089645581679e-02 -1.097676000000000096e+00
2.082289367616394632e-02 -1.153283999999999976e+00
2.084289645587207931e-02 -1.169701000000000102e+00
2.086289923558020884e-02 -1.174568000000000056e+00
2.088290201528833837e-02 -1.170025000000000093e+00
2.090290479499646789e-02 -1.153804000000000052e+00
2.092290757470460089e-02 -1.159383999999999970e+00
2.094291035441273041e-02 -1.192801000000000000e+00
2.096291313412085994e-02 -1.195461000000000107e+00
2.098291591382899293e-02 -1.146600999999999981e+00
2.100291869353712246e-02 -1.092354999999999965e+00
2.102292147324525198e-02 -1.028181000000000012e+00
2.104292425295338498e-02 -9.828249999999999487e-01
2.106292703266151450e-02 -9.640720000000000400e-01
2.108292981236964403e-02 -1.022666000000000075e+00
2.110293259207777702e-02 -1.113898000000000055e+00
2.112293537178590655e-02 -1.217003999999999975e+00
2.114293815149403608e-02 -1.310702000000000034e+00
2.116294093120216560e-02 -1.326599000000000084e+00
2.118294371091029860e-02 -1.266707999999999945e+00
2.120294649061842812e-02 -1.122592999999999952e+00
2.122294927032655765e-02 -1.002809999999999979e+00
2.124295205003469064e-02 -9.037269999999999470e-01
2.126295482974282017e-02 -9.120319999999999538e-01
2.128295760945094969e-02 -9.940499999999999892e-01
2.130296038915908269e-02 -1.097415999999999947e+00
2.132296316886721221e-02 -1.194552999999999976e+00
2.134296594857534174e-02 -1.256520999999999999e+00
2.136296872828347473e-02 -1.244126999999999983e+00
2.138297150799160426e-02 -1.233745000000000092e+00
2.140297428769973379e-02 -1.164639999999999898e+00
2.142297706740786331e-02 -1.123305999999999916e+00
2.144297984711599631e-02 -1.082816999999999918e+00
2.146298262682412583e-02 -1.122916999999999943e+00
2.148298540653225536e-02 -1.155230999999999897e+00
2.150298818624038835e-02 -1.191828000000000110e+00
2.152299096594851788e-02 -1.160681999999999992e+00
2.154299374565664740e-02 -1.080286000000000080e+00
2.156299652536478040e-02 -9.718590000000000284e-01
2.158299930507290992e-02 -9.208570000000000366e-01
2.160300208478103945e-02 -9.651100000000000234e-01
2.162300486448917244e-02 -1.017929000000000084e+00
2.164300764419730197e-02 -1.108965999999999896e+00
2.166301042390543150e-02 -1.163083000000000089e+00
2.168301320361356102e-02 -1.189038000000000039e+00
2.170301598332169402e-02 -1.186960999999999933e+00
2.172301876302982354e-02 -1.149650999999999978e+00
2.174302154273795307e-02 -1.097869999999999902e+00
2.176302432244608606e-02 -1.021044000000000063e+00
2.178302710215421559e-02 -9.930769999999999875e-01
2.180302988186234511e-02 -1.013776000000000010e+00
2.182303266157047811e-02 -1.087877999999999901e+00
2.184303544127860763e-02 -1.164770000000000083e+00
2.186303822098673716e-02 -1.197537999999999991e+00
2.188304100069487015e-02 -1.180927000000000060e+00
2.190304378040299968e-02 -1.139269000000000087e+00
2.192304656011112921e-02 -1.110068999999999972e+00
2.194304933981925873e-02 -1.063674999999999926e+00
2.196305211952739173e-02 -1.055109999999999992e+00
2.198305489923552125e-02 -1.045636000000000010e+00
2.200305767894365078e-02 -1.038562999999999903e+00
2.202306045865178377e-02 -1.046415000000000095e+00
2.204306323835991330e-02 -1.077171000000000101e+00
2.206306601806804282e-02 -1.066529999999999978e+00
2.208306879777617582e-02 -1.089695000000000080e+00
2.210307157748430534e-02 -1.079377999999999949e+00
2.212307435719243487e-02 -1.098519000000000023e+00
2.214307713690056786e-02 -1.172231999999999941e+00
2.216307991660869739e-02 -1.194293000000000049e+00
2.218308269631682692e-02 -1.217263999999999902e+00
2.220308547602495644e-02 -1.207141000000000020e+00
2.222308825573308944e-02 -1.157178000000000040e+00
2.224309103544121896e-02 -1.101763999999999966e+00
2.226309381514934849e-02 -1.046024999999999983e+00
2.228309659485748148e-02 -1.015592999999999968e+00
2.230309937456561101e-02 -1.016242000000000090e+00
2.232310215427374053e-02 -1.039925999999999906e+00
2.234310493398187353e-02 -1.070877000000000079e+00
2.236310771369000305e-02 -1.114676000000000000e+00
2.238311049339813258e-02 -1.149132000000000042e+00
2.240311327310626557e-02 -1.156009999999999982e+00
2.242311605281439510e-02 -1.147508999999999890e+00
2.244311883252252462e-02 -1.125318000000000040e+00
2.246312161223065415e-02 -1.112794999999999979e+00
2.248312439193878715e-02 -1.080610000000000070e+00
2.250312717164691667e-02 -1.049789000000000083e+00
2.252312995135504620e-02 -1.030192999999999914e+00
2.254313273106317919e-02 -1.033762000000000070e+00
2.256313551077130872e-02 -1.059522000000000075e+00
2.258313829047943824e-02 -1.134142999999999901e+00
2.260314107018757124e-02 -1.157048000000000076e+00
2.262314384989570076e-02 -1.167300000000000004e+00
2.264314662960383029e-02 -1.146730999999999945e+00
2.266314940931196328e-02 -1.120840999999999976e+00
2.268315218902009281e-02 -1.106306000000000012e+00
2.270315496872822233e-02 -1.073862000000000094e+00
2.272315774843635186e-02 -1.073538000000000103e+00
2.274316052814448486e-02 -1.076003000000000043e+00
2.276316330785261438e-02 -1.088071999999999928e+00
2.278316608756074391e-02 -1.133882999999999974e+00
2.280316886726887690e-02 -1.119996999999999909e+00
2.282317164697700643e-02 -1.089045999999999959e+00
2.284317442668513595e-02 -1.055757999999999974e+00
2.286317720639326895e-02 -1.029090000000000060e+00
2.288317998610139847e-02 -1.038173999999999930e+00
2.290318276580952800e-02 -1.103839999999999932e+00
2.292318554551766099e-02 -1.165094000000000074e+00
2.294318832522579052e-02 -1.193773999999999891e+00
2.296319110493392004e-02 -1.175605999999999929e+00
2.298319388464204957e-02 -1.125383000000000022e+00
2.300319666435018257e-02 -1.057900000000000063e+00
2.302319944405831209e-02 -1.002874999999999961e+00
2.304320222376644162e-02 -9.898329999999999629e-01
2.306320500347457461e-02 -1.005859999999999976e+00
2.308320778318270414e-02 -1.069644000000000039e+00
2.310321056289083366e-02 -1.179175000000000084e+00
2.312321334259896666e-02 -1.260672999999999933e+00
2.314321612230709618e-02 -1.300513999999999948e+00
2.316321890201522571e-02 -1.256391000000000036e+00
2.318322168172335870e-02 -1.150169999999999915e+00
2.320322446143148823e-02 -1.059587000000000057e+00
2.322322724113961775e-02 -1.029932999999999987e+00
2.324323002084774728e-02 -1.028245999999999993e+00
2.326323280055588028e-02 -1.065037000000000011e+00
2.328323558026400980e-02 -1.082880999999999982e+00
2.330323835997213933e-02 -1.095598999999999990e+00
2.332324113968027232e-02 -1.067113999999999896e+00
2.334324391938840185e-02 -1.057055999999999996e+00
2.336324669909653137e-02 -1.043039999999999967e+00
2.338324947880466437e-02 -1.037525000000000031e+00
2.340325225851279389e-02 -1.051150999999999947e+00
2.342325503822092342e-02 -1.086256000000000110e+00
2.344325781792905641e-02 -1.137321999999999944e+00
2.346326059763718594e-02 -1.182679000000000036e+00
2.348326337734531546e-02 -1.195006999999999930e+00
2.350326615705344499e-02 -1.147508999999999890e+00
2.352326893676157799e-02 -1.068670999999999927e+00
2.354327171646970751e-02 -1.032010000000000094e+00
2.356327449617783704e-02 -1.015009000000000050e+00
2.358327727588597003e-02 -1.070098999999999911e+00
2.360328005559409956e-02 -1.126486000000000098e+00
2.362328283530222908e-02 -1.147184999999999899e+00
2.364328561501036208e-02 -1.148676999999999948e+00
2.366328839471849160e-02 -1.132910000000000084e+00
2.368329117442662113e-02 -1.102802000000000060e+00
2.370329395413475412e-02 -1.064713000000000021e+00
2.372329673384288365e-02 -1.031944999999999890e+00
2.374329951355101317e-02 -1.008909999999999973e+00
2.376330229325914270e-02 -1.015398000000000023e+00
2.378330507296727570e-02 -1.051215999999999928e+00
2.380330785267540522e-02 -1.110133999999999954e+00
2.382331063238353475e-02 -1.128821999999999992e+00
2.384331341209166774e-02 -1.120970000000000022e+00
2.386331619179979727e-02 -1.122398000000000007e+00
2.388331897150792679e-02 -1.116818000000000088e+00
2.390332175121605979e-02 -1.144134999999999902e+00
2.392332453092418931e-02 -1.118244999999999933e+00
2.394332731063231884e-02 -1.120905999999999958e+00
2.396333009034045183e-02 -1.117790999999999979e+00
2.398333287004858136e-02 -1.109939999999999927e+00
2.400333564975671088e-02 -1.105072999999999972e+00
2.402333842946484041e-02 -1.067179000000000100e+00
2.404334120917297341e-02 -1.052448999999999968e+00
2.406334398888110293e-02 -1.023768999999999929e+00
2.408334676858923246e-02 -1.015398000000000023e+00
2.410334954829736545e-02 -1.019940000000000069e+00
2.412335232800549498e-02 -1.022535999999999889e+00
2.414335510771362450e-02 -1.034021000000000079e+00
2.416335788742175750e-02 -1.055693999999999910e+00
2.418336066712988702e-02 -1.063739999999999908e+00
2.420336344683801655e-02 -1.071914999999999951e+00
2.422336622654614954e-02 -1.067179000000000100e+00
2.424336900625427907e-02 -1.040121000000000073e+00
2.426337178596240859e-02 -1.012024000000000035e+00
2.428337456567053812e-02 -9.856800000000000006e-01
2.430337734537867111e-02 -1.014229999999999965e+00
2.432338012508680064e-02 -1.049983000000000111e+00
2.434338290479493017e-02 -1.115324999999999900e+00
2.436338568450306316e-02 -1.160292000000000101e+00
2.438338846421119269e-02 -1.175929999999999920e+00
2.440339124391932221e-02 -1.175022000000000011e+00
2.442339402362745521e-02 -1.135895000000000099e+00
2.444339680333558473e-02 -1.073083000000000009e+00
2.446339958304371426e-02 -1.001122999999999985e+00
2.448340236275184725e-02 -9.312390000000000390e-01
2.450340514245997678e-02 -9.002879999999999772e-01
2.452340792216810630e-02 -9.327959999999999585e-01
2.454341070187623583e-02 -1.013970999999999956e+00
2.456341348158436882e-02 -1.080934999999999979e+00
2.458341626129249835e-02 -1.116753000000000107e+00
2.460341904100062788e-02 -1.103191000000000033e+00
2.462342182070876087e-02 -1.090084000000000053e+00
2.464342460041689040e-02 -1.078209999999999891e+00
2.466342738012501992e-02 -1.064518000000000075e+00
2.468343015983315292e-02 -1.038823000000000052e+00
2.470343293954128244e-02 -1.034021000000000079e+00
2.472343571924941197e-02 -1.054915000000000047e+00
2.474343849895754496e-02 -1.023509000000000002e+00
2.476344127866567449e-02 -1.129340999999999928e+00
2.478344405837380401e-02 -1.097545999999999911e+00
2.480344683808193354e-02 -1.038173999999999930e+00
2.482344961779006653e-02 -1.118179999999999952e+00
2.484345239749819606e-02 -1.038108999999999948e+00
2.486345517720632559e-02 -1.043169999999999931e+00
2.488345795691445858e-02 -1.006963000000000052e+00
2.490346073662258811e-02 -1.178719999999999990e+00
2.492346351633071763e-02 -1.089434999999999931e+00
2.494346629603885063e-02 -1.076586999999999961e+00
2.496346907574698015e-02 -1.106370999999999993e+00
2.498347185545510968e-02 -8.273540000000000338e-01
2.500347463516324267e-02 -9.669919999999999627e-01
2.502347741487137220e-02 -1.111302000000000012e+00
2.504348019457950172e-02 -1.032723000000000058e+00
2.506348297428763125e-02 -1.076003000000000043e+00
2.508348575399576424e-02 -1.176125000000000087e+00
2.510348853370389377e-02 -1.126940000000000053e+00
2.512349131341202330e-02 -1.167624999999999913e+00
2.514349409312015629e-02 -1.092030999999999974e+00
2.516349687282828582e-02 -1.034151000000000042e+00
2.518349965253641534e-02 -1.068670999999999927e+00
2.520350243224454834e-02 -1.075159999999999894e+00
2.522350521195267786e-02 -1.049334999999999907e+00
2.524350799166080739e-02 -1.036032999999999982e+00
2.526351077136894038e-02 -1.044208000000000025e+00
2.528351355107706991e-02 -1.080999999999999961e+00
2.530351633078519943e-02 -1.107604000000000033e+00
2.532351911049332896e-02 -1.079571999999999976e+00
2.534352189020146195e-02 -1.006963000000000052e+00
2.536352466990959148e-02 -9.795150000000000245e-01
2.538352744961772101e-02 -1.032464000000000048e+00
2.540353022932585400e-02 -1.113572999999999924e+00
2.542353300903398353e-02 -1.134142999999999901e+00
2.544353578874211305e-02 -1.095858999999999916e+00
2.546353856845024605e-02 -1.060559999999999947e+00
2.548354134815837557e-02 -1.045052000000000092e+00
2.550354412786650510e-02 -1.025260999999999978e+00
2.552354690757463809e-02 -1.014489999999999892e+00
2.554354968728276762e-02 -1.004756999999999900e+00
2.556355246699089714e-02 -1.019746000000000041e+00
2.558355524669902667e-02 -1.089889000000000108e+00
2.560355802640715966e-02 -1.171583000000000041e+00
2.562356080611528919e-02 -1.148613000000000106e+00
2.564356358582341872e-02 -1.116557999999999939e+00
2.566356636553155171e-02 -1.084697999999999940e+00
2.568356914523968124e-02 -1.072629000000000055e+00
2.570357192494781076e-02 -1.063803999999999972e+00
2.572357470465594376e-02 -1.066594999999999960e+00
2.574357748436407328e-02 -1.033501999999999921e+00
2.576358026407220281e-02 -1.017474999999999907e+00
2.578358304378033580e-02 -1.059067999999999898e+00
2.580358582348846533e-02 -1.096573000000000020e+00
2.582358860319659485e-02 -1.103839999999999932e+00
2.584359138290472438e-02 -1.088851000000000013e+00
2.586359416261285737e-02 -1.093263000000000096e+00
2.588359694232098690e-02 -1.108772000000000091e+00
2.590359972202911643e-02 -1.128886999999999974e+00
2.592360250173724942e-02 -1.139073999999999920e+00
2.594360528144537895e-02 -1.122527999999999970e+00
2.596360806115350847e-02 -1.105396999999999963e+00
2.598361084086164147e-02 -1.075744000000000034e+00
2.600361362056977099e-02 -1.070488000000000106e+00
2.602361640027790052e-02 -1.064713000000000021e+00
2.604361917998603351e-02 -1.049528999999999934e+00
2.606362195969416304e-02 -1.031879999999999908e+00
2.608362473940229256e-02 -1.013646000000000047e+00
2.610362751911042209e-02 -1.038173999999999930e+00
2.612363029881855508e-02 -1.078858000000000095e+00
2.614363307852668461e-02 -1.121424999999999894e+00
2.616363585823481414e-02 -1.160226999999999897e+00
2.618363863794294713e-02 -1.161135999999999946e+00
2.620364141765107666e-02 -1.160098000000000074e+00
2.622364419735920618e-02 -1.145237999999999978e+00
2.624364697706733918e-02 -1.111172000000000049e+00
2.626364975677546870e-02 -1.060754999999999892e+00
2.628365253648359823e-02 -1.010467000000000004e+00
2.630365531619173122e-02 -1.010920999999999959e+00
2.632365809589986075e-02 -1.062572000000000072e+00
2.634366087560799027e-02 -1.108900999999999915e+00
2.636366365531611980e-02 -1.137451999999999908e+00
2.638366643502425279e-02 -1.129601000000000077e+00
2.640366921473238232e-02 -1.108707000000000109e+00
2.642367199444051185e-02 -1.104100000000000081e+00
2.644367477414864484e-02 -1.080286000000000080e+00
2.646367755385677437e-02 -1.057185999999999959e+00
2.648368033356490389e-02 -1.052643999999999913e+00
2.650368311327303689e-02 -1.076133000000000006e+00
2.652368589298116641e-02 -1.121683999999999903e+00
2.654368867268929594e-02 -1.139853000000000005e+00
2.656369145239742893e-02 -1.107344000000000106e+00
2.658369423210555846e-02 -1.073992000000000058e+00
2.660369701181368798e-02 -1.032399000000000067e+00
2.662369979152181751e-02 -1.040121000000000073e+00
2.664370257122995050e-02 -1.077301000000000064e+00
2.666370535093808003e-02 -1.084958000000000089e+00
2.668370813064620956e-02 -1.107539000000000051e+00
2.670371091035434255e-02 -1.097935000000000105e+00
2.672371369006247208e-02 -1.117725999999999997e+00
2.674371646977060160e-02 -1.101634000000000002e+00
2.676371924947873460e-02 -1.070357999999999921e+00
2.678372202918686412e-02 -1.043949000000000016e+00
2.680372480889499365e-02 -1.017929000000000084e+00
2.682372758860312664e-02 -1.028051000000000048e+00
2.684373036831125617e-02 -1.096897000000000011e+00
2.686373314801938569e-02 -1.146600999999999981e+00
2.688373592772751522e-02 -1.150754000000000055e+00
2.690373870743564821e-02 -1.123112000000000110e+00
2.692374148714377774e-02 -1.066270000000000051e+00
2.694374426685190727e-02 -1.036875999999999909e+00
2.696374704656004026e-02 -1.053811999999999971e+00
2.698374982626816979e-02 -1.044791999999999943e+00
2.700375260597629931e-02 -1.055887999999999938e+00
2.702375538568443231e-02 -1.062700999999999896e+00
2.704375816539256183e-02 -1.110848000000000058e+00
2.706376094510069136e-02 -1.127523999999999971e+00
2.708376372480882435e-02 -1.136803000000000008e+00
2.710376650451695388e-02 -1.100011999999999990e+00
2.712376928422508340e-02 -1.039277000000000006e+00
2.714377206393321293e-02 -1.046934000000000031e+00
2.716377484364134592e-02 -1.070553000000000088e+00
2.718377762334947545e-02 -1.090732999999999953e+00
2.720378040305760498e-02 -1.085736000000000034e+00
2.722378318276573797e-02 -1.069320000000000048e+00
2.724378596247386750e-02 -1.037719999999999976e+00
2.726378874218199702e-02 -1.068411999999999917e+00
2.728379152189013002e-02 -1.079442000000000013e+00
2.730379430159825954e-02 -1.042262000000000022e+00
2.732379708130638907e-02 -1.025844999999999896e+00
2.734379986101452206e-02 -1.037395000000000067e+00
2.736380264072265159e-02 -1.070422999999999902e+00
2.738380542043078111e-02 -1.113768000000000091e+00
2.740380820013891064e-02 -1.103126000000000051e+00
2.742381097984704363e-02 -1.094886000000000026e+00
2.744381375955517316e-02 -1.084632999999999958e+00
2.746381653926330269e-02 -1.073342999999999936e+00
2.748381931897143568e-02 -1.075484000000000107e+00
2.750382209867956521e-02 -1.055239000000000038e+00
2.752382487838769473e-02 -1.033566999999999902e+00
2.754382765809582773e-02 -1.058289000000000035e+00
2.756383043780395725e-02 -1.067698000000000036e+00
2.758383321751208678e-02 -1.081777999999999906e+00
2.760383599722021977e-02 -1.096119000000000065e+00
2.762383877692834930e-02 -1.086710000000000065e+00
2.764384155663647882e-02 -1.063479999999999981e+00
2.766384433634460835e-02 -1.073603000000000085e+00
2.768384711605274134e-02 -1.057120999999999977e+00
2.770384989576087087e-02 -1.054589999999999916e+00
2.772385267546900040e-02 -1.077690000000000037e+00
2.774385545517713339e-02 -1.056537000000000059e+00
2.776385823488526292e-02 -1.061598000000000042e+00
2.778386101459339244e-02 -1.069385000000000030e+00
2.780386379430152544e-02 -1.071072000000000024e+00
2.782386657400965496e-02 -1.102413000000000087e+00
2.784386935371778449e-02 -1.086190999999999907e+00
2.786387213342591748e-02 -1.058094000000000090e+00
2.788387491313404701e-02 -1.069514999999999993e+00
2.790387769284217653e-02 -1.092030999999999974e+00
2.792388047255030606e-02 -1.092354999999999965e+00
2.794388325225843905e-02 -1.099687000000000081e+00
2.796388603196656858e-02 -1.092225000000000001e+00
2.798388881167469810e-02 -1.055693999999999910e+00
2.800389159138283110e-02 -1.076847000000000110e+00
2.802389437109096063e-02 -1.074640999999999957e+00
2.804389715079909015e-02 -1.053682000000000007e+00
2.806389993050722315e-02 -1.024157999999999902e+00
2.808390271021535267e-02 -1.053941999999999934e+00
2.810390548992348220e-02 -1.077625999999999973e+00
2.812390826963161519e-02 -1.103839999999999932e+00
2.814391104933974472e-02 -1.122333000000000025e+00
2.816391382904787424e-02 -1.128433000000000019e+00
2.818391660875600377e-02 -1.122333000000000025e+00
2.820391938846413676e-02 -1.093199000000000032e+00
2.822392216817226629e-02 -1.060170999999999975e+00
2.824392494788039581e-02 -1.010207000000000077e+00
2.826392772758852881e-02 -1.008974000000000038e+00
2.828393050729665834e-02 -1.039471999999999952e+00
2.830393328700478786e-02 -1.060754999999999892e+00
2.832393606671292086e-02 -1.109939999999999927e+00
2.834393884642105038e-02 -1.115259999999999918e+00
2.836394162612917991e-02 -1.112535000000000052e+00
2.838394440583731290e-02 -1.136867999999999990e+00
2.840394718554544243e-02 -1.067698000000000036e+00
2.842394996525357195e-02 -1.079312999999999967e+00
2.844395274496170148e-02 -1.041158999999999946e+00
2.846395552466983447e-02 -1.030647000000000091e+00
2.848395830437796400e-02 -1.073538000000000103e+00
2.850396108408609352e-02 -1.071460999999999997e+00
2.852396386379422652e-02 -1.068800999999999890e+00
2.854396664350235605e-02 -1.041352999999999973e+00
2.856396942321048557e-02 -1.025651000000000090e+00
2.858397220291861857e-02 -1.028699999999999948e+00
2.860397498262674809e-02 -1.031101000000000045e+00
2.862397776233487762e-02 -1.047063000000000077e+00
2.864398054204301061e-02 -1.089239999999999986e+00
2.866398332175114014e-02 -1.070746999999999893e+00
2.868398610145926966e-02 -1.110263999999999918e+00
2.870398888116739919e-02 -1.071720999999999924e+00
2.872399166087553218e-02 -1.087552999999999992e+00
2.874399444058366171e-02 -1.042521000000000031e+00
2.876399722029179123e-02 -1.007093000000000016e+00
