# time(s), 	 	 acceleration(g)
0.000000000000000000e+00 6.317679000000000045e+00
2.000277970813059281e-05 6.547900000000000276e+00
4.000555941626118562e-05 6.780911999999999829e+00
6.000833912439177504e-05 7.021320000000000228e+00
8.001111883252237124e-05 7.299623000000000417e+00
1.000138985406529674e-04 7.587335000000000385e+00
1.200166782487835501e-04 7.918715999999999866e+00
1.400194579569141598e-04 8.267227000000000103e+00
1.600222376650447425e-04 8.636891999999999570e+00
1.800250173731753251e-04 9.018041000000000196e+00
2.000277970813059349e-04 9.434815000000000396e+00
2.200305767894365175e-04 9.834327000000000041e+00
2.400333564975671002e-04 1.032611099999999915e+01
2.600361362056977099e-04 1.084144799999999975e+01
2.800389159138283197e-04 1.140629400000000082e+01
3.000416956219588752e-04 1.206788799999999995e+01
3.200444753300894850e-04 1.276932299999999998e+01
3.400472550382200947e-04 1.358035399999999981e+01
3.600500347463506503e-04 1.451207499999999939e+01
3.800528144544812600e-04 1.548765999999999998e+01
4.000555941626118698e-04 1.669865700000000075e+01
4.200583738707424253e-04 1.787409600000000154e+01
4.400611535788730351e-04 1.941712300000000013e+01
4.600639332870036448e-04 2.112321299999999979e+01
4.800667129951342003e-04 2.308515399999999929e+01
5.000694927032648101e-04 2.574210700000000074e+01
5.200722724113954198e-04 2.881388600000000011e+01
5.400750521195260296e-04 3.297928000000000281e+01
5.600778318276566393e-04 3.908676100000000275e+01
5.800806115357871407e-04 4.835271000000000186e+01
6.000833912439177504e-04 6.414206900000000644e+01
6.200861709520483602e-04 8.891446799999999939e+01
6.400889506601789699e-04 1.268245289999999983e+02
6.600917303683095797e-04 1.796823569999999961e+02
6.800945100764401894e-04 2.452083859999999902e+02
7.000972897845707992e-04 3.216779690000000187e+02
7.201000694927013005e-04 3.974707730000000083e+02
7.401028492008319103e-04 4.605571590000000128e+02
7.601056289089625200e-04 4.973948869999999829e+02
7.801084086170931298e-04 5.020290949999999839e+02
8.001111883252237395e-04 4.766114539999999806e+02
8.201139680333543493e-04 4.337903099999999768e+02
8.401167477414848506e-04 3.843673069999999825e+02
8.601195274496154604e-04 3.355780609999999911e+02
8.801223071577460701e-04 2.887457600000000184e+02
9.001250868658766799e-04 2.473768650000000093e+02
9.201278665740072896e-04 2.005842110000000105e+02
9.401306462821378994e-04 1.489910419999999931e+02
9.601334259902684007e-04 9.689239800000000002e+01
9.801362056983990104e-04 5.338746900000000295e+01
1.000138985406529620e-03 1.806973199999999835e+01
1.020141765114660230e-03 -1.550526000000000071e+00
1.040144544822790840e-03 -8.296110999999999791e+00
1.060147324530921449e-03 -1.993125000000000036e+00
1.080150104239052059e-03 1.336667899999999953e+01
1.100152883947182669e-03 3.800657700000000006e+01
1.120155663655313279e-03 5.681424799999999919e+01
1.140158443363443888e-03 6.972545300000000168e+01
1.160161223071574281e-03 6.660046599999999728e+01
1.180164002779704891e-03 4.832818199999999820e+01
1.200166782487835501e-03 1.897082599999999886e+01
1.220169562195966111e-03 -9.579717999999999734e+00
1.240172341904096720e-03 -3.159608100000000164e+01
1.260175121612227330e-03 -4.115850100000000111e+01
1.280177901320357940e-03 -3.139356599999999986e+01
1.300180681028488550e-03 -1.775996800000000064e+01
1.320183460736619159e-03 -8.406559999999999588e-01
1.340186240444749769e-03 1.948129700000000142e+01
1.360189020152880379e-03 2.904099199999999925e+01
1.380191799861010989e-03 2.767225300000000132e+01
1.400194579569141598e-03 1.057255400000000023e+01
1.420197359277271991e-03 -1.032982999999999985e+00
1.440200138985402601e-03 -1.070156000000000063e+01
1.460202918693533211e-03 -1.012834299999999921e+01
1.480205698401663821e-03 -1.652400000000000091e+00
1.500208478109794430e-03 3.580461000000000116e+00
1.520211257817925040e-03 2.167144800000000160e+01
1.540214037526055650e-03 2.788391700000000029e+01
1.560216817234186260e-03 2.820400700000000072e+01
1.580219596942316869e-03 2.355403199999999941e+01
1.600222376650447479e-03 7.411360000000000170e+00
1.620225156358578089e-03 4.333935000000000315e+00
1.640227936066708699e-03 3.056427999999999923e+00
1.660230715774839308e-03 -4.195280000000000342e+00
1.680233495482969701e-03 1.731163999999999925e+00
1.700236275191100311e-03 1.160282999999999953e+00
1.720239054899230921e-03 3.298394000000000048e+00
1.740241834607361530e-03 -4.827091000000000243e+00
1.760244614315492140e-03 -1.671313599999999866e+01
1.780247394023622750e-03 -2.267345200000000105e+01
1.800250173731753360e-03 -3.239082400000000206e+01
1.820252953439883969e-03 -2.598135699999999915e+01
1.840255733148014579e-03 -1.887084400000000173e+01
1.860258512856145189e-03 -6.517217999999999734e+00
1.880261292564275799e-03 1.815895199999999932e+01
1.900264072272406408e-03 2.786529399999999868e+01
1.920266851980536801e-03 3.862482599999999877e+01
1.940269631688667411e-03 3.970416600000000074e+01
1.960272411396798021e-03 2.890025100000000080e+01
1.980275191104928847e-03 1.555391000000000012e+01
2.000277970813059240e-03 1.514699000000000018e+00
2.020280750521190067e-03 -1.006384399999999957e+01
2.040283530229320460e-03 -1.808245900000000006e+01
2.060286309937450853e-03 -1.631440200000000118e+01
2.080289089645581679e-03 -1.474003399999999964e+01
2.100291869353712072e-03 -8.551313999999999638e+00
2.120294649061842899e-03 -4.606991999999999976e+00
2.140297428769973292e-03 -5.177749999999999853e-01
2.160300208478104118e-03 -1.270081999999999933e+00
2.180302988186234511e-03 -6.048600000000000421e+00
2.200305767894365338e-03 -1.455432599999999965e+01
2.220308547602495731e-03 -1.941395299999999935e+01
2.240311327310626557e-03 -1.276660799999999973e+01
2.260314107018756950e-03 -7.599024000000000001e+00
2.280316886726887777e-03 -6.158389999999999809e+00
2.300319666435018170e-03 2.606107999999999869e+00
2.320322446143148563e-03 9.409119000000000455e+00
2.340325225851279389e-03 1.376353100000000040e+01
2.360328005559409782e-03 1.589710000000000001e+01
2.380330785267540609e-03 1.590397800000000039e+01
2.400333564975671002e-03 9.135293000000000774e+00
2.420336344683801828e-03 5.703323000000000143e+00
2.440339124391932221e-03 5.838029999999999831e+00
2.460341904100063048e-03 -3.233385999999999871e+00
2.480344683808193441e-03 -6.518321000000000254e+00
2.500347463516324267e-03 -1.221824200000000005e+01
2.520350243224454660e-03 -1.536989799999999917e+01
2.540353022932585487e-03 -1.618832499999999897e+01
2.560355802640715880e-03 -1.314035999999999937e+01
2.580358582348846273e-03 -4.640085000000000015e+00
2.600361362056977099e-03 -5.221413000000000082e+00
2.620364141765107492e-03 -6.521371000000000251e+00
2.640366921473238319e-03 -5.399009999999999643e+00
2.660369701181368712e-03 -7.724387000000000114e+00
2.680372480889499538e-03 -7.536602000000000245e+00
2.700375260597629931e-03 -7.737428999999999668e+00
2.720378040305760758e-03 -8.040649000000000157e+00
2.740380820013891151e-03 -1.997732000000000063e+00
2.760383599722021977e-03 3.379569000000000045e+00
2.780386379430152370e-03 1.838216600000000156e+01
2.800389159138283197e-03 1.773458700000000121e+01
2.820391938846413590e-03 1.194447199999999931e+01
2.840394718554543983e-03 6.195949999999999847e+00
2.860397498262674809e-03 2.171361000000000097e+00
2.880400277970805202e-03 -1.974501999999999979e+00
2.900403057678936029e-03 -5.888391999999999626e+00
2.920405837387066422e-03 -1.190963700000000003e+01
2.940408617095197248e-03 -1.358938200000000052e+01
2.960411396803327641e-03 -9.161322999999999439e+00
2.980414176511458468e-03 -6.905180999999999791e+00
3.000416956219588861e-03 -8.181520000000000792e+00
3.020419735927719687e-03 -1.524408099999999955e+01
3.040422515635850080e-03 -1.608126100000000136e+01
3.060425295343980907e-03 -1.468033800000000078e+01
3.080428075052111300e-03 -1.288347000000000087e+01
3.100430854760241692e-03 -4.673176999999999914e+00
3.120433634468372519e-03 2.306132999999999988e+00
3.140436414176502912e-03 9.078257000000000687e+00
3.160439193884633739e-03 1.189827200000000040e+01
3.180441973592764131e-03 1.207028900000000071e+01
3.200444753300894958e-03 8.512112999999999374e+00
3.220447533009025351e-03 3.259136999999999951e+00
3.240450312717156178e-03 -3.754770000000000052e-01
3.260453092425286570e-03 -4.912937000000000332e+00
3.280455872133417397e-03 -5.674911999999999956e+00
3.300458651841547790e-03 -1.393823000000000034e+00
3.320461431549678617e-03 3.212871999999999950e+00
3.340464211257809009e-03 4.610161999999999871e+00
3.360466990965939402e-03 -1.053811999999999971e+00
3.380469770674070229e-03 -4.656889999999999752e+00
3.400472550382200622e-03 -1.311154999999999937e+01
3.420475330090331448e-03 -1.780915299999999846e+01
3.440478109798461841e-03 -1.905531900000000078e+01
3.460480889506592668e-03 -1.792627500000000040e+01
3.480483669214723061e-03 -1.455886800000000036e+01
3.500486448922853887e-03 -7.804003999999999941e+00
3.520489228630984280e-03 2.725242000000000164e+00
3.540492008339115107e-03 7.459311999999999721e+00
3.560494788047245500e-03 1.295535600000000009e+01
3.580497567755376326e-03 9.901616000000000639e+00
3.600500347463506719e-03 5.529035000000000366e+00
3.620503127171637112e-03 5.387889999999999624e-01
3.640505906879767939e-03 -3.353104000000000084e+00
3.660508686587898332e-03 6.816069999999999629e-01
3.680511466296029158e-03 1.578340000000000021e-01
3.700514246004159551e-03 -4.987039000000000222e+00
3.720517025712290378e-03 -2.731805000000000039e+00
3.740519805420420771e-03 -5.570319999999999716e-01
3.760522585128551597e-03 -1.854459999999999997e+00
3.780525364836681990e-03 -5.337380000000000457e-01
3.800528144544812817e-03 1.326783999999999963e+00
3.820530924252943210e-03 -2.052432000000000034e+00
3.840533703961073603e-03 -6.280897000000000396e+00
3.860536483669204429e-03 -6.050545999999999758e+00
3.880539263377334822e-03 -1.204765300000000039e+01
3.900542043085465649e-03 -1.521611399999999925e+01
3.920544822793596042e-03 -1.434564699999999959e+01
3.940547602501726435e-03 -9.267414000000000485e+00
3.960550382209857695e-03 -4.639045999999999559e+00
3.980553161917988088e-03 5.586070999999999565e+00
4.000555941626118481e-03 1.314995399999999925e+01
4.020558721334248874e-03 1.237856999999999985e+01
4.040561501042380134e-03 1.112565599999999932e+01
4.060564280750510527e-03 7.179840999999999696e+00
4.080567060458640920e-03 3.035340000000000149e+00
4.100569840166771313e-03 1.332883999999999958e+00
4.120572619874901706e-03 -2.185061999999999838e+00
4.140575399583032966e-03 -3.388468000000000035e+00
4.160578179291163359e-03 -7.284902999999999906e+00
4.180580958999293752e-03 -5.845112000000000307e+00
4.200583738707424145e-03 -3.471978000000000009e+00
4.220586518415555405e-03 -5.668033999999999573e+00
4.240589298123685798e-03 -7.386321999999999832e+00
4.260592077831816191e-03 -6.678073999999999621e+00
4.280594857539946584e-03 -5.900720999999999883e+00
4.300597637248077844e-03 -5.173525999999999847e+00
4.320600416956208237e-03 -2.948919000000000068e+00
4.340603196664338630e-03 -1.000343999999999900e+00
4.360605976372469023e-03 -2.208499999999999908e-01
4.380608756080599415e-03 2.839573999999999820e+00
4.400611535788730676e-03 5.722724999999999618e+00
4.420614315496861069e-03 5.366946000000000438e+00
4.440617095204991462e-03 4.301555999999999713e+00
4.460619874913121854e-03 3.323634999999999895e+00
4.480622654621253115e-03 -2.165919999999999845e+00
4.500625434329383508e-03 -4.774531999999999776e+00
4.520628214037513901e-03 -3.515842000000000134e+00
4.540630993745644294e-03 -1.613337999999999939e+00
4.560633773453775554e-03 2.134116000000000124e+00
4.580636553161905947e-03 3.527123000000000008e+00
4.600639332870036340e-03 2.979471999999999898e+00
4.620642112578166733e-03 7.149590000000000112e-01
4.640644892286297125e-03 -2.460574999999999957e+00
4.660647671994428386e-03 -7.287174000000000262e+00
4.680650451702558779e-03 -1.252736699999999992e+01
4.700653231410689172e-03 -1.477085600000000021e+01
4.720656011118819564e-03 -1.132091199999999986e+01
4.740658790826950825e-03 -2.838740000000000041e+00
4.760661570535081218e-03 5.344754000000000005e+00
4.780664350243211611e-03 8.927718000000000487e+00
4.800667129951342003e-03 9.654135000000000133e+00
4.820669909659473264e-03 6.890246999999999566e+00
4.840672689367603657e-03 3.958950000000000191e+00
4.860675469075734050e-03 -1.448911999999999978e+00
4.880678248783864442e-03 -5.121809999999999974e+00
4.900681028491994835e-03 -7.882971999999999646e+00
4.920683808200126096e-03 -8.214937000000000822e+00
4.940686587908256489e-03 -3.192896000000000178e+00
4.960689367616386881e-03 1.205573999999999923e+00
4.980692147324517274e-03 1.257290000000000019e+00
5.000694927032648535e-03 5.964749999999999774e-01
5.020697706740778928e-03 -1.344184000000000045e+00
5.040700486448909320e-03 -1.236340999999999912e+00
5.060703266157039713e-03 8.441509999999999847e-01
5.080706045865170974e-03 1.819086999999999898e+00
5.100708825573301367e-03 5.831730000000000524e-01
5.120711605281431759e-03 -4.324730999999999881e+00
5.140714384989562152e-03 -7.289251000000000147e+00
5.160717164697692545e-03 -6.290890000000000093e+00
5.180719944405823806e-03 -6.551802999999999599e+00
5.200722724113954198e-03 -3.913084000000000007e+00
5.220725503822084591e-03 -7.167210000000000525e-01
5.240728283530214984e-03 -1.090480000000000060e-01
5.260731063238346245e-03 3.073948000000000125e+00
5.280733842946476637e-03 5.190516999999999825e+00
5.300736622654607030e-03 4.532036999999999871e+00
5.320739402362737423e-03 1.787292000000000103e+00
5.340742182070868684e-03 -1.502704000000000040e+00
5.360744961778999076e-03 -3.233969999999999789e+00
5.380747741487129469e-03 -4.419532000000000238e+00
5.400750521195259862e-03 -4.166794000000000331e+00
5.420753300903390255e-03 -3.545755000000000212e+00
5.440756080611521515e-03 -3.489107999999999876e+00
5.460758860319651908e-03 -2.266690999999999789e+00
5.480761640027782301e-03 -7.012770000000000392e-01
5.500764419735912694e-03 9.482300000000000173e-01
5.520767199444043954e-03 2.964339999999999753e-01
5.540769979152174347e-03 -2.159171999999999869e+00
5.560772758860304740e-03 -4.595571999999999768e+00
5.580775538568435133e-03 -3.696619000000000099e+00
5.600778318276566393e-03 -2.106742999999999810e+00
5.620781097984696786e-03 -1.194099000000000022e+00
5.640783877692827179e-03 -1.604389999999999983e-01
5.660786657400957572e-03 -8.565530000000000088e-01
5.680789437109087965e-03 -2.170268000000000086e+00
5.700792216817219225e-03 -1.465068999999999955e+00
5.720794996525349618e-03 -1.665766999999999998e+00
5.740797776233480011e-03 -3.209060000000000246e-01
5.760800555941610404e-03 7.871789999999999621e-01
5.780803335649741664e-03 4.253009999999999846e-01
5.800806115357872057e-03 4.160869999999999846e-01
5.820808895066002450e-03 1.115899999999999892e+00
5.840811674774132843e-03 7.343610000000000415e-01
5.860814454482264103e-03 -6.659140000000000059e-01
5.880817234190394496e-03 -3.018607999999999958e+00
5.900820013898524889e-03 -4.854084000000000287e+00
5.920822793606655282e-03 -8.046424000000000021e+00
5.940825573314785675e-03 -7.576312999999999853e+00
5.960828353022916935e-03 -4.458464000000000205e+00
5.980831132731047328e-03 -3.489952000000000165e+00
6.000833912439177721e-03 -1.376562999999999981e+00
6.020836692147308114e-03 4.716310000000000224e-01
6.040839471855439374e-03 1.867817000000000061e+00
6.060842251563569767e-03 3.899382999999999821e+00
6.080845031271700160e-03 2.947677000000000103e+00
6.100847810979830553e-03 -2.214990000000000014e-01
6.120850590687961813e-03 -2.076375000000000082e+00
6.140853370396092206e-03 -1.530345999999999984e+00
6.160856150104222599e-03 -1.394600999999999980e+00
6.180858929812352992e-03 -1.120970000000000022e+00
6.200861709520483385e-03 -9.505759999999999765e-01
6.220864489228614645e-03 -3.274395000000000167e+00
6.240867268936745038e-03 -3.606294999999999806e+00
6.260870048644875431e-03 -1.811959000000000097e+00
6.280872828353005824e-03 -1.165289000000000019e+00
6.300875608061137084e-03 -1.849334000000000033e+00
6.320878387769267477e-03 -2.476212999999999997e+00
6.340881167477397870e-03 -3.225340000000000096e+00
6.360883947185528263e-03 -2.581461000000000006e+00
6.380886726893659523e-03 -3.308340000000000169e-01
6.400889506601789916e-03 8.909340000000000037e-01
6.420892286309920309e-03 8.680940000000000323e-01
6.440895066018050702e-03 2.390740000000000087e-01
6.460897845726181095e-03 -9.320180000000000131e-01
6.480900625434312355e-03 -1.812672000000000061e+00
6.500903405142442748e-03 -1.506207999999999991e+00
6.520906184850573141e-03 -1.182484000000000091e+00
6.540908964558703534e-03 -1.022601000000000093e+00
6.560911744266834794e-03 -9.150169999999999693e-01
6.580914523974965187e-03 4.957039999999999780e-01
6.600917303683095580e-03 9.045609999999999484e-01
6.620920083391225973e-03 -9.460000000000000093e-04
6.640922863099357233e-03 -2.241969000000000101e+00
6.660925642807487626e-03 -3.729452000000000211e+00
6.680928422515618019e-03 -4.475530000000000008e+00
6.700931202223748412e-03 -2.867354999999999876e+00
6.720933981931878805e-03 -9.918499999999999539e-02
6.740936761640010065e-03 5.064109999999999445e-01
6.760939541348140458e-03 -4.027299999999999769e-01
6.780942321056270851e-03 -1.411278000000000032e+00
6.800945100764401244e-03 -2.984607000000000010e+00
6.820947880472532504e-03 -3.657102000000000075e+00
6.840950660180662897e-03 -2.403798000000000101e+00
6.860953439888793290e-03 -1.514644000000000101e+00
6.880956219596923683e-03 -1.018513000000000002e+00
6.900958999305054943e-03 1.003968999999999889e+00
6.920961779013185336e-03 2.674824000000000090e+00
6.940964558721315729e-03 1.540653999999999968e+00
6.960967338429446122e-03 -4.489299999999999957e-01
6.980970118137576515e-03 -2.791955999999999882e+00
7.000972897845707775e-03 -4.477736000000000161e+00
7.020975677553838168e-03 -3.833337000000000216e+00
7.040978457261968561e-03 -1.258985999999999938e+00
7.060981236970098954e-03 6.899779999999999802e-01
7.080984016678230214e-03 1.609110000000000040e+00
7.100986796386360607e-03 5.276290000000000147e-01
7.120989576094491000e-03 -1.653113999999999972e+00
7.140992355802621393e-03 -2.766973999999999823e+00
7.160995135510752653e-03 -3.396643000000000079e+00
7.180997915218883046e-03 -4.930261999999999922e+00
7.201000694927013439e-03 -4.861805000000000376e+00
7.221003474635143832e-03 -2.787997999999999976e+00
7.241006254343274225e-03 -8.748519999999999630e-01
7.261009034051405485e-03 1.077485999999999944e+00
7.281011813759535878e-03 2.458229999999999915e+00
7.301014593467666271e-03 1.427619999999999889e+00
7.321017373175796664e-03 -6.244509999999999783e-01
7.341020152883927924e-03 -1.589782999999999946e+00
7.361022932592058317e-03 -1.502704000000000040e+00
7.381025712300188710e-03 -1.019811000000000023e+00
7.401028492008319103e-03 -1.242634999999999934e+00
7.421031271716450363e-03 -1.947313999999999989e+00
7.441034051424580756e-03 -2.473682000000000158e+00
7.461036831132711149e-03 -1.911431000000000102e+00
7.481039610840841542e-03 -1.098519000000000023e+00
7.501042390548971935e-03 -1.049983000000000111e+00
7.521045170257103195e-03 -1.047063000000000077e+00
7.541047949965233588e-03 -9.651100000000000234e-01
7.561050729673363981e-03 -1.521457000000000059e+00
7.581053509381494374e-03 -1.545725000000000016e+00
7.601056289089625634e-03 -1.676018999999999926e+00
7.621059068797756027e-03 -2.192070000000000185e+00
7.641061848505886420e-03 -3.001478000000000090e+00
7.661064628214016813e-03 -2.691380000000000106e+00
7.681067407922147205e-03 -1.015009000000000050e+00
7.701070187630278466e-03 2.500899999999999998e-02
7.721072967338408859e-03 2.643699999999999870e-02
7.741075747046539252e-03 6.186599999999999738e-02
7.761078526754669644e-03 -4.024699999999999944e-01
7.781081306462800905e-03 -1.133947999999999956e+00
7.801084086170931298e-03 -5.021369999999999445e-01
7.821086865879062558e-03 3.391950000000000243e-01
7.841089645587192083e-03 -5.530739999999999545e-01
7.861092425295323344e-03 -1.867696999999999941e+00
7.881095205003452869e-03 -2.525138000000000105e+00
7.901097984711584130e-03 -3.021787999999999919e+00
7.921100764419715390e-03 -2.629283000000000037e+00
7.941103544127844915e-03 -2.036404999999999799e+00
7.961106323835976176e-03 -1.976318999999999937e+00
7.981109103544105701e-03 -1.563568999999999987e+00
8.001111883252236961e-03 -4.982440000000000202e-01
8.021114662960368222e-03 1.833349999999999980e-01
8.041117442668497747e-03 -3.606179999999999941e-01
8.061120222376629008e-03 -1.354824999999999946e+00
8.081123002084760268e-03 -2.541164999999999896e+00
8.101125781792889793e-03 -3.090568999999999900e+00
8.121128561501021054e-03 -2.061906000000000017e+00
8.141131341209150579e-03 -5.811060000000000114e-01
8.161134120917281840e-03 6.612320000000000420e-01
8.181136900625413100e-03 1.058280000000000109e+00
8.201139680333542625e-03 4.436640000000000028e-01
8.221142460041673886e-03 -5.253670000000000284e-01
8.241145239749803411e-03 -1.337110999999999938e+00
8.261148019457934671e-03 -2.111545000000000005e+00
8.281150799166065932e-03 -2.907001999999999864e+00
8.301153578874195457e-03 -3.182968999999999937e+00
8.321156358582326718e-03 -2.632591999999999821e+00
8.341159138290457978e-03 -1.411342000000000096e+00
8.361161917998587503e-03 4.304800000000000293e-02
8.381164697706718764e-03 4.175789999999999780e-01
8.401167477414848289e-03 -7.554589999999999916e-01
8.421170257122979549e-03 -2.283431999999999906e+00
8.441173036831110810e-03 -2.849835999999999814e+00
8.461175816539240335e-03 -2.146843000000000057e+00
8.481178596247371596e-03 -1.375199999999999978e+00
8.501181375955501121e-03 -1.001902000000000070e+00
8.521184155663632381e-03 -8.287820000000000187e-01
8.541186935371763642e-03 -7.358630000000000448e-01
8.561189715079893167e-03 -2.403810000000000113e-01
8.581192494788024427e-03 -3.040500000000000147e-02
8.601195274496155688e-03 -7.421569999999999556e-01
8.621198054204285213e-03 -1.919802000000000008e+00
8.641200833912416474e-03 -2.296669000000000072e+00
8.661203613620545999e-03 -2.006037000000000070e+00
8.681206393328677259e-03 -8.838059999999999805e-01
8.701209173036808520e-03 3.585320000000000173e-01
8.721211952744938045e-03 3.589860000000000273e-01
8.741214732453069305e-03 -6.524820000000000064e-01
8.761217512161198831e-03 -1.665248000000000062e+00
8.781220291869330091e-03 -2.182207000000000008e+00
8.801223071577461352e-03 -2.548691999999999958e+00
8.821225851285590877e-03 -2.596709000000000156e+00
8.841228630993722137e-03 -2.384916000000000036e+00
8.861231410701853398e-03 -2.278500000000000192e+00
8.881234190409982923e-03 -1.242504999999999971e+00
8.901236970118114183e-03 2.719719999999999915e-01
8.921239749826243709e-03 5.687680000000000513e-01
8.941242529534374969e-03 -1.714700000000000113e-01
8.961245309242506230e-03 -1.048426000000000080e+00
8.981248088950635755e-03 -1.698015999999999970e+00
9.001250868658767015e-03 -1.363909999999999956e+00
9.021253648366896541e-03 -3.881299999999999750e-01
9.041256428075027801e-03 -2.515419999999999878e-01
9.061259207783159061e-03 -1.002030999999999894e+00
9.081261987491288587e-03 -1.609963000000000033e+00
9.101264767199419847e-03 -2.143728999999999996e+00
9.121267546907551108e-03 -2.469075000000000131e+00
9.141270326615680633e-03 -2.340857000000000188e+00
9.161273106323811893e-03 -1.880868999999999902e+00
9.181275886031941419e-03 -1.550397000000000025e+00
9.201278665740072679e-03 -1.000539000000000067e+00
9.221281445448203939e-03 -1.102810000000000040e-01
9.241284225156333465e-03 2.413450000000000040e-01
9.261287004864464725e-03 -1.314990000000000048e-01
9.281289784572594251e-03 -1.299282000000000048e+00
9.301292564280725511e-03 -2.367525999999999797e+00
9.321295343988856771e-03 -2.337677999999999923e+00
9.341298123696986297e-03 -1.543063999999999991e+00
9.361300903405117557e-03 -6.918039999999999745e-01
9.381303683113248817e-03 -4.646970000000000267e-01
9.401306462821378343e-03 -6.700669999999999682e-01
9.421309242529509603e-03 -9.198840000000000350e-01
9.441312022237639129e-03 -1.099363000000000090e+00
9.461314801945770389e-03 -1.370981999999999923e+00
9.481317581653901649e-03 -1.851345000000000018e+00
9.501320361362031175e-03 -2.326906999999999837e+00
9.521323141070162435e-03 -2.116605999999999987e+00
9.541325920778291961e-03 -1.254639000000000060e+00
9.561328700486423221e-03 -6.046599999999999753e-01
9.581331480194554481e-03 -5.375659999999999883e-01
9.601334259902684007e-03 -7.280759999999999454e-01
9.621337039610815267e-03 -9.359760000000000302e-01
9.641339819318946527e-03 -1.111496999999999957e+00
9.661342599027076053e-03 -1.153804000000000052e+00
9.681345378735207313e-03 -1.025455999999999923e+00
9.701348158443336839e-03 -1.199160000000000004e+00
9.721350938151468099e-03 -1.608211000000000057e+00
9.741353717859599359e-03 -1.916428000000000020e+00
9.761356497567728885e-03 -1.614894999999999969e+00
9.781359277275860145e-03 -8.556449999999999889e-01
9.801362056983989671e-03 -1.850970000000000115e-01
9.821364836692120931e-03 -4.281659999999999910e-01
9.841367616400252191e-03 -1.160487000000000046e+00
9.861370396108381717e-03 -1.814683999999999964e+00
9.881373175816512977e-03 -2.351433999999999802e+00
9.901375955524644237e-03 -2.456811000000000078e+00
9.921378735232773763e-03 -2.115047999999999817e+00
9.941381514940905023e-03 -1.397391999999999967e+00
9.961384294649034549e-03 -4.122029999999999861e-01
9.981387074357165809e-03 7.557739999999999458e-01
1.000138985406529707e-02 1.314260999999999902e+00
1.002139263377342659e-02 4.543710000000000249e-01
1.004139541348155786e-02 -1.162368999999999986e+00
1.006139819318968738e-02 -2.491525999999999907e+00
1.008140097289781864e-02 -3.160127999999999826e+00
1.010140375260594990e-02 -2.925949000000000133e+00
1.012140653231407943e-02 -1.863739000000000035e+00
1.014140931202221069e-02 -6.490430000000000366e-01
1.016141209173034195e-02 -1.019999999999999992e-04
1.018141487143847147e-02 -1.132799999999999953e-02
1.020141765114660273e-02 -3.517930000000000224e-01
1.022142043085473226e-02 -8.359839999999999494e-01
1.024142321056286352e-02 -1.389086000000000043e+00
1.026142599027099478e-02 -1.913572000000000051e+00
1.028142876997912430e-02 -2.153331999999999802e+00
1.030143154968725556e-02 -1.874705000000000066e+00
1.032143432939538509e-02 -1.124799000000000104e+00
1.034143710910351635e-02 -4.071420000000000039e-01
1.036143988881164761e-02 -6.260080000000000089e-01
1.038144266851977714e-02 -1.318877999999999995e+00
1.040144544822790840e-02 -1.686401000000000039e+00
1.042144822793603966e-02 -1.438530000000000086e+00
1.044145100764416918e-02 -7.109459999999999669e-01
1.046145378735230044e-02 -1.391560000000000019e-01
1.048145656706042997e-02 -2.061850000000000072e-01
1.050145934676856123e-02 -6.533900000000000263e-01
1.052146212647669249e-02 -1.116103999999999985e+00
1.054146490618482201e-02 -1.653697999999999890e+00
1.056146768589295327e-02 -2.145611000000000157e+00
1.058147046560108280e-02 -2.334627999999999926e+00
1.060147324530921406e-02 -2.159041999999999906e+00
1.062147602501734532e-02 -1.475646000000000013e+00
1.064147880472547485e-02 -3.434220000000000050e-01
1.066148158443360611e-02 4.598860000000000170e-01
1.068148436414173737e-02 2.634059999999999735e-01
1.070148714384986689e-02 -6.926470000000000127e-01
1.072148992355799815e-02 -1.809363000000000055e+00
1.074149270326612768e-02 -2.351499000000000006e+00
1.076149548297425894e-02 -2.032510999999999957e+00
1.078149826268239020e-02 -1.497319000000000067e+00
1.080150104239051972e-02 -1.349634000000000000e+00
1.082150382209865098e-02 -1.348530999999999924e+00
1.084150660180678051e-02 -9.733509999999999662e-01
1.086150938151491177e-02 -5.504139999999999588e-01
1.088151216122304303e-02 -3.516630000000000034e-01
1.090151494093117256e-02 -6.736999999999999655e-01
1.092151772063930382e-02 -1.325949999999999962e+00
1.094152050034743508e-02 -1.542351000000000028e+00
1.096152328005556460e-02 -1.048880000000000035e+00
1.098152605976369586e-02 -5.263400000000000301e-01
1.100152883947182539e-02 -4.987630000000000119e-01
1.102153161917995665e-02 -9.200779999999999514e-01
1.104153439888808791e-02 -1.495436999999999905e+00
1.106153717859621743e-02 -1.871200999999999892e+00
1.108153995830434869e-02 -1.988127999999999895e+00
1.110154273801247822e-02 -1.938814000000000037e+00
1.112154551772060948e-02 -1.914026999999999923e+00
1.114154829742874074e-02 -1.820653000000000077e+00
1.116155107713687027e-02 -1.311091000000000006e+00
1.118155385684500153e-02 -4.650219999999999909e-01
1.120155663655313279e-02 1.634799999999999864e-01
1.122155941626126231e-02 2.028010000000000090e-01
1.124156219596939357e-02 -4.853959999999999941e-01
1.126156497567752310e-02 -1.486677000000000026e+00
1.128156775538565436e-02 -2.001040999999999848e+00
1.130157053509378562e-02 -1.837523999999999935e+00
1.132157331480191514e-02 -1.485638999999999932e+00
1.134157609451004640e-02 -1.381299999999999972e+00
1.136157887421817593e-02 -1.337499999999999911e+00
1.138158165392630719e-02 -1.041158999999999946e+00
1.140158443363443845e-02 -5.575510000000000188e-01
1.142158721334256798e-02 -3.179219999999999824e-01
1.144158999305069924e-02 -7.591569999999999707e-01
1.146159277275883050e-02 -1.542545000000000055e+00
1.148159555246696002e-02 -2.034911999999999832e+00
1.150159833217509128e-02 -2.016224999999999934e+00
1.152160111188322081e-02 -1.760372999999999966e+00
1.154160389159135207e-02 -1.462020000000000097e+00
1.156160667129948333e-02 -1.213953999999999978e+00
1.158160945100761285e-02 -1.047646999999999995e+00
1.160161223071574411e-02 -9.240369999999999973e-01
1.162161501042387364e-02 -6.683149999999999924e-01
1.164161779013200490e-02 -4.961030000000000162e-01
1.166162056984013616e-02 -7.836849999999999650e-01
1.168162334954826569e-02 -1.335747999999999935e+00
1.170162612925639695e-02 -1.742852999999999986e+00
1.172162890896452821e-02 -1.643704999999999972e+00
1.174163168867265773e-02 -1.191308999999999951e+00
1.176163446838078899e-02 -7.597409999999999997e-01
1.178163724808891852e-02 -6.153009999999999868e-01
1.180164002779704978e-02 -1.010207000000000077e+00
1.182164280750518104e-02 -1.399663000000000102e+00
1.184164558721331056e-02 -1.460917000000000021e+00
1.186164836692144182e-02 -1.436388999999999916e+00
1.188165114662957135e-02 -1.623070999999999930e+00
1.190165392633770261e-02 -1.836551000000000045e+00
1.192165670604583387e-02 -1.648895999999999917e+00
1.194165948575396340e-02 -1.059781000000000084e+00
1.196166226546209466e-02 -5.153100000000000458e-01
1.198166504517022592e-02 -5.229660000000000419e-01
1.200166782487835544e-02 -9.719889999999999919e-01
1.202167060458648670e-02 -1.459359000000000073e+00
1.204167338429461623e-02 -1.681144999999999889e+00
1.206167616400274749e-02 -1.569863000000000008e+00
1.208167894371087875e-02 -1.126940000000000053e+00
1.210168172341900827e-02 -7.507220000000000004e-01
1.212168450312713953e-02 -7.935480000000000311e-01
1.214168728283526906e-02 -9.680299999999999461e-01
1.216169006254340032e-02 -1.169440999999999953e+00
1.218169284225153158e-02 -1.383634999999999948e+00
1.220169562195966111e-02 -1.575962000000000085e+00
1.222169840166779237e-02 -1.612233999999999945e+00
1.224170118137592363e-02 -1.441321000000000074e+00
1.226170396108405315e-02 -9.855500000000000371e-01
1.228170674079218441e-02 -4.264780000000000237e-01
1.230170952050031394e-02 -2.203950000000000076e-01
1.232171230020844520e-02 -6.528709999999999791e-01
1.234171507991657646e-02 -1.596986000000000017e+00
1.236171785962470598e-02 -2.358312000000000186e+00
1.238172063933283724e-02 -2.384396999999999878e+00
1.240172341904096677e-02 -1.735586000000000073e+00
1.242172619874909803e-02 -9.027530000000000276e-01
1.244172897845722929e-02 -3.600340000000000207e-01
1.246173175816535882e-02 -1.993070000000000119e-01
1.248173453787349008e-02 -3.534149999999999792e-01
1.250173731758162134e-02 -8.616150000000000198e-01
1.252174009728975086e-02 -1.578297999999999979e+00
1.254174287699788212e-02 -2.150672000000000139e+00
1.256174565670601165e-02 -2.386149000000000076e+00
1.258174843641414291e-02 -2.032966000000000051e+00
1.260175121612227417e-02 -1.248928999999999956e+00
1.262175399583040369e-02 -4.311499999999999777e-01
1.264175677553853495e-02 -4.325199999999999878e-02
1.266175955524666448e-02 -3.200629999999999864e-01
1.268176233495479574e-02 -9.854199999999999626e-01
1.270176511466292700e-02 -1.524505999999999917e+00
1.272176789437105653e-02 -1.767250999999999905e+00
1.274177067407918779e-02 -1.653243000000000018e+00
1.276177345378731905e-02 -1.531968999999999914e+00
1.278177623349544857e-02 -1.422503000000000073e+00
1.280177901320357983e-02 -1.291819999999999968e+00
1.282178179291170936e-02 -1.139788000000000023e+00
1.284178457261984062e-02 -9.654350000000000431e-01
1.286178735232797188e-02 -1.016890999999999989e+00
1.288179013203610140e-02 -1.242115999999999998e+00
1.290179291174423266e-02 -1.414781999999999984e+00
1.292179569145236219e-02 -1.289288999999999907e+00
1.294179847116049345e-02 -8.963940000000000241e-01
1.296180125086862471e-02 -7.624659999999999771e-01
1.298180403057675424e-02 -9.048300000000000232e-01
1.300180681028488550e-02 -1.234717999999999982e+00
1.302180958999301676e-02 -1.482849000000000084e+00
1.304181236970114628e-02 -1.457802000000000042e+00
1.306181514940927754e-02 -1.311609999999999943e+00
1.308181792911740707e-02 -1.244256999999999946e+00
1.310182070882553833e-02 -1.341393999999999975e+00
1.312182348853366959e-02 -1.375718999999999914e+00
1.314182626824179911e-02 -1.321668000000000065e+00
1.316182904794993037e-02 -1.092939000000000105e+00
1.318183182765805990e-02 -8.684279999999999777e-01
1.320183460736619116e-02 -8.518170000000000464e-01
1.322183738707432242e-02 -1.085736000000000034e+00
1.324184016678245195e-02 -1.238677000000000028e+00
1.326184294649058321e-02 -1.241660999999999904e+00
1.328184572619871447e-02 -1.231927999999999912e+00
1.330184850590684399e-02 -1.387399000000000049e+00
1.332185128561497525e-02 -1.659667000000000003e+00
1.334185406532310478e-02 -1.669790000000000108e+00
1.336185684503123604e-02 -1.431327999999999934e+00
1.338185962473936730e-02 -1.011830000000000007e+00
1.340186240444749682e-02 -8.385799999999999921e-01
1.342186518415562808e-02 -9.801640000000000352e-01
1.344186796386375761e-02 -1.226866999999999930e+00
1.346187074357188887e-02 -1.382077999999999918e+00
1.348187352328002013e-02 -1.221611000000000002e+00
1.350187630298814966e-02 -1.042780999999999958e+00
1.352187908269628092e-02 -9.782180000000000319e-01
1.354188186240441218e-02 -1.039665999999999979e+00
1.356188464211254170e-02 -1.119866999999999946e+00
1.358188742182067296e-02 -1.147574000000000094e+00
1.360189020152880249e-02 -1.226866999999999930e+00
1.362189298123693375e-02 -1.407774000000000081e+00
1.364189576094506501e-02 -1.569409000000000054e+00
1.366189854065319453e-02 -1.548645000000000049e+00
1.368190132036132579e-02 -1.369359999999999911e+00
1.370190410006945532e-02 -1.046934000000000031e+00
1.372190687977758658e-02 -7.408590000000000453e-01
1.374190965948571784e-02 -7.843339999999999756e-01
1.376191243919384737e-02 -1.218301999999999996e+00
1.378191521890197863e-02 -1.694447000000000036e+00
1.380191799861010989e-02 -1.790027000000000035e+00
1.382192077831823941e-02 -1.606783999999999990e+00
1.384192355802637067e-02 -1.361248999999999931e+00
1.386192633773450020e-02 -1.145952000000000082e+00
1.388192911744263146e-02 -8.530499999999999750e-01
1.390193189715076272e-02 -6.329510000000000414e-01
1.392193467685889224e-02 -5.750709999999999988e-01
1.394193745656702350e-02 -8.575270000000000392e-01
1.396194023627515303e-02 -1.397002000000000077e+00
1.398194301598328429e-02 -1.907926999999999929e+00
1.400194579569141555e-02 -1.996239000000000097e+00
1.402194857539954508e-02 -1.634945000000000093e+00
1.404195135510767634e-02 -1.100919999999999899e+00
1.406195413481580760e-02 -7.346949999999999870e-01
1.408195691452393712e-02 -6.268510000000000471e-01
1.410195969423206838e-02 -7.109459999999999669e-01
1.412196247394019791e-02 -9.832140000000000324e-01
1.414196525364832917e-02 -1.400765999999999956e+00
1.416196803335646043e-02 -1.787301000000000029e+00
1.418197081306458995e-02 -1.912924000000000069e+00
1.420197359277272121e-02 -1.748239000000000098e+00
1.422197637248085074e-02 -1.364363999999999910e+00
1.424197915218898200e-02 -8.052270000000000261e-01
1.426198193189711326e-02 -4.462690000000000268e-01
1.428198471160524279e-02 -4.633349999999999969e-01
1.430198749131337405e-02 -8.600569999999999604e-01
1.432199027102150531e-02 -1.360665000000000013e+00
1.434199305072963483e-02 -1.615803000000000100e+00
1.436199583043776609e-02 -1.581542999999999921e+00
1.438199861014589562e-02 -1.362807000000000102e+00
1.440200138985402688e-02 -1.213953999999999978e+00
1.442200416956215814e-02 -1.130055000000000032e+00
1.444200694927028766e-02 -9.963859999999999939e-01
1.446200972897841892e-02 -9.185860000000000136e-01
1.448201250868654845e-02 -1.045960000000000001e+00
1.450201528839467971e-02 -1.292208999999999941e+00
1.452201806810281097e-02 -1.546502999999999961e+00
1.454202084781094050e-02 -1.542415000000000092e+00
1.456202362751907176e-02 -1.310117999999999894e+00
1.458202640722720302e-02 -1.016177000000000108e+00
1.460202918693533254e-02 -8.953560000000000407e-01
1.462203196664346380e-02 -1.015203999999999995e+00
1.464203474635159333e-02 -1.237702999999999998e+00
1.466203752605972459e-02 -1.357615999999999934e+00
1.468204030576785585e-02 -1.302526000000000073e+00
1.470204308547598537e-02 -1.118894000000000055e+00
1.472204586518411663e-02 -9.946989999999999998e-01
1.474204864489224616e-02 -9.159260000000000179e-01
1.476205142460037742e-02 -8.916579999999999506e-01
1.478205420430850868e-02 -9.292280000000000539e-01
1.480205698401663821e-02 -1.038303999999999894e+00
1.482205976372476947e-02 -1.188517999999999963e+00
1.484206254343290073e-02 -1.438530000000000086e+00
1.486206532314103025e-02 -1.608730999999999911e+00
1.488206810284916151e-02 -1.460333000000000103e+00
1.490207088255729104e-02 -1.104489000000000054e+00
1.492207366226542230e-02 -9.379229999999999512e-01
1.494207644197355356e-02 -9.739349999999999952e-01
1.496207922168168308e-02 -1.021044000000000063e+00
1.498208200138981434e-02 -1.097221999999999920e+00
1.500208478109794387e-02 -1.071460999999999997e+00
1.502208756080607513e-02 -9.836030000000000051e-01
1.504209034051420639e-02 -9.930120000000000058e-01
1.506209312022233592e-02 -1.107474000000000069e+00
1.508209589993046718e-02 -1.139204000000000105e+00
1.510209867963859844e-02 -1.129210999999999965e+00
1.512210145934672796e-02 -1.112665000000000015e+00
1.514210423905485922e-02 -1.105722000000000094e+00
1.516210701876298875e-02 -1.148806999999999912e+00
1.518210979847112001e-02 -1.288899999999999935e+00
1.520211257817925127e-02 -1.375199999999999978e+00
1.522211535788738079e-02 -1.337499999999999911e+00
1.524211813759551205e-02 -1.277285000000000004e+00
1.526212091730364158e-02 -1.204611000000000098e+00
1.528212369701177284e-02 -1.148482999999999921e+00
1.530212647671990410e-02 -1.065101999999999993e+00
1.532212925642803363e-02 -8.468200000000000172e-01
1.534213203613616489e-02 -6.149769999999999959e-01
1.536213481584429441e-02 -5.471049999999999525e-01
1.538213759555242567e-02 -8.027619999999999756e-01
1.540214037526055693e-02 -1.261905999999999972e+00
1.542214315496868646e-02 -1.556561000000000083e+00
1.544214593467681772e-02 -1.656811999999999951e+00
1.546214871438494898e-02 -1.526971999999999996e+00
1.548215149409307850e-02 -1.302461000000000091e+00
1.550215427380120976e-02 -1.047063000000000077e+00
1.552215705350933929e-02 -8.444199999999999484e-01
1.554215983321747055e-02 -7.347590000000000510e-01
1.556216261292560181e-02 -8.572020000000000195e-01
1.558216539263373134e-02 -1.136867999999999990e+00
1.560216817234186260e-02 -1.402387999999999968e+00
1.562217095204999212e-02 -1.567007999999999956e+00
1.564217373175812512e-02 -1.522883999999999904e+00
1.566217651146625464e-02 -1.239325000000000010e+00
1.568217929117438417e-02 -9.300709999999999811e-01
1.570218207088251369e-02 -7.375500000000000389e-01
1.572218485059064669e-02 -8.228119999999999878e-01
1.574218763029877621e-02 -1.090473000000000026e+00
1.576219041000690574e-02 -1.290391999999999983e+00
1.578219318971503873e-02 -1.368646000000000029e+00
1.580219596942316826e-02 -1.278712000000000071e+00
1.582219874913129778e-02 -1.141475000000000017e+00
1.584220152883943078e-02 -9.302660000000000373e-01
1.586220430854756031e-02 -7.276869999999999727e-01
1.588220708825568983e-02 -6.707800000000000429e-01
1.590220986796382283e-02 -8.066550000000000109e-01
1.592221264767195235e-02 -1.163342000000000098e+00
1.594221542738008188e-02 -1.608276000000000039e+00
1.596221820708821140e-02 -1.775036999999999976e+00
1.598222098679634440e-02 -1.538716999999999890e+00
1.600222376650447392e-02 -1.160552000000000028e+00
1.602222654621260345e-02 -8.760850000000000026e-01
1.604222932592073644e-02 -7.407939999999999525e-01
1.606223210562886597e-02 -6.921929999999999472e-01
1.608223488533699549e-02 -7.878380000000000383e-01
1.610223766504512849e-02 -9.768550000000000288e-01
1.612224044475325802e-02 -1.107993000000000006e+00
1.614224322446138754e-02 -1.244645999999999919e+00
1.616224600416952054e-02 -1.284032999999999980e+00
1.618224878387765006e-02 -1.221416000000000057e+00
1.620225156358577959e-02 -1.085930999999999980e+00
1.622225434329390911e-02 -9.823709999999999942e-01
1.624225712300204211e-02 -1.018318000000000056e+00
1.626225990271017163e-02 -1.153089999999999948e+00
1.628226268241830116e-02 -1.311674999999999924e+00
1.630226546212643415e-02 -1.281762000000000068e+00
1.632226824183456368e-02 -1.136673000000000044e+00
1.634227102154269320e-02 -9.300709999999999811e-01
1.636227380125082620e-02 -8.680390000000000050e-01
1.638227658095895573e-02 -9.495369999999999644e-01
1.640227936066708525e-02 -1.068216999999999972e+00
1.642228214037521825e-02 -1.179953000000000030e+00
1.644228492008334777e-02 -1.298567999999999945e+00
1.646228769979147730e-02 -1.434571999999999958e+00
1.648229047949960682e-02 -1.513929999999999998e+00
1.650229325920773982e-02 -1.380001999999999951e+00
1.652229603891586934e-02 -1.112081000000000097e+00
1.654229881862399887e-02 -7.983489999999999753e-01
1.656230159833213186e-02 -6.609819999999999585e-01
1.658230437804026139e-02 -7.455310000000000548e-01
1.660230715774839091e-02 -9.532359999999999722e-01
1.662230993745652391e-02 -1.173788999999999971e+00
1.664231271716465344e-02 -1.266318999999999972e+00
1.666231549687278296e-02 -1.251978999999999953e+00
1.668231827658091596e-02 -1.226477999999999957e+00
1.670232105628904548e-02 -1.163083000000000089e+00
1.672232383599717501e-02 -1.068866000000000094e+00
1.674232661570530453e-02 -9.236469999999999958e-01
1.676232939541343753e-02 -8.054219999999999713e-01
1.678233217512156705e-02 -8.611609999999999543e-01
1.680233495482969658e-02 -1.027531999999999890e+00
1.682233773453782957e-02 -1.269692999999999961e+00
1.684234051424595910e-02 -1.410109999999999975e+00
1.686234329395408862e-02 -1.400052000000000074e+00
1.688234607366222162e-02 -1.300969000000000042e+00
1.690234885337035114e-02 -1.195526000000000089e+00
1.692235163307848067e-02 -1.093652999999999986e+00
1.694235441278661367e-02 -9.826949999999999852e-01
1.696235719249474319e-02 -8.876349999999999518e-01
1.698235997220287272e-02 -8.570729999999999738e-01
1.700236275191100224e-02 -9.244259999999999700e-01
1.702236553161913524e-02 -1.082492000000000010e+00
1.704236831132726476e-02 -1.242893999999999943e+00
1.706237109103539429e-02 -1.339771000000000045e+00
1.708237387074352728e-02 -1.265474999999999905e+00
1.710237665045165681e-02 -1.128627000000000047e+00
1.712237943015978633e-02 -1.010726000000000013e+00
1.714238220986791933e-02 -9.920390000000000041e-01
1.716238498957604885e-02 -1.037071000000000076e+00
1.718238776928417838e-02 -1.086840000000000028e+00
1.720239054899231138e-02 -1.165483000000000047e+00
1.722239332870044090e-02 -1.261128000000000027e+00
1.724239610840857043e-02 -1.349698999999999982e+00
1.726239888811669995e-02 -1.349245000000000028e+00
1.728240166782483295e-02 -1.175929999999999920e+00
1.730240444753296247e-02 -9.420749999999999957e-01
1.732240722724109200e-02 -7.502029999999999532e-01
1.734241000694922499e-02 -7.799209999999999754e-01
1.736241278665735452e-02 -9.932720000000000438e-01
1.738241556636548404e-02 -1.211489000000000038e+00
1.740241834607361704e-02 -1.354824999999999946e+00
1.742242112578174656e-02 -1.387334000000000067e+00
1.744242390548987609e-02 -1.367542999999999953e+00
1.746242668519800909e-02 -1.227127000000000079e+00
1.748242946490613861e-02 -1.070618000000000070e+00
1.750243224461426814e-02 -9.162500000000000089e-01
1.752243502432239766e-02 -8.742680000000000451e-01
1.754243780403053066e-02 -9.807479999999999531e-01
1.756244058373866018e-02 -1.152635999999999994e+00
1.758244336344678971e-02 -1.342756000000000061e+00
1.760244614315492270e-02 -1.380066999999999933e+00
1.762244892286305223e-02 -1.251069999999999904e+00
1.764245170257118175e-02 -1.070812000000000097e+00
1.766245448227931475e-02 -9.631640000000000201e-01
1.768245726198744427e-02 -9.943750000000000089e-01
1.770246004169557380e-02 -1.149002000000000079e+00
1.772246282140370680e-02 -1.255093000000000014e+00
1.774246560111183632e-02 -1.295582999999999929e+00
1.776246838081996585e-02 -1.228814000000000073e+00
1.778247116052809537e-02 -1.129536000000000096e+00
1.780247394023622837e-02 -1.048426000000000080e+00
1.782247671994435789e-02 -9.642669999999999852e-01
1.784247949965248742e-02 -9.379229999999999512e-01
1.786248227936062041e-02 -1.004691999999999918e+00
1.788248505906874994e-02 -1.216744999999999965e+00
1.790248783877687946e-02 -1.449495999999999896e+00
1.792249061848501246e-02 -1.536251000000000033e+00
1.794249339819314198e-02 -1.402972000000000108e+00
1.796249617790127151e-02 -1.107928000000000024e+00
1.798249895760940451e-02 -8.727110000000000145e-01
1.800250173731753403e-02 -7.706420000000000492e-01
1.802250451702566356e-02 -8.413699999999999513e-01
1.804250729673379308e-02 -9.892490000000000450e-01
1.806251007644192608e-02 -1.169701000000000102e+00
1.808251285615005560e-02 -1.275014000000000092e+00
1.810251563585818513e-02 -1.308041000000000009e+00
1.812251841556631812e-02 -1.299995000000000012e+00
1.814252119527444765e-02 -1.206557000000000102e+00
1.816252397498257717e-02 -1.059587000000000057e+00
1.818252675469071017e-02 -9.638130000000000308e-01
1.820252953439883969e-02 -1.008974000000000038e+00
1.822253231410696922e-02 -1.163276999999999894e+00
1.824253509381510222e-02 -1.358135000000000092e+00
1.826253787352323174e-02 -1.450339999999999963e+00
1.828254065323136127e-02 -1.340095999999999954e+00
1.830254343293949079e-02 -1.145173999999999914e+00
1.832254621264762379e-02 -9.883399999999999963e-01
1.834254899235575331e-02 -9.564799999999999969e-01
1.836255177206388284e-02 -9.981379999999999697e-01
1.838255455177201583e-02 -1.053811999999999971e+00
1.840255733148014536e-02 -1.102802000000000060e+00
1.842256011118827488e-02 -1.192217000000000082e+00
1.844256289089640788e-02 -1.300319999999999920e+00
1.846256567060453740e-02 -1.372020999999999935e+00
1.848256845031266693e-02 -1.313426999999999900e+00
1.850257123002079993e-02 -1.178719999999999990e+00
1.852257400972892945e-02 -1.024157999999999902e+00
1.854257678943705898e-02 -9.482399999999999718e-01
1.856257956914518850e-02 -9.589459999999999651e-01
1.858258234885332150e-02 -1.014555000000000096e+00
1.860258512856145102e-02 -1.065296999999999938e+00
1.862258790826958055e-02 -1.142188999999999899e+00
1.864259068797771354e-02 -1.234329000000000010e+00
1.866259346768584307e-02 -1.325042000000000053e+00
1.868259624739397259e-02 -1.386036000000000046e+00
1.870259902710210559e-02 -1.323614000000000068e+00
1.872260180681023511e-02 -1.190660000000000052e+00
1.874260458651836464e-02 -1.045700999999999992e+00
1.876260736622649763e-02 -9.835390000000000521e-01
1.878261014593462716e-02 -9.996310000000000473e-01
1.880261292564275669e-02 -1.074446000000000012e+00
1.882261570535088621e-02 -1.135310999999999959e+00
1.884261848505901921e-02 -1.176060000000000105e+00
1.886262126476714873e-02 -1.202404000000000028e+00
1.888262404447527826e-02 -1.181251000000000051e+00
1.890262682418341125e-02 -1.115779000000000076e+00
1.892262960389154078e-02 -1.053422000000000081e+00
1.894263238359967030e-02 -1.011246000000000089e+00
1.896263516330780330e-02 -1.002421000000000006e+00
1.898263794301593282e-02 -1.088527000000000022e+00
1.900264072272406235e-02 -1.226607000000000003e+00
1.902264350243219534e-02 -1.284747000000000083e+00
1.904264628214032487e-02 -1.249837000000000087e+00
1.906264906184845440e-02 -1.156852999999999909e+00
1.908265184155658392e-02 -1.077301000000000064e+00
1.910265462126471692e-02 -1.064063999999999899e+00
1.912265740097284644e-02 -1.067307999999999923e+00
1.914266018068097597e-02 -1.143486000000000002e+00
1.916266296038910896e-02 -1.217977000000000087e+00
1.918266574009723849e-02 -1.277285000000000004e+00
1.920266851980536801e-02 -1.296037000000000106e+00
1.922267129951350101e-02 -1.247371999999999925e+00
1.924267407922163053e-02 -1.095339999999999980e+00
1.926267685892976006e-02 -8.994440000000000213e-01
1.928267963863789305e-02 -8.132089999999999597e-01
1.930268241834602258e-02 -8.551260000000000527e-01
1.932268519805415211e-02 -1.018253000000000075e+00
1.934268797776228163e-02 -1.166457000000000077e+00
1.936269075747041463e-02 -1.252887000000000084e+00
1.938269353717854415e-02 -1.272742999999999958e+00
1.940269631688667368e-02 -1.237249000000000043e+00
1.942269909659480667e-02 -1.198380999999999919e+00
1.944270187630293620e-02 -1.138295000000000057e+00
1.946270465601106572e-02 -1.136867999999999990e+00
1.948270743571919872e-02 -1.143875999999999893e+00
1.950271021542732824e-02 -1.206037999999999943e+00
1.952271299513545777e-02 -1.314464999999999995e+00
1.954271577484359076e-02 -1.354306000000000010e+00
1.956271855455172029e-02 -1.296297000000000033e+00
1.958272133425984982e-02 -1.160098000000000074e+00
1.960272411396797934e-02 -1.016501000000000099e+00
1.962272689367611234e-02 -9.458389999999999853e-01
1.964272967338424186e-02 -9.785420000000000229e-01
1.966273245309237139e-02 -1.091447000000000056e+00
1.968273523280050438e-02 -1.225438999999999945e+00
1.970273801250863391e-02 -1.256909999999999972e+00
1.972274079221676343e-02 -1.224984999999999991e+00
1.974274357192489643e-02 -1.140501999999999905e+00
1.976274635163302595e-02 -1.048815000000000053e+00
1.978274913134115548e-02 -9.481749999999999901e-01
1.980275191104928847e-02 -8.949669999999999570e-01
1.982275469075741800e-02 -9.455789999999999473e-01
1.984275747046554753e-02 -1.086580000000000101e+00
1.986276025017367705e-02 -1.306678999999999924e+00
1.988276302988181005e-02 -1.483433000000000002e+00
1.990276580958993957e-02 -1.511398999999999937e+00
1.992276858929806910e-02 -1.365790999999999977e+00
1.994277136900620209e-02 -1.161200999999999928e+00
1.996277414871433162e-02 -1.022535999999999889e+00
1.998277692842246114e-02 -9.365599999999999481e-01
2.000277970813059414e-02 -9.475909999999999611e-01
2.002278248783872366e-02 -9.754279999999999617e-01
2.004278526754685319e-02 -1.029284000000000088e+00
2.006278804725498618e-02 -1.094041999999999959e+00
2.008279082696311571e-02 -1.132649999999999935e+00
2.010279360667124524e-02 -1.159318999999999988e+00
2.012279638637937476e-02 -1.132584999999999953e+00
2.014279916608750776e-02 -1.078858000000000095e+00
2.016280194579563728e-02 -1.075418999999999903e+00
2.018280472550376681e-02 -1.128173000000000092e+00
2.020280750521189980e-02 -1.199939000000000089e+00
2.022281028492002933e-02 -1.231668999999999903e+00
2.024281306462815885e-02 -1.195721000000000034e+00
2.026281584433629185e-02 -1.124864000000000086e+00
2.028281862404442137e-02 -1.043819000000000052e+00
2.030282140375255090e-02 -1.035512999999999906e+00
2.032282418346068389e-02 -1.046804000000000068e+00
2.034282696316881342e-02 -1.071201999999999988e+00
2.036282974287694295e-02 -1.102867000000000042e+00
2.038283252258507247e-02 -1.106824999999999948e+00
2.040283530229320547e-02 -1.146276999999999990e+00
2.042283808200133499e-02 -1.199939000000000089e+00
2.044284086170946452e-02 -1.197667999999999955e+00
2.046284364141759751e-02 -1.161979000000000095e+00
2.048284642112572704e-02 -1.106370999999999993e+00
2.050284920083385656e-02 -1.070683000000000051e+00
2.052285198054198956e-02 -1.055887999999999938e+00
2.054285476025011908e-02 -1.052383999999999986e+00
2.056285753995824861e-02 -1.049658999999999898e+00
2.058286031966638160e-02 -1.050308000000000019e+00
2.060286309937451113e-02 -1.092419999999999947e+00
2.062286587908264066e-02 -1.169896000000000047e+00
2.064286865879077018e-02 -1.247695999999999916e+00
2.066287143849890318e-02 -1.300708999999999893e+00
2.068287421820703270e-02 -1.243867999999999974e+00
2.070287699791516223e-02 -1.167948999999999904e+00
2.072287977762329522e-02 -1.108576999999999924e+00
2.074288255733142475e-02 -1.062052999999999914e+00
2.076288533703955427e-02 -1.073666999999999927e+00
2.078288811674768727e-02 -1.101569000000000020e+00
2.080289089645581679e-02 -1.117596000000000034e+00
2.082289367616394632e-02 -1.143162000000000011e+00
2.084289645587207931e-02 -1.143032000000000048e+00
2.086289923558020884e-02 -1.145887000000000100e+00
2.088290201528833837e-02 -1.102282999999999902e+00
2.090290479499646789e-02 -1.082686999999999955e+00
2.092290757470460089e-02 -1.102087999999999957e+00
2.094291035441273041e-02 -1.178590999999999944e+00
2.096291313412085994e-02 -1.256065999999999905e+00
2.098291591382899293e-02 -1.282216000000000022e+00
2.100291869353712246e-02 -1.209346999999999950e+00
2.102292147324525198e-02 -1.082297000000000065e+00
2.104292425295338498e-02 -9.582319999999999727e-01
2.106292703266151450e-02 -9.063219999999999610e-01
2.108292981236964403e-02 -9.680299999999999461e-01
2.110293259207777702e-02 -1.067179000000000100e+00
2.112293537178590655e-02 -1.203248000000000095e+00
2.114293815149403608e-02 -1.307846999999999982e+00
2.116294093120216560e-02 -1.376627999999999963e+00
2.118294371091029860e-02 -1.337499999999999911e+00
2.120294649061842812e-02 -1.199874000000000107e+00
2.122294927032655765e-02 -1.004691999999999918e+00
2.124295205003469064e-02 -8.941879999999999828e-01
2.126295482974282017e-02 -8.790689999999999893e-01
2.128295760945094969e-02 -9.788019999999999499e-01
2.130296038915908269e-02 -1.128108000000000111e+00
2.132296316886721221e-02 -1.227710999999999997e+00
2.134296594857534174e-02 -1.260089000000000015e+00
2.136296872828347473e-02 -1.224012000000000100e+00
2.138297150799160426e-02 -1.166131999999999946e+00
2.140297428769973379e-02 -1.113898000000000055e+00
2.142297706740786331e-02 -1.094560999999999895e+00
2.144297984711599631e-02 -1.095404999999999962e+00
2.146298262682412583e-02 -1.139593000000000078e+00
2.148298540653225536e-02 -1.204545999999999895e+00
2.150298818624038835e-02 -1.244256999999999946e+00
2.152299096594851788e-02 -1.251004999999999923e+00
2.154299374565664740e-02 -1.138230999999999993e+00
2.156299652536478040e-02 -1.040380000000000082e+00
2.158299930507290992e-02 -9.296820000000000084e-01
2.160300208478103945e-02 -9.381819999999999604e-01
2.162300486448917244e-02 -1.015527999999999986e+00
2.164300764419730197e-02 -1.094495999999999913e+00
2.166301042390543150e-02 -1.171129000000000087e+00
2.168301320361356102e-02 -1.182484000000000091e+00
2.170301598332169402e-02 -1.175735999999999892e+00
2.172301876302982354e-02 -1.130832999999999977e+00
2.174302154273795307e-02 -1.103126000000000051e+00
2.176302432244608606e-02 -1.033566999999999902e+00
2.178302710215421559e-02 -9.927529999999999966e-01
2.180302988186234511e-02 -1.008715000000000028e+00
2.182303266157047811e-02 -1.079506999999999994e+00
2.184303544127860763e-02 -1.163211999999999913e+00
2.186303822098673716e-02 -1.203961999999999977e+00
2.188304100069487015e-02 -1.204804999999999904e+00
2.190304378040299968e-02 -1.159578999999999915e+00
2.192304656011112921e-02 -1.122074000000000016e+00
2.194304933981925873e-02 -1.114027000000000100e+00
2.196305211952739173e-02 -1.083984999999999976e+00
2.198305489923552125e-02 -1.084438999999999931e+00
2.200305767894365078e-02 -1.050567000000000029e+00
2.202306045865178377e-02 -1.034021000000000079e+00
2.204306323835991330e-02 -1.061144000000000087e+00
2.206306601806804282e-02 -1.079506999999999994e+00
2.208306879777617582e-02 -1.099687000000000081e+00
2.210307157748430534e-02 -1.090214000000000016e+00
2.212307435719243487e-02 -1.112794999999999979e+00
2.214307713690056786e-02 -1.122203000000000062e+00
2.216307991660869739e-02 -1.166066999999999965e+00
2.218308269631682692e-02 -1.198771000000000031e+00
2.220308547602495644e-02 -1.185143999999999975e+00
2.222308825573308944e-02 -1.148417999999999939e+00
2.224309103544121896e-02 -1.129925000000000068e+00
2.226309381514934849e-02 -1.076847000000000110e+00
2.228309659485748148e-02 -1.085801000000000016e+00
2.230309937456561101e-02 -1.049658999999999898e+00
2.232310215427374053e-02 -1.056926000000000032e+00
2.234310493398187353e-02 -1.068346999999999936e+00
2.236310771369000305e-02 -1.098389999999999977e+00
2.238311049339813258e-02 -1.134012999999999938e+00
2.240311327310626557e-02 -1.170285000000000020e+00
2.242311605281439510e-02 -1.165742999999999974e+00
2.244311883252252462e-02 -1.131871999999999989e+00
2.246312161223065415e-02 -1.087358999999999964e+00
2.248312439193878715e-02 -1.050437999999999983e+00
2.250312717164691667e-02 -1.003524000000000083e+00
2.252312995135504620e-02 -1.011115999999999904e+00
2.254313273106317919e-02 -1.048426000000000080e+00
2.256313551077130872e-02 -1.080934999999999979e+00
2.258313829047943824e-02 -1.135829999999999895e+00
2.260314107018757124e-02 -1.203702000000000050e+00
2.262314384989570076e-02 -1.210061000000000053e+00
2.264314662960383029e-02 -1.169766000000000084e+00
2.266314940931196328e-02 -1.110263999999999918e+00
2.268315218902009281e-02 -1.071914999999999951e+00
2.270315496872822233e-02 -1.066788999999999987e+00
2.272315774843635186e-02 -1.083401000000000058e+00
2.274316052814448486e-02 -1.124538999999999955e+00
2.276316330785261438e-02 -1.149261000000000088e+00
2.278316608756074391e-02 -1.153543999999999903e+00
2.280316886726887690e-02 -1.153089999999999948e+00
2.282317164697700643e-02 -1.104683999999999999e+00
2.284317442668513595e-02 -1.037265000000000104e+00
2.286317720639326895e-02 -9.906760000000000010e-01
2.288317998610139847e-02 -9.889240000000000252e-01
2.290318276580952800e-02 -1.060885000000000078e+00
2.292318554551766099e-02 -1.145237999999999978e+00
2.294318832522579052e-02 -1.229657000000000000e+00
2.296319110493392004e-02 -1.247954999999999925e+00
2.298319388464204957e-02 -1.172555999999999932e+00
2.300319666435018257e-02 -1.075159999999999894e+00
2.302319944405831209e-02 -1.007222000000000062e+00
2.304320222376644162e-02 -9.790609999999999591e-01
2.306320500347457461e-02 -1.003589000000000064e+00
2.308320778318270414e-02 -1.079831999999999903e+00
2.310321056289083366e-02 -1.171842000000000050e+00
2.312321334259896666e-02 -1.256844999999999990e+00
2.314321612230709618e-02 -1.291041000000000105e+00
2.316321890201522571e-02 -1.254834000000000005e+00
2.318322168172335870e-02 -1.151143000000000027e+00
2.320322446143148823e-02 -1.060820000000000096e+00
2.322322724113961775e-02 -9.856800000000000006e-01
2.324323002084774728e-02 -1.025325999999999960e+00
2.326323280055588028e-02 -1.091447000000000056e+00
2.328323558026400980e-02 -1.130055000000000032e+00
2.330323835997213933e-02 -1.134208000000000105e+00
2.332324113968027232e-02 -1.097676000000000096e+00
2.334324391938840185e-02 -1.060559999999999947e+00
2.336324669909653137e-02 -1.029544000000000015e+00
2.338324947880466437e-02 -1.027597000000000094e+00
2.340325225851279389e-02 -1.048037000000000107e+00
2.342325503822092342e-02 -1.080740000000000034e+00
2.344325781792905641e-02 -1.127588999999999952e+00
2.346326059763718594e-02 -1.187025999999999915e+00
2.348326337734531546e-02 -1.207465999999999928e+00
2.350326615705344499e-02 -1.167105999999999977e+00
2.352326893676157799e-02 -1.105656999999999890e+00
2.354327171646970751e-02 -1.045182000000000055e+00
2.356327449617783704e-02 -1.031749999999999945e+00
2.358327727588597003e-02 -1.069774000000000003e+00
2.360328005559409956e-02 -1.110263999999999918e+00
2.362328283530222908e-02 -1.141151000000000026e+00
2.364328561501036208e-02 -1.142967000000000066e+00
2.366328839471849160e-02 -1.096767000000000047e+00
2.368329117442662113e-02 -1.066724000000000006e+00
2.370329395413475412e-02 -1.074834999999999985e+00
2.372329673384288365e-02 -1.047711999999999977e+00
2.374329951355101317e-02 -1.034410000000000052e+00
2.376330229325914270e-02 -1.044208000000000025e+00
2.378330507296727570e-02 -1.062052999999999914e+00
2.380330785267540522e-02 -1.102867000000000042e+00
2.382331063238353475e-02 -1.110328999999999899e+00
2.384331341209166774e-02 -1.117272000000000043e+00
2.386331619179979727e-02 -1.099687000000000081e+00
2.388331897150792679e-02 -1.095404999999999962e+00
2.390332175121605979e-02 -1.108187999999999951e+00
2.392332453092418931e-02 -1.139853000000000005e+00
2.394332731063231884e-02 -1.126225999999999949e+00
2.396333009034045183e-02 -1.127005000000000035e+00
2.398333287004858136e-02 -1.108316999999999997e+00
2.400333564975671088e-02 -1.109809999999999963e+00
2.402333842946484041e-02 -1.095210000000000017e+00
2.404334120917297341e-02 -1.080155999999999894e+00
2.406334398888110293e-02 -1.055109999999999992e+00
2.408334676858923246e-02 -1.015463000000000005e+00
2.410334954829736545e-02 -9.969050000000000411e-01
2.412335232800549498e-02 -1.010337000000000041e+00
2.414335510771362450e-02 -1.011894000000000071e+00
2.416335788742175750e-02 -1.044987000000000110e+00
2.418336066712988702e-02 -1.074251000000000067e+00
2.420336344683801655e-02 -1.101310000000000011e+00
2.422336622654614954e-02 -1.113378999999999897e+00
2.424336900625427907e-02 -1.083660000000000068e+00
2.426337178596240859e-02 -1.046543999999999919e+00
2.428337456567053812e-02 -9.907409999999999828e-01
2.430337734537867111e-02 -9.669919999999999627e-01
2.432338012508680064e-02 -1.015139000000000014e+00
2.434338290479493017e-02 -9.977489999999999970e-01
2.436338568450306316e-02 -1.211359000000000075e+00
2.438338846421119269e-02 -1.159383999999999970e+00
2.440339124391932221e-02 -1.196565000000000101e+00
2.442339402362745521e-02 -1.185988000000000042e+00
2.444339680333558473e-02 -1.088462000000000041e+00
2.446339958304371426e-02 -9.560910000000000242e-01
2.448340236275184725e-02 -8.789400000000000546e-01
2.450340514245997678e-02 -9.982680000000000442e-01
2.452340792216810630e-02 -9.160549999999999526e-01
2.454341070187623583e-02 -1.119024000000000019e+00
2.456341348158436882e-02 -1.097480999999999929e+00
2.458341626129249835e-02 -1.008715000000000028e+00
2.460341904100062788e-02 -1.139138999999999902e+00
2.462342182070876087e-02 -1.149845000000000006e+00
2.464342460041689040e-02 -1.037978999999999985e+00
2.466342738012501992e-02 -1.063285000000000036e+00
2.468343015983315292e-02 -1.029997999999999969e+00
2.470343293954128244e-02 -1.000409000000000104e+00
2.472343571924941197e-02 -1.072953999999999963e+00
2.474343849895754496e-02 -1.090797999999999934e+00
2.476344127866567449e-02 -1.103450999999999960e+00
2.478344405837380401e-02 -1.161915000000000031e+00
2.480344683808193354e-02 -1.084632999999999958e+00
2.482344961779006653e-02 -9.998249999999999638e-01
2.484345239749819606e-02 -9.639419999999999655e-01
2.486345517720632559e-02 -1.026494000000000018e+00
2.488345795691445858e-02 -1.119607999999999937e+00
2.490346073662258811e-02 -1.207985000000000086e+00
2.492346351633071763e-02 -1.168663000000000007e+00
2.494346629603885063e-02 -1.081453999999999915e+00
2.496346907574698015e-02 -1.018901999999999974e+00
2.498347185545510968e-02 -1.018966999999999956e+00
2.500347463516324267e-02 -1.017214999999999980e+00
2.502347741487137220e-02 -1.049593999999999916e+00
2.504348019457950172e-02 -1.015463000000000005e+00
2.506348297428763125e-02 -1.068540999999999963e+00
2.508348575399576424e-02 -1.120192000000000077e+00
2.510348853370389377e-02 -1.185534000000000088e+00
2.512349131341202330e-02 -1.151467999999999936e+00
2.514349409312015629e-02 -1.092030999999999974e+00
2.516349687282828582e-02 -1.053293000000000035e+00
2.518349965253641534e-02 -1.065881000000000078e+00
2.520350243224454834e-02 -1.108707000000000109e+00
2.522350521195267786e-02 -1.127783999999999898e+00
2.524350799166080739e-02 -1.109031000000000100e+00
2.526351077136894038e-02 -1.092614999999999892e+00
2.528351355107706991e-02 -1.083140999999999909e+00
2.530351633078519943e-02 -1.077755000000000019e+00
2.532351911049332896e-02 -1.045895999999999937e+00
2.534352189020146195e-02 -1.025131000000000014e+00
2.536352466990959148e-02 -1.018707999999999947e+00
2.538352744961772101e-02 -1.049528999999999934e+00
2.540353022932585400e-02 -1.111820999999999948e+00
2.542353300903398353e-02 -1.151726999999999945e+00
2.544353578874211305e-02 -1.149391000000000052e+00
2.546353856845024605e-02 -1.106500999999999957e+00
2.548354134815837557e-02 -1.061663000000000023e+00
2.550354412786650510e-02 -1.037201000000000040e+00
2.552354690757463809e-02 -1.001447999999999894e+00
2.554354968728276762e-02 -1.020070000000000032e+00
2.556355246699089714e-02 -1.025844999999999896e+00
2.558355524669902667e-02 -1.051671000000000022e+00
2.560355802640715966e-02 -1.108187999999999951e+00
2.562356080611528919e-02 -1.130379000000000023e+00
2.564356358582341872e-02 -1.158994999999999997e+00
2.566356636553155171e-02 -1.129470999999999892e+00
2.568356914523968124e-02 -1.099298000000000108e+00
2.570357192494781076e-02 -1.093263000000000096e+00
2.572357470465594376e-02 -1.094821000000000044e+00
2.574357748436407328e-02 -1.077236000000000082e+00
2.576358026407220281e-02 -1.063479999999999981e+00
2.578358304378033580e-02 -1.051476000000000077e+00
2.580358582348846533e-02 -1.066918999999999951e+00
2.582358860319659485e-02 -1.068931000000000076e+00
2.584359138290472438e-02 -1.087034000000000056e+00
2.586359416261285737e-02 -1.074122000000000021e+00
2.588359694232098690e-02 -1.065492000000000106e+00
2.590359972202911643e-02 -1.086384999999999934e+00
2.592360250173724942e-02 -1.106176000000000048e+00
2.594360528144537895e-02 -1.138684999999999947e+00
2.596360806115350847e-02 -1.142123999999999917e+00
2.598361084086164147e-02 -1.130444000000000004e+00
2.600361362056977099e-02 -1.129405999999999910e+00
2.602361640027790052e-02 -1.127912999999999943e+00
2.604361917998603351e-02 -1.107148999999999939e+00
2.606362195969416304e-02 -1.056341999999999892e+00
2.608362473940229256e-02 -1.003069999999999906e+00
2.610362751911042209e-02 -9.884699999999999598e-01
2.612363029881855508e-02 -1.020459999999999923e+00
2.614363307852668461e-02 -1.078988000000000058e+00
2.616363585823481414e-02 -1.126616000000000062e+00
2.618363863794294713e-02 -1.167559999999999931e+00
2.620364141765107666e-02 -1.187805000000000000e+00
2.622364419735920618e-02 -1.182549000000000072e+00
2.624364697706733918e-02 -1.147250000000000103e+00
2.626364975677546870e-02 -1.086580000000000101e+00
2.628365253648359823e-02 -1.036486999999999936e+00
2.630365531619173122e-02 -1.016177000000000108e+00
2.632365809589986075e-02 -1.045571000000000028e+00
2.634366087560799027e-02 -1.091121999999999925e+00
2.636366365531611980e-02 -1.125123000000000095e+00
2.638366643502425279e-02 -1.129340999999999928e+00
2.640366921473238232e-02 -1.098648999999999987e+00
2.642367199444051185e-02 -1.092939000000000105e+00
2.644367477414864484e-02 -1.089695000000000080e+00
2.646367755385677437e-02 -1.091382000000000074e+00
2.648368033356490389e-02 -1.089564999999999895e+00
2.650368311327303689e-02 -1.102802000000000060e+00
2.652368589298116641e-02 -1.134921000000000069e+00
2.654368867268929594e-02 -1.154906999999999906e+00
2.656369145239742893e-02 -1.128692000000000029e+00
2.658369423210555846e-02 -1.066076000000000024e+00
2.660369701181368798e-02 -1.005730000000000013e+00
2.662369979152181751e-02 -1.008974000000000038e+00
2.664370257122995050e-02 -1.031555000000000000e+00
2.666370535093808003e-02 -1.106565000000000021e+00
2.668370813064620956e-02 -1.132455999999999907e+00
2.670371091035434255e-02 -1.145108999999999932e+00
2.672371369006247208e-02 -1.134401999999999910e+00
2.674371646977060160e-02 -1.106565000000000021e+00
2.676371924947873460e-02 -1.086060999999999943e+00
2.678372202918686412e-02 -1.059522000000000075e+00
2.680372480889499365e-02 -1.032594000000000012e+00
2.682372758860312664e-02 -1.029803000000000024e+00
2.684373036831125617e-02 -1.067372999999999905e+00
2.686373314801938569e-02 -1.132455999999999907e+00
2.688373592772751522e-02 -1.149067000000000061e+00
2.690373870743564821e-02 -1.123566000000000065e+00
2.692374148714377774e-02 -1.066464999999999996e+00
2.694374426685190727e-02 -1.045895999999999937e+00
2.696374704656004026e-02 -1.060559999999999947e+00
2.698374982626816979e-02 -1.071072000000000024e+00
2.700375260597629931e-02 -1.102997000000000005e+00
2.702375538568443231e-02 -1.101893999999999929e+00
2.704375816539256183e-02 -1.100854999999999917e+00
2.706376094510069136e-02 -1.122916999999999943e+00
2.708376372480882435e-02 -1.127523999999999971e+00
2.710376650451695388e-02 -1.118699000000000110e+00
2.712376928422508340e-02 -1.074186000000000085e+00
2.714377206393321293e-02 -1.038303999999999894e+00
2.716377484364134592e-02 -1.045830999999999955e+00
2.718377762334947545e-02 -1.065361999999999920e+00
2.720378040305760498e-02 -1.095534999999999926e+00
2.722378318276573797e-02 -1.094560999999999895e+00
2.724378596247386750e-02 -1.090862999999999916e+00
2.726378874218199702e-02 -1.069709000000000021e+00
2.728379152189013002e-02 -1.068475999999999981e+00
2.730379430159825954e-02 -1.075938000000000061e+00
2.732379708130638907e-02 -1.053876999999999953e+00
2.734379986101452206e-02 -1.050308000000000019e+00
2.736380264072265159e-02 -1.044467999999999952e+00
2.738380542043078111e-02 -1.081193999999999988e+00
2.740380820013891064e-02 -1.101374000000000075e+00
2.742381097984704363e-02 -1.109939999999999927e+00
2.744381375955517316e-02 -1.098584000000000005e+00
2.746381653926330269e-02 -1.086775000000000047e+00
2.748381931897143568e-02 -1.073277999999999954e+00
2.750382209867956521e-02 -1.092743999999999938e+00
2.752382487838769473e-02 -1.073666999999999927e+00
2.754382765809582773e-02 -1.062896000000000063e+00
2.756383043780395725e-02 -1.059391999999999889e+00
2.758383321751208678e-02 -1.066464999999999996e+00
2.760383599722021977e-02 -1.097610999999999892e+00
2.762383877692834930e-02 -1.110783000000000076e+00
2.764384155663647882e-02 -1.089045999999999959e+00
2.766384433634460835e-02 -1.065881000000000078e+00
2.768384711605274134e-02 -1.054135999999999962e+00
2.770384989576087087e-02 -1.065685999999999911e+00
2.772385267546900040e-02 -1.048361000000000098e+00
2.774385545517713339e-02 -1.041287999999999991e+00
2.776385823488526292e-02 -1.044078999999999979e+00
2.778386101459339244e-02 -1.071525999999999978e+00
2.780386379430152544e-02 -1.081388999999999934e+00
2.782386657400965496e-02 -1.100854999999999917e+00
2.784386935371778449e-02 -1.090084000000000053e+00
2.786387213342591748e-02 -1.073666999999999927e+00
2.788387491313404701e-02 -1.078014999999999946e+00
2.790387769284217653e-02 -1.076586999999999961e+00
2.792388047255030606e-02 -1.100141999999999953e+00
2.794388325225843905e-02 -1.122916999999999943e+00
2.796388603196656858e-02 -1.115974000000000022e+00
2.798388881167469810e-02 -1.114611000000000018e+00
2.800389159138283110e-02 -1.083855000000000013e+00
2.802389437109096063e-02 -1.092808999999999919e+00
2.804389715079909015e-02 -1.060689999999999911e+00
2.806389993050722315e-02 -1.037136000000000058e+00
2.808390271021535267e-02 -1.047517999999999949e+00
2.810390548992348220e-02 -1.061468999999999996e+00
2.812390826963161519e-02 -1.071785999999999905e+00
2.814391104933974472e-02 -1.107278999999999902e+00
2.816391382904787424e-02 -1.102802000000000060e+00
2.818391660875600377e-02 -1.094171999999999922e+00
2.820391938846413676e-02 -1.066659999999999942e+00
2.822392216817226629e-02 -1.055822999999999956e+00
2.824392494788039581e-02 -1.036421999999999954e+00
2.826392772758852881e-02 -1.065296999999999938e+00
2.828393050729665834e-02 -1.078468999999999900e+00
2.830393328700478786e-02 -1.119218000000000046e+00
2.832393606671292086e-02 -1.125318000000000040e+00
2.834393884642105038e-02 -1.141928999999999972e+00
2.836394162612917991e-02 -1.106306000000000012e+00
2.838394440583731290e-02 -1.065946000000000060e+00
2.840394718554544243e-02 -1.050502999999999965e+00
2.842394996525357195e-02 -1.039406999999999970e+00
2.844395274496170148e-02 -1.048491000000000062e+00
2.846395552466983447e-02 -1.067957000000000045e+00
2.848395830437796400e-02 -1.083790000000000031e+00
2.850396108408609352e-02 -1.080221000000000098e+00
2.852396386379422652e-02 -1.078273999999999955e+00
2.854396664350235605e-02 -1.055239000000000038e+00
2.856396942321048557e-02 -1.011309999999999931e+00
2.858397220291861857e-02 -9.955429999999999557e-01
2.860397498262674809e-02 -1.001772000000000107e+00
2.862397776233487762e-02 -1.020005000000000051e+00
2.864398054204301061e-02 -1.075094999999999912e+00
2.866398332175114014e-02 -1.088008000000000086e+00
2.868398610145926966e-02 -1.098973999999999895e+00
2.870398888116739919e-02 -1.107798000000000060e+00
2.872399166087553218e-02 -1.088136999999999910e+00
2.874399444058366171e-02 -1.065492000000000106e+00
2.876399722029179123e-02 -1.050178000000000056e+00
