# time(s), 	 	 acceleration(g)
0.000000000000000000e+00 6.255906000000000411e+00
2.000277970813059281e-05 6.483401999999999887e+00
4.000555941626118562e-05 6.719852000000000380e+00
6.000833912439177504e-05 6.964413999999999660e+00
8.001111883252237124e-05 7.235383999999999816e+00
1.000138985406529674e-04 7.497724999999999973e+00
1.200166782487835501e-04 7.823654999999999582e+00
1.400194579569141598e-04 8.156463999999999714e+00
1.600222376650447425e-04 8.525738999999999734e+00
1.800250173731753251e-04 8.897935000000000372e+00
2.000277970813059349e-04 9.315096999999999738e+00
2.200305767894365175e-04 9.722460999999999132e+00
2.400333564975671002e-04 1.019374000000000002e+01
2.600361362056977099e-04 1.071627999999999936e+01
2.800389159138283197e-04 1.126386600000000016e+01
3.000416956219588752e-04 1.189184799999999953e+01
3.200444753300894850e-04 1.258731399999999923e+01
3.400472550382200947e-04 1.333683000000000085e+01
3.600500347463506503e-04 1.420632400000000040e+01
3.800528144544812600e-04 1.522006299999999968e+01
4.000555941626118698e-04 1.630809800000000109e+01
4.200583738707424253e-04 1.753187899999999999e+01
4.400611535788730351e-04 1.898360900000000129e+01
4.600639332870036448e-04 2.064031900000000164e+01
4.800667129951342003e-04 2.253257100000000079e+01
5.000694927032648101e-04 2.495514999999999972e+01
5.200722724113954198e-04 2.779320399999999935e+01
5.400750521195260296e-04 3.162773599999999874e+01
5.600778318276566393e-04 3.698057399999999717e+01
5.800806115357871407e-04 4.516192699999999860e+01
6.000833912439177504e-04 5.858334299999999928e+01
6.200861709520483602e-04 8.061917200000000605e+01
6.400889506601789699e-04 1.144396270000000015e+02
6.600917303683095797e-04 1.636603760000000136e+02
6.800945100764401894e-04 2.264663170000000036e+02
7.000972897845707992e-04 3.022031880000000115e+02
7.201000694927013005e-04 3.815411920000000237e+02
7.401028492008319103e-04 4.523542630000000031e+02
7.601056289089625200e-04 4.996229979999999955e+02
7.801084086170931298e-04 5.133471140000000332e+02
8.001111883252237395e-04 4.936456820000000221e+02
8.201139680333543493e-04 4.517428269999999770e+02
8.401167477414848506e-04 4.009847609999999918e+02
8.601195274496154604e-04 3.505583359999999971e+02
8.801223071577460701e-04 3.020982000000000198e+02
9.001250868658766799e-04 2.602843710000000215e+02
9.201278665740072896e-04 2.150766610000000014e+02
9.401306462821378994e-04 1.646928670000000068e+02
9.601334259902684007e-04 1.109444569999999999e+02
9.801362056983990104e-04 6.429397099999999909e+01
1.000138985406529620e-03 2.573711000000000126e+01
1.020141765114660230e-03 1.119663000000000075e+00
1.040144544822790840e-03 -9.071194000000000202e+00
1.060147324530921449e-03 -5.465519999999999712e+00
1.080150104239052059e-03 7.141880999999999702e+00
1.100152883947182669e-03 3.156070700000000073e+01
1.120155663655313279e-03 5.269070599999999871e+01
1.140158443363443888e-03 6.852561599999999942e+01
1.160161223071574281e-03 7.060532800000000009e+01
1.180164002779704891e-03 5.519945500000000038e+01
1.200166782487835501e-03 2.751944299999999899e+01
1.220169562195966111e-03 -3.535632999999999804e+00
1.240172341904096720e-03 -2.744320899999999952e+01
1.260175121612227330e-03 -4.131286899999999918e+01
1.280177901320357940e-03 -3.489678299999999922e+01
1.300180681028488550e-03 -2.181609200000000115e+01
1.320183460736619159e-03 -5.467596000000000345e+00
1.340186240444749769e-03 1.572287700000000044e+01
1.360189020152880379e-03 2.862941000000000003e+01
1.380191799861010989e-03 2.939631699999999981e+01
1.400194579569141598e-03 1.476325399999999988e+01
1.420197359277271991e-03 5.287969999999999615e-01
1.440200138985402601e-03 -9.853998000000000701e+00
1.460202918693533211e-03 -1.322698500000000088e+01
1.480205698401663821e-03 -3.507341999999999960e+00
1.500208478109794430e-03 1.806562999999999919e+00
1.520211257817925040e-03 1.868233599999999939e+01
1.540214037526055650e-03 2.697289500000000118e+01
1.560216817234186260e-03 2.974210300000000018e+01
1.580219596942316869e-03 2.708521500000000160e+01
1.600222376650447479e-03 1.183935400000000016e+01
1.620225156358578089e-03 3.879268000000000161e+00
1.640227936066708699e-03 3.741317000000000004e+00
1.660230715774839308e-03 -5.379673000000000371e+00
1.680233495482969701e-03 -1.010000000000000047e-03
1.700236275191100311e-03 1.308551000000000020e+00
1.720239054899230921e-03 3.535233999999999988e+00
1.740241834607361530e-03 -4.247909999999999742e-01
1.760244614315492140e-03 -1.462732399999999977e+01
1.780247394023622750e-03 -2.025288499999999914e+01
1.800250173731753360e-03 -3.138454700000000130e+01
1.820252953439883969e-03 -2.931326999999999927e+01
1.840255733148014579e-03 -2.177878099999999861e+01
1.860258512856145189e-03 -1.171971100000000021e+01
1.880261292564275799e-03 1.273551699999999975e+01
1.900264072272406408e-03 2.542201599999999928e+01
1.920266851980536801e-03 3.644194199999999739e+01
1.940269631688667411e-03 4.242782299999999651e+01
1.960272411396798021e-03 3.234772900000000107e+01
1.980275191104928847e-03 2.013503899999999902e+01
2.000277970813059240e-03 4.896835000000000271e+00
2.020280750521190067e-03 -7.676694000000000351e+00
2.040283530229320460e-03 -1.764758300000000091e+01
2.060286309937450853e-03 -1.737213500000000010e+01
2.080289089645581679e-03 -1.598886099999999999e+01
2.100291869353712072e-03 -1.085495399999999933e+01
2.120294649061842899e-03 -5.207072000000000145e+00
2.140297428769973292e-03 -3.455699999999999744e-02
2.160300208478104118e-03 5.034260000000000401e-01
2.180302988186234511e-03 -3.467630999999999908e+00
2.200305767894365338e-03 -1.260646500000000003e+01
2.220308547602495731e-03 -2.068763200000000069e+01
2.240311327310626557e-03 -1.536756199999999950e+01
2.260314107018756950e-03 -1.002452199999999927e+01
2.280316886726887777e-03 -8.034679000000000570e+00
2.300319666435018170e-03 -1.079247999999999985e+00
2.320322446143148563e-03 8.009429000000000798e+00
2.340325225851279389e-03 1.436140600000000056e+01
2.360328005559409782e-03 1.726155699999999982e+01
2.380330785267540609e-03 1.833959899999999976e+01
2.400333564975671002e-03 1.234982499999999916e+01
2.420336344683801828e-03 5.245411999999999964e+00
2.440339124391932221e-03 6.168762000000000079e+00
2.460341904100063048e-03 -2.779237999999999875e+00
2.480344683808193441e-03 -6.363240000000000229e+00
2.500347463516324267e-03 -1.156677099999999925e+01
2.520350243224454660e-03 -1.563872699999999938e+01
2.540353022932585487e-03 -1.617009200000000035e+01
2.560355802640715880e-03 -1.428205700000000000e+01
2.580358582348846273e-03 -5.027788000000000146e+00
2.600361362056977099e-03 -3.363939999999999930e+00
2.620364141765107492e-03 -6.322231000000000378e+00
2.640366921473238319e-03 -5.747262000000000093e+00
2.660369701181368712e-03 -7.237599999999999589e+00
2.680372480889499538e-03 -8.342636000000000607e+00
2.700375260597629931e-03 -7.564763000000000126e+00
2.720378040305760758e-03 -1.003094600000000014e+01
2.740380820013891151e-03 -3.932484999999999786e+00
2.760383599722021977e-03 2.705440000000000067e-01
2.780386379430152370e-03 1.572268299999999996e+01
2.800389159138283197e-03 2.022964500000000143e+01
2.820391938846413590e-03 1.380882300000000029e+01
2.840394718554543983e-03 8.722284000000000148e+00
2.860397498262674809e-03 3.532379000000000158e+00
2.880400277970805202e-03 -1.070292999999999939e+00
2.900403057678936029e-03 -4.964133000000000351e+00
2.920405837387066422e-03 -1.096668999999999983e+01
2.940408617095197248e-03 -1.497187800000000024e+01
2.960411396803327641e-03 -1.064231700000000025e+01
2.980414176511458468e-03 -7.045598000000000027e+00
3.000416956219588861e-03 -6.986679999999999779e+00
3.020419735927719687e-03 -1.282909399999999955e+01
3.040422515635850080e-03 -1.584805500000000045e+01
3.060425295343980907e-03 -1.487032800000000066e+01
3.080428075052111300e-03 -1.478811600000000048e+01
3.100430854760241692e-03 -7.027948000000000306e+00
3.120433634468372519e-03 2.197369999999999879e-01
3.140436414176502912e-03 7.243300999999999767e+00
3.160439193884633739e-03 1.132602900000000012e+01
3.180441973592764131e-03 1.226709299999999914e+01
3.200444753300894958e-03 1.001069200000000059e+01
3.220447533009025351e-03 5.115181999999999896e+00
3.240450312717156178e-03 7.379940000000000389e-01
3.260453092425286570e-03 -4.171921000000000213e+00
3.280455872133417397e-03 -6.019984000000000002e+00
3.300458651841547790e-03 -2.276424000000000003e+00
3.320461431549678617e-03 1.897340999999999944e+00
3.340464211257809009e-03 5.426122999999999585e+00
3.360466990965939402e-03 7.548000000000000265e-01
3.380469770674070229e-03 -3.518632000000000204e+00
3.400472550382200622e-03 -1.036077000000000048e+01
3.420475330090331448e-03 -1.765731600000000157e+01
3.440478109798461841e-03 -1.907621299999999920e+01
3.460480889506592668e-03 -1.939883400000000080e+01
3.480483669214723061e-03 -1.553399899999999967e+01
3.500486448922853887e-03 -1.117173499999999997e+01
3.520489228630984280e-03 6.357319999999999638e-01
3.540492008339115107e-03 6.064422999999999675e+00
3.560494788047245500e-03 1.303912599999999955e+01
3.580497567755376326e-03 1.192338400000000043e+01
3.600500347463506719e-03 6.940210999999999686e+00
3.620503127171637112e-03 2.011023999999999923e+00
3.640505906879767939e-03 -3.461400999999999950e+00
3.660508686587898332e-03 -8.659699999999999342e-02
3.680511466296029158e-03 5.683129999999999571e-01
3.700514246004159551e-03 -4.205531999999999826e+00
3.720517025712290378e-03 -3.473535000000000039e+00
3.740519805420420771e-03 -1.710733999999999977e+00
3.760522585128551597e-03 -1.606395000000000017e+00
3.780525364836681990e-03 -2.617289999999999894e-01
3.800528144544812817e-03 1.076513000000000053e+00
3.820530924252943210e-03 4.293239999999999834e-01
3.840533703961073603e-03 -6.336051999999999573e+00
3.860536483669204429e-03 -5.822011999999999965e+00
3.880539263377334822e-03 -1.015377900000000011e+01
3.900542043085465649e-03 -1.478324899999999964e+01
3.920544822793596042e-03 -1.527100899999999939e+01
3.940547602501726435e-03 -1.133888600000000046e+01
3.960550382209857695e-03 -6.716942000000000412e+00
3.980553161917988088e-03 2.915557000000000176e+00
4.000555941626118481e-03 1.209799600000000019e+01
4.020558721334248874e-03 1.324248399999999926e+01
4.040561501042380134e-03 1.191358600000000045e+01
4.060564280750510527e-03 8.573432000000000386e+00
4.080567060458640920e-03 3.558723000000000081e+00
4.100569840166771313e-03 1.771134999999999904e+00
4.120572619874901706e-03 -1.534953000000000012e+00
4.140575399583032966e-03 -2.521049999999999791e+00
4.160578179291163359e-03 -6.124387999999999721e+00
4.180580958999293752e-03 -6.108101999999999698e+00
4.200583738707424145e-03 -3.241692000000000018e+00
4.220586518415555405e-03 -4.916895000000000238e+00
4.240589298123685798e-03 -6.877019999999999911e+00
4.260592077831816191e-03 -7.305213000000000179e+00
4.280594857539946584e-03 -6.403665000000000163e+00
4.300597637248077844e-03 -6.250075999999999965e+00
4.320600416956208237e-03 -4.078027999999999764e+00
4.340603196664338630e-03 -1.871070999999999929e+00
4.360605976372469023e-03 -5.293250000000000455e-01
4.380608756080599415e-03 1.780089000000000032e+00
4.400611535788730676e-03 4.970093000000000316e+00
4.420614315496861069e-03 6.247340999999999589e+00
4.440617095204991462e-03 4.740390999999999799e+00
4.460619874913121854e-03 4.363523999999999958e+00
4.480622654621253115e-03 1.924839999999999884e-01
4.500625434329383508e-03 -4.623603000000000129e+00
4.520628214037513901e-03 -3.692336000000000062e+00
4.540630993745644294e-03 -3.236175999999999942e+00
4.560633773453775554e-03 1.062432000000000043e+00
4.580636553161905947e-03 4.258212000000000330e+00
4.600639332870036340e-03 3.158755999999999897e+00
4.620642112578166733e-03 2.214186999999999905e+00
4.640644892286297125e-03 -1.230175999999999936e+00
4.660647671994428386e-03 -6.018102999999999980e+00
4.680650451702558779e-03 -1.094865199999999916e+01
4.700653231410689172e-03 -1.524258900000000061e+01
4.720656011118819564e-03 -1.350379599999999947e+01
4.740658790826950825e-03 -6.509107000000000198e+00
4.760661570535081218e-03 2.550823999999999980e+00
4.780664350243211611e-03 8.237768000000000868e+00
4.800667129951342003e-03 1.012800900000000048e+01
4.820669909659473264e-03 8.362158000000000868e+00
4.840672689367603657e-03 5.638564999999999827e+00
4.860675469075734050e-03 4.171900000000000053e-01
4.880678248783864442e-03 -3.536151999999999962e+00
4.900681028491994835e-03 -6.567829999999999835e+00
4.920683808200126096e-03 -8.477083000000000368e+00
4.940686587908256489e-03 -5.385318999999999967e+00
4.960689367616386881e-03 2.014390000000000069e-01
4.980692147324517274e-03 1.245285999999999893e+00
5.000694927032648535e-03 7.132720000000000171e-01
5.020697706740778928e-03 -8.380609999999999449e-01
5.040700486448909320e-03 -1.770820000000000061e+00
5.060703266157039713e-03 2.500899999999999998e-02
5.080706045865170974e-03 1.778143000000000029e+00
5.100708825573301367e-03 1.516450999999999993e+00
5.120711605281431759e-03 -2.317756999999999845e+00
5.140714384989562152e-03 -7.121321000000000012e+00
5.160717164697692545e-03 -6.907646999999999871e+00
5.180719944405823806e-03 -6.813883999999999830e+00
5.200722724113954198e-03 -5.931671999999999834e+00
5.220725503822084591e-03 -1.205259000000000080e+00
5.240728283530214984e-03 -2.608199999999999963e-01
5.260731063238346245e-03 2.305483999999999867e+00
5.280733842946476637e-03 5.450131999999999977e+00
5.300736622654607030e-03 5.405165000000000219e+00
5.320739402362737423e-03 3.391119000000000216e+00
5.340742182070868684e-03 -3.872860000000000191e-01
5.360744961778999076e-03 -2.515858999999999845e+00
5.380747741487129469e-03 -4.281645000000000145e+00
5.400750521195259862e-03 -4.795295999999999559e+00
5.420753300903390255e-03 -4.101193000000000310e+00
5.440756080611521515e-03 -4.141553000000000040e+00
5.460758860319651908e-03 -3.410594000000000126e+00
5.480761640027782301e-03 -1.533266000000000018e+00
5.500764419735912694e-03 4.685159999999999880e-01
5.520767199444043954e-03 6.441019999999999524e-01
5.540769979152174347e-03 -6.407370000000000010e-01
5.560772758860304740e-03 -3.276536999999999811e+00
5.580775538568435133e-03 -3.494234000000000062e+00
5.600778318276566393e-03 -1.618918000000000079e+00
5.620781097984696786e-03 -8.442250000000000032e-01
5.640783877692827179e-03 -6.970600000000000129e-01
5.660786657400957572e-03 -1.262620000000000076e+00
5.680789437109087965e-03 -2.813823000000000185e+00
5.700792216817219225e-03 -2.985190999999999928e+00
5.720794996525349618e-03 -2.412039000000000044e+00
5.740797776233480011e-03 -1.301617999999999942e+00
5.760800555941610404e-03 5.897259999999999724e-01
5.780803335649741664e-03 1.093383999999999912e+00
5.800806115357872057e-03 1.158919999999999950e+00
5.820808895066002450e-03 1.976243999999999890e+00
5.840811674774132843e-03 2.090965999999999880e+00
5.860814454482264103e-03 5.517670000000000075e-01
5.880817234190394496e-03 -2.334173999999999971e+00
5.900820013898524889e-03 -4.408825000000000216e+00
5.920822793606655282e-03 -7.337266999999999761e+00
5.940825573314785675e-03 -8.832796999999999343e+00
5.960828353022916935e-03 -5.997143999999999586e+00
5.980831132731047328e-03 -4.628988999999999798e+00
6.000833912439177721e-03 -2.756527000000000172e+00
6.020836692147308114e-03 -3.506900000000000017e-01
6.040839471855439374e-03 1.478426999999999936e+00
6.060842251563569767e-03 3.850716999999999945e+00
6.080845031271700160e-03 3.841178999999999899e+00
6.100847810979830553e-03 1.060680000000000067e+00
6.120850590687961813e-03 -1.544167000000000067e+00
6.140853370396092206e-03 -1.377275999999999945e+00
6.160856150104222599e-03 -1.069125000000000103e+00
6.180858929812352992e-03 -1.238093000000000110e+00
6.200861709520483385e-03 -9.235170000000000323e-01
6.220864489228614645e-03 -2.546940000000000204e+00
6.240867268936745038e-03 -3.995750999999999831e+00
6.260870048644875431e-03 -1.937904999999999989e+00
6.280872828353005824e-03 -6.873920000000000030e-01
6.300875608061137084e-03 -1.614829999999999988e+00
6.320878387769267477e-03 -2.691898999999999820e+00
6.340881167477397870e-03 -3.247272000000000158e+00
6.360883947185528263e-03 -3.461920000000000108e+00
6.380886726893659523e-03 -1.260413999999999923e+00
6.400889506601789916e-03 2.924109999999999765e-01
6.420892286309920309e-03 4.888910000000000200e-01
6.440895066018050702e-03 4.399009999999999865e-01
6.460897845726181095e-03 -2.067099999999999840e-02
6.480900625434312355e-03 -1.051800000000000068e+00
6.500903405142442748e-03 -1.241271999999999931e+00
6.520906184850573141e-03 -1.161720000000000086e+00
6.540908964558703534e-03 -1.304083000000000103e+00
6.560911744266834794e-03 -1.270342000000000082e+00
6.580914523974965187e-03 2.733990000000000031e-01
6.600917303683095580e-03 1.130498999999999921e+00
6.620920083391225973e-03 3.687190000000000190e-01
6.640922863099357233e-03 -1.465329000000000104e+00
6.660925642807487626e-03 -3.443687000000000165e+00
6.680928422515618019e-03 -4.311040000000000205e+00
6.700931202223748412e-03 -3.405987000000000098e+00
6.720933981931878805e-03 -7.002389999999999448e-01
6.740936761640010065e-03 3.402979999999999894e-01
6.760939541348140458e-03 -2.288959999999999884e-01
6.780942321056270851e-03 -1.463316999999999979e+00
6.800945100764401244e-03 -2.700204999999999966e+00
6.820947880472532504e-03 -3.708558000000000021e+00
6.840950660180662897e-03 -3.027887000000000217e+00
6.860953439888793290e-03 -1.834538999999999920e+00
6.880956219596923683e-03 -1.114027000000000100e+00
6.900958999305054943e-03 5.997190000000000021e-01
6.920961779013185336e-03 2.783252000000000059e+00
6.940964558721315729e-03 2.277063000000000059e+00
6.960967338429446122e-03 -1.010000000000000047e-03
6.980970118137576515e-03 -2.287389999999999812e+00
7.000972897845707775e-03 -4.239339000000000190e+00
7.020975677553838168e-03 -4.234537000000000440e+00
7.040978457261968561e-03 -2.020182999999999840e+00
7.060981236970098954e-03 2.803419999999999801e-01
7.080984016678230214e-03 1.679707999999999979e+00
7.100986796386360607e-03 1.391153000000000084e+00
7.120989576094491000e-03 -6.222440000000000193e-01
7.140992355802621393e-03 -2.529030999999999807e+00
7.160995135510752653e-03 -3.497414000000000023e+00
7.180997915218883046e-03 -4.902294999999999625e+00
7.201000694927013439e-03 -5.671019000000000254e+00
7.221003474635143832e-03 -3.784476999999999869e+00
7.241006254343274225e-03 -1.492712000000000039e+00
7.261009034051405485e-03 4.384730000000000016e-01
7.281011813759535878e-03 2.334489000000000036e+00
7.301014593467666271e-03 2.196277999999999953e+00
7.321017373175796664e-03 2.288209999999999966e-01
7.341020152883927924e-03 -1.055239000000000038e+00
7.361022932592058317e-03 -1.282216000000000022e+00
7.381025712300188710e-03 -1.067633000000000054e+00
7.401028492008319103e-03 -1.221740999999999966e+00
7.421031271716450363e-03 -1.762383999999999951e+00
7.441034051424580756e-03 -2.620718000000000103e+00
7.461036831132711149e-03 -2.522477999999999998e+00
7.481039610840841542e-03 -1.622746000000000022e+00
7.501042390548971935e-03 -1.200458000000000025e+00
7.521045170257103195e-03 -8.706340000000000190e-01
7.541047949965233588e-03 -3.377120000000000122e-01
7.561050729673363981e-03 -6.040759999999999463e-01
7.581053509381494374e-03 -1.216031000000000084e+00
7.601056289089625634e-03 -1.628196999999999894e+00
7.621059068797756027e-03 -2.297123000000000026e+00
7.641061848505886420e-03 -3.326954000000000189e+00
7.661064628214016813e-03 -3.409167000000000058e+00
7.681067407922147205e-03 -2.086043999999999787e+00
7.701070187630278466e-03 -4.833200000000000274e-01
7.721072967338408859e-03 6.128200000000000314e-02
7.741075747046539252e-03 1.675679999999999947e-01
7.761078526754669644e-03 1.575100000000000111e-01
7.781081306462800905e-03 -6.316530000000000200e-01
7.801084086170931298e-03 -6.969950000000000312e-01
7.821086865879062558e-03 3.135000000000000009e-01
7.841089645587192083e-03 1.423800000000000066e-02
7.861092425295323344e-03 -1.122268000000000043e+00
7.881095205003452869e-03 -1.946015999999999968e+00
7.901097984711584130e-03 -2.808567000000000036e+00
7.921100764419715390e-03 -2.967541999999999902e+00
7.941103544127844915e-03 -2.406198999999999977e+00
7.961106323835976176e-03 -2.247809000000000168e+00
7.981109103544105701e-03 -2.056843999999999895e+00
8.001111883252236961e-03 -1.129016999999999937e+00
8.021114662960368222e-03 -2.801569999999999894e-01
8.041117442668497747e-03 -4.131119999999999792e-01
8.061120222376629008e-03 -9.737400000000000500e-01
8.081123002084760268e-03 -1.769975999999999994e+00
8.101125781792889793e-03 -2.646542999999999868e+00
8.121128561501021054e-03 -2.339884000000000075e+00
8.141131341209150579e-03 -1.024157999999999902e+00
8.161134120917281840e-03 2.244740000000000069e-01
8.181136900625413100e-03 9.457640000000000491e-01
8.201139680333542625e-03 7.136620000000000186e-01
8.221142460041673886e-03 -2.835309999999999775e-01
8.241145239749803411e-03 -1.086514999999999898e+00
8.261148019457934671e-03 -1.749082000000000026e+00
8.281150799166065932e-03 -2.479133000000000031e+00
8.301153578874195457e-03 -2.865733000000000086e+00
8.321156358582326718e-03 -2.556998000000000104e+00
8.341159138290457978e-03 -1.768613999999999908e+00
8.361161917998587503e-03 -5.487269999999999648e-01
8.381164697706718764e-03 1.843730000000000091e-01
8.401167477414848289e-03 -6.430080000000000240e-01
8.421170257122979549e-03 -2.173966000000000065e+00
8.441173036831110810e-03 -2.934190000000000076e+00
8.461175816539240335e-03 -2.523321000000000147e+00
8.481178596247371596e-03 -1.701778999999999931e+00
8.501181375955501121e-03 -1.045765999999999973e+00
8.521184155663632381e-03 -5.591739999999999489e-01
8.541186935371763642e-03 -4.520440000000000014e-01
8.561189715079893167e-03 -2.569919999999999982e-01
8.581192494788024427e-03 -3.033999999999999891e-02
8.601195274496155688e-03 -5.747470000000000079e-01
8.621198054204285213e-03 -1.526777999999999968e+00
8.641200833912416474e-03 -2.128220999999999918e+00
8.661203613620545999e-03 -2.064890000000000114e+00
8.681206393328677259e-03 -1.233290999999999915e+00
8.701209173036808520e-03 -9.185999999999999721e-03
8.721211952744938045e-03 4.208890000000000131e-01
8.741214732453069305e-03 -3.004020000000000024e-01
8.761217512161198831e-03 -1.348791000000000073e+00
8.781220291869330091e-03 -2.011293000000000220e+00
8.801223071577461352e-03 -2.507033999999999985e+00
8.821225851285590877e-03 -2.710068000000000144e+00
8.841228630993722137e-03 -2.555375999999999870e+00
8.861231410701853398e-03 -2.452593999999999941e+00
8.881234190409982923e-03 -1.753365000000000062e+00
8.901236970118114183e-03 -2.124790000000000012e-01
8.921239749826243709e-03 5.561789999999999790e-01
8.941242529534374969e-03 -1.554499999999999979e-02
8.961245309242506230e-03 -7.225610000000000088e-01
8.981248088950635755e-03 -1.328157000000000032e+00
9.001250868658767015e-03 -1.415755000000000097e+00
9.021253648366896541e-03 -6.581270000000000175e-01
9.041256428075027801e-03 -9.970500000000000196e-02
9.061259207783159061e-03 -6.380770000000000053e-01
9.081261987491288587e-03 -1.227516000000000052e+00
9.101264767199419847e-03 -1.782240000000000046e+00
9.121267546907551108e-03 -2.335341999999999807e+00
9.141270326615680633e-03 -2.451426000000000105e+00
9.161273106323811893e-03 -2.145999999999999908e+00
9.181275886031941419e-03 -1.832332999999999990e+00
9.201278665740072679e-03 -1.377990000000000048e+00
9.221281445448203939e-03 -5.836360000000000436e-01
9.241284225156333465e-03 -6.194000000000000200e-02
9.261287004864464725e-03 -2.109219999999999984e-01
9.281289784572594251e-03 -9.907409999999999828e-01
9.301292564280725511e-03 -1.990205000000000002e+00
9.321295343988856771e-03 -2.135422999999999849e+00
9.341298123696986297e-03 -1.486158000000000090e+00
9.361300903405117557e-03 -7.782989999999999631e-01
9.381303683113248817e-03 -4.678769999999999873e-01
9.401306462821378343e-03 -5.541770000000000307e-01
9.421309242529509603e-03 -7.568859999999999477e-01
9.441312022237639129e-03 -9.929470000000000240e-01
9.461314801945770389e-03 -1.285784999999999956e+00
9.481317581653901649e-03 -1.653372999999999982e+00
9.501320361362031175e-03 -2.061192000000000135e+00
9.521323141070162435e-03 -2.110765999999999920e+00
9.541325920778291961e-03 -1.453778999999999932e+00
9.561328700486423221e-03 -8.431220000000000381e-01
9.581331480194554481e-03 -7.914060000000000539e-01
9.601334259902684007e-03 -9.627740000000000187e-01
9.621337039610815267e-03 -1.110263999999999918e+00
9.641339819318946527e-03 -1.317385000000000028e+00
9.661342599027076053e-03 -1.282216000000000022e+00
9.681345378735207313e-03 -9.744540000000000424e-01
9.701348158443336839e-03 -9.038570000000000215e-01
9.721350938151468099e-03 -1.137971000000000066e+00
9.741353717859599359e-03 -1.552213000000000065e+00
9.761356497567728885e-03 -1.588940000000000019e+00
9.781359277275860145e-03 -1.103904999999999914e+00
9.801362056983989671e-03 -4.948699999999999766e-01
9.821364836692120931e-03 -3.536750000000000171e-01
9.841367616400252191e-03 -8.879590000000000538e-01
9.861370396108381717e-03 -1.369555000000000078e+00
9.881373175816512977e-03 -2.020767000000000202e+00
9.901375955524644237e-03 -2.589636000000000049e+00
9.921378735232773763e-03 -2.493991999999999987e+00
9.941381514940905023e-03 -1.941799000000000053e+00
9.961384294649034549e-03 -9.899620000000000086e-01
9.981387074357165809e-03 2.083820000000000117e-01
1.000138985406529707e-02 1.116743000000000041e+00
1.002139263377342659e-02 9.031979999999999453e-01
1.004139541348155786e-02 -3.527660000000000240e-01
1.006139819318968738e-02 -1.714042999999999983e+00
1.008140097289781864e-02 -2.723500000000000032e+00
1.010140375260594990e-02 -3.012379000000000140e+00
1.012140653231407943e-02 -2.275126000000000204e+00
1.014140931202221069e-02 -1.120970000000000022e+00
1.016141209173034195e-02 -2.695150000000000046e-01
1.018141487143847147e-02 -7.387900000000000023e-02
1.020141765114660273e-02 -4.061040000000000205e-01
1.022142043085473226e-02 -8.433810000000000473e-01
1.024142321056286352e-02 -1.291884000000000032e+00
1.026142599027099478e-02 -1.691073000000000048e+00
1.028142876997912430e-02 -2.031343000000000121e+00
1.030143154968725556e-02 -1.792751999999999901e+00
1.032143432939538509e-02 -1.136738000000000026e+00
1.034143710910351635e-02 -4.670329999999999759e-01
1.036143988881164761e-02 -4.751440000000000108e-01
1.038144266851977714e-02 -1.147380000000000067e+00
1.040144544822790840e-02 -1.736818999999999891e+00
1.042144822793603966e-02 -1.766083000000000069e+00
1.044145100764416918e-02 -1.220896999999999899e+00
1.046145378735230044e-02 -4.676170000000000049e-01
1.048145656706042997e-02 -1.342250000000000110e-01
1.050145934676856123e-02 -3.070200000000000151e-01
1.052146212647669249e-02 -7.383929999999999660e-01
1.054146490618482201e-02 -1.330038000000000054e+00
1.056146768589295327e-02 -1.873407000000000044e+00
1.058147046560108280e-02 -2.204009000000000107e+00
1.060147324530921406e-02 -2.238593999999999973e+00
1.062147602501734532e-02 -1.844078000000000106e+00
1.064147880472547485e-02 -8.764739999999999753e-01
1.066148158443360611e-02 9.314100000000000157e-02
1.068148436414173737e-02 2.893620000000000081e-01
1.070148714384986689e-02 -2.778860000000000219e-01
1.072148992355799815e-02 -1.387334000000000067e+00
1.074149270326612768e-02 -2.138538000000000050e+00
1.076149548297425894e-02 -2.034003999999999923e+00
1.078149826268239020e-02 -1.538197999999999954e+00
1.080150104239051972e-02 -1.276375999999999955e+00
1.082150382209865098e-02 -1.329129999999999923e+00
1.084150660180678051e-02 -1.166781000000000068e+00
1.086150938151491177e-02 -9.092419999999999947e-01
1.088151216122304303e-02 -6.607229999999999492e-01
1.090151494093117256e-02 -8.194379999999999997e-01
1.092151772063930382e-02 -1.278842000000000034e+00
1.094152050034743508e-02 -1.404789000000000065e+00
1.096152328005556460e-02 -1.011439999999999895e+00
1.098152605976369586e-02 -4.457499999999999796e-01
1.100152883947182539e-02 -2.466099999999999959e-01
1.102153161917995665e-02 -5.412649999999999961e-01
1.104153439888808791e-02 -1.205389000000000044e+00
1.106153717859621743e-02 -1.763487000000000027e+00
1.108153995830434869e-02 -2.118812000000000140e+00
1.110154273801247822e-02 -2.134189999999999809e+00
1.112154551772060948e-02 -2.111219999999999875e+00
1.114154829742874074e-02 -1.965742000000000100e+00
1.116155107713687027e-02 -1.520353999999999983e+00
1.118155385684500153e-02 -7.502680000000000460e-01
1.120155663655313279e-02 3.396400000000000113e-02
1.122155941626126231e-02 2.960450000000000026e-01
1.124156219596939357e-02 -1.282550000000000079e-01
1.126156497567752310e-02 -1.092743999999999938e+00
1.128156775538565436e-02 -1.784510999999999958e+00
1.130157053509378562e-02 -1.926420000000000021e+00
1.132157331480191514e-02 -1.766148000000000051e+00
1.134157609451004640e-02 -1.550656000000000034e+00
1.136157887421817593e-02 -1.463381999999999961e+00
1.138158165392630719e-02 -1.151013000000000064e+00
1.140158443363443845e-02 -5.739680000000000337e-01
1.142158721334256798e-02 -2.217580000000000107e-01
1.144158999305069924e-02 -4.606089999999999907e-01
1.146159277275883050e-02 -1.146082000000000045e+00
1.148159555246696002e-02 -1.786067999999999989e+00
1.150159833217509128e-02 -1.996434000000000042e+00
1.152160111188322081e-02 -1.922331999999999930e+00
1.154160389159135207e-02 -1.721959000000000017e+00
1.156160667129948333e-02 -1.480253000000000041e+00
1.158160945100761285e-02 -1.243932000000000038e+00
1.160161223071574411e-02 -1.020588999999999968e+00
1.162161501042387364e-02 -7.268430000000000168e-01
1.164161779013200490e-02 -4.639840000000000075e-01
1.166162056984013616e-02 -5.582000000000000295e-01
1.168162334954826569e-02 -1.112665000000000015e+00
1.170162612925639695e-02 -1.599580999999999920e+00
1.172162890896452821e-02 -1.620475000000000110e+00
1.174163168867265773e-02 -1.294025999999999899e+00
1.176163446838078899e-02 -8.773819999999999952e-01
1.178163724808891852e-02 -6.372980000000000311e-01
1.180164002779704978e-02 -8.333239999999999537e-01
1.182164280750518104e-02 -1.192801000000000000e+00
1.184164558721331056e-02 -1.396288999999999891e+00
1.186164836692144182e-02 -1.450598999999999972e+00
1.188165114662957135e-02 -1.662717000000000001e+00
1.190165392633770261e-02 -1.885475999999999930e+00
1.192165670604583387e-02 -1.803134000000000015e+00
1.194165948575396340e-02 -1.324392999999999931e+00
1.196166226546209466e-02 -6.897919999999999607e-01
1.198166504517022592e-02 -4.178479999999999972e-01
1.200166782487835544e-02 -7.623370000000000424e-01
1.202167060458648670e-02 -1.249382999999999910e+00
1.204167338429461623e-02 -1.588940000000000019e+00
1.206167616400274749e-02 -1.696717999999999948e+00
1.208167894371087875e-02 -1.349180000000000046e+00
1.210168172341900827e-02 -8.820540000000000047e-01
1.212168450312713953e-02 -7.309309999999999974e-01
1.214168728283526906e-02 -8.357890000000000041e-01
1.216169006254340032e-02 -1.032269000000000103e+00
1.218169284225153158e-02 -1.219405000000000072e+00
1.220169562195966111e-02 -1.532423000000000091e+00
1.222169840166779237e-02 -1.708917000000000019e+00
1.224170118137592363e-02 -1.606459000000000081e+00
1.226170396108405315e-02 -1.228553999999999924e+00
1.228170674079218441e-02 -6.099160000000000137e-01
1.230170952050031394e-02 -2.327239999999999864e-01
1.232171230020844520e-02 -4.351729999999999765e-01
1.234171507991657646e-02 -1.181899999999999951e+00
1.236171785962470598e-02 -1.996239000000000097e+00
1.238172063933283724e-02 -2.352472000000000119e+00
1.240172341904096677e-02 -2.010124999999999940e+00
1.242172619874909803e-02 -1.247047000000000017e+00
1.244172897845722929e-02 -5.643000000000000238e-01
1.246173175816535882e-02 -2.125440000000000107e-01
1.248173453787349008e-02 -2.621829999999999994e-01
1.250173731758162134e-02 -6.777229999999999643e-01
1.252174009728975086e-02 -1.374227000000000087e+00
1.254174287699788212e-02 -2.019080000000000208e+00
1.256174565670601165e-02 -2.345334999999999948e+00
1.258174843641414291e-02 -2.171825000000000117e+00
1.260175121612227417e-02 -1.524051999999999962e+00
1.262175399583040369e-02 -6.512489999999999668e-01
1.264175677553853495e-02 -1.019110000000000016e-01
1.266175955524666448e-02 -1.497330000000000050e-01
1.268176233495479574e-02 -7.378740000000000299e-01
1.270176511466292700e-02 -1.428538000000000086e+00
1.272176789437105653e-02 -1.722933000000000048e+00
1.274177067407918779e-02 -1.698210999999999915e+00
1.276177345378731905e-02 -1.480383000000000004e+00
1.278177623349544857e-02 -1.336915999999999993e+00
1.280177901320357983e-02 -1.211618000000000084e+00
1.282178179291170936e-02 -1.106630000000000003e+00
1.284178457261984062e-02 -1.090927999999999898e+00
1.286178735232797188e-02 -1.097221999999999920e+00
1.288179013203610140e-02 -1.316735999999999907e+00
1.290179291174423266e-02 -1.503741999999999912e+00
1.292179569145236219e-02 -1.426786000000000110e+00
1.294179847116049345e-02 -1.078079999999999927e+00
1.296180125086862471e-02 -7.398209999999999509e-01
1.298180403057675424e-02 -7.214580000000000437e-01
1.300180681028488550e-02 -9.615420000000000078e-01
1.302180958999301676e-02 -1.252043000000000017e+00
1.304181236970114628e-02 -1.404854000000000047e+00
1.306181514940927754e-02 -1.340354999999999963e+00
1.308181792911740707e-02 -1.267811000000000021e+00
1.310182070882553833e-02 -1.330621999999999971e+00
1.312182348853366959e-02 -1.445278999999999980e+00
1.314182626824179911e-02 -1.427305000000000046e+00
1.316182904794993037e-02 -1.257039999999999935e+00
1.318183182765805990e-02 -1.013322000000000056e+00
1.320183460736619116e-02 -8.141819999999999613e-01
1.322183738707432242e-02 -8.819890000000000230e-01
1.324184016678245195e-02 -1.072370000000000045e+00
1.326184294649058321e-02 -1.117142000000000079e+00
1.328184572619871447e-02 -1.177681999999999896e+00
1.330184850590684399e-02 -1.320240000000000080e+00
1.332185128561497525e-02 -1.631181999999999910e+00
1.334185406532310478e-02 -1.798397000000000023e+00
1.336185684503123604e-02 -1.613531999999999966e+00
1.338185962473936730e-02 -1.248928999999999956e+00
1.340186240444749682e-02 -8.902299999999999658e-01
1.342186518415562808e-02 -8.123650000000000038e-01
1.344186796386375761e-02 -1.021107999999999905e+00
1.346187074357188887e-02 -1.210255999999999998e+00
1.348187352328002013e-02 -1.241532000000000080e+00
1.350187630298814966e-02 -1.158670000000000089e+00
1.352187908269628092e-02 -1.075418999999999903e+00
1.354188186240441218e-02 -1.050632000000000010e+00
1.356188464211254170e-02 -1.068151999999999990e+00
1.358188742182067296e-02 -1.104424000000000072e+00
1.360189020152880249e-02 -1.197602999999999973e+00
1.362189298123693375e-02 -1.359237999999999946e+00
1.364189576094506501e-02 -1.525933999999999902e+00
1.366189854065319453e-02 -1.545984000000000025e+00
1.368190132036132579e-02 -1.397456999999999949e+00
1.370190410006945532e-02 -1.142382999999999926e+00
1.372190687977758658e-02 -7.831010000000000471e-01
1.374190965948571784e-02 -6.615010000000000057e-01
1.376191243919384737e-02 -1.053487000000000062e+00
1.378191521890197863e-02 -1.553511000000000086e+00
1.380191799861010989e-02 -1.781071999999999989e+00
1.382192077831823941e-02 -1.711187999999999931e+00
1.384192355802637067e-02 -1.529827000000000048e+00
1.386192633773450020e-02 -1.301811999999999969e+00
1.388192911744263146e-02 -9.388959999999999528e-01
1.390193189715076272e-02 -6.844069999999999876e-01
1.392193467685889224e-02 -5.343869999999999454e-01
1.394193745656702350e-02 -6.672109999999999985e-01
1.396194023627515303e-02 -1.221416000000000057e+00
1.398194301598328429e-02 -1.715211000000000041e+00
1.400194579569141555e-02 -1.966326000000000018e+00
1.402194857539954508e-02 -1.784834999999999949e+00
1.404195135510767634e-02 -1.321733000000000047e+00
1.406195413481580760e-02 -8.477940000000000476e-01
1.408195691452393712e-02 -6.105000000000000426e-01
1.410195969423206838e-02 -6.222440000000000193e-01
1.412196247394019791e-02 -8.325449999999999795e-01
1.414196525364832917e-02 -1.249967000000000050e+00
1.416196803335646043e-02 -1.713654000000000011e+00
1.418197081306458995e-02 -1.919931000000000054e+00
1.420197359277272121e-02 -1.858937000000000062e+00
1.422197637248085074e-02 -1.578688000000000091e+00
1.424197915218898200e-02 -1.026040000000000063e+00
1.426198193189711326e-02 -5.380200000000000538e-01
1.428198471160524279e-02 -4.044820000000000082e-01
1.430198749131337405e-02 -6.672759999999999803e-01
1.432199027102150531e-02 -1.161655000000000104e+00
1.434199305072963483e-02 -1.538391999999999982e+00
1.436199583043776609e-02 -1.580894000000000021e+00
1.438199861014589562e-02 -1.430225000000000080e+00
1.440200138985402688e-02 -1.247435999999999989e+00
1.442200416956215814e-02 -1.125318000000000040e+00
1.444200694927028766e-02 -9.858099999999999641e-01
1.446200972897841892e-02 -9.133949999999999569e-01
1.448201250868654845e-02 -1.008650000000000047e+00
1.450201528839467971e-02 -1.235627000000000031e+00
1.452201806810281097e-02 -1.492386999999999908e+00
1.454202084781094050e-02 -1.615998000000000046e+00
1.456202362751907176e-02 -1.414068000000000103e+00
1.458202640722720302e-02 -1.110003999999999991e+00
1.460202918693533254e-02 -9.341589999999999616e-01
1.462203196664346380e-02 -9.712100000000000177e-01
1.464203474635159333e-02 -1.132130999999999998e+00
1.466203752605972459e-02 -1.309533999999999976e+00
1.468204030576785585e-02 -1.330427999999999944e+00
1.470204308547598537e-02 -1.185208999999999957e+00
1.472204586518411663e-02 -1.090214000000000016e+00
1.474204864489224616e-02 -1.022535999999999889e+00
1.476205142460037742e-02 -9.518079999999999874e-01
1.478205420430850868e-02 -8.952909999999999480e-01
1.480205698401663821e-02 -9.111890000000000267e-01
1.482205976372476947e-02 -1.034734999999999960e+00
1.484206254343290073e-02 -1.240234000000000059e+00
1.486206532314103025e-02 -1.473440000000000083e+00
1.488206810284916151e-02 -1.459230000000000027e+00
1.490207088255729104e-02 -1.216874000000000011e+00
1.492207366226542230e-02 -1.078144999999999909e+00
1.494207644197355356e-02 -1.111755999999999966e+00
1.496207922168168308e-02 -1.166196999999999928e+00
1.498208200138981434e-02 -1.219600000000000017e+00
1.500208478109794387e-02 -1.220703000000000094e+00
1.502208756080607513e-02 -1.041417999999999955e+00
1.504209034051420639e-02 -9.085280000000000022e-01
1.506209312022233592e-02 -9.198190000000000532e-01
1.508209589993046718e-02 -9.346780000000000088e-01
1.510209867963859844e-02 -1.000280000000000058e+00
1.512210145934672796e-02 -1.124473999999999974e+00
1.514210423905485922e-02 -1.148741999999999930e+00
1.516210701876298875e-02 -1.165094000000000074e+00
1.518210979847112001e-02 -1.282929999999999904e+00
1.520211257817925127e-02 -1.341782999999999948e+00
1.522211535788738079e-02 -1.320500000000000007e+00
1.524211813759551205e-02 -1.264242000000000088e+00
1.526212091730364158e-02 -1.240169000000000077e+00
1.528212369701177284e-02 -1.179564000000000057e+00
1.530212647671990410e-02 -1.154128000000000043e+00
1.532212925642803363e-02 -9.843169999999999975e-01
1.534213203613616489e-02 -7.501379999999999715e-01
1.536213481584429441e-02 -6.167289999999999717e-01
1.538213759555242567e-02 -7.353429999999999689e-01
1.540214037526055693e-02 -1.057315999999999923e+00
1.542214315496868646e-02 -1.379418000000000033e+00
1.544214593467681772e-02 -1.543647999999999909e+00
1.546214871438494898e-02 -1.536510999999999960e+00
1.548215149409307850e-02 -1.375459999999999905e+00
1.550215427380120976e-02 -1.102606999999999893e+00
1.552215705350933929e-02 -8.831569999999999698e-01
1.554215983321747055e-02 -7.324239999999999640e-01
1.556216261292560181e-02 -8.470149999999999624e-01
1.558216539263373134e-02 -1.116687999999999903e+00
1.560216817234186260e-02 -1.370722999999999914e+00
1.562217095204999212e-02 -1.553706000000000031e+00
1.564217373175812512e-02 -1.546373999999999915e+00
1.566217651146625464e-02 -1.328546000000000005e+00
1.568217929117438417e-02 -9.963859999999999939e-01
1.570218207088251369e-02 -7.144500000000000295e-01
1.572218485059064669e-02 -6.943340000000000067e-01
1.574218763029877621e-02 -9.435029999999999806e-01
1.576219041000690574e-02 -1.335164000000000017e+00
1.578219318971503873e-02 -1.504197000000000006e+00
1.580219596942316826e-02 -1.461111000000000049e+00
1.582219874913129778e-02 -1.287666999999999895e+00
1.584220152883943078e-02 -1.014748999999999901e+00
1.586220430854756031e-02 -7.126980000000000537e-01
1.588220708825568983e-02 -5.579410000000000203e-01
1.590220986796382283e-02 -6.365199999999999747e-01
1.592221264767195235e-02 -9.285139999999999505e-01
1.594221542738008188e-02 -1.377860000000000085e+00
1.596221820708821140e-02 -1.697562000000000015e+00
1.598222098679634440e-02 -1.679133999999999904e+00
1.600222376650447392e-02 -1.390254000000000101e+00
1.602222654621260345e-02 -1.101828999999999947e+00
1.604222932592073644e-02 -8.325449999999999795e-01
1.606223210562886597e-02 -7.025749999999999496e-01
1.608223488533699549e-02 -7.352140000000000342e-01
1.610223766504512849e-02 -9.198840000000000350e-01
1.612224044475325802e-02 -1.089239999999999986e+00
1.614224322446138754e-02 -1.188453999999999899e+00
1.616224600416952054e-02 -1.215446999999999944e+00
1.618224878387765006e-02 -1.196239999999999970e+00
1.620225156358577959e-02 -1.106565000000000021e+00
1.622225434329390911e-02 -1.009557999999999955e+00
1.624225712300204211e-02 -9.806829999999999714e-01
1.626225990271017163e-02 -1.069903999999999966e+00
1.628226268241830116e-02 -1.248150000000000093e+00
1.630226546212643415e-02 -1.302202000000000082e+00
1.632226824183456368e-02 -1.222259999999999902e+00
1.634227102154269320e-02 -1.035773000000000055e+00
1.636227380125082620e-02 -8.884779999999999900e-01
1.638227658095895573e-02 -8.677139999999999853e-01
1.640227936066708525e-02 -9.650459999999999594e-01
1.642228214037521825e-02 -1.086319999999999952e+00
1.644228492008334777e-02 -1.205907999999999980e+00
1.646228769979147730e-02 -1.337955000000000005e+00
1.648229047949960682e-02 -1.414198000000000066e+00
1.650229325920773982e-02 -1.392071000000000058e+00
1.652229603891586934e-02 -1.265994000000000064e+00
1.654229881862399887e-02 -1.026040000000000063e+00
1.656230159833213186e-02 -8.400720000000000409e-01
1.658230437804026139e-02 -7.728479999999999794e-01
1.660230715774839091e-02 -8.710879999999999734e-01
1.662230993745652391e-02 -1.027662000000000075e+00
1.664231271716465344e-02 -1.153609000000000107e+00
1.666231549687278296e-02 -1.195786000000000016e+00
1.668231827658091596e-02 -1.159772999999999943e+00
1.670232105628904548e-02 -1.113248999999999933e+00
1.672232383599717501e-02 -1.052643999999999913e+00
1.674232661570530453e-02 -9.781530000000000502e-01
1.676232939541343753e-02 -8.589539999999999953e-01
1.678233217512156705e-02 -8.651839999999999531e-01
1.680233495482969658e-02 -9.586219999999999741e-01
1.682233773453782957e-02 -1.129405999999999910e+00
1.684234051424595910e-02 -1.285136000000000056e+00
1.686234329395408862e-02 -1.367218999999999962e+00
1.688234607366222162e-02 -1.357550999999999952e+00
1.690234885337035114e-02 -1.321472999999999898e+00
1.692235163307848067e-02 -1.238547000000000065e+00
1.694235441278661367e-02 -1.113963000000000036e+00
1.696235719249474319e-02 -9.996960000000000290e-01
1.698235997220287272e-02 -9.172230000000000105e-01
1.700236275191100224e-02 -9.070359999999999534e-01
1.702236553161913524e-02 -9.322120000000000406e-01
1.704236831132726476e-02 -1.049528999999999934e+00
1.706237109103539429e-02 -1.172101999999999977e+00
1.708237387074352728e-02 -1.201041999999999943e+00
1.710237665045165681e-02 -1.148741999999999930e+00
1.712237943015978633e-02 -1.037849000000000022e+00
1.714238220986791933e-02 -1.014555000000000096e+00
1.716238498957604885e-02 -1.051800000000000068e+00
1.718238776928417838e-02 -1.110587999999999909e+00
1.720239054899231138e-02 -1.173140000000000072e+00
1.722239332870044090e-02 -1.260218999999999978e+00
1.724239610840857043e-02 -1.343080999999999969e+00
1.726239888811669995e-02 -1.388112999999999930e+00
1.728240166782483295e-02 -1.246463000000000099e+00
1.730240444753296247e-02 -9.999550000000000383e-01
1.732240722724109200e-02 -7.928340000000000387e-01
1.734241000694922499e-02 -7.439740000000000242e-01
1.736241278665735452e-02 -9.120970000000000466e-01
1.738241556636548404e-02 -1.119477999999999973e+00
1.740241834607361704e-02 -1.299800999999999984e+00
1.742242112578174656e-02 -1.382142999999999899e+00
1.744242390548987609e-02 -1.401089999999999947e+00
1.746242668519800909e-02 -1.289612999999999898e+00
1.748242946490613861e-02 -1.075094999999999912e+00
1.750243224461426814e-02 -9.032729999999999926e-01
1.752243502432239766e-02 -8.233960000000000168e-01
1.754243780403053066e-02 -8.991200000000000303e-01
1.756244058373866018e-02 -1.097610999999999892e+00
1.758244336344678971e-02 -1.279490999999999934e+00
1.760244614315492270e-02 -1.390967999999999982e+00
1.762244892286305223e-02 -1.333088000000000051e+00
1.764245170257118175e-02 -1.156204000000000010e+00
1.766245448227931475e-02 -1.001187999999999967e+00
1.768245726198744427e-02 -9.769200000000000106e-01
1.770246004169557380e-02 -1.077431000000000028e+00
1.772246282140370680e-02 -1.224920000000000009e+00
1.774246560111183632e-02 -1.294804000000000066e+00
1.776246838081996585e-02 -1.303433999999999982e+00
1.778247116052809537e-02 -1.203052999999999928e+00
1.780247394023622837e-02 -1.095145000000000035e+00
1.782247671994435789e-02 -9.669919999999999627e-01
1.784247949965248742e-02 -8.906190000000000495e-01
1.786248227936062041e-02 -9.096959999999999491e-01
1.788248505906874994e-02 -1.069774000000000003e+00
1.790248783877687946e-02 -1.320370000000000044e+00
1.792249061848501246e-02 -1.495760999999999896e+00
1.794249339819314198e-02 -1.464615000000000000e+00
1.796249617790127151e-02 -1.264242000000000088e+00
1.798249895760940451e-02 -9.897679999999999811e-01
1.800250173731753403e-02 -8.187240000000000073e-01
1.802250451702566356e-02 -8.030859999999999665e-01
1.804250729673379308e-02 -9.595299999999999940e-01
1.806251007644192608e-02 -1.143486000000000002e+00
1.808251285615005560e-02 -1.263528999999999902e+00
1.810251563585818513e-02 -1.294804000000000066e+00
1.812251841556631812e-02 -1.293376999999999999e+00
1.814252119527444765e-02 -1.217783000000000060e+00
1.816252397498257717e-02 -1.101763999999999966e+00
1.818252675469071017e-02 -9.808130000000000459e-01
1.820252953439883969e-02 -9.617360000000000353e-01
1.822253231410696922e-02 -1.076847000000000110e+00
1.824253509381510222e-02 -1.273390999999999940e+00
1.826253787352323174e-02 -1.435481000000000007e+00
1.828254065323136127e-02 -1.410174000000000039e+00
1.830254343293949079e-02 -1.258272999999999975e+00
1.832254621264762379e-02 -1.081453999999999915e+00
1.834254899235575331e-02 -9.708849999999999980e-01
1.836255177206388284e-02 -9.738050000000000317e-01
1.838255455177201583e-02 -9.970350000000000046e-01
1.840255733148014536e-02 -1.049528999999999934e+00
1.842256011118827488e-02 -1.118374999999999897e+00
1.844256289089640788e-02 -1.192086999999999897e+00
1.846256567060453740e-02 -1.270926000000000000e+00
1.848256845031266693e-02 -1.305446000000000106e+00
1.850257123002079993e-02 -1.252691999999999917e+00
1.852257400972892945e-02 -1.144069999999999920e+00
1.854257678943705898e-02 -1.030451999999999924e+00
1.856257956914518850e-02 -1.005859999999999976e+00
1.858258234885332150e-02 -1.020394999999999941e+00
1.860258512856145102e-02 -1.049074999999999980e+00
1.862258790826958055e-02 -1.094430999999999932e+00
1.864259068797771354e-02 -1.160292000000000101e+00
1.866259346768584307e-02 -1.236860000000000070e+00
1.868259624739397259e-02 -1.311415999999999915e+00
1.870259902710210559e-02 -1.315698000000000034e+00
1.872260180681023511e-02 -1.234977999999999909e+00
1.874260458651836464e-02 -1.100465999999999944e+00
1.876260736622649763e-02 -9.860039999999999916e-01
1.878261014593462716e-02 -9.884699999999999598e-01
1.880261292564275669e-02 -1.027857000000000021e+00
1.882261570535088621e-02 -1.120840999999999976e+00
1.884261848505901921e-02 -1.217392999999999947e+00
1.886262126476714873e-02 -1.234782999999999964e+00
1.888262404447527826e-02 -1.233486000000000082e+00
1.890262682418341125e-02 -1.155230999999999897e+00
1.892262960389154078e-02 -1.067827999999999999e+00
1.894263238359967030e-02 -1.000669000000000031e+00
1.896263516330780330e-02 -9.608280000000000154e-01
1.898263794301593282e-02 -1.017409999999999926e+00
1.900264072272406235e-02 -1.137841000000000102e+00
1.902264350243219534e-02 -1.274429999999999952e+00
1.904264628214032487e-02 -1.271055000000000046e+00
1.906264906184845440e-02 -1.228358999999999979e+00
1.908265184155658392e-02 -1.111496999999999957e+00
1.910265462126471692e-02 -1.037006000000000094e+00
1.912265740097284644e-02 -1.035578000000000110e+00
1.914266018068097597e-02 -1.092484999999999928e+00
1.916266296038910896e-02 -1.176125000000000087e+00
1.918266574009723849e-02 -1.265929000000000082e+00
1.920266851980536801e-02 -1.313361999999999918e+00
1.922267129951350101e-02 -1.290067999999999993e+00
1.924267407922163053e-02 -1.179823999999999984e+00
1.926267685892976006e-02 -1.004431999999999992e+00
1.928267963863789305e-02 -8.610309999999999908e-01
1.930268241834602258e-02 -8.161289999999999933e-01
1.932268519805415211e-02 -9.322770000000000223e-01
1.934268797776228163e-02 -1.069450000000000012e+00
1.936269075747041463e-02 -1.194747999999999921e+00
1.938269353717854415e-02 -1.258272999999999975e+00
1.940269631688667368e-02 -1.257624000000000075e+00
1.942269909659480667e-02 -1.217783000000000060e+00
1.944270187630293620e-02 -1.133040000000000047e+00
1.946270465601106572e-02 -1.114352000000000009e+00
1.948270743571919872e-02 -1.122203000000000062e+00
1.950271021542732824e-02 -1.169961000000000029e+00
1.952271299513545777e-02 -1.292597999999999914e+00
1.954271577484359076e-02 -1.354047000000000001e+00
1.956271855455172029e-02 -1.345221999999999918e+00
1.958272133425984982e-02 -1.240169000000000077e+00
1.960272411396797934e-02 -1.102413000000000087e+00
1.962272689367611234e-02 -9.939210000000000544e-01
1.964272967338424186e-02 -9.699769999999999781e-01
1.966273245309237139e-02 -1.063414999999999999e+00
1.968273523280050438e-02 -1.181769999999999987e+00
1.970273801250863391e-02 -1.260802999999999896e+00
1.972274079221676343e-02 -1.250810999999999895e+00
1.974274357192489643e-02 -1.163537000000000043e+00
1.976274635163302595e-02 -1.049139999999999961e+00
1.978274913134115548e-02 -9.413620000000000321e-01
1.980275191104928847e-02 -8.821189999999999864e-01
1.982275469075741800e-02 -8.937990000000000101e-01
1.984275747046554753e-02 -1.036291999999999991e+00
1.986276025017367705e-02 -1.236080999999999985e+00
1.988276302988181005e-02 -1.431716999999999906e+00
1.990276580958993957e-02 -1.513800000000000034e+00
1.992276858929806910e-02 -1.462213999999999903e+00
1.994277136900620209e-02 -1.265409999999999924e+00
1.996277414871433162e-02 -1.089045999999999959e+00
1.998277692842246114e-02 -9.710149999999999615e-01
2.000277970813059414e-02 -9.477849999999999886e-01
2.002278248783872366e-02 -9.557020000000000515e-01
2.004278526754685319e-02 -1.018253000000000075e+00
2.006278804725498618e-02 -1.066983999999999932e+00
2.008279082696311571e-02 -1.119218000000000046e+00
2.010279360667124524e-02 -1.139008999999999938e+00
2.012279638637937476e-02 -1.116557999999999939e+00
2.014279916608750776e-02 -1.088397000000000059e+00
2.016280194579563728e-02 -1.067048999999999914e+00
2.018280472550376681e-02 -1.099363000000000090e+00
2.020280750521189980e-02 -1.173010000000000108e+00
2.022281028492002933e-02 -1.208957999999999977e+00
2.024281306462815885e-02 -1.207594999999999974e+00
2.026281584433629185e-02 -1.168727999999999989e+00
2.028281862404442137e-02 -1.099232999999999905e+00
2.030282140375255090e-02 -1.057120999999999977e+00
2.032282418346068389e-02 -1.047193000000000040e+00
2.034282696316881342e-02 -1.068346999999999936e+00
2.036282974287694295e-02 -1.076716999999999924e+00
2.038283252258507247e-02 -1.099167999999999923e+00
2.040283530229320547e-02 -1.112015999999999893e+00
2.042283808200133499e-02 -1.149326000000000070e+00
2.044284086170946452e-02 -1.173918999999999935e+00
2.046284364141759751e-02 -1.174568000000000056e+00
2.048284642112572704e-02 -1.121099999999999985e+00
2.050284920083385656e-02 -1.102087999999999957e+00
2.052285198054198956e-02 -1.069644000000000039e+00
2.054285476025011908e-02 -1.056667000000000023e+00
2.056285753995824861e-02 -1.037460000000000049e+00
2.058286031966638160e-02 -1.042327000000000004e+00
2.060286309937451113e-02 -1.044078999999999979e+00
2.062286587908264066e-02 -1.114092000000000082e+00
2.064286865879077018e-02 -1.217068999999999956e+00
2.066287143849890318e-02 -1.277544000000000013e+00
2.068287421820703270e-02 -1.281566999999999901e+00
2.070287699791516223e-02 -1.210644999999999971e+00
2.072287977762329522e-02 -1.134077999999999919e+00
2.074288255733142475e-02 -1.080934999999999979e+00
2.076288533703955427e-02 -1.055433999999999983e+00
2.078288811674768727e-02 -1.076716999999999924e+00
2.080289089645581679e-02 -1.099493000000000054e+00
2.082289367616394632e-02 -1.140695999999999932e+00
2.084289645587207931e-02 -1.157826999999999940e+00
2.086289923558020884e-02 -1.141928999999999972e+00
2.088290201528833837e-02 -1.130832999999999977e+00
2.090290479499646789e-02 -1.064324000000000048e+00
2.092290757470460089e-02 -1.074057000000000039e+00
2.094291035441273041e-02 -1.112729999999999997e+00
2.096291313412085994e-02 -1.219340000000000090e+00
2.098291591382899293e-02 -1.292143999999999959e+00
2.100291869353712246e-02 -1.248734000000000011e+00
2.102292147324525198e-02 -1.153998000000000079e+00
2.104292425295338498e-02 -1.011894000000000071e+00
2.106292703266151450e-02 -9.098910000000000053e-01
2.108292981236964403e-02 -9.215060000000000473e-01
2.110293259207777702e-02 -9.918439999999999479e-01
2.112293537178590655e-02 -1.142254000000000103e+00
2.114293815149403608e-02 -1.251200000000000090e+00
2.116294093120216560e-02 -1.348791000000000073e+00
2.118294371091029860e-02 -1.359367999999999910e+00
2.120294649061842812e-02 -1.263268999999999975e+00
2.122294927032655765e-02 -1.097741000000000078e+00
2.124295205003469064e-02 -9.342240000000000544e-01
2.126295482974282017e-02 -8.719320000000000404e-01
2.128295760945094969e-02 -9.161850000000000271e-01
2.130296038915908269e-02 -1.074640999999999957e+00
2.132296316886721221e-02 -1.192152000000000100e+00
2.134296594857534174e-02 -1.252822000000000102e+00
2.136296872828347473e-02 -1.222129999999999939e+00
2.138297150799160426e-02 -1.166261999999999910e+00
2.140297428769973379e-02 -1.102672000000000097e+00
2.142297706740786331e-02 -1.068866000000000094e+00
2.144297984711599631e-02 -1.080416000000000043e+00
2.146298262682412583e-02 -1.126551000000000080e+00
2.148298540653225536e-02 -1.205842999999999998e+00
2.150298818624038835e-02 -1.249706999999999901e+00
2.152299096594851788e-02 -1.269174000000000024e+00
2.154299374565664740e-02 -1.217003999999999975e+00
2.156299652536478040e-02 -1.073472999999999900e+00
2.158299930507290992e-02 -9.764009999999999634e-01
2.160300208478103945e-02 -9.183909999999999574e-01
2.162300486448917244e-02 -9.764009999999999634e-01
2.164300764419730197e-02 -1.051671000000000022e+00
2.166301042390543150e-02 -1.138425000000000020e+00
2.168301320361356102e-02 -1.184301000000000048e+00
2.170301598332169402e-02 -1.163276999999999894e+00
2.172301876302982354e-02 -1.141604999999999981e+00
2.174302154273795307e-02 -1.089954000000000089e+00
2.176302432244608606e-02 -1.053293000000000035e+00
2.178302710215421559e-02 -1.025066999999999950e+00
2.180302988186234511e-02 -9.998249999999999638e-01
2.182303266157047811e-02 -1.031166000000000027e+00
2.184303544127860763e-02 -1.100011999999999990e+00
2.186303822098673716e-02 -1.167235000000000023e+00
2.188304100069487015e-02 -1.201430999999999916e+00
2.190304378040299968e-02 -1.192217000000000082e+00
2.192304656011112921e-02 -1.162887999999999922e+00
2.194304933981925873e-02 -1.126486000000000098e+00
2.196305211952739173e-02 -1.109680000000000000e+00
2.198305489923552125e-02 -1.099752000000000063e+00
2.200305767894365078e-02 -1.066724000000000006e+00
2.202306045865178377e-02 -1.027531999999999890e+00
2.204306323835991330e-02 -1.024092999999999920e+00
2.206306601806804282e-02 -1.032203999999999899e+00
2.208306879777617582e-02 -1.056213000000000068e+00
2.210307157748430534e-02 -1.081777999999999906e+00
2.212307435719243487e-02 -1.109356000000000009e+00
2.214307713690056786e-02 -1.129795000000000105e+00
2.216307991660869739e-02 -1.134012999999999938e+00
2.218308269631682692e-02 -1.165418000000000065e+00
2.220308547602495644e-02 -1.175799999999999956e+00
2.222308825573308944e-02 -1.178849999999999953e+00
2.224309103544121896e-02 -1.144654000000000060e+00
2.226309381514934849e-02 -1.112405000000000088e+00
2.228309659485748148e-02 -1.068605999999999945e+00
2.230309937456561101e-02 -1.067048999999999914e+00
2.232310215427374053e-02 -1.060105999999999993e+00
2.234310493398187353e-02 -1.076068000000000024e+00
2.236310771369000305e-02 -1.087747999999999937e+00
2.238311049339813258e-02 -1.112600000000000033e+00
2.240311327310626557e-02 -1.145108999999999932e+00
2.242311605281439510e-02 -1.165807999999999955e+00
2.244311883252252462e-02 -1.158605000000000107e+00
2.246312161223065415e-02 -1.121814000000000089e+00
2.248312439193878715e-02 -1.070553000000000088e+00
2.250312717164691667e-02 -1.011115999999999904e+00
2.252312995135504620e-02 -9.912600000000000300e-01
2.254313273106317919e-02 -1.012089000000000016e+00
2.256313551077130872e-02 -1.041158999999999946e+00
2.258313829047943824e-02 -1.115715000000000012e+00
2.260314107018757124e-02 -1.194552999999999976e+00
2.262314384989570076e-02 -1.214733000000000063e+00
2.264314662960383029e-02 -1.198445999999999900e+00
2.266314940931196328e-02 -1.145821999999999896e+00
2.268315218902009281e-02 -1.107928000000000024e+00
2.270315496872822233e-02 -1.075353999999999921e+00
2.272315774843635186e-02 -1.089239999999999986e+00
2.274316052814448486e-02 -1.102348000000000106e+00
2.276316330785261438e-02 -1.130314000000000041e+00
2.278316608756074391e-02 -1.138036000000000048e+00
2.280316886726887690e-02 -1.154063000000000061e+00
2.282317164697700643e-02 -1.109744999999999981e+00
2.284317442668513595e-02 -1.039277000000000006e+00
2.286317720639326895e-02 -9.839280000000000248e-01
2.288317998610139847e-02 -9.608280000000000154e-01
2.290318276580952800e-02 -1.018513000000000002e+00
2.292318554551766099e-02 -1.126160999999999968e+00
2.294318832522579052e-02 -1.201365999999999934e+00
2.296319110493392004e-02 -1.251654000000000044e+00
2.298319388464204957e-02 -1.200458000000000025e+00
2.300319666435018257e-02 -1.139723000000000042e+00
2.302319944405831209e-02 -1.018642999999999965e+00
2.304320222376644162e-02 -9.726369999999999738e-01
2.306320500347457461e-02 -9.622549999999999715e-01
2.308320778318270414e-02 -1.021433000000000035e+00
2.310321056289083366e-02 -1.127329000000000025e+00
2.312321334259896666e-02 -1.222649000000000097e+00
2.314321612230709618e-02 -1.283967999999999998e+00
2.316321890201522571e-02 -1.281242999999999910e+00
2.318322168172335870e-02 -1.192801000000000000e+00
2.320322446143148823e-02 -1.096961999999999993e+00
2.322322724113961775e-02 -1.025131000000000014e+00
2.324323002084774728e-02 -1.015916999999999959e+00
2.326323280055588028e-02 -1.063674999999999926e+00
2.328323558026400980e-02 -1.126420999999999895e+00
2.330323835997213933e-02 -1.150104999999999933e+00
2.332324113968027232e-02 -1.128951999999999956e+00
2.334324391938840185e-02 -1.076977000000000073e+00
2.336324669909653137e-02 -1.042586000000000013e+00
2.338324947880466437e-02 -1.021757000000000026e+00
2.340325225851279389e-02 -1.030906000000000100e+00
2.342325503822092342e-02 -1.080805000000000016e+00
2.344325781792905641e-02 -1.110718000000000094e+00
2.346326059763718594e-02 -1.168663000000000007e+00
2.348326337734531546e-02 -1.194228999999999985e+00
2.350326615705344499e-02 -1.187740000000000018e+00
2.352326893676157799e-02 -1.124929000000000068e+00
2.354327171646970751e-02 -1.060754999999999892e+00
2.356327449617783704e-02 -1.028894999999999893e+00
2.358327727588597003e-02 -1.037265000000000104e+00
2.360328005559409956e-02 -1.100726000000000093e+00
2.362328283530222908e-02 -1.141475000000000017e+00
2.364328561501036208e-02 -1.158085999999999949e+00
2.366328839471849160e-02 -1.122398000000000007e+00
2.368329117442662113e-02 -1.088915999999999995e+00
2.370329395413475412e-02 -1.071460999999999997e+00
2.372329673384288365e-02 -1.061533000000000060e+00
2.374329951355101317e-02 -1.051150999999999947e+00
2.376330229325914270e-02 -1.044273000000000007e+00
2.378330507296727570e-02 -1.049983000000000111e+00
2.380330785267540522e-02 -1.068411999999999917e+00
2.382331063238353475e-02 -1.102867000000000042e+00
2.384331341209166774e-02 -1.086840000000000028e+00
2.386331619179979727e-02 -1.089239999999999986e+00
2.388331897150792679e-02 -1.089564999999999895e+00
2.390332175121605979e-02 -1.091382000000000074e+00
2.392332453092418931e-02 -1.125836999999999977e+00
2.394332731063231884e-02 -1.159189000000000025e+00
2.396333009034045183e-02 -1.137256999999999962e+00
2.398333287004858136e-02 -1.122786999999999979e+00
2.400333564975671088e-02 -1.115455000000000085e+00
2.402333842946484041e-02 -1.108965999999999896e+00
2.404334120917297341e-02 -1.100465999999999944e+00
2.406334398888110293e-02 -1.074446000000000012e+00
2.408334676858923246e-02 -1.043169999999999931e+00
2.410334954829736545e-02 -1.003654000000000046e+00
2.412335232800549498e-02 -9.926230000000000331e-01
2.414335510771362450e-02 -1.014229999999999965e+00
2.416335788742175750e-02 -1.016890999999999989e+00
2.418336066712988702e-02 -1.030971000000000082e+00
2.420336344683801655e-02 -1.084308999999999967e+00
2.422336622654614954e-02 -1.050243000000000038e+00
2.424336900625427907e-02 -1.133882999999999974e+00
2.426337178596240859e-02 -1.092419999999999947e+00
2.428337456567053812e-02 -1.008780000000000010e+00
2.430337734537867111e-02 -1.050373000000000001e+00
2.432338012508680064e-02 -9.915199999999999569e-01
2.434338290479493017e-02 -1.034410000000000052e+00
2.436338568450306316e-02 -9.974239999999999773e-01
2.438338846421119269e-02 -1.245813999999999977e+00
2.440339124391932221e-02 -1.187415000000000109e+00
2.442339402362745521e-02 -1.226671999999999985e+00
2.444339680333558473e-02 -1.169505999999999935e+00
2.446339958304371426e-02 -8.619390000000000107e-01
2.448340236275184725e-02 -9.408419999999999561e-01
2.450340514245997678e-02 -1.026170000000000027e+00
2.452340792216810630e-02 -9.745840000000000058e-01
2.454341070187623583e-02 -1.040640000000000009e+00
2.456341348158436882e-02 -1.109680000000000000e+00
2.458341626129249835e-02 -1.078858000000000095e+00
2.460341904100062788e-02 -1.107409000000000088e+00
2.462342182070876087e-02 -1.069514999999999993e+00
2.464342460041689040e-02 -9.962560000000000304e-01
2.466342738012501992e-02 -1.060429999999999984e+00
2.468343015983315292e-02 -1.055369000000000002e+00
2.470343293954128244e-02 -1.018513000000000002e+00
2.472343571924941197e-02 -1.026299000000000072e+00
2.474343849895754496e-02 -1.062896000000000063e+00
2.476344127866567449e-02 -1.138554999999999984e+00
2.478344405837380401e-02 -1.171842000000000050e+00
2.480344683808193354e-02 -1.137647000000000075e+00
2.482344961779006653e-02 -1.035708000000000073e+00
2.484345239749819606e-02 -9.871720000000000494e-01
2.486345517720632559e-02 -1.036227000000000009e+00
2.488345795691445858e-02 -1.109161000000000064e+00
2.490346073662258811e-02 -1.157826999999999940e+00
2.492346351633071763e-02 -1.115844000000000058e+00
2.494346629603885063e-02 -1.079183000000000003e+00
2.496346907574698015e-02 -1.060559999999999947e+00
2.498347185545510968e-02 -1.040769000000000055e+00
2.500347463516324267e-02 -1.002356000000000025e+00
2.502347741487137220e-02 -1.005146000000000095e+00
2.504348019457950172e-02 -1.005730000000000013e+00
2.506348297428763125e-02 -1.085671999999999970e+00
2.508348575399576424e-02 -1.162692999999999977e+00
2.510348853370389377e-02 -1.186053000000000024e+00
2.512349131341202330e-02 -1.147315000000000085e+00
2.514349409312015629e-02 -1.086840000000000028e+00
2.516349687282828582e-02 -1.058872999999999953e+00
2.518349965253641534e-02 -1.071331000000000033e+00
2.520350243224454834e-02 -1.068087000000000009e+00
2.522350521195267786e-02 -1.066140000000000088e+00
2.524350799166080739e-02 -1.067372999999999905e+00
2.526351077136894038e-02 -1.105332999999999899e+00
2.528351355107706991e-02 -1.117855999999999961e+00
2.530351633078519943e-02 -1.095598999999999990e+00
2.532351911049332896e-02 -1.058159000000000072e+00
2.534352189020146195e-02 -1.017994000000000065e+00
2.536352466990959148e-02 -1.023314999999999975e+00
2.538352744961772101e-02 -1.051411000000000096e+00
2.540353022932585400e-02 -1.103515999999999941e+00
2.542353300903398353e-02 -1.118440000000000101e+00
2.544353578874211305e-02 -1.112535000000000052e+00
2.546353856845024605e-02 -1.087682999999999955e+00
2.548354134815837557e-02 -1.056602000000000041e+00
2.550354412786650510e-02 -1.030906000000000100e+00
2.552354690757463809e-02 -1.016631000000000062e+00
2.554354968728276762e-02 -9.762709999999999999e-01
2.556355246699089714e-02 -1.001772000000000107e+00
2.558355524669902667e-02 -1.042067000000000077e+00
2.560355802640715966e-02 -1.127783999999999898e+00
2.562356080611528919e-02 -1.160357000000000083e+00
2.564356358582341872e-02 -1.145302999999999960e+00
2.566356636553155171e-02 -1.124929000000000068e+00
2.568356914523968124e-02 -1.113248999999999933e+00
2.570357192494781076e-02 -1.106111000000000066e+00
2.572357470465594376e-02 -1.086580000000000101e+00
2.574357748436407328e-02 -1.038369000000000097e+00
2.576358026407220281e-02 -1.023379999999999956e+00
2.578358304378033580e-02 -1.009428999999999910e+00
2.580358582348846533e-02 -1.051476000000000077e+00
2.582358860319659485e-02 -1.078599000000000085e+00
2.584359138290472438e-02 -1.087488000000000010e+00
2.586359416261285737e-02 -1.076521999999999979e+00
2.588359694232098690e-02 -1.080155999999999894e+00
2.590359972202911643e-02 -1.121944000000000052e+00
2.592360250173724942e-02 -1.155945000000000000e+00
2.594360528144537895e-02 -1.134271999999999947e+00
2.596360806115350847e-02 -1.127588999999999952e+00
2.598361084086164147e-02 -1.109031000000000100e+00
2.600361362056977099e-02 -1.103774999999999951e+00
2.602361640027790052e-02 -1.117725999999999997e+00
2.604361917998603351e-02 -1.087423999999999946e+00
2.606362195969416304e-02 -1.049593999999999916e+00
2.608362473940229256e-02 -1.000539000000000067e+00
2.610362751911042209e-02 -1.012933000000000083e+00
2.612363029881855508e-02 -1.038953000000000015e+00
2.614363307852668461e-02 -1.085542000000000007e+00
2.616363585823481414e-02 -1.117011999999999894e+00
2.618363863794294713e-02 -1.161330999999999891e+00
2.620364141765107666e-02 -1.190465000000000106e+00
2.622364419735920618e-02 -1.210061000000000053e+00
2.624364697706733918e-02 -1.158670000000000089e+00
2.626364975677546870e-02 -1.095793999999999935e+00
2.628365253648359823e-02 -1.029025000000000079e+00
2.630365531619173122e-02 -9.983330000000000259e-01
2.632365809589986075e-02 -1.034540000000000015e+00
2.634366087560799027e-02 -1.078729000000000049e+00
2.636366365531611980e-02 -1.124344999999999928e+00
2.638366643502425279e-02 -1.118309999999999915e+00
2.640366921473238232e-02 -1.110848000000000058e+00
2.642367199444051185e-02 -1.107798000000000060e+00
2.644367477414864484e-02 -1.110718000000000094e+00
2.646367755385677437e-02 -1.094951000000000008e+00
2.648368033356490389e-02 -1.084373999999999949e+00
2.650368311327303689e-02 -1.098195000000000032e+00
2.652368589298116641e-02 -1.130508999999999986e+00
2.654368867268929594e-02 -1.157826999999999940e+00
2.656369145239742893e-02 -1.148741999999999930e+00
2.658369423210555846e-02 -1.094367000000000090e+00
2.660369701181368798e-02 -1.022731000000000057e+00
2.662369979152181751e-02 -9.985920000000000352e-01
2.664370257122995050e-02 -1.038369000000000097e+00
2.666370535093808003e-02 -1.101828999999999947e+00
2.668370813064620956e-02 -1.145173999999999914e+00
2.670371091035434255e-02 -1.134336999999999929e+00
2.672371369006247208e-02 -1.133169000000000093e+00
2.674371646977060160e-02 -1.126551000000000080e+00
2.676371924947873460e-02 -1.102737000000000078e+00
2.678372202918686412e-02 -1.049269999999999925e+00
2.680372480889499365e-02 -1.009039000000000019e+00
2.682372758860312664e-02 -1.003263999999999934e+00
2.684373036831125617e-02 -1.060235999999999956e+00
2.686373314801938569e-02 -1.111496999999999957e+00
2.688373592772751522e-02 -1.155426000000000064e+00
2.690373870743564821e-02 -1.125123000000000095e+00
2.692374148714377774e-02 -1.091252000000000111e+00
2.694374426685190727e-02 -1.068735999999999908e+00
2.696374704656004026e-02 -1.044532999999999934e+00
2.698374982626816979e-02 -1.074575999999999976e+00
2.700375260597629931e-02 -1.076457999999999915e+00
2.702375538568443231e-02 -1.094626000000000099e+00
2.704375816539256183e-02 -1.115455000000000085e+00
2.706376094510069136e-02 -1.118309999999999915e+00
2.708376372480882435e-02 -1.126486000000000098e+00
2.710376650451695388e-02 -1.104359000000000091e+00
2.712376928422508340e-02 -1.085023000000000071e+00
2.714377206393321293e-02 -1.057444999999999968e+00
2.716377484364134592e-02 -1.050178000000000056e+00
2.718377762334947545e-02 -1.083660000000000068e+00
2.720378040305760498e-02 -1.092614999999999892e+00
2.722378318276573797e-02 -1.092614999999999892e+00
2.724378596247386750e-02 -1.098648999999999987e+00
2.726378874218199702e-02 -1.088462000000000041e+00
2.728379152189013002e-02 -1.076068000000000024e+00
2.730379430159825954e-02 -1.081129000000000007e+00
2.732379708130638907e-02 -1.046804000000000068e+00
2.734379986101452206e-02 -1.053811999999999971e+00
2.736380264072265159e-02 -1.040964000000000000e+00
2.738380542043078111e-02 -1.075225000000000097e+00
2.740380820013891064e-02 -1.083205999999999891e+00
2.742381097984704363e-02 -1.102541999999999911e+00
2.744381375955517316e-02 -1.090278999999999998e+00
2.746381653926330269e-02 -1.101957999999999993e+00
2.748381931897143568e-02 -1.102737000000000078e+00
2.750382209867956521e-02 -1.095598999999999990e+00
2.752382487838769473e-02 -1.069903999999999966e+00
2.754382765809582773e-02 -1.059457000000000093e+00
2.756383043780395725e-02 -1.048361000000000098e+00
2.758383321751208678e-02 -1.084827999999999903e+00
2.760383599722021977e-02 -1.097156999999999938e+00
2.762383877692834930e-02 -1.115390000000000104e+00
2.764384155663647882e-02 -1.088656000000000068e+00
2.766384433634460835e-02 -1.078209999999999891e+00
2.768384711605274134e-02 -1.065946000000000060e+00
2.770384989576087087e-02 -1.065881000000000078e+00
2.772385267546900040e-02 -1.032658000000000076e+00
2.774385545517713339e-02 -1.028181000000000012e+00
2.776385823488526292e-02 -1.029738000000000042e+00
2.778386101459339244e-02 -1.056861999999999968e+00
2.780386379430152544e-02 -1.084114000000000022e+00
2.782386657400965496e-02 -1.099882000000000026e+00
2.784386935371778449e-02 -1.087552999999999992e+00
2.786387213342591748e-02 -1.088915999999999995e+00
2.788387491313404701e-02 -1.087229000000000001e+00
2.790387769284217653e-02 -1.099947000000000008e+00
2.792388047255030606e-02 -1.108576999999999924e+00
2.794388325225843905e-02 -1.104878000000000027e+00
2.796388603196656858e-02 -1.094821000000000044e+00
2.798388881167469810e-02 -1.115455000000000085e+00
2.800389159138283110e-02 -1.102087999999999957e+00
2.802389437109096063e-02 -1.079442000000000013e+00
2.804389715079909015e-02 -1.064972000000000030e+00
2.806389993050722315e-02 -1.022211999999999898e+00
2.808390271021535267e-02 -1.046478999999999937e+00
2.810390548992348220e-02 -1.062831000000000081e+00
2.812390826963161519e-02 -1.098908999999999914e+00
2.814391104933974472e-02 -1.088008000000000086e+00
2.816391382904787424e-02 -1.114611000000000018e+00
2.818391660875600377e-02 -1.078794000000000031e+00
2.820391938846413676e-02 -1.099102999999999941e+00
2.822392216817226629e-02 -1.052254000000000023e+00
2.824392494788039581e-02 -1.047582999999999931e+00
2.826392772758852881e-02 -1.043689000000000089e+00
2.828393050729665834e-02 -1.061598000000000042e+00
2.830393328700478786e-02 -1.089434999999999931e+00
2.832393606671292086e-02 -1.131871999999999989e+00
2.834393884642105038e-02 -1.126810000000000089e+00
2.836394162612917991e-02 -1.103320999999999996e+00
2.838394440583731290e-02 -1.081908000000000092e+00
2.840394718554544243e-02 -1.065426999999999902e+00
2.842394996525357195e-02 -1.048230999999999913e+00
2.844395274496170148e-02 -1.057900000000000063e+00
2.846395552466983447e-02 -1.053228000000000053e+00
2.848395830437796400e-02 -1.066076000000000024e+00
2.850396108408609352e-02 -1.093458000000000041e+00
2.852396386379422652e-02 -1.092354999999999965e+00
2.854396664350235605e-02 -1.056341999999999892e+00
2.856396942321048557e-02 -1.023833999999999911e+00
2.858397220291861857e-02 -9.985920000000000352e-01
2.860397498262674809e-02 -1.000280000000000058e+00
2.862397776233487762e-02 -1.024483000000000033e+00
2.864398054204301061e-02 -1.058742999999999990e+00
2.866398332175114014e-02 -1.091447000000000056e+00
2.868398610145926966e-02 -1.115324999999999900e+00
2.870398888116739919e-02 -1.099232999999999905e+00
2.872399166087553218e-02 -1.097091999999999956e+00
2.874399444058366171e-02 -1.073472999999999900e+00
2.876399722029179123e-02 -1.030321999999999960e+00
