# time(s), 	 	 acceleration(g)
0.000000000000000000e+00 6.166426000000000407e+00
2.000277970813059281e-05 6.385615999999999737e+00
4.000555941626118562e-05 6.609479000000000326e+00
6.000833912439177504e-05 6.886224000000000345e+00
8.001111883252237124e-05 7.141232999999999720e+00
1.000138985406529674e-04 7.424597000000000335e+00
1.200166782487835501e-04 7.754160999999999859e+00
1.400194579569141598e-04 8.096572999999999354e+00
1.600222376650447425e-04 8.422307999999999240e+00
1.800250173731753251e-04 8.807157000000000124e+00
2.000277970813059349e-04 9.184996999999999190e+00
2.200305767894365175e-04 9.582109000000000876e+00
2.400333564975671002e-04 1.001867299999999972e+01
2.600361362056977099e-04 1.054666399999999982e+01
2.800389159138283197e-04 1.109042200000000022e+01
3.000416956219588752e-04 1.170328499999999927e+01
3.200444753300894850e-04 1.238758999999999943e+01
3.400472550382200947e-04 1.314093500000000070e+01
3.600500347463506503e-04 1.398661500000000046e+01
3.800528144544812600e-04 1.497647500000000065e+01
4.000555941626118698e-04 1.612686700000000073e+01
4.200583738707424253e-04 1.716441999999999979e+01
4.400611535788730351e-04 1.852978500000000039e+01
4.600639332870036448e-04 2.020725900000000053e+01
4.800667129951342003e-04 2.202333300000000094e+01
5.000694927032648101e-04 2.433164500000000174e+01
5.200722724113954198e-04 2.712129300000000143e+01
5.400750521195260296e-04 3.076122700000000165e+01
5.600778318276566393e-04 3.583634599999999892e+01
5.800806115357871407e-04 4.344292500000000246e+01
6.000833912439177504e-04 5.565814499999999754e+01
6.200861709520483602e-04 7.622115499999999599e+01
6.400889506601789699e-04 1.080053730000000058e+02
6.600917303683095797e-04 1.550531009999999981e+02
6.800945100764401894e-04 2.171056320000000142e+02
7.000972897845707992e-04 2.921676069999999754e+02
7.201000694927013005e-04 3.730063959999999952e+02
7.401028492008319103e-04 4.469250519999999938e+02
7.601056289089625200e-04 4.982549080000000004e+02
7.801084086170931298e-04 5.177967820000000074e+02
8.001111883252237395e-04 5.015787750000000074e+02
8.201139680333543493e-04 4.627609360000000152e+02
8.401167477414848506e-04 4.129063009999999849e+02
8.601195274496154604e-04 3.621507010000000264e+02
8.801223071577460701e-04 3.132265540000000215e+02
9.001250868658766799e-04 2.696860659999999825e+02
9.201278665740072896e-04 2.254961169999999981e+02
9.401306462821378994e-04 1.750055189999999925e+02
9.601334259902684007e-04 1.199654550000000057e+02
9.801362056983990104e-04 7.086358099999999638e+01
1.000138985406529620e-03 3.014090200000000053e+01
1.020141765114660230e-03 2.702986000000000111e+00
1.040144544822790840e-03 -9.898899999999999366e+00
1.060147324530921449e-03 -7.773895999999999695e+00
1.080150104239052059e-03 3.990031000000000105e+00
1.100152883947182669e-03 2.804159299999999888e+01
1.120155663655313279e-03 5.211437399999999798e+01
1.140158443363443888e-03 6.733343600000000606e+01
1.160161223071574281e-03 7.369592500000000257e+01
1.180164002779704891e-03 5.939047999999999661e+01
1.200166782487835501e-03 3.243461400000000339e+01
1.220169562195966111e-03 6.610380000000000145e-01
1.240172341904096720e-03 -2.613572399999999973e+01
1.260175121612227330e-03 -4.304562700000000319e+01
1.280177901320357940e-03 -3.924931399999999826e+01
1.300180681028488550e-03 -2.295460999999999885e+01
1.320183460736619159e-03 -8.347827000000000552e+00
1.340186240444749769e-03 1.312159800000000054e+01
1.360189020152880379e-03 2.921807000000000087e+01
1.380191799861010989e-03 3.314435399999999987e+01
1.400194579569141598e-03 1.949226300000000123e+01
1.420197359277271991e-03 1.886115999999999904e+00
1.440200138985402601e-03 -7.012959000000000387e+00
1.460202918693533211e-03 -1.767444599999999966e+01
1.480205698401663821e-03 -7.614662000000000042e+00
1.500208478109794430e-03 -1.273327000000000098e+00
1.520211257817925040e-03 1.325247599999999970e+01
1.540214037526055650e-03 2.717839400000000083e+01
1.560216817234186260e-03 2.936672799999999839e+01
1.580219596942316869e-03 3.158659799999999862e+01
1.600222376650447479e-03 1.762135900000000177e+01
1.620225156358578089e-03 4.987548000000000314e+00
1.640227936066708699e-03 1.041928899999999913e+01
1.660230715774839308e-03 -4.680509999999999948e+00
1.680233495482969701e-03 -2.155149000000000203e+00
1.700236275191100311e-03 -1.958030000000000048e-01
1.720239054899230921e-03 -3.197048999999999808e+00
1.740241834607361530e-03 -2.053405000000000147e+00
1.760244614315492140e-03 -1.557338599999999929e+01
1.780247394023622750e-03 -2.124559999999999960e+01
1.800250173731753360e-03 -2.836266699999999830e+01
1.820252953439883969e-03 -2.870228799999999936e+01
1.840255733148014579e-03 -1.669094499999999925e+01
1.860258512856145189e-03 -1.155612900000000032e+01
1.880261292564275799e-03 1.019750299999999932e+01
1.900264072272406408e-03 2.480525899999999950e+01
1.920266851980536801e-03 3.303813300000000197e+01
1.940269631688667411e-03 4.048658100000000104e+01
1.960272411396798021e-03 3.259644300000000072e+01
1.980275191104928847e-03 2.000545899999999833e+01
2.000277970813059240e-03 5.315230999999999817e+00
2.020280750521190067e-03 -4.167638000000000176e+00
2.040283530229320460e-03 -1.565520899999999926e+01
2.060286309937450853e-03 -1.652184799999999854e+01
2.080289089645581679e-03 -1.479745999999999917e+01
2.100291869353712072e-03 -1.039074800000000032e+01
2.120294649061842899e-03 -6.594240000000000101e+00
2.140297428769973292e-03 -2.499766999999999850e+00
2.160300208478104118e-03 -5.447799999999999865e-02
2.180302988186234511e-03 -5.160808000000000284e+00
2.200305767894365338e-03 -1.154178899999999963e+01
2.220308547602495731e-03 -1.962892499999999885e+01
2.240311327310626557e-03 -1.553575099999999942e+01
2.260314107018756950e-03 -1.028958800000000018e+01
2.280316886726887777e-03 -7.150066999999999950e+00
2.300319666435018170e-03 -2.438512999999999931e+00
2.320322446143148563e-03 8.420621000000000578e+00
2.340325225851279389e-03 1.327317599999999942e+01
2.360328005559409782e-03 1.610960700000000045e+01
2.380330785267540609e-03 1.747380400000000122e+01
2.400333564975671002e-03 1.274635299999999916e+01
2.420336344683801828e-03 6.127364000000000033e+00
2.440339124391932221e-03 7.785760999999999932e+00
2.460341904100063048e-03 -5.989499999999999824e-01
2.480344683808193441e-03 -6.158648999999999596e+00
2.500347463516324267e-03 -1.162114700000000056e+01
2.520350243224454660e-03 -1.557552699999999923e+01
2.540353022932585487e-03 -1.649589299999999881e+01
2.560355802640715880e-03 -1.694037300000000101e+01
2.580358582348846273e-03 -5.396414000000000044e+00
2.600361362056977099e-03 -4.233888000000000318e+00
2.620364141765107492e-03 -4.554886999999999908e+00
2.640366921473238319e-03 -4.666494000000000142e+00
2.660369701181368712e-03 -6.014274000000000342e+00
2.680372480889499538e-03 -9.571866999999999237e+00
2.700375260597629931e-03 -8.491034000000000859e+00
2.720378040305760758e-03 -1.005631699999999995e+01
2.740380820013891151e-03 -5.141211000000000197e+00
2.760383599722021977e-03 -1.104554000000000036e+00
2.780386379430152370e-03 1.300746099999999927e+01
2.800389159138283197e-03 2.070598499999999831e+01
2.820391938846413590e-03 1.528242000000000012e+01
2.840394718554543983e-03 1.006986900000000063e+01
2.860397498262674809e-03 7.009510999999999825e+00
2.880400277970805202e-03 9.241570000000000062e-01
2.900403057678936029e-03 -4.602774000000000143e+00
2.920405837387066422e-03 -1.024845000000000006e+01
2.940408617095197248e-03 -1.666200500000000062e+01
2.960411396803327641e-03 -1.316761299999999935e+01
2.980414176511458468e-03 -1.018622200000000078e+01
3.000416956219588861e-03 -7.688244000000000078e+00
3.020419735927719687e-03 -1.290514300000000070e+01
3.040422515635850080e-03 -1.550940600000000025e+01
3.060425295343980907e-03 -1.206342099999999995e+01
3.080428075052111300e-03 -1.352890700000000024e+01
3.100430854760241692e-03 -7.360237999999999836e+00
3.120433634468372519e-03 -2.190399999999999986e-02
3.140436414176502912e-03 6.396518000000000370e+00
3.160439193884633739e-03 1.033662200000000020e+01
3.180441973592764131e-03 1.209929400000000044e+01
3.200444753300894958e-03 1.028970900000000022e+01
3.220447533009025351e-03 3.596033999999999953e+00
3.240450312717156178e-03 1.573682000000000025e+00
3.260453092425286570e-03 -2.282652999999999821e+00
3.280455872133417397e-03 -6.425791000000000253e+00
3.300458651841547790e-03 -2.985840000000000050e+00
3.320461431549678617e-03 2.171361000000000097e+00
3.340464211257809009e-03 5.058600000000000207e+00
3.360466990965939402e-03 1.055425000000000058e+00
3.380469770674070229e-03 -2.028553000000000051e+00
3.400472550382200622e-03 -1.006124900000000011e+01
3.420475330090331448e-03 -1.816934399999999883e+01
3.440478109798461841e-03 -1.832072700000000154e+01
3.460480889506592668e-03 -1.985531800000000047e+01
3.480483669214723061e-03 -1.616801600000000150e+01
3.500486448922853887e-03 -1.245527700000000060e+01
3.520489228630984280e-03 -1.405190000000000050e-01
3.540492008339115107e-03 5.185260999999999676e+00
3.560494788047245500e-03 1.198950400000000016e+01
3.580497567755376326e-03 1.290630099999999914e+01
3.600500347463506719e-03 7.513687000000000005e+00
3.620503127171637112e-03 2.663273999999999919e+00
3.640505906879767939e-03 -2.000652000000000097e+00
3.660508686587898332e-03 -8.446789999999999576e-01
3.680511466296029158e-03 1.787550999999999890e+00
3.700514246004159551e-03 -3.257979000000000180e+00
3.720517025712290378e-03 -3.838332999999999995e+00
3.740519805420420771e-03 -1.904487999999999959e+00
3.760522585128551597e-03 -3.142544000000000004e+00
3.780525364836681990e-03 -1.699832999999999927e+00
3.800528144544812817e-03 8.434369999999999923e-01
3.820530924252943210e-03 -1.977500000000000091e-01
3.840533703961073603e-03 -5.468698999999999977e+00
3.860536483669204429e-03 -4.447758000000000322e+00
3.880539263377334822e-03 -9.910384999999999778e+00
3.900542043085465649e-03 -1.467332999999999998e+01
3.920544822793596042e-03 -1.555619000000000085e+01
3.940547602501726435e-03 -1.137989499999999943e+01
3.960550382209857695e-03 -6.853790000000000049e+00
3.980553161917988088e-03 1.570243000000000055e+00
4.000555941626118481e-03 1.188159600000000005e+01
4.020558721334248874e-03 1.356192500000000045e+01
4.040561501042380134e-03 1.164053900000000041e+01
4.060564280750510527e-03 9.545771999999999480e+00
4.080567060458640920e-03 5.102983000000000047e+00
4.100569840166771313e-03 2.982715999999999923e+00
4.120572619874901706e-03 -5.761089999999999822e-01
4.140575399583032966e-03 -2.859698999999999991e+00
4.160578179291163359e-03 -7.758712000000000053e+00
4.180580958999293752e-03 -8.541451999999999600e+00
4.200583738707424145e-03 -5.020844999999999558e+00
4.220586518415555405e-03 -5.860036000000000023e+00
4.240589298123685798e-03 -8.115140000000000242e+00
4.260592077831816191e-03 -6.238395999999999830e+00
4.280594857539946584e-03 -4.721129000000000353e+00
4.300597637248077844e-03 -3.600845000000000073e+00
4.320600416956208237e-03 -2.530459000000000014e+00
4.340603196664338630e-03 -6.812270000000000270e-01
4.360605976372469023e-03 -1.844208000000000069e+00
4.380608756080599415e-03 9.580929999999999724e-01
4.400611535788730676e-03 4.388959999999999972e+00
4.420614315496861069e-03 5.315554999999999808e+00
4.440617095204991462e-03 4.723001000000000005e+00
4.460619874913121854e-03 5.305432999999999844e+00
4.480622654621253115e-03 -1.237130000000000035e-01
4.500625434329383508e-03 -5.103252000000000344e+00
4.520628214037513901e-03 -3.441546000000000216e+00
4.540630993745644294e-03 -3.048261999999999805e+00
4.560633773453775554e-03 -3.780720000000000192e-01
4.580636553161905947e-03 3.539321999999999857e+00
4.600639332870036340e-03 2.674630000000000063e+00
4.620642112578166733e-03 1.226209000000000104e+00
4.640644892286297125e-03 9.679560000000000386e-01
4.660647671994428386e-03 -4.420505000000000351e+00
4.680650451702558779e-03 -9.292460999999999416e+00
4.700653231410689172e-03 -1.415714900000000043e+01
4.720656011118819564e-03 -1.419990999999999914e+01
4.740658790826950825e-03 -7.109576999999999813e+00
4.760661570535081218e-03 1.207651000000000030e+00
4.780664350243211611e-03 6.161234999999999573e+00
4.800667129951342003e-03 8.425292999999999921e+00
4.820669909659473264e-03 8.229786999999999964e+00
4.840672689367603657e-03 7.021449999999999747e+00
4.860675469075734050e-03 1.531959000000000071e+00
4.880678248783864442e-03 -1.935958999999999985e+00
4.900681028491994835e-03 -6.190962999999999994e+00
4.920683808200126096e-03 -9.427946000000000382e+00
4.940686587908256489e-03 -4.288394000000000261e+00
4.960689367616386881e-03 2.817049999999999832e-01
4.980692147324517274e-03 8.643309999999999604e-01
5.000694927032648535e-03 8.181310000000000526e-01
5.020697706740778928e-03 -2.231716000000000033e+00
5.040700486448909320e-03 -2.056973999999999858e+00
5.060703266157039713e-03 -3.250589999999999868e-01
5.080706045865170974e-03 1.331326999999999927e+00
5.100708825573301367e-03 7.673240000000000061e-01
5.120711605281431759e-03 -3.220343999999999873e+00
5.140714384989562152e-03 -6.703509999999999636e+00
5.160717164697692545e-03 -6.206666000000000238e+00
5.180719944405823806e-03 -5.055234999999999701e+00
5.200722724113954198e-03 -3.192311999999999816e+00
5.220725503822084591e-03 -5.657269999999999799e-01
5.240728283530214984e-03 -2.488809999999999911e-01
5.260731063238346245e-03 6.932220000000000049e-01
5.280733842946476637e-03 3.814251000000000058e+00
5.300736622654607030e-03 4.308628999999999820e+00
5.320739402362737423e-03 2.698833000000000037e+00
5.340742182070868684e-03 -3.956569999999999809e-01
5.360744961778999076e-03 -3.228908999999999807e+00
5.380747741487129469e-03 -3.411242999999999803e+00
5.400750521195259862e-03 -4.359770000000000145e+00
5.420753300903390255e-03 -3.412995000000000001e+00
5.440756080611521515e-03 -3.529598000000000013e+00
5.460758860319651908e-03 -3.852154000000000078e+00
5.480761640027782301e-03 -1.629234999999999989e+00
5.500764419735912694e-03 1.409969999999999946e+00
5.520767199444043954e-03 1.988053999999999988e+00
5.540769979152174347e-03 -7.078309999999999880e-01
5.560772758860304740e-03 -4.157191000000000081e+00
5.580775538568435133e-03 -5.042062999999999739e+00
5.600778318276566393e-03 -3.567816999999999794e+00
5.620781097984696786e-03 -2.131464999999999943e+00
5.640783877692827179e-03 -2.554350000000000231e-01
5.660786657400957572e-03 -4.515899999999999914e-01
5.680789437109087965e-03 -2.151386000000000021e+00
5.700792216817219225e-03 -1.098130000000000051e+00
5.720794996525349618e-03 -1.384349000000000052e+00
5.740797776233480011e-03 -2.190330000000000055e-01
5.760800555941610404e-03 1.179554999999999909e+00
5.780803335649741664e-03 6.210670000000000357e-01
5.800806115357872057e-03 -2.701640000000000152e-01
5.820808895066002450e-03 3.035070000000000268e-01
5.840811674774132843e-03 1.184550999999999910e+00
5.860814454482264103e-03 3.279599999999999876e-02
5.880817234190394496e-03 -2.526175999999999977e+00
5.900820013898524889e-03 -4.229930000000000412e+00
5.920822793606655282e-03 -7.755143999999999593e+00
5.940825573314785675e-03 -8.094960000000000377e+00
5.960828353022916935e-03 -4.958293000000000283e+00
5.980831132731047328e-03 -3.922881999999999980e+00
6.000833912439177721e-03 -2.453955999999999804e+00
6.020836692147308114e-03 -7.692149999999999821e-01
6.040839471855439374e-03 1.035763999999999907e+00
6.060842251563569767e-03 3.747740999999999989e+00
6.080845031271700160e-03 4.567530999999999786e+00
6.100847810979830553e-03 1.560249999999999915e+00
6.120850590687961813e-03 -1.982547999999999977e+00
6.140853370396092206e-03 -1.635075000000000056e+00
6.160856150104222599e-03 -1.591534999999999922e+00
6.180858929812352992e-03 -1.542999000000000009e+00
6.200861709520483385e-03 -1.191567999999999961e+00
6.220864489228614645e-03 -2.896230000000000082e+00
6.240867268936745038e-03 -3.856567000000000078e+00
6.260870048644875431e-03 -2.090132000000000101e+00
6.280872828353005824e-03 -1.871079999999999965e-01
6.300875608061137084e-03 -1.219600000000000017e+00
6.320878387769267477e-03 -2.608454000000000050e+00
6.340881167477397870e-03 -3.956103999999999843e+00
6.360883947185528263e-03 -4.291637999999999842e+00
6.380886726893659523e-03 -1.463707000000000091e+00
6.400889506601789916e-03 8.532349999999999657e-01
6.420892286309920309e-03 1.657516999999999907e+00
6.440895066018050702e-03 1.556810999999999945e+00
6.460897845726181095e-03 1.896940000000000015e-01
6.480900625434312355e-03 -1.459165000000000045e+00
6.500903405142442748e-03 -1.817603999999999997e+00
6.520906184850573141e-03 -1.995849999999999902e+00
6.540908964558703534e-03 -1.845569999999999933e+00
6.560911744266834794e-03 -1.950947999999999904e+00
6.580914523974965187e-03 -2.059900000000000064e-01
6.600917303683095580e-03 1.702029000000000014e+00
6.620920083391225973e-03 1.609629999999999894e+00
6.640922863099357233e-03 -7.715509999999999868e-01
6.660925642807487626e-03 -3.142414000000000041e+00
6.680928422515618019e-03 -4.825858000000000203e+00
6.700931202223748412e-03 -4.418623000000000189e+00
6.720933981931878805e-03 -1.349893999999999927e+00
6.740936761640010065e-03 1.442080000000000028e-01
6.760939541348140458e-03 -1.558319999999999983e-01
6.780942321056270851e-03 -8.587599999999999678e-01
6.800945100764401244e-03 -2.114139999999999908e+00
6.820947880472532504e-03 -3.361864000000000186e+00
6.840950660180662897e-03 -3.055074999999999985e+00
6.860953439888793290e-03 -2.204593000000000025e+00
6.880956219596923683e-03 -1.894171000000000049e+00
6.900958999305054943e-03 -1.935969999999999913e-01
6.920961779013185336e-03 2.564970000000000194e+00
6.940964558721315729e-03 2.708241000000000120e+00
6.960967338429446122e-03 9.897580000000000267e-01
6.980970118137576515e-03 -1.350478000000000067e+00
7.000972897845707775e-03 -3.751644000000000201e+00
7.020975677553838168e-03 -4.248553000000000246e+00
7.040978457261968561e-03 -2.394518999999999842e+00
7.060981236970098954e-03 -2.322700000000000042e-01
7.080984016678230214e-03 7.666749999999999954e-01
7.100986796386360607e-03 3.275799999999999823e-01
7.120989576094491000e-03 -1.371566000000000063e+00
7.140992355802621393e-03 -2.415219000000000005e+00
7.160995135510752653e-03 -2.540386999999999951e+00
7.180997915218883046e-03 -4.150117999999999974e+00
7.201000694927013439e-03 -5.098905000000000243e+00
7.221003474635143832e-03 -3.459973999999999883e+00
7.241006254343274225e-03 -1.628390999999999922e+00
7.261009034051405485e-03 3.818909999999999805e-01
7.281011813759535878e-03 2.036525000000000141e+00
7.301014593467666271e-03 1.749916999999999945e+00
7.321017373175796664e-03 4.058200000000000002e-02
7.341020152883927924e-03 -1.184690000000000021e+00
7.361022932592058317e-03 -1.282345999999999986e+00
7.381025712300188710e-03 -7.664250000000000229e-01
7.401028492008319103e-03 -1.117011999999999894e+00
7.421031271716450363e-03 -2.159755999999999787e+00
7.441034051424580756e-03 -2.676391000000000187e+00
7.461036831132711149e-03 -2.052951000000000192e+00
7.481039610840841542e-03 -1.083271000000000095e+00
7.501042390548971935e-03 -6.174429999999999641e-01
7.521045170257103195e-03 -9.938559999999999617e-01
7.541047949965233588e-03 -1.336915999999999993e+00
7.561050729673363981e-03 -1.642212999999999923e+00
7.581053509381494374e-03 -1.600813999999999959e+00
7.601056289089625634e-03 -1.752520999999999995e+00
7.621059068797756027e-03 -2.214846000000000092e+00
7.641061848505886420e-03 -3.010368000000000155e+00
7.661064628214016813e-03 -3.004916999999999838e+00
7.681067407922147205e-03 -1.299930000000000030e+00
7.701070187630278466e-03 4.610540000000000194e-01
7.721072967338408859e-03 2.641200000000000214e-01
7.741075747046539252e-03 -1.895739999999999925e-01
7.761078526754669644e-03 -2.333079999999999876e-01
7.781081306462800905e-03 -1.209346999999999950e+00
7.801084086170931298e-03 -8.656380000000000186e-01
7.821086865879062558e-03 6.163950000000000262e-01
7.841089645587192083e-03 1.055350000000000038e-01
7.861092425295323344e-03 -1.547736000000000001e+00
7.881095205003452869e-03 -2.092273000000000049e+00
7.901097984711584130e-03 -2.551871999999999918e+00
7.921100764419715390e-03 -2.921990999999999783e+00
7.941103544127844915e-03 -2.464402999999999899e+00
7.961106323835976176e-03 -2.453892000000000184e+00
7.981109103544105701e-03 -2.617798000000000069e+00
8.001111883252236961e-03 -1.278712000000000071e+00
8.021114662960368222e-03 3.317330000000000001e-01
8.041117442668497747e-03 1.788579999999999892e-01
8.061120222376629008e-03 -7.650620000000000198e-01
8.081123002084760268e-03 -1.891704999999999970e+00
8.101125781792889793e-03 -2.824788999999999994e+00
8.121128561501021054e-03 -2.115242999999999984e+00
8.141131341209150579e-03 -8.739430000000000254e-01
8.161134120917281840e-03 8.159099999999999686e-02
8.181136900625413100e-03 5.272390000000000132e-01
8.201139680333542625e-03 4.447019999999999862e-01
8.221142460041673886e-03 -1.117090000000000027e-01
8.241145239749803411e-03 -6.631240000000000467e-01
8.261148019457934671e-03 -1.382921999999999985e+00
8.281150799166065932e-03 -2.592556000000000083e+00
8.301153578874195457e-03 -3.566324999999999967e+00
8.321156358582326718e-03 -3.420652000000000026e+00
8.341159138290457978e-03 -2.178509000000000029e+00
8.361161917998587503e-03 -4.628160000000000052e-01
8.381164697706718764e-03 6.949739999999999807e-01
8.401167477414848289e-03 1.410929999999999962e-01
8.421170257122979549e-03 -1.506143000000000010e+00
8.441173036831110810e-03 -2.636031000000000013e+00
8.461175816539240335e-03 -2.419306000000000179e+00
8.481178596247371596e-03 -1.975994000000000028e+00
8.501181375955501121e-03 -1.878986999999999963e+00
8.521184155663632381e-03 -1.641758000000000051e+00
8.541186935371763642e-03 -1.091186999999999907e+00
8.561189715079893167e-03 1.222759999999999958e-01
8.581192494788024427e-03 1.076902000000000026e+00
8.601195274496155688e-03 4.759129999999999749e-01
8.621198054204285213e-03 -1.161850000000000049e+00
8.641200833912416474e-03 -2.320092999999999961e+00
8.661203613620545999e-03 -2.610660000000000203e+00
8.681206393328677259e-03 -1.828179999999999916e+00
8.701209173036808520e-03 -4.304370000000000140e-01
8.721211952744938045e-03 2.430970000000000075e-01
8.741214732453069305e-03 -2.492699999999999916e-01
8.761217512161198831e-03 -1.280399000000000065e+00
8.781220291869330091e-03 -1.684649000000000063e+00
8.801223071577461352e-03 -2.217375999999999792e+00
8.821225851285590877e-03 -2.789296000000000220e+00
8.841228630993722137e-03 -2.951515000000000111e+00
8.861231410701853398e-03 -2.731739999999999835e+00
8.881234190409982923e-03 -1.851086000000000009e+00
8.901236970118114183e-03 6.653799999999999992e-02
8.921239749826243709e-03 1.153534999999999977e+00
8.941242529534374969e-03 4.758479999999999932e-01
8.961245309242506230e-03 -6.863529999999999909e-01
8.981248088950635755e-03 -1.510426000000000046e+00
9.001250868658767015e-03 -1.550721000000000016e+00
9.021253648366896541e-03 -7.762229999999999963e-01
9.041256428075027801e-03 -4.406240000000000157e-01
9.061259207783159061e-03 -9.985920000000000352e-01
9.081261987491288587e-03 -1.472207000000000043e+00
9.101264767199419847e-03 -1.761215999999999893e+00
9.121267546907551108e-03 -2.157550000000000079e+00
9.141270326615680633e-03 -2.288492999999999888e+00
9.161273106323811893e-03 -2.133217000000000141e+00
9.181275886031941419e-03 -1.828505000000000047e+00
9.201278665740072679e-03 -1.436714000000000047e+00
9.221281445448203939e-03 -4.778689999999999882e-01
9.241284225156333465e-03 2.930599999999999872e-01
9.261287004864464725e-03 -1.612900000000000097e-02
9.281289784572594251e-03 -9.268269999999999564e-01
9.301292564280725511e-03 -2.072093000000000185e+00
9.321295343988856771e-03 -2.417619000000000185e+00
9.341298123696986297e-03 -1.513670000000000071e+00
9.361300903405117557e-03 -8.059410000000000185e-01
9.381303683113248817e-03 -6.590359999999999552e-01
9.401306462821378343e-03 -8.611609999999999543e-01
9.421309242529509603e-03 -1.018577999999999983e+00
9.441312022237639129e-03 -8.478590000000000293e-01
9.461314801945770389e-03 -1.010790999999999995e+00
9.481317581653901649e-03 -1.526388000000000078e+00
9.501320361362031175e-03 -2.117125000000000146e+00
9.521323141070162435e-03 -2.051718000000000153e+00
9.541325920778291961e-03 -1.239325000000000010e+00
9.561328700486423221e-03 -6.711049999999999516e-01
9.581331480194554481e-03 -9.357159999999999922e-01
9.601334259902684007e-03 -1.280918000000000001e+00
9.621337039610815267e-03 -1.246788000000000007e+00
9.641339819318946527e-03 -1.121944000000000052e+00
9.661342599027076053e-03 -1.003654000000000046e+00
9.681345378735207313e-03 -7.548099999999999810e-01
9.701348158443336839e-03 -9.462279999999999580e-01
9.721350938151468099e-03 -1.369879000000000069e+00
9.741353717859599359e-03 -1.811050000000000049e+00
9.761356497567728885e-03 -1.721375000000000099e+00
9.781359277275860145e-03 -1.033762000000000070e+00
9.801362056983989671e-03 -2.396669999999999912e-01
9.821364836692120931e-03 -4.922200000000000186e-02
9.841367616400252191e-03 -7.449470000000000258e-01
9.861370396108381717e-03 -1.441645000000000065e+00
9.881373175816512977e-03 -2.010384999999999867e+00
9.901375955524644237e-03 -2.552909999999999791e+00
9.921378735232773763e-03 -2.817651000000000128e+00
9.941381514940905023e-03 -2.379011000000000209e+00
9.961384294649034549e-03 -1.277414000000000049e+00
9.981387074357165809e-03 3.794899999999999940e-01
1.000138985406529707e-02 1.596975999999999951e+00
1.002139263377342659e-02 1.280713999999999908e+00
1.004139541348155786e-02 -3.724270000000000080e-01
1.006139819318968738e-02 -1.829347999999999974e+00
1.008140097289781864e-02 -2.618705999999999978e+00
1.010140375260594990e-02 -3.001412999999999887e+00
1.012140653231407943e-02 -2.521180000000000199e+00
1.014140931202221069e-02 -1.335488999999999926e+00
1.016141209173034195e-02 -4.218709999999999960e-01
1.018141487143847147e-02 5.563599999999999796e-02
1.020141765114660273e-02 7.399999999999999634e-02
1.022142043085473226e-02 -4.217420000000000058e-01
1.024142321056286352e-02 -1.180277999999999938e+00
1.026142599027099478e-02 -1.894365999999999994e+00
1.028142876997912430e-02 -2.361556000000000211e+00
1.030143154968725556e-02 -2.311074000000000073e+00
1.032143432939538509e-02 -1.424060000000000104e+00
1.034143710910351635e-02 -4.473719999999999919e-01
1.036143988881164761e-02 -3.432279999999999776e-01
1.038144266851977714e-02 -9.598550000000000137e-01
1.040144544822790840e-02 -1.463707000000000091e+00
1.042144822793603966e-02 -1.423022000000000009e+00
1.044145100764416918e-02 -9.129410000000000025e-01
1.046145378735230044e-02 -5.880490000000000439e-01
1.048145656706042997e-02 -6.796050000000000146e-01
1.050145934676856123e-02 -8.134029999999999871e-01
1.052146212647669249e-02 -7.334619999999999473e-01
1.054146490618482201e-02 -9.207269999999999621e-01
1.056146768589295327e-02 -1.522364999999999968e+00
1.058147046560108280e-02 -1.976383999999999919e+00
1.060147324530921406e-02 -2.224514000000000102e+00
1.062147602501734532e-02 -1.842649999999999899e+00
1.064147880472547485e-02 -8.982759999999999634e-01
1.066148158443360611e-02 7.035999999999999720e-03
1.068148436414173737e-02 3.389899999999999858e-02
1.070148714384986689e-02 -6.323020000000000307e-01
1.072148992355799815e-02 -1.459489000000000036e+00
1.074149270326612768e-02 -2.101163000000000114e+00
1.076149548297425894e-02 -2.003960999999999881e+00
1.078149826268239020e-02 -1.532812000000000063e+00
1.080150104239051972e-02 -1.526129000000000069e+00
1.082150382209865098e-02 -1.653632999999999909e+00
1.084150660180678051e-02 -1.148417999999999939e+00
1.086150938151491177e-02 -4.585330000000000239e-01
1.088151216122304303e-02 -5.304999999999999993e-02
1.090151494093117256e-02 -3.324559999999999738e-01
1.092151772063930382e-02 -1.147769000000000039e+00
1.094152050034743508e-02 -1.587966999999999906e+00
1.096152328005556460e-02 -1.179175000000000084e+00
1.098152605976369586e-02 -6.221149999999999736e-01
1.100152883947182539e-02 -6.688990000000000213e-01
1.102153161917995665e-02 -9.552479999999999860e-01
1.104153439888808791e-02 -1.364494000000000096e+00
1.106153717859621743e-02 -1.752715999999999941e+00
1.108153995830434869e-02 -1.861402999999999919e+00
1.110154273801247822e-02 -1.905267000000000044e+00
1.112154551772060948e-02 -2.095581999999999834e+00
1.114154829742874074e-02 -2.119200999999999890e+00
1.116155107713687027e-02 -1.628846000000000016e+00
1.118155385684500153e-02 -7.931580000000000297e-01
1.120155663655313279e-02 2.818899999999999878e-02
1.122155941626126231e-02 3.774790000000000090e-01
1.124156219596939357e-02 -1.082700000000000051e-01
1.126156497567752310e-02 -1.146665999999999963e+00
1.128156775538565436e-02 -1.811244999999999994e+00
1.130157053509378562e-02 -1.709630999999999901e+00
1.132157331480191514e-02 -1.434506999999999977e+00
1.134157609451004640e-02 -1.429381000000000013e+00
1.136157887421817593e-02 -1.611974999999999936e+00
1.138158165392630719e-02 -1.367737999999999898e+00
1.140158443363443845e-02 -7.718099999999999961e-01
1.142158721334256798e-02 -3.473800000000000221e-01
1.144158999305069924e-02 -5.926559999999999606e-01
1.146159277275883050e-02 -1.258985999999999938e+00
1.148159555246696002e-02 -1.752715999999999941e+00
1.150159833217509128e-02 -1.810465999999999909e+00
1.152160111188322081e-02 -1.732666000000000039e+00
1.154160389159135207e-02 -1.761865000000000014e+00
1.156160667129948333e-02 -1.703856000000000037e+00
1.158160945100761285e-02 -1.517953000000000108e+00
1.160161223071574411e-02 -1.207985000000000086e+00
1.162161501042387364e-02 -7.644779999999999909e-01
1.164161779013200490e-02 -3.470559999999999756e-01
1.166162056984013616e-02 -3.695720000000000116e-01
1.168162334954826569e-02 -8.730999999999999872e-01
1.170162612925639695e-02 -1.406087000000000087e+00
1.172162890896452821e-02 -1.665248000000000062e+00
1.174163168867265773e-02 -1.406087000000000087e+00
1.176163446838078899e-02 -9.734810000000000407e-01
1.178163724808891852e-02 -7.158120000000000038e-01
1.180164002779704978e-02 -8.784210000000000074e-01
1.182164280750518104e-02 -1.179629000000000039e+00
1.184164558721331056e-02 -1.249967000000000050e+00
1.186164836692144182e-02 -1.334905000000000008e+00
1.188165114662957135e-02 -1.746032999999999946e+00
1.190165392633770261e-02 -2.252285999999999788e+00
1.192165670604583387e-02 -2.126014000000000070e+00
1.194165948575396340e-02 -1.374681000000000042e+00
1.196166226546209466e-02 -6.026479999999999615e-01
1.198166504517022592e-02 -3.405670000000000086e-01
1.200166782487835544e-02 -6.694179999999999575e-01
1.202167060458648670e-02 -1.189686000000000021e+00
1.204167338429461623e-02 -1.466172000000000031e+00
1.206167616400274749e-02 -1.547282000000000046e+00
1.208167894371087875e-02 -1.335423999999999944e+00
1.210168172341900827e-02 -9.143679999999999586e-01
1.212168450312713953e-02 -7.611689999999999845e-01
1.214168728283526906e-02 -8.257320000000000215e-01
1.216169006254340032e-02 -9.352620000000000378e-01
1.218169284225153158e-02 -1.162498999999999949e+00
1.220169562195966111e-02 -1.576740999999999948e+00
1.222169840166779237e-02 -1.842325999999999908e+00
1.224170118137592363e-02 -1.795671999999999935e+00
1.226170396108405315e-02 -1.339965999999999990e+00
1.228170674079218441e-02 -5.940830000000000277e-01
1.230170952050031394e-02 -9.094499999999999806e-02
1.232171230020844520e-02 -3.028029999999999888e-01
1.234171507991657646e-02 -1.166001999999999983e+00
1.236171785962470598e-02 -2.069691999999999865e+00
1.238172063933283724e-02 -2.422420999999999935e+00
1.240172341904096677e-02 -2.097917999999999950e+00
1.242172619874909803e-02 -1.403685999999999989e+00
1.244172897845722929e-02 -8.272890000000000521e-01
1.246173175816535882e-02 -3.704799999999999760e-01
1.248173453787349008e-02 -1.287089999999999901e-01
1.250173731758162134e-02 -4.055849999999999733e-01
1.252174009728975086e-02 -1.044273000000000007e+00
1.254174287699788212e-02 -1.779190000000000049e+00
1.256174565670601165e-02 -2.279278999999999833e+00
1.258174843641414291e-02 -2.206280000000000019e+00
1.260175121612227417e-02 -1.589847999999999928e+00
1.262175399583040369e-02 -8.391640000000000210e-01
1.264175677553853495e-02 -3.222039999999999904e-01
1.266175955524666448e-02 -3.907900000000000262e-01
1.268176233495479574e-02 -8.216440000000000410e-01
1.270176511466292700e-02 -1.325885999999999898e+00
1.272176789437105653e-02 -1.525544999999999929e+00
1.274177067407918779e-02 -1.553121999999999892e+00
1.276177345378731905e-02 -1.589458999999999955e+00
1.278177623349544857e-02 -1.531579000000000024e+00
1.280177901320357983e-02 -1.403556000000000026e+00
1.282178179291170936e-02 -1.196824000000000110e+00
1.284178457261984062e-02 -1.015463000000000005e+00
1.286178735232797188e-02 -1.005794999999999995e+00
1.288179013203610140e-02 -1.250421000000000005e+00
1.290179291174423266e-02 -1.376109000000000027e+00
1.292179569145236219e-02 -1.263398999999999939e+00
1.294179847116049345e-02 -9.387659999999999894e-01
1.296180125086862471e-02 -7.137360000000000371e-01
1.298180403057675424e-02 -8.502589999999999870e-01
1.300180681028488550e-02 -1.178266000000000036e+00
1.302180958999301676e-02 -1.400959999999999983e+00
1.304181236970114628e-02 -1.388567000000000107e+00
1.306181514940927754e-02 -1.308170999999999973e+00
1.308181792911740707e-02 -1.277673999999999976e+00
1.310182070882553833e-02 -1.382857000000000003e+00
1.312182348853366959e-02 -1.437751999999999919e+00
1.314182626824179911e-02 -1.341977999999999893e+00
1.316182904794993037e-02 -1.131482000000000099e+00
1.318183182765805990e-02 -9.192350000000000243e-01
1.320183460736619116e-02 -9.183909999999999574e-01
1.322183738707432242e-02 -1.114805999999999964e+00
1.324184016678245195e-02 -1.186765999999999988e+00
1.326184294649058321e-02 -1.096832000000000029e+00
1.328184572619871447e-02 -1.074770000000000003e+00
1.330184850590684399e-02 -1.309209000000000067e+00
1.332185128561497525e-02 -1.628846000000000016e+00
1.334185406532310478e-02 -1.803263999999999978e+00
1.336185684503123604e-02 -1.565644999999999953e+00
1.338185962473936730e-02 -1.095989000000000102e+00
1.340186240444749682e-02 -8.692069999999999519e-01
1.342186518415562808e-02 -8.951620000000000132e-01
1.344186796386375761e-02 -1.086840000000000028e+00
1.346187074357188887e-02 -1.238741000000000092e+00
1.348187352328002013e-02 -1.152441000000000049e+00
1.350187630298814966e-02 -1.061079000000000105e+00
1.352187908269628092e-02 -1.118699000000000110e+00
1.354188186240441218e-02 -1.214344000000000090e+00
1.356188464211254170e-02 -1.234134000000000064e+00
1.358188742182067296e-02 -1.119607999999999937e+00
1.360189020152880249e-02 -1.135051000000000032e+00
1.362189298123693375e-02 -1.275792000000000037e+00
1.364189576094506501e-02 -1.536704999999999988e+00
1.366189854065319453e-02 -1.610092999999999996e+00
1.368190132036132579e-02 -1.493036000000000030e+00
1.370190410006945532e-02 -1.254185000000000105e+00
1.372190687977758658e-02 -8.367630000000000345e-01
1.374190965948571784e-02 -6.833679999999999755e-01
1.376191243919384737e-02 -9.447360000000000202e-01
1.378191521890197863e-02 -1.406671000000000005e+00
1.380191799861010989e-02 -1.569214000000000109e+00
1.382192077831823941e-02 -1.562205999999999984e+00
1.384192355802637067e-02 -1.532032999999999978e+00
1.386192633773450020e-02 -1.467859999999999943e+00
1.388192911744263146e-02 -1.248798999999999992e+00
1.390193189715076272e-02 -8.251479999999999926e-01
1.392193467685889224e-02 -4.686549999999999883e-01
1.394193745656702350e-02 -5.250430000000000375e-01
1.396194023627515303e-02 -1.023185000000000011e+00
1.398194301598328429e-02 -1.668427000000000104e+00
1.400194579569141555e-02 -2.032836000000000087e+00
1.402194857539954508e-02 -1.868735000000000035e+00
1.404195135510767634e-02 -1.454558000000000018e+00
1.406195413481580760e-02 -1.037654999999999994e+00
1.408195691452393712e-02 -7.812839999999999785e-01
1.410195969423206838e-02 -6.603980000000000405e-01
1.412196247394019791e-02 -6.236070000000000224e-01
1.414196525364832917e-02 -9.882750000000000146e-01
1.416196803335646043e-02 -1.485184999999999977e+00
1.418197081306458995e-02 -1.863154999999999895e+00
1.420197359277272121e-02 -1.890408000000000088e+00
1.422197637248085074e-02 -1.660185999999999940e+00
1.424197915218898200e-02 -1.166001999999999983e+00
1.426198193189711326e-02 -6.121220000000000550e-01
1.428198471160524279e-02 -4.404290000000000149e-01
1.430198749131337405e-02 -6.937510000000000066e-01
1.432199027102150531e-02 -1.145173999999999914e+00
1.434199305072963483e-02 -1.490375999999999923e+00
1.436199583043776609e-02 -1.584916999999999909e+00
1.438199861014589562e-02 -1.457348000000000088e+00
1.440200138985402688e-02 -1.315957999999999961e+00
1.442200416956215814e-02 -1.216744999999999965e+00
1.444200694927028766e-02 -1.052708999999999895e+00
1.446200972897841892e-02 -9.194299999999999695e-01
1.448201250868654845e-02 -9.821760000000000490e-01
1.450201528839467971e-02 -1.243478000000000083e+00
1.452201806810281097e-02 -1.510296000000000083e+00
1.454202084781094050e-02 -1.561426999999999898e+00
1.456202362751907176e-02 -1.319007000000000041e+00
1.458202640722720302e-02 -1.030062999999999951e+00
1.460202918693533254e-02 -9.052839999999999776e-01
1.462203196664346380e-02 -1.051087000000000105e+00
1.464203474635159333e-02 -1.249643000000000059e+00
1.466203752605972459e-02 -1.404463999999999935e+00
1.468204030576785585e-02 -1.428407999999999900e+00
1.470204308547598537e-02 -1.232123000000000079e+00
1.472204586518411663e-02 -1.102672000000000097e+00
1.474204864489224616e-02 -9.505759999999999765e-01
1.476205142460037742e-02 -8.234609999999999985e-01
1.478205420430850868e-02 -7.969870000000000010e-01
1.480205698401663821e-02 -9.058680000000000065e-01
1.482205976372476947e-02 -1.122527999999999970e+00
1.484206254343290073e-02 -1.386945000000000094e+00
1.486206532314103025e-02 -1.582905000000000006e+00
1.488206810284916151e-02 -1.521522000000000041e+00
1.490207088255729104e-02 -1.234458999999999973e+00
1.492207366226542230e-02 -9.762060000000000182e-01
1.494207644197355356e-02 -1.037784999999999958e+00
1.496207922168168308e-02 -1.145173999999999914e+00
1.498208200138981434e-02 -1.111561999999999939e+00
1.500208478109794387e-02 -1.028960000000000097e+00
1.502208756080607513e-02 -9.558959999999999679e-01
1.504209034051420639e-02 -9.663429999999999520e-01
1.506209312022233592e-02 -1.047841999999999940e+00
1.508209589993046718e-02 -1.147250000000000103e+00
1.510209867963859844e-02 -1.129729999999999901e+00
1.512210145934672796e-02 -1.135829999999999895e+00
1.514210423905485922e-02 -1.175605999999999929e+00
1.516210701876298875e-02 -1.234588999999999936e+00
1.518210979847112001e-02 -1.293247000000000035e+00
1.520211257817925127e-02 -1.312518999999999991e+00
1.522211535788738079e-02 -1.239845000000000086e+00
1.524211813759551205e-02 -1.188323999999999936e+00
1.526212091730364158e-02 -1.222325000000000106e+00
1.528212369701177284e-02 -1.219275000000000109e+00
1.530212647671990410e-02 -1.147639000000000076e+00
1.532212925642803363e-02 -9.534960000000000102e-01
1.534213203613616489e-02 -6.831739999999999480e-01
1.536213481584429441e-02 -5.500890000000000502e-01
1.538213759555242567e-02 -7.487099999999999866e-01
1.540214037526055693e-02 -1.143097000000000030e+00
1.542214315496868646e-02 -1.423735999999999891e+00
1.544214593467681772e-02 -1.565774999999999917e+00
1.546214871438494898e-02 -1.557793999999999901e+00
1.548215149409307850e-02 -1.496669999999999945e+00
1.550215427380120976e-02 -1.294025999999999899e+00
1.552215705350933929e-02 -1.000993000000000022e+00
1.554215983321747055e-02 -6.531310000000000171e-01
1.556216261292560181e-02 -6.248399999999999510e-01
1.558216539263373134e-02 -9.172230000000000105e-01
1.560216817234186260e-02 -1.294739000000000084e+00
1.562217095204999212e-02 -1.542156000000000082e+00
1.564217373175812512e-02 -1.617815000000000003e+00
1.566217651146625464e-02 -1.431392999999999915e+00
1.568217929117438417e-02 -1.095598999999999990e+00
1.570218207088251369e-02 -8.282620000000000537e-01
1.572218485059064669e-02 -7.760280000000000511e-01
1.574218763029877621e-02 -8.830280000000000351e-01
1.576219041000690574e-02 -1.092484999999999928e+00
1.578219318971503873e-02 -1.230046999999999890e+00
1.580219596942316826e-02 -1.308235999999999954e+00
1.582219874913129778e-02 -1.314076000000000022e+00
1.584220152883943078e-02 -1.231797999999999949e+00
1.586220430854756031e-02 -1.019551000000000096e+00
1.588220708825568983e-02 -7.522140000000000493e-01
1.590220986796382283e-02 -6.604630000000000223e-01
1.592221264767195235e-02 -9.321479999999999766e-01
1.594221542738008188e-02 -1.369100999999999901e+00
1.596221820708821140e-02 -1.630727000000000038e+00
1.598222098679634440e-02 -1.585110999999999937e+00
1.600222376650447392e-02 -1.298372999999999999e+00
1.602222654621260345e-02 -1.081518999999999897e+00
1.604222932592073644e-02 -9.015849999999999698e-01
1.606223210562886597e-02 -7.391069999999999585e-01
1.608223488533699549e-02 -6.605929999999999858e-01
1.610223766504512849e-02 -7.688899999999999624e-01
1.612224044475325802e-02 -1.001837000000000089e+00
1.614224322446138754e-02 -1.214537999999999895e+00
1.616224600416952054e-02 -1.347298000000000107e+00
1.618224878387765006e-02 -1.331401000000000057e+00
1.620225156358577959e-02 -1.163537000000000043e+00
1.622225434329390911e-02 -9.960620000000000029e-01
1.624225712300204211e-02 -9.668619999999999992e-01
1.626225990271017163e-02 -1.075679000000000052e+00
1.628226268241830116e-02 -1.228879000000000055e+00
1.630226546212643415e-02 -1.278453000000000062e+00
1.632226824183456368e-02 -1.158994999999999997e+00
1.634227102154269320e-02 -9.800990000000000535e-01
1.636227380125082620e-02 -9.080740000000000478e-01
1.638227658095895573e-02 -9.519379999999999509e-01
1.640227936066708525e-02 -1.021822000000000008e+00
1.642228214037521825e-02 -1.094171999999999922e+00
1.644228492008334777e-02 -1.191762999999999906e+00
1.646228769979147730e-02 -1.384349000000000052e+00
1.648229047949960682e-02 -1.538521999999999945e+00
1.650229325920773982e-02 -1.485184999999999977e+00
1.652229603891586934e-02 -1.247435999999999989e+00
1.654229881862399887e-02 -8.955509999999999859e-01
1.656230159833213186e-02 -6.854449999999999710e-01
1.658230437804026139e-02 -6.871969999999999468e-01
1.660230715774839091e-02 -8.733589999999999964e-01
1.662230993745652391e-02 -1.063155999999999990e+00
1.664231271716465344e-02 -1.186895999999999951e+00
1.666231549687278296e-02 -1.246658000000000044e+00
1.668231827658091596e-02 -1.264826000000000006e+00
1.670232105628904548e-02 -1.199678999999999940e+00
1.672232383599717501e-02 -1.084049000000000040e+00
1.674232661570530453e-02 -9.606980000000000519e-01
1.676232939541343753e-02 -8.242390000000000549e-01
1.678233217512156705e-02 -8.310530000000000417e-01
1.680233495482969658e-02 -9.793209999999999971e-01
1.682233773453782957e-02 -1.204285999999999968e+00
1.684234051424595910e-02 -1.335358999999999963e+00
1.686234329395408862e-02 -1.356641999999999904e+00
1.688234607366222162e-02 -1.293052000000000090e+00
1.690234885337035114e-02 -1.259376000000000051e+00
1.692235163307848067e-02 -1.234523999999999955e+00
1.694235441278661367e-02 -1.123501000000000083e+00
1.696235719249474319e-02 -1.005146000000000095e+00
1.698235997220287272e-02 -8.625880000000000214e-01
1.700236275191100224e-02 -8.471450000000000369e-01
1.702236553161913524e-02 -9.150169999999999693e-01
1.704236831132726476e-02 -1.077496000000000009e+00
1.706237109103539429e-02 -1.202987999999999946e+00
1.708237387074352728e-02 -1.251589000000000063e+00
1.710237665045165681e-02 -1.226671999999999985e+00
1.712237943015978633e-02 -1.174697000000000102e+00
1.714238220986791933e-02 -1.113248999999999933e+00
1.716238498957604885e-02 -1.078664000000000067e+00
1.718238776928417838e-02 -1.070227999999999957e+00
1.720239054899231138e-02 -1.089304999999999968e+00
1.722239332870044090e-02 -1.195915999999999979e+00
1.724239610840857043e-02 -1.327636999999999956e+00
1.726239888811669995e-02 -1.411796999999999969e+00
1.728240166782483295e-02 -1.312583999999999973e+00
1.730240444753296247e-02 -1.049334999999999907e+00
1.732240722724109200e-02 -8.007499999999999618e-01
1.734241000694922499e-02 -7.249609999999999665e-01
1.736241278665735452e-02 -8.918519999999999781e-01
1.738241556636548404e-02 -1.093458000000000041e+00
1.740241834607361704e-02 -1.268135999999999930e+00
1.742242112578174656e-02 -1.409461000000000075e+00
1.744242390548987609e-02 -1.436843000000000092e+00
1.746242668519800909e-02 -1.364494000000000096e+00
1.748242946490613861e-02 -1.130055000000000032e+00
1.750243224461426814e-02 -9.220249999999999835e-01
1.752243502432239766e-02 -7.528629999999999489e-01
1.754243780403053066e-02 -8.592790000000000150e-01
1.756244058373866018e-02 -1.082427000000000028e+00
1.758244336344678971e-02 -1.328610999999999986e+00
1.760244614315492270e-02 -1.438140999999999892e+00
1.762244892286305223e-02 -1.392913999999999985e+00
1.764245170257118175e-02 -1.219600000000000017e+00
1.766245448227931475e-02 -1.076716999999999924e+00
1.768245726198744427e-02 -1.001187999999999967e+00
1.770246004169557380e-02 -1.032138999999999918e+00
1.772246282140370680e-02 -1.130638999999999950e+00
1.774246560111183632e-02 -1.197602999999999973e+00
1.776246838081996585e-02 -1.240558000000000050e+00
1.778247116052809537e-02 -1.226088000000000067e+00
1.780247394023622837e-02 -1.152441000000000049e+00
1.782247671994435789e-02 -1.026882999999999990e+00
1.784247949965248742e-02 -9.155360000000000165e-01
1.786248227936062041e-02 -9.460330000000000128e-01
1.788248505906874994e-02 -1.117790999999999979e+00
1.790248783877687946e-02 -1.389021000000000061e+00
1.792249061848501246e-02 -1.514513999999999916e+00
1.794249339819314198e-02 -1.438206000000000095e+00
1.796249617790127151e-02 -1.199548999999999976e+00
1.798249895760940451e-02 -9.642669999999999852e-01
1.800250173731753403e-02 -8.140519999999999978e-01
1.802250451702566356e-02 -8.025670000000000304e-01
1.804250729673379308e-02 -9.015210000000000168e-01
1.806251007644192608e-02 -1.057704999999999895e+00
1.808251285615005560e-02 -1.248539000000000065e+00
1.810251563585818513e-02 -1.359822000000000086e+00
1.812251841556631812e-02 -1.380521000000000109e+00
1.814252119527444765e-02 -1.271638999999999964e+00
1.816252397498257717e-02 -1.106500999999999957e+00
1.818252675469071017e-02 -9.701720000000000343e-01
1.820252953439883969e-02 -9.503810000000000313e-01
1.822253231410696922e-02 -1.073277999999999954e+00
1.824253509381510222e-02 -1.245489999999999986e+00
1.826253787352323174e-02 -1.352683999999999997e+00
1.828254065323136127e-02 -1.339123000000000063e+00
1.830254343293949079e-02 -1.263268999999999975e+00
1.832254621264762379e-02 -1.137451999999999908e+00
1.834254899235575331e-02 -1.042780999999999958e+00
1.836255177206388284e-02 -1.000084999999999891e+00
1.838255455177201583e-02 -9.809430000000000094e-01
1.840255733148014536e-02 -1.015074000000000032e+00
1.842256011118827488e-02 -1.119607999999999937e+00
1.844256289089640788e-02 -1.273327000000000098e+00
1.846256567060453740e-02 -1.340875000000000039e+00
1.848256845031266693e-02 -1.304148000000000085e+00
1.850257123002079993e-02 -1.193708999999999909e+00
1.852257400972892945e-02 -1.054396000000000111e+00
1.854257678943705898e-02 -9.897029999999999994e-01
1.856257956914518850e-02 -9.870419999999999749e-01
1.858258234885332150e-02 -9.998899999999999455e-01
1.860258512856145102e-02 -9.926230000000000331e-01
1.862258790826958055e-02 -1.062181999999999960e+00
1.864259068797771354e-02 -1.175346000000000002e+00
1.866259346768584307e-02 -1.317126000000000019e+00
1.868259624739397259e-02 -1.374616000000000060e+00
1.870259902710210559e-02 -1.361378999999999895e+00
1.872260180681023511e-02 -1.236664999999999903e+00
1.874260458651836464e-02 -1.094691000000000081e+00
1.876260736622649763e-02 -1.029673999999999978e+00
1.878261014593462716e-02 -9.808780000000000276e-01
1.880261292564275669e-02 -9.830189999999999761e-01
1.882261570535088621e-02 -9.914549999999999752e-01
1.884261848505901921e-02 -1.072240000000000082e+00
1.886262126476714873e-02 -1.161070999999999964e+00
1.888262404447527826e-02 -1.251459000000000099e+00
1.890262682418341125e-02 -1.233421000000000101e+00
1.892262960389154078e-02 -1.159578999999999915e+00
1.894263238359967030e-02 -1.051476000000000077e+00
1.896263516330780330e-02 -1.008844999999999992e+00
1.898263794301593282e-02 -1.040249999999999897e+00
1.900264072272406235e-02 -1.123890000000000056e+00
1.902264350243219534e-02 -1.195461000000000107e+00
1.904264628214032487e-02 -1.183975999999999917e+00
1.906264906184845440e-02 -1.168533000000000044e+00
1.908265184155658392e-02 -1.136543000000000081e+00
1.910265462126471692e-02 -1.129340999999999928e+00
1.912265740097284644e-02 -1.110587999999999909e+00
1.914266018068097597e-02 -1.106889999999999930e+00
1.916266296038910896e-02 -1.159837999999999925e+00
1.918266574009723849e-02 -1.240882999999999958e+00
1.920266851980536801e-02 -1.299865999999999966e+00
1.922267129951350101e-02 -1.298308000000000018e+00
1.924267407922163053e-02 -1.194164000000000003e+00
1.926267685892976006e-02 -9.869130000000000402e-01
1.928267963863789305e-02 -8.237200000000000077e-01
1.930268241834602258e-02 -8.108079999999999732e-01
1.932268519805415211e-02 -9.135250000000000314e-01
1.934268797776228163e-02 -1.053358000000000017e+00
1.936269075747041463e-02 -1.178072000000000008e+00
1.938269353717854415e-02 -1.261970999999999954e+00
1.940269631688667368e-02 -1.306159999999999988e+00
1.942269909659480667e-02 -1.307067999999999897e+00
1.944270187630293620e-02 -1.239908999999999928e+00
1.946270465601106572e-02 -1.145173999999999914e+00
1.948270743571919872e-02 -1.088592000000000004e+00
1.950271021542732824e-02 -1.122592999999999952e+00
1.952271299513545777e-02 -1.231408999999999976e+00
1.954271577484359076e-02 -1.352424999999999988e+00
1.956271855455172029e-02 -1.351904999999999912e+00
1.958272133425984982e-02 -1.263139000000000012e+00
1.960272411396797934e-02 -1.127783999999999898e+00
1.962272689367611234e-02 -1.008131000000000110e+00
1.964272967338424186e-02 -9.668619999999999992e-01
1.966273245309237139e-02 -1.048815000000000053e+00
1.968273523280050438e-02 -1.150104999999999933e+00
1.970273801250863391e-02 -1.243997000000000019e+00
1.972274079221676343e-02 -1.252497999999999889e+00
1.974274357192489643e-02 -1.204674999999999940e+00
1.976274635163302595e-02 -1.098778999999999950e+00
1.978274913134115548e-02 -9.789320000000000244e-01
1.980275191104928847e-02 -8.718669999999999476e-01
1.982275469075741800e-02 -8.598630000000000440e-01
1.984275747046554753e-02 -9.931419999999999693e-01
1.986276025017367705e-02 -1.250097000000000014e+00
1.988276302988181005e-02 -1.478696000000000010e+00
1.990276580958993957e-02 -1.552732999999999919e+00
1.992276858929806910e-02 -1.472596000000000016e+00
1.994277136900620209e-02 -1.275273000000000101e+00
1.996277414871433162e-02 -1.097935000000000105e+00
1.998277692842246114e-02 -9.481100000000000083e-01
2.000277970813059414e-02 -8.963299999999999601e-01
2.002278248783872366e-02 -9.030129999999999546e-01
2.004278526754685319e-02 -9.643969999999999487e-01
2.006278804725498618e-02 -1.055887999999999938e+00
2.008279082696311571e-02 -1.139593000000000078e+00
2.010279360667124524e-02 -1.193708999999999909e+00
2.012279638637937476e-02 -1.168727999999999989e+00
2.014279916608750776e-02 -1.137516999999999889e+00
2.016280194579563728e-02 -1.122268000000000043e+00
2.018280472550376681e-02 -1.140630999999999950e+00
2.020280750521189980e-02 -1.187934000000000045e+00
2.022281028492002933e-02 -1.215316999999999981e+00
2.024281306462815885e-02 -1.182549000000000072e+00
2.026281584433629185e-02 -1.127977999999999925e+00
2.028281862404442137e-02 -1.061209000000000069e+00
2.030282140375255090e-02 -1.038432999999999939e+00
2.032282418346068389e-02 -1.065296999999999938e+00
2.034282696316881342e-02 -1.083464999999999900e+00
2.036282974287694295e-02 -1.120581000000000049e+00
2.038283252258507247e-02 -1.144913999999999987e+00
2.040283530229320547e-02 -1.171453000000000078e+00
2.042283808200133499e-02 -1.189362000000000030e+00
2.044284086170946452e-02 -1.177357999999999905e+00
2.046284364141759751e-02 -1.137256999999999962e+00
2.048284642112572704e-02 -1.100726000000000093e+00
2.050284920083385656e-02 -1.099037999999999959e+00
2.052285198054198956e-02 -1.078794000000000031e+00
2.054285476025011908e-02 -1.062442000000000109e+00
2.056285753995824861e-02 -1.026882999999999990e+00
2.058286031966638160e-02 -1.013517000000000001e+00
2.060286309937451113e-02 -1.034410000000000052e+00
2.062286587908264066e-02 -1.133299000000000056e+00
2.064286865879077018e-02 -1.218690999999999969e+00
2.066287143849890318e-02 -1.287991000000000108e+00
2.068287421820703270e-02 -1.298891999999999936e+00
2.070287699791516223e-02 -1.257169999999999899e+00
2.072287977762329522e-02 -1.184366000000000030e+00
2.074288255733142475e-02 -1.113833000000000073e+00
2.076288533703955427e-02 -1.057444999999999968e+00
2.078288811674768727e-02 -1.032723000000000058e+00
2.080289089645581679e-02 -1.077949999999999964e+00
2.082289367616394632e-02 -1.140891000000000099e+00
2.084289645587207931e-02 -1.179823999999999984e+00
2.086289923558020884e-02 -1.196758999999999906e+00
2.088290201528833837e-02 -1.164639999999999898e+00
2.090290479499646789e-02 -1.112470000000000070e+00
2.092290757470460089e-02 -1.105981000000000103e+00
2.094291035441273041e-02 -1.162627999999999995e+00
2.096291313412085994e-02 -1.229657000000000000e+00
2.098291591382899293e-02 -1.263009000000000048e+00
2.100291869353712246e-02 -1.216550000000000020e+00
2.102292147324525198e-02 -1.112146000000000079e+00
2.104292425295338498e-02 -1.012413999999999925e+00
2.106292703266151450e-02 -9.287090000000000067e-01
2.108292981236964403e-02 -9.414259999999999851e-01
2.110293259207777702e-02 -1.007093000000000016e+00
2.112293537178590655e-02 -1.126810000000000089e+00
2.114293815149403608e-02 -1.279425999999999952e+00
2.116294093120216560e-02 -1.410822999999999938e+00
2.118294371091029860e-02 -1.423022000000000009e+00
2.120294649061842812e-02 -1.326210000000000111e+00
2.122294927032655765e-02 -1.107928000000000024e+00
2.124295205003469064e-02 -9.231930000000000414e-01
2.126295482974282017e-02 -8.545420000000000238e-01
2.128295760945094969e-02 -8.950970000000000315e-01
2.130296038915908269e-02 -1.028634999999999966e+00
2.132296316886721221e-02 -1.165094000000000074e+00
2.134296594857534174e-02 -1.260024999999999951e+00
2.136296872828347473e-02 -1.268783999999999912e+00
2.138297150799160426e-02 -1.251069999999999904e+00
2.140297428769973379e-02 -1.202987999999999946e+00
2.142297706740786331e-02 -1.115259999999999918e+00
2.144297984711599631e-02 -1.073992000000000058e+00
2.146298262682412583e-02 -1.095274999999999999e+00
2.148298540653225536e-02 -1.148871999999999893e+00
2.150298818624038835e-02 -1.238286999999999916e+00
2.152299096594851788e-02 -1.243738000000000010e+00
2.154299374565664740e-02 -1.211163999999999907e+00
2.156299652536478040e-02 -1.082103000000000037e+00
2.158299930507290992e-02 -9.902220000000000466e-01
2.160300208478103945e-02 -9.634880000000000111e-01
2.162300486448917244e-02 -1.003654000000000046e+00
2.164300764419730197e-02 -1.075484000000000107e+00
2.166301042390543150e-02 -1.149521000000000015e+00
2.168301320361356102e-02 -1.189686000000000021e+00
2.170301598332169402e-02 -1.204804999999999904e+00
2.172301876302982354e-02 -1.183262999999999954e+00
2.174302154273795307e-02 -1.123825999999999992e+00
2.176302432244608606e-02 -1.029349000000000069e+00
2.178302710215421559e-02 -9.709499999999999797e-01
2.180302988186234511e-02 -9.478499999999999703e-01
2.182303266157047811e-02 -1.023185000000000011e+00
2.184303544127860763e-02 -1.125383000000000022e+00
2.186303822098673716e-02 -1.187610000000000054e+00
2.188304100069487015e-02 -1.201950000000000074e+00
2.190304378040299968e-02 -1.202598999999999974e+00
2.192304656011112921e-02 -1.168338000000000099e+00
2.194304933981925873e-02 -1.142708000000000057e+00
2.196305211952739173e-02 -1.130508999999999986e+00
2.198305489923552125e-02 -1.094302000000000108e+00
2.200305767894365078e-02 -1.038953000000000015e+00
2.202306045865178377e-02 -1.035253999999999897e+00
2.204306323835991330e-02 -1.039665999999999979e+00
2.206306601806804282e-02 -1.046415000000000095e+00
2.208306879777617582e-02 -1.053422000000000081e+00
2.210307157748430534e-02 -1.056341999999999892e+00
2.212307435719243487e-02 -1.093328000000000078e+00
2.214307713690056786e-02 -1.148093000000000030e+00
2.216307991660869739e-02 -1.212396999999999947e+00
2.218308269631682692e-02 -1.224142000000000063e+00
2.220308547602495644e-02 -1.222974000000000006e+00
2.222308825573308944e-02 -1.187286000000000064e+00
2.224309103544121896e-02 -1.122333000000000025e+00
2.226309381514934849e-02 -1.071914999999999951e+00
2.228309659485748148e-02 -1.048491000000000062e+00
2.230309937456561101e-02 -1.049658999999999898e+00
2.232310215427374053e-02 -1.051021999999999901e+00
2.234310493398187353e-02 -1.079571999999999976e+00
2.236310771369000305e-02 -1.103191000000000033e+00
2.238311049339813258e-02 -1.141734000000000027e+00
2.240311327310626557e-02 -1.174177999999999944e+00
2.242311605281439510e-02 -1.163276999999999894e+00
2.244311883252252462e-02 -1.143745999999999929e+00
2.246312161223065415e-02 -1.115390000000000104e+00
2.248312439193878715e-02 -1.088201999999999892e+00
2.250312717164691667e-02 -1.053876999999999953e+00
2.252312995135504620e-02 -1.029479000000000033e+00
2.254313273106317919e-02 -1.018383000000000038e+00
2.256313551077130872e-02 -1.022731000000000057e+00
2.258313829047943824e-02 -1.109226000000000045e+00
2.260314107018757124e-02 -1.177812000000000081e+00
2.262314384989570076e-02 -1.230566000000000049e+00
2.264314662960383029e-02 -1.200523000000000007e+00
2.266314940931196328e-02 -1.161070999999999964e+00
2.268315218902009281e-02 -1.116427999999999976e+00
2.270315496872822233e-02 -1.083725000000000049e+00
2.272315774843635186e-02 -1.066400000000000015e+00
2.274316052814448486e-02 -1.097026999999999974e+00
2.276316330785261438e-02 -1.131288000000000071e+00
2.278316608756074391e-02 -1.162304000000000004e+00
2.280316886726887690e-02 -1.173399999999999999e+00
2.282317164697700643e-02 -1.146665999999999963e+00
2.284317442668513595e-02 -1.079118000000000022e+00
2.286317720639326895e-02 -9.980080000000000062e-01
2.288317998610139847e-02 -9.650459999999999594e-01
2.290318276580952800e-02 -1.015463000000000005e+00
2.292318554551766099e-02 -1.113833000000000073e+00
2.294318832522579052e-02 -1.207724999999999937e+00
2.296319110493392004e-02 -1.265670000000000073e+00
2.298319388464204957e-02 -1.244062000000000001e+00
2.300319666435018257e-02 -1.158280999999999894e+00
2.302319944405831209e-02 -1.054720000000000102e+00
2.304320222376644162e-02 -9.943100000000000271e-01
2.306320500347457461e-02 -9.643319999999999670e-01
2.308320778318270414e-02 -1.012542999999999971e+00
2.310321056289083366e-02 -1.112535000000000052e+00
2.312321334259896666e-02 -1.219988999999999990e+00
2.314321612230709618e-02 -1.297658999999999896e+00
2.316321890201522571e-02 -1.298956999999999917e+00
2.318322168172335870e-02 -1.223622999999999905e+00
2.320322446143148823e-02 -1.110328999999999899e+00
2.322322724113961775e-02 -1.038043999999999967e+00
2.324323002084774728e-02 -1.020588999999999968e+00
2.326323280055588028e-02 -1.058354000000000017e+00
2.328323558026400980e-02 -1.112211000000000061e+00
2.330323835997213933e-02 -1.136479000000000017e+00
2.332324113968027232e-02 -1.132195999999999980e+00
2.334324391938840185e-02 -1.089630000000000098e+00
2.336324669909653137e-02 -1.048880000000000035e+00
2.338324947880466437e-02 -1.031295999999999990e+00
2.340325225851279389e-02 -1.040510000000000046e+00
2.342325503822092342e-02 -1.067438000000000109e+00
2.344325781792905641e-02 -1.137062999999999935e+00
2.346326059763718594e-02 -1.195980999999999961e+00
2.348326337734531546e-02 -1.224596000000000018e+00
2.350326615705344499e-02 -1.192930999999999964e+00
2.352326893676157799e-02 -1.113313999999999915e+00
2.354327171646970751e-02 -1.057835000000000081e+00
2.356327449617783704e-02 -1.038108999999999948e+00
2.358327727588597003e-02 -1.053552000000000044e+00
2.360328005559409956e-02 -1.099363000000000090e+00
2.362328283530222908e-02 -1.157308000000000003e+00
2.364328561501036208e-02 -1.166716000000000086e+00
2.366328839471849160e-02 -1.147574000000000094e+00
2.368329117442662113e-02 -1.118505000000000082e+00
2.370329395413475412e-02 -1.075290000000000079e+00
2.372329673384288365e-02 -1.045830999999999955e+00
2.374329951355101317e-02 -1.008715000000000028e+00
2.376330229325914270e-02 -1.034345999999999988e+00
2.378330507296727570e-02 -1.067244000000000081e+00
2.380330785267540522e-02 -1.083919999999999995e+00
2.382331063238353475e-02 -1.120711000000000013e+00
2.384331341209166774e-02 -1.106435999999999975e+00
2.386331619179979727e-02 -1.106889999999999930e+00
2.388331897150792679e-02 -1.130120000000000013e+00
2.390332175121605979e-02 -1.124668999999999919e+00
2.392332453092418931e-02 -1.156528999999999918e+00
2.394332731063231884e-02 -1.152180999999999900e+00
2.396333009034045183e-02 -1.133558999999999983e+00
2.398333287004858136e-02 -1.137516999999999889e+00
2.400333564975671088e-02 -1.123696000000000028e+00
2.402333842946484041e-02 -1.125707000000000013e+00
2.404334120917297341e-02 -1.085606999999999989e+00
2.406334398888110293e-02 -1.054980000000000029e+00
2.408334676858923246e-02 -1.042650999999999994e+00
2.410334954829736545e-02 -1.025520999999999905e+00
2.412335232800549498e-02 -1.030192999999999914e+00
2.414335510771362450e-02 -1.042845999999999940e+00
2.416335788742175750e-02 -1.038758000000000070e+00
2.418336066712988702e-02 -1.072953999999999963e+00
2.420336344683801655e-02 -1.096767000000000047e+00
2.422336622654614954e-02 -1.110459000000000085e+00
2.424336900625427907e-02 -1.084114000000000022e+00
2.426337178596240859e-02 -1.057574999999999932e+00
2.428337456567053812e-02 -1.003848000000000074e+00
2.430337734537867111e-02 -9.836030000000000051e-01
2.432338012508680064e-02 -1.010272000000000059e+00
2.434338290479493017e-02 -1.073472999999999900e+00
2.436338568450306316e-02 -1.132975000000000065e+00
2.438338846421119269e-02 -1.203572000000000086e+00
2.440339124391932221e-02 -1.219275000000000109e+00
2.442339402362745521e-02 -1.197991999999999946e+00
2.444339680333558473e-02 -1.141345000000000054e+00
2.446339958304371426e-02 -1.095210000000000017e+00
2.448340236275184725e-02 -9.254639999999999533e-01
2.450340514245997678e-02 -9.453200000000000491e-01
2.452340792216810630e-02 -9.409720000000000306e-01
2.454341070187623583e-02 -9.495369999999999644e-01
2.456341348158436882e-02 -1.111950999999999912e+00
2.458341626129249835e-02 -1.137256999999999962e+00
2.460341904100062788e-02 -1.132260999999999962e+00
2.462342182070876087e-02 -1.016566000000000081e+00
2.464342460041689040e-02 -1.142902000000000085e+00
2.466342738012501992e-02 -1.039536999999999933e+00
2.468343015983315292e-02 -1.085153000000000034e+00
2.470343293954128244e-02 -1.119996999999999909e+00
2.472343571924941197e-02 -9.134600000000000497e-01
2.474343849895754496e-02 -1.052708999999999895e+00
2.476344127866567449e-02 -1.193645000000000067e+00
2.478344405837380401e-02 -1.151856999999999909e+00
2.480344683808193354e-02 -1.129016999999999937e+00
2.482344961779006653e-02 -1.099102999999999941e+00
2.484345239749819606e-02 -1.020914000000000099e+00
2.486345517720632559e-02 -1.042067000000000077e+00
2.488345795691445858e-02 -1.080090999999999912e+00
2.490346073662258811e-02 -1.128368000000000038e+00
2.492346351633071763e-02 -1.194099000000000022e+00
2.494346629603885063e-02 -1.154711999999999961e+00
2.496346907574698015e-02 -1.056017999999999901e+00
2.498347185545510968e-02 -9.741300000000000514e-01
2.500347463516324267e-02 -9.573890000000000455e-01
2.502347741487137220e-02 -1.011570000000000080e+00
2.504348019457950172e-02 -1.096897000000000011e+00
2.506348297428763125e-02 -1.109291000000000027e+00
2.508348575399576424e-02 -1.113118999999999970e+00
2.510348853370389377e-02 -1.142512999999999890e+00
2.512349131341202330e-02 -1.162822999999999940e+00
2.514349409312015629e-02 -1.166196999999999928e+00
2.516349687282828582e-02 -1.107539000000000051e+00
2.518349965253641534e-02 -1.029349000000000069e+00
2.520350243224454834e-02 -9.991759999999999531e-01
2.522350521195267786e-02 -1.087747999999999937e+00
2.524350799166080739e-02 -1.144849000000000006e+00
2.526351077136894038e-02 -1.157178000000000040e+00
2.528351355107706991e-02 -1.098519000000000023e+00
2.530351633078519943e-02 -1.062637000000000054e+00
2.532351911049332896e-02 -1.044402999999999970e+00
2.534352189020146195e-02 -1.071655999999999942e+00
2.536352466990959148e-02 -1.062442000000000109e+00
2.538352744961772101e-02 -1.041093999999999964e+00
2.540353022932585400e-02 -1.050956999999999919e+00
2.542353300903398353e-02 -1.115715000000000012e+00
2.544353578874211305e-02 -1.156593999999999900e+00
2.546353856845024605e-02 -1.148352999999999957e+00
2.548354134815837557e-02 -1.066464999999999996e+00
2.550354412786650510e-02 -9.958669999999999467e-01
2.552354690757463809e-02 -9.774389999999999468e-01
2.554354968728276762e-02 -9.922980000000000134e-01
2.556355246699089714e-02 -1.053422000000000081e+00
2.558355524669902667e-02 -1.090862999999999916e+00
2.560355802640715966e-02 -1.127329000000000025e+00
2.562356080611528919e-02 -1.149326000000000070e+00
2.564356358582341872e-02 -1.179044999999999899e+00
2.566356636553155171e-02 -1.184560000000000057e+00
2.568356914523968124e-02 -1.154452000000000034e+00
2.570357192494781076e-02 -1.084762999999999922e+00
2.572357470465594376e-02 -1.047452999999999967e+00
2.574357748436407328e-02 -1.024742000000000042e+00
2.576358026407220281e-02 -1.039600999999999997e+00
2.578358304378033580e-02 -1.042975999999999903e+00
2.580358582348846533e-02 -1.050632000000000010e+00
2.582358860319659485e-02 -1.052902999999999922e+00
2.584359138290472438e-02 -1.079312999999999967e+00
2.586359416261285737e-02 -1.139138999999999902e+00
2.588359694232098690e-02 -1.166911000000000032e+00
2.590359972202911643e-02 -1.163537000000000043e+00
2.592360250173724942e-02 -1.145043999999999951e+00
2.594360528144537895e-02 -1.128627000000000047e+00
2.596360806115350847e-02 -1.141280000000000072e+00
2.598361084086164147e-02 -1.146730999999999945e+00
2.600361362056977099e-02 -1.108707000000000109e+00
2.602361640027790052e-02 -1.073018999999999945e+00
2.604361917998603351e-02 -1.028894999999999893e+00
2.606362195969416304e-02 -1.052902999999999922e+00
2.608362473940229256e-02 -1.049789000000000083e+00
2.610362751911042209e-02 -1.048621000000000025e+00
2.612363029881855508e-02 -1.037330000000000085e+00
2.614363307852668461e-02 -1.061274000000000051e+00
2.616363585823481414e-02 -1.124668999999999919e+00
2.618363863794294713e-02 -1.202274999999999983e+00
2.620364141765107666e-02 -1.237702999999999998e+00
2.622364419735920618e-02 -1.200587999999999989e+00
2.624364697706733918e-02 -1.137647000000000075e+00
2.626364975677546870e-02 -1.067179000000000100e+00
2.628365253648359823e-02 -1.053552000000000044e+00
2.630365531619173122e-02 -1.030062999999999951e+00
2.632365809589986075e-02 -1.038562999999999903e+00
2.634366087560799027e-02 -1.039795999999999943e+00
2.636366365531611980e-02 -1.094302000000000108e+00
2.638366643502425279e-02 -1.134792000000000023e+00
2.640366921473238232e-02 -1.145563000000000109e+00
2.642367199444051185e-02 -1.123825999999999992e+00
2.644367477414864484e-02 -1.101115000000000066e+00
2.646367755385677437e-02 -1.071720999999999924e+00
2.648368033356490389e-02 -1.103385999999999978e+00
2.650368311327303689e-02 -1.121035000000000004e+00
2.652368589298116641e-02 -1.156852999999999909e+00
2.654368867268929594e-02 -1.149845000000000006e+00
2.656369145239742893e-02 -1.117011999999999894e+00
2.658369423210555846e-02 -1.066529999999999978e+00
2.660369701181368798e-02 -1.032073999999999936e+00
2.662369979152181751e-02 -1.025520999999999905e+00
2.664370257122995050e-02 -1.031036000000000064e+00
2.666370535093808003e-02 -1.051411000000000096e+00
2.668370813064620956e-02 -1.109420000000000073e+00
2.670371091035434255e-02 -1.149067000000000061e+00
2.672371369006247208e-02 -1.170933999999999919e+00
2.674371646977060160e-02 -1.143745999999999929e+00
2.676371924947873460e-02 -1.101634000000000002e+00
2.678372202918686412e-02 -1.044402999999999970e+00
2.680372480889499365e-02 -1.035512999999999906e+00
2.682372758860312664e-02 -1.053811999999999971e+00
2.684373036831125617e-02 -1.060494999999999965e+00
2.686373314801938569e-02 -1.091447000000000056e+00
2.688373592772751522e-02 -1.129145999999999983e+00
2.690373870743564821e-02 -1.122333000000000025e+00
2.692374148714377774e-02 -1.128886999999999974e+00
2.694374426685190727e-02 -1.080025999999999931e+00
2.696374704656004026e-02 -1.030516999999999905e+00
2.698374982626816979e-02 -1.044467999999999952e+00
2.700375260597629931e-02 -1.083464999999999900e+00
2.702375538568443231e-02 -1.111561999999999939e+00
2.704375816539256183e-02 -1.135245999999999977e+00
2.706376094510069136e-02 -1.121879000000000071e+00
2.708376372480882435e-02 -1.116818000000000088e+00
2.710376650451695388e-02 -1.117531000000000052e+00
2.712376928422508340e-02 -1.091186999999999907e+00
2.714377206393321293e-02 -1.067698000000000036e+00
2.716377484364134592e-02 -1.061533000000000060e+00
2.718377762334947545e-02 -1.080090999999999912e+00
2.720378040305760498e-02 -1.088071999999999928e+00
2.722378318276573797e-02 -1.117725999999999997e+00
2.724378596247386750e-02 -1.107539000000000051e+00
2.726378874218199702e-02 -1.088397000000000059e+00
2.728379152189013002e-02 -1.070422999999999902e+00
2.730379430159825954e-02 -1.069320000000000048e+00
2.732379708130638907e-02 -1.048556000000000044e+00
2.734379986101452206e-02 -1.064324000000000048e+00
2.736380264072265159e-02 -1.065685999999999911e+00
2.738380542043078111e-02 -1.081843000000000110e+00
2.740380820013891064e-02 -1.103580999999999923e+00
2.742381097984704363e-02 -1.115324999999999900e+00
2.744381375955517316e-02 -1.107278999999999902e+00
2.746381653926330269e-02 -1.091447000000000056e+00
2.748381931897143568e-02 -1.096508000000000038e+00
2.750382209867956521e-02 -1.068022000000000027e+00
2.752382487838769473e-02 -1.056472000000000078e+00
2.754382765809582773e-02 -1.077366000000000046e+00
2.756383043780395725e-02 -1.072759000000000018e+00
2.758383321751208678e-02 -1.077042000000000055e+00
2.760383599722021977e-02 -1.090991999999999962e+00
2.762383877692834930e-02 -1.083010999999999946e+00
2.764384155663647882e-02 -1.102217999999999920e+00
2.766384433634460835e-02 -1.094821000000000044e+00
2.768384711605274134e-02 -1.090278999999999998e+00
2.770384989576087087e-02 -1.064583000000000057e+00
2.772385267546900040e-02 -1.064387999999999890e+00
2.774385545517713339e-02 -1.074186000000000085e+00
2.776385823488526292e-02 -1.066594999999999960e+00
2.778386101459339244e-02 -1.057509999999999950e+00
2.780386379430152544e-02 -1.067827999999999999e+00
2.782386657400965496e-02 -1.056796999999999986e+00
2.784386935371778449e-02 -1.092030999999999974e+00
2.786387213342591748e-02 -1.117207000000000061e+00
2.788387491313404701e-02 -1.102541999999999911e+00
2.790387769284217653e-02 -1.099363000000000090e+00
2.792388047255030606e-02 -1.106176000000000048e+00
2.794388325225843905e-02 -1.111172000000000049e+00
2.796388603196656858e-02 -1.122527999999999970e+00
2.798388881167469810e-02 -1.098713999999999968e+00
2.800389159138283110e-02 -1.078599000000000085e+00
2.802389437109096063e-02 -1.059522000000000075e+00
2.804389715079909015e-02 -1.063091000000000008e+00
2.806389993050722315e-02 -1.056861999999999968e+00
2.808390271021535267e-02 -1.059781000000000084e+00
2.810390548992348220e-02 -1.060948999999999920e+00
2.812390826963161519e-02 -1.081843000000000110e+00
2.814391104933974472e-02 -1.108835999999999933e+00
2.816391382904787424e-02 -1.150819000000000036e+00
2.818391660875600377e-02 -1.130379000000000023e+00
2.820391938846413676e-02 -1.100270999999999999e+00
2.822392216817226629e-02 -1.053682000000000007e+00
2.824392494788039581e-02 -1.036291999999999991e+00
2.826392772758852881e-02 -1.039925999999999906e+00
2.828393050729665834e-02 -1.058872999999999953e+00
2.830393328700478786e-02 -1.091510999999999898e+00
2.832393606671292086e-02 -1.098843999999999932e+00
2.834393884642105038e-02 -1.122138000000000080e+00
2.836394162612917991e-02 -1.117855999999999961e+00
2.838394440583731290e-02 -1.127588999999999952e+00
2.840394718554544243e-02 -1.095923999999999898e+00
2.842394996525357195e-02 -1.055887999999999938e+00
2.844395274496170148e-02 -1.054396000000000111e+00
2.846395552466983447e-02 -1.051411000000000096e+00
2.848395830437796400e-02 -1.078144999999999909e+00
2.850396108408609352e-02 -1.094886000000000026e+00
2.852396386379422652e-02 -1.093911999999999995e+00
2.854396664350235605e-02 -1.074316000000000049e+00
2.856396942321048557e-02 -1.039277000000000006e+00
2.858397220291861857e-02 -1.012996999999999925e+00
2.860397498262674809e-02 -1.008780000000000010e+00
2.862397776233487762e-02 -1.022860000000000102e+00
2.864398054204301061e-02 -1.063155999999999990e+00
2.866398332175114014e-02 -1.107604000000000033e+00
2.868398610145926966e-02 -1.126681000000000044e+00
2.870398888116739919e-02 -1.130444000000000004e+00
2.872399166087553218e-02 -1.099882000000000026e+00
2.874399444058366171e-02 -1.072305000000000064e+00
2.876399722029179123e-02 -1.045182000000000055e+00
