# time(s), 	 	 acceleration(g)
0.000000000000000000e+00 6.099592000000000347e+00
2.000277970813059281e-05 6.299121000000000414e+00
4.000555941626118562e-05 6.552896999999999750e+00
6.000833912439177504e-05 6.789087999999999568e+00
8.001111883252237124e-05 7.045783000000000129e+00
1.000138985406529674e-04 7.341865000000000308e+00
1.200166782487835501e-04 7.650275999999999854e+00
1.400194579569141598e-04 7.958427000000000362e+00
1.600222376650447425e-04 8.310247999999999635e+00
1.800250173731753251e-04 8.638903000000000887e+00
2.000277970813059349e-04 9.023296999999999457e+00
2.200305767894365175e-04 9.435268999999999906e+00
2.400333564975671002e-04 9.865408999999999651e+00
2.600361362056977099e-04 1.037464699999999951e+01
2.800389159138283197e-04 1.089069800000000043e+01
3.000416956219588752e-04 1.150524799999999992e+01
3.200444753300894850e-04 1.214153600000000033e+01
3.400472550382200947e-04 1.287911300000000026e+01
3.600500347463506503e-04 1.371493000000000073e+01
3.800528144544812600e-04 1.461518099999999976e+01
4.000555941626118698e-04 1.565104700000000015e+01
4.200583738707424253e-04 1.672136799999999823e+01
4.400611535788730351e-04 1.813182899999999975e+01
4.600639332870036448e-04 1.953787900000000022e+01
4.800667129951342003e-04 2.123650599999999855e+01
5.000694927032648101e-04 2.340822899999999862e+01
5.200722724113954198e-04 2.599438999999999922e+01
5.400750521195260296e-04 2.925168199999999885e+01
5.600778318276566393e-04 3.376454999999999984e+01
5.800806115357871407e-04 4.039119600000000077e+01
6.000833912439177504e-04 5.051119599999999821e+01
6.200861709520483602e-04 6.768558099999999911e+01
6.400889506601789699e-04 9.410086900000000298e+01
6.600917303683095797e-04 1.342375480000000039e+02
6.800945100764401894e-04 1.885081739999999968e+02
7.000972897845707992e-04 2.556726150000000075e+02
7.201000694927013005e-04 3.314895579999999882e+02
7.401028492008319103e-04 4.056263660000000186e+02
7.601056289089625200e-04 4.643381590000000188e+02
7.801084086170931298e-04 4.964222219999999766e+02
8.001111883252237395e-04 4.960243960000000243e+02
8.201139680333543493e-04 4.682843629999999848e+02
8.401167477414848506e-04 4.249546300000000087e+02
8.601195274496154604e-04 3.759905769999999734e+02
8.801223071577460701e-04 3.279862110000000257e+02
9.001250868658766799e-04 2.815465449999999805e+02
9.201278665740072896e-04 2.398700839999999914e+02
9.401306462821378994e-04 1.930146829999999909e+02
9.601334259902684007e-04 1.411638450000000091e+02
9.801362056983990104e-04 9.018555100000000380e+01
1.000138985406529620e-03 4.820535000000000281e+01
1.020141765114660230e-03 1.521668900000000058e+01
1.040144544822790840e-03 -2.656016000000000155e+00
1.060147324530921449e-03 -6.319245999999999697e+00
1.080150104239052059e-03 9.644519999999999760e-01
1.100152883947182669e-03 1.728225600000000028e+01
1.120155663655313279e-03 4.286458199999999863e+01
1.140158443363443888e-03 5.772105200000000025e+01
1.160161223071574281e-03 6.944955000000000211e+01
1.180164002779704891e-03 6.350506800000000140e+01
1.200166782487835501e-03 4.084359200000000101e+01
1.220169562195966111e-03 1.303257200000000005e+01
1.240172341904096720e-03 -1.584578400000000009e+01
1.260175121612227330e-03 -3.540809699999999793e+01
1.280177901320357940e-03 -3.839883199999999874e+01
1.300180681028488550e-03 -2.411557900000000032e+01
1.320183460736619159e-03 -1.189581599999999995e+01
1.340186240444749769e-03 5.396144999999999747e+00
1.360189020152880379e-03 2.618295300000000125e+01
1.380191799861010989e-03 3.240496000000000265e+01
1.400194579569141598e-03 2.190257799999999833e+01
1.420197359277271991e-03 7.247778000000000276e+00
1.440200138985402601e-03 -5.357416999999999874e+00
1.460202918693533211e-03 -1.818180200000000113e+01
1.480205698401663821e-03 -1.255137500000000017e+01
1.500208478109794430e-03 -4.104436999999999891e+00
1.520211257817925040e-03 5.275584000000000273e+00
1.540214037526055650e-03 2.325781999999999883e+01
1.560216817234186260e-03 3.146687999999999974e+01
1.580219596942316869e-03 3.221204900000000038e+01
1.600222376650447479e-03 2.434410300000000049e+01
1.620225156358578089e-03 1.210831300000000077e+01
1.640227936066708699e-03 1.090523199999999981e+01
1.660230715774839308e-03 -8.619390000000000107e-01
1.680233495482969701e-03 -6.044121999999999773e+00
1.700236275191100311e-03 -2.512484999999999857e+00
1.720239054899230921e-03 -4.097235000000000404e+00
1.740241834607361530e-03 -6.526119999999999699e-01
1.760244614315492140e-03 -1.013807599999999987e+01
1.780247394023622750e-03 -1.923843199999999953e+01
1.800250173731753360e-03 -2.137375300000000067e+01
1.820252953439883969e-03 -2.828765699999999939e+01
1.840255733148014579e-03 -1.795683700000000016e+01
1.860258512856145189e-03 -1.407993300000000048e+01
1.880261292564275799e-03 5.794740000000000446e-01
1.900264072272406408e-03 1.966077599999999848e+01
1.920266851980536801e-03 2.678394199999999969e+01
1.940269631688667411e-03 3.628939100000000195e+01
1.960272411396798021e-03 3.531263799999999975e+01
1.980275191104928847e-03 2.248442500000000166e+01
2.000277970813059240e-03 1.014481499999999947e+01
2.020280750521190067e-03 -6.679899999999999727e-01
2.040283530229320460e-03 -1.120073999999999970e+01
2.060286309937450853e-03 -1.557020600000000066e+01
2.080289089645581679e-03 -1.277666499999999949e+01
2.100291869353712072e-03 -1.216568400000000061e+01
2.120294649061842899e-03 -6.374530000000000030e+00
2.140297428769973292e-03 -2.582044999999999924e+00
2.160300208478104118e-03 2.360055000000000014e+00
2.180302988186234511e-03 -2.219581999999999944e+00
2.200305767894365338e-03 -8.362555999999999656e+00
2.220308547602495731e-03 -1.913227600000000095e+01
2.240311327310626557e-03 -1.973118799999999951e+01
2.260314107018756950e-03 -1.240836299999999959e+01
2.280316886726887777e-03 -9.447606999999999644e+00
2.300319666435018170e-03 -5.912270999999999610e+00
2.320322446143148563e-03 3.751764000000000099e+00
2.340325225851279389e-03 1.203388700000000000e+01
2.360328005559409782e-03 1.549356399999999923e+01
2.380330785267540609e-03 1.849104699999999823e+01
2.400333564975671002e-03 1.756081800000000115e+01
2.420336344683801828e-03 7.509534999999999627e+00
2.440339124391932221e-03 7.189574000000000353e+00
2.460341904100063048e-03 1.580494999999999983e+00
2.480344683808193441e-03 -6.577562999999999604e+00
2.500347463516324267e-03 -8.966920000000000002e+00
2.520350243224454660e-03 -1.492132999999999932e+01
2.540353022932585487e-03 -1.640686699999999831e+01
2.560355802640715880e-03 -1.616366800000000126e+01
2.580358582348846273e-03 -8.054275000000000517e+00
2.600361362056977099e-03 -3.523769999999999958e-01
2.620364141765107492e-03 -3.076747999999999816e+00
2.640366921473238319e-03 -4.666559000000000346e+00
2.660369701181368712e-03 -5.655705000000000204e+00
2.680372480889499538e-03 -1.079246700000000025e+01
2.700375260597629931e-03 -8.314733999999999625e+00
2.720378040305760758e-03 -1.143985100000000088e+01
2.740380820013891151e-03 -7.900557000000000052e+00
2.760383599722021977e-03 -3.815493000000000023e+00
2.780386379430152370e-03 6.550690000000000346e+00
2.800389159138283197e-03 2.051203599999999838e+01
2.820391938846413590e-03 1.692518000000000100e+01
2.840394718554543983e-03 1.253968599999999967e+01
2.860397498262674809e-03 9.004739999999999966e+00
2.880400277970805202e-03 2.862998000000000154e+00
2.900403057678936029e-03 -3.407868999999999815e+00
2.920405837387066422e-03 -7.762800000000000367e+00
2.940408617095197248e-03 -1.556112199999999923e+01
2.960411396803327641e-03 -1.503047100000000036e+01
2.980414176511458468e-03 -1.032469299999999990e+01
3.000416956219588861e-03 -7.197888999999999982e+00
3.020419735927719687e-03 -1.005605800000000016e+01
3.040422515635850080e-03 -1.310304999999999964e+01
3.060425295343980907e-03 -1.076852399999999932e+01
3.080428075052111300e-03 -1.398117399999999932e+01
3.100430854760241692e-03 -9.880667000000000755e+00
3.120433634468372519e-03 -2.693067000000000100e+00
3.140436414176502912e-03 1.639413000000000009e+00
3.160439193884633739e-03 7.789069999999999716e+00
3.180441973592764131e-03 9.807658999999999239e+00
3.200444753300894958e-03 1.038178399999999968e+01
3.220447533009025351e-03 6.132424999999999571e+00
3.240450312717156178e-03 3.427715000000000067e+00
3.260453092425286570e-03 2.869610000000000216e-01
3.280455872133417397e-03 -5.567134000000000249e+00
3.300458651841547790e-03 -3.600715000000000110e+00
3.320461431549678617e-03 -1.483049999999999924e-01
3.340464211257809009e-03 3.349200999999999873e+00
3.360466990965939402e-03 3.213391000000000108e+00
3.380469770674070229e-03 -1.496539999999999981e+00
3.400472550382200622e-03 -5.631827000000000361e+00
3.420475330090331448e-03 -1.516699500000000000e+01
3.440478109798461841e-03 -1.737005800000000022e+01
3.460480889506592668e-03 -1.889485200000000020e+01
3.480483669214723061e-03 -1.678788700000000134e+01
3.500486448922853887e-03 -1.449891200000000069e+01
3.520489228630984280e-03 -4.940839000000000425e+00
3.540492008339115107e-03 3.022622000000000142e+00
3.560494788047245500e-03 8.637541000000000579e+00
3.580497567755376326e-03 1.339036300000000068e+01
3.600500347463506719e-03 8.457606999999999431e+00
3.620503127171637112e-03 3.971798000000000162e+00
3.640505906879767939e-03 -1.501082000000000027e+00
3.660508686587898332e-03 -1.727670000000000039e+00
3.680511466296029158e-03 1.604958000000000107e+00
3.700514246004159551e-03 -1.476229999999999931e+00
3.720517025712290378e-03 -4.091719000000000328e+00
3.740519805420420771e-03 -1.270407000000000064e+00
3.760522585128551597e-03 -2.976949999999999985e+00
3.780525364836681990e-03 -7.092589999999999728e-01
3.800528144544812817e-03 -6.657189999999999497e-01
3.820530924252943210e-03 9.604939999999999589e-01
3.840533703961073603e-03 -3.424999000000000127e+00
3.860536483669204429e-03 -5.408419000000000310e+00
3.880539263377334822e-03 -7.403647000000000311e+00
3.900542043085465649e-03 -1.229007299999999958e+01
3.920544822793596042e-03 -1.655948199999999915e+01
3.940547602501726435e-03 -1.278211600000000026e+01
3.960550382209857695e-03 -8.457876000000000616e+00
3.980553161917988088e-03 -2.378556999999999810e+00
4.000555941626118481e-03 8.932843999999999340e+00
4.020558721334248874e-03 1.299467800000000040e+01
4.040561501042380134e-03 1.153827599999999975e+01
4.060564280750510527e-03 1.088317100000000082e+01
4.080567060458640920e-03 5.710200999999999638e+00
4.100569840166771313e-03 2.866112999999999911e+00
4.120572619874901706e-03 1.380440000000000000e-01
4.140575399583032966e-03 -1.667194000000000065e+00
4.160578179291163359e-03 -5.877036999999999622e+00
4.180580958999293752e-03 -8.341533000000000087e+00
4.200583738707424145e-03 -5.392001999999999740e+00
4.220586518415555405e-03 -5.043815000000000381e+00
4.240589298123685798e-03 -6.914589999999999570e+00
4.260592077831816191e-03 -5.281757999999999953e+00
4.280594857539946584e-03 -4.587914999999999743e+00
4.300597637248077844e-03 -4.049217999999999762e+00
4.320600416956208237e-03 -3.297559999999999825e+00
4.340603196664338630e-03 -1.973009999999999931e+00
4.360605976372469023e-03 -2.143794000000000199e+00
4.380608756080599415e-03 -8.267050000000000232e-01
4.400611535788730676e-03 2.170322999999999780e+00
4.420614315496861069e-03 4.340099999999999625e+00
4.440617095204991462e-03 4.991311999999999749e+00
4.460619874913121854e-03 5.316334000000000337e+00
4.480622654621253115e-03 2.995303999999999967e+00
4.500625434329383508e-03 -2.838998999999999828e+00
4.520628214037513901e-03 -3.798817000000000110e+00
4.540630993745644294e-03 -3.232801999999999953e+00
4.560633773453775554e-03 -1.790610000000000035e+00
4.580636553161905947e-03 2.100893999999999817e+00
4.600639332870036340e-03 1.949057000000000039e+00
4.620642112578166733e-03 2.043921999999999795e+00
4.640644892286297125e-03 1.290057999999999927e+00
4.660647671994428386e-03 -2.583148000000000000e+00
4.680650451702558779e-03 -5.770362000000000435e+00
4.700653231410689172e-03 -1.152134999999999998e+01
4.720656011118819564e-03 -1.393101599999999962e+01
4.740658790826950825e-03 -9.802996000000000265e+00
4.760661570535081218e-03 -2.327036000000000104e+00
4.780664350243211611e-03 2.906277999999999917e+00
4.800667129951342003e-03 7.059863000000000000e+00
4.820669909659473264e-03 7.879523999999999972e+00
4.840672689367603657e-03 6.446481000000000350e+00
4.860675469075734050e-03 3.666501999999999928e+00
4.880678248783864442e-03 -4.325780000000000181e-01
4.900681028491994835e-03 -3.566778999999999922e+00
4.920683808200126096e-03 -7.471519999999999939e+00
4.940686587908256489e-03 -6.004216999999999693e+00
4.960689367616386881e-03 -6.029729999999999812e-01
4.980692147324517274e-03 3.620360000000000245e-01
5.000694927032648535e-03 9.656850000000000156e-01
5.020697706740778928e-03 -5.005150000000000432e-01
5.040700486448909320e-03 -1.828959000000000001e+00
5.060703266157039713e-03 -7.133469999999999533e-01
5.080706045865170974e-03 3.351069999999999882e-01
5.100708825573301367e-03 4.723450000000000149e-01
5.120711605281431759e-03 -2.296863999999999795e+00
5.140714384989562152e-03 -6.102650999999999826e+00
5.160717164697692545e-03 -6.608125000000000249e+00
5.180719944405823806e-03 -5.300835000000000186e+00
5.200722724113954198e-03 -4.568318999999999797e+00
5.220725503822084591e-03 -1.236469999999999958e+00
5.240728283530214984e-03 2.350510000000000099e-01
5.260731063238346245e-03 8.093709999999999516e-01
5.280733842946476637e-03 2.842559000000000058e+00
5.300736622654607030e-03 4.318037999999999599e+00
5.320739402362737423e-03 3.341673999999999811e+00
5.340742182070868684e-03 1.452082000000000095e+00
5.360744961778999076e-03 -1.843882999999999939e+00
5.380747741487129469e-03 -2.376415999999999862e+00
5.400750521195259862e-03 -4.273340000000000138e+00
5.420753300903390255e-03 -4.209554999999999936e+00
5.440756080611521515e-03 -4.422386999999999624e+00
5.460758860319651908e-03 -4.779462999999999795e+00
5.480761640027782301e-03 -3.466137999999999941e+00
5.500764419735912694e-03 -1.374039999999999984e-01
5.520767199444043954e-03 1.980266999999999999e+00
5.540769979152174347e-03 9.036520000000000108e-01
5.560772758860304740e-03 -1.454298000000000091e+00
5.580775538568435133e-03 -3.165449000000000179e+00
5.600778318276566393e-03 -3.055009999999999781e+00
5.620781097984696786e-03 -1.954387000000000096e+00
5.640783877692827179e-03 -1.624238999999999988e+00
5.660786657400957572e-03 -1.205195000000000016e+00
5.680789437109087965e-03 -2.457850000000000090e+00
5.700792216817219225e-03 -2.085653999999999897e+00
5.720794996525349618e-03 -2.139835999999999849e+00
5.740797776233480011e-03 -1.642601999999999896e+00
5.760800555941610404e-03 5.596179999999999488e-01
5.780803335649741664e-03 1.148797999999999986e+00
5.800806115357872057e-03 5.180249999999999577e-01
5.820808895066002450e-03 9.940409999999999524e-01
5.840811674774132843e-03 1.500877999999999934e+00
5.860814454482264103e-03 9.371340000000000225e-01
5.880817234190394496e-03 -1.306678999999999924e+00
5.900820013898524889e-03 -3.033012999999999959e+00
5.920822793606655282e-03 -5.845112000000000307e+00
5.940825573314785675e-03 -8.466701000000000477e+00
5.960828353022916935e-03 -6.504369999999999763e+00
5.980831132731047328e-03 -5.068147999999999875e+00
6.000833912439177721e-03 -4.010025999999999868e+00
6.020836692147308114e-03 -1.531773999999999969e+00
6.040839471855439374e-03 2.769030000000000102e-01
6.060842251563569767e-03 2.793893000000000182e+00
6.080845031271700160e-03 4.328096000000000387e+00
6.100847810979830553e-03 2.978174000000000099e+00
6.120850590687961813e-03 -4.447769999999999779e-01
6.140853370396092206e-03 -1.333023000000000069e+00
6.160856150104222599e-03 -1.273327000000000098e+00
6.180858929812352992e-03 -2.087666000000000022e+00
6.200861709520483385e-03 -1.791778000000000093e+00
6.220864489228614645e-03 -2.134580000000000144e+00
6.240867268936745038e-03 -3.391646999999999856e+00
6.260870048644875431e-03 -2.316199999999999815e+00
6.280872828353005824e-03 7.601099999999999524e-02
6.300875608061137084e-03 -4.060389999999999833e-01
6.320878387769267477e-03 -2.216661999999999910e+00
6.340881167477397870e-03 -3.440443000000000140e+00
6.360883947185528263e-03 -4.503237000000000378e+00
6.380886726893659523e-03 -3.158246000000000109e+00
6.400889506601789916e-03 -6.866130000000000289e-01
6.420892286309920309e-03 5.858980000000000299e-01
6.440895066018050702e-03 1.170015999999999945e+00
6.460897845726181095e-03 1.148149000000000086e+00
6.480900625434312355e-03 -1.525229999999999919e-01
6.500903405142442748e-03 -1.053487000000000062e+00
6.520906184850573141e-03 -1.644938000000000011e+00
6.540908964558703534e-03 -1.883984000000000103e+00
6.560911744266834794e-03 -2.148530000000000051e+00
6.580914523974965187e-03 -1.064648000000000039e+00
6.600917303683095580e-03 1.172676000000000052e+00
6.620920083391225973e-03 1.464086999999999916e+00
6.640922863099357233e-03 4.200999999999999873e-02
6.660925642807487626e-03 -1.967298999999999909e+00
6.680928422515618019e-03 -3.978619999999999823e+00
6.700931202223748412e-03 -4.886786999999999992e+00
6.720933981931878805e-03 -2.454540000000000166e+00
6.740936761640010065e-03 -4.270619999999999972e-01
6.760939541348140458e-03 -3.021539999999999782e-01
6.780942321056270851e-03 -5.528149999999999453e-01
6.800945100764401244e-03 -1.563892999999999978e+00
6.820947880472532504e-03 -2.801623999999999892e+00
6.840950660180662897e-03 -3.042876000000000136e+00
6.860953439888793290e-03 -2.258385000000000087e+00
6.880956219596923683e-03 -2.056325000000000180e+00
6.900958999305054943e-03 -1.060494999999999965e+00
6.920961779013185336e-03 1.558562999999999921e+00
6.940964558721315729e-03 2.515331000000000206e+00
6.960967338429446122e-03 1.350079000000000029e+00
6.980970118137576515e-03 -4.593119999999999981e-01
7.000972897845707775e-03 -2.575686000000000142e+00
7.020975677553838168e-03 -3.942283000000000204e+00
7.040978457261968561e-03 -3.036842000000000041e+00
7.060981236970098954e-03 -1.109096000000000082e+00
7.080984016678230214e-03 1.520589999999999997e-01
7.100986796386360607e-03 4.929790000000000005e-01
7.120989576094491000e-03 -3.789810000000000123e-01
7.140992355802621393e-03 -1.741165999999999991e+00
7.160995135510752653e-03 -2.097140000000000004e+00
7.180997915218883046e-03 -3.154612999999999889e+00
7.201000694927013439e-03 -4.748251999999999917e+00
7.221003474635143832e-03 -4.289431999999999690e+00
7.241006254343274225e-03 -2.652123000000000008e+00
7.261009034051405485e-03 -8.882189999999999808e-01
7.281011813759535878e-03 7.859460000000000335e-01
7.301014593467666271e-03 1.650703000000000031e+00
7.321017373175796664e-03 8.707540000000000280e-01
7.341020152883927924e-03 -4.311499999999999777e-01
7.361022932592058317e-03 -5.667649999999999633e-01
7.381025712300188710e-03 -3.678850000000000176e-01
7.401028492008319103e-03 -7.278810000000000002e-01
7.421031271716450363e-03 -1.832268000000000008e+00
7.441034051424580756e-03 -2.600083000000000144e+00
7.461036831132711149e-03 -2.593789000000000122e+00
7.481039610840841542e-03 -2.011293000000000220e+00
7.501042390548971935e-03 -1.051800000000000068e+00
7.521045170257103195e-03 -8.657679999999999820e-01
7.541047949965233588e-03 -9.642020000000000035e-01
7.561050729673363981e-03 -9.751680000000000348e-01
7.581053509381494374e-03 -1.341652999999999984e+00
7.601056289089625634e-03 -1.727085999999999899e+00
7.621059068797756027e-03 -1.960876000000000063e+00
7.641061848505886420e-03 -2.540127000000000024e+00
7.661064628214016813e-03 -3.041707999999999856e+00
7.681067407922147205e-03 -2.008373000000000186e+00
7.701070187630278466e-03 -2.529689999999999994e-01
7.721072967338408859e-03 1.750299999999999911e-01
7.741075747046539252e-03 -1.588170000000000137e-01
7.761078526754669644e-03 -3.296009999999999773e-01
7.781081306462800905e-03 -1.027403000000000066e+00
7.801084086170931298e-03 -1.391421999999999937e+00
7.821086865879062558e-03 -8.926999999999999172e-03
7.841089645587192083e-03 6.616870000000000251e-01
7.861092425295323344e-03 -4.676170000000000049e-01
7.881095205003452869e-03 -1.014164999999999983e+00
7.901097984711584130e-03 -1.851993999999999918e+00
7.921100764419715390e-03 -3.005112000000000005e+00
7.941103544127844915e-03 -2.829979999999999940e+00
7.961106323835976176e-03 -2.883967000000000169e+00
7.981109103544105701e-03 -3.143257000000000190e+00
8.001111883252236961e-03 -2.285442999999999891e+00
8.021114662960368222e-03 -6.143279999999999852e-01
8.041117442668497747e-03 1.514099999999999890e-01
8.061120222376629008e-03 -1.139799999999999980e-01
8.081123002084760268e-03 -5.811709999999999932e-01
8.101125781792889793e-03 -1.657265999999999906e+00
8.121128561501021054e-03 -2.015251000000000126e+00
8.141131341209150579e-03 -1.486223000000000072e+00
8.161134120917281840e-03 -5.994040000000000479e-01
8.181136900625413100e-03 -1.018460000000000060e-01
8.201139680333542625e-03 1.181230000000000058e-01
8.221142460041673886e-03 -1.582979999999999943e-01
8.241145239749803411e-03 -7.269079999999999986e-01
8.261148019457934671e-03 -1.145367999999999942e+00
8.281150799166065932e-03 -1.805859000000000103e+00
8.301153578874195457e-03 -2.858789999999999942e+00
8.321156358582326718e-03 -3.050533000000000161e+00
8.341159138290457978e-03 -2.420020000000000060e+00
8.361161917998587503e-03 -1.215251999999999999e+00
8.381164697706718764e-03 1.591319999999999957e-01
8.401167477414848289e-03 3.857849999999999890e-01
8.421170257122979549e-03 -9.522629999999999706e-01
8.441173036831110810e-03 -2.331903000000000059e+00
8.461175816539240335e-03 -2.522931999999999952e+00
8.481178596247371596e-03 -2.208746000000000098e+00
8.501181375955501121e-03 -2.098697000000000035e+00
8.521184155663632381e-03 -1.726047000000000109e+00
8.541186935371763642e-03 -1.160098000000000074e+00
8.561189715079893167e-03 -3.682090000000000085e-01
8.581192494788024427e-03 6.992559999999999887e-01
8.601195274496155688e-03 7.555140000000000189e-01
8.621198054204285213e-03 -5.283520000000000438e-01
8.641200833912416474e-03 -1.715924999999999923e+00
8.661203613620545999e-03 -2.279278999999999833e+00
8.681206393328677259e-03 -2.211276999999999937e+00
8.701209173036808520e-03 -9.683549999999999658e-01
8.721211952744938045e-03 -1.781599999999999850e-02
8.741214732453069305e-03 -1.466830000000000078e-01
8.761217512161198831e-03 -7.951049999999999507e-01
8.781220291869330091e-03 -1.334321000000000090e+00
8.801223071577461352e-03 -1.858287999999999940e+00
8.821225851285590877e-03 -2.619809000000000054e+00
8.841228630993722137e-03 -2.829525999999999986e+00
8.861231410701853398e-03 -2.903303000000000189e+00
8.881234190409982923e-03 -2.523905000000000065e+00
8.901236970118114183e-03 -8.855579999999999563e-01
8.921239749826243709e-03 7.923050000000000370e-01
8.941242529534374969e-03 8.074240000000000306e-01
8.961245309242506230e-03 4.791499999999999926e-02
8.981248088950635755e-03 -8.313770000000000326e-01
9.001250868658767015e-03 -1.464096000000000064e+00
9.021253648366896541e-03 -1.214537999999999895e+00
9.041256428075027801e-03 -8.207999999999999741e-01
9.061259207783159061e-03 -9.775690000000000213e-01
9.081261987491288587e-03 -1.393238999999999894e+00
9.101264767199419847e-03 -1.603863999999999956e+00
9.121267546907551108e-03 -1.776659999999999906e+00
9.141270326615680633e-03 -2.008437999999999946e+00
9.161273106323811893e-03 -1.840897999999999923e+00
9.181275886031941419e-03 -1.634945000000000093e+00
9.201278665740072679e-03 -1.599841000000000069e+00
9.221281445448203939e-03 -1.180797000000000097e+00
9.241284225156333465e-03 -3.734000000000000097e-01
9.261287004864464725e-03 -1.484999999999999931e-01
9.281289784572594251e-03 -6.481989999999999696e-01
9.301292564280725511e-03 -1.515681999999999974e+00
9.321295343988856771e-03 -2.023751999999999995e+00
9.341298123696986297e-03 -1.684714000000000045e+00
9.361300903405117557e-03 -9.947639999999999816e-01
9.381303683113248817e-03 -6.696119999999999850e-01
9.401306462821378343e-03 -8.892569999999999641e-01
9.421309242529509603e-03 -9.692629999999999857e-01
9.441312022237639129e-03 -8.147659999999999902e-01
9.461314801945770389e-03 -7.805050000000000043e-01
9.481317581653901649e-03 -1.098973999999999895e+00
9.501320361362031175e-03 -1.626640000000000086e+00
9.521323141070162435e-03 -2.011293000000000220e+00
9.541325920778291961e-03 -1.755506000000000011e+00
9.561328700486423221e-03 -1.163407000000000080e+00
9.581331480194554481e-03 -1.088071999999999928e+00
9.601334259902684007e-03 -1.284682000000000102e+00
9.621337039610815267e-03 -1.122527999999999970e+00
9.641339819318946527e-03 -9.716639999999999722e-01
9.661342599027076053e-03 -9.322120000000000406e-01
9.681345378735207313e-03 -6.454090000000000105e-01
9.701348158443336839e-03 -6.663679999999999604e-01
9.721350938151468099e-03 -1.226931999999999912e+00
9.741353717859599359e-03 -1.835771999999999959e+00
9.761356497567728885e-03 -2.138926999999999801e+00
9.781359277275860145e-03 -1.631701000000000068e+00
9.801362056983989671e-03 -7.036130000000000440e-01
9.821364836692120931e-03 -9.445999999999999536e-03
9.841367616400252191e-03 -2.359680000000000111e-01
9.861370396108381717e-03 -7.494239999999999791e-01
9.881373175816512977e-03 -1.245619999999999949e+00
9.901375955524644237e-03 -2.012331000000000092e+00
9.921378735232773763e-03 -2.568807000000000063e+00
9.941381514940905023e-03 -2.563940999999999804e+00
9.961384294649034549e-03 -1.913766999999999996e+00
9.981387074357165809e-03 -7.439090000000000424e-01
1.000138985406529707e-02 6.474760000000000515e-01
1.002139263377342659e-02 1.160023000000000026e+00
1.004139541348155786e-02 2.772919999999999829e-01
1.006139819318968738e-02 -1.076197999999999988e+00
1.008140097289781864e-02 -2.069303000000000115e+00
1.010140375260594990e-02 -2.761848000000000081e+00
1.012140653231407943e-02 -2.695663000000000142e+00
1.014140931202221069e-02 -1.617685000000000040e+00
1.016141209173034195e-02 -7.377439999999999554e-01
1.018141487143847147e-02 -2.555000000000000049e-01
1.020141765114660273e-02 -9.658999999999999531e-02
1.022142043085473226e-02 -2.740580000000000238e-01
1.024142321056286352e-02 -7.759629999999999583e-01
1.026142599027099478e-02 -1.379158000000000106e+00
1.028142876997912430e-02 -2.084616000000000025e+00
1.030143154968725556e-02 -2.365450000000000053e+00
1.032143432939538509e-02 -1.737143000000000104e+00
1.034143710910351635e-02 -6.868720000000000381e-01
1.036143988881164761e-02 -1.791270000000000084e-01
1.038144266851977714e-02 -5.352949999999999653e-01
1.040144544822790840e-02 -1.160422000000000065e+00
1.042144822793603966e-02 -1.542999000000000009e+00
1.044145100764416918e-02 -1.406215999999999910e+00
1.046145378735230044e-02 -1.029090000000000060e+00
1.048145656706042997e-02 -9.272160000000000402e-01
1.050145934676856123e-02 -9.396750000000000380e-01
1.052146212647669249e-02 -8.742029999999999523e-01
1.054146490618482201e-02 -9.427240000000000064e-01
1.056146768589295327e-02 -1.139853000000000005e+00
1.058147046560108280e-02 -1.359431999999999974e+00
1.060147324530921406e-02 -1.692890000000000006e+00
1.062147602501734532e-02 -1.764850000000000030e+00
1.064147880472547485e-02 -1.197473000000000010e+00
1.066148158443360611e-02 -3.785270000000000024e-01
1.068148436414173737e-02 1.975400000000000073e-02
1.070148714384986689e-02 -3.032569999999999988e-01
1.072148992355799815e-02 -1.111431999999999976e+00
1.074149270326612768e-02 -1.944719000000000086e+00
1.076149548297425894e-02 -2.067420999999999953e+00
1.078149826268239020e-02 -1.684649000000000063e+00
1.080150104239051972e-02 -1.554095000000000004e+00
1.082150382209865098e-02 -1.735390999999999906e+00
1.084150660180678051e-02 -1.509776999999999925e+00
1.086150938151491177e-02 -8.822489999999999499e-01
1.088151216122304303e-02 -3.009859999999999758e-01
1.090151494093117256e-02 -1.978149999999999908e-01
1.092151772063930382e-02 -7.235340000000000105e-01
1.094152050034743508e-02 -1.230501000000000067e+00
1.096152328005556460e-02 -1.146341999999999972e+00
1.098152605976369586e-02 -7.509160000000000279e-01
1.100152883947182539e-02 -6.432029999999999692e-01
1.102153161917995665e-02 -8.487670000000000492e-01
1.104153439888808791e-02 -1.154906999999999906e+00
1.106153717859621743e-02 -1.546893000000000074e+00
1.108153995830434869e-02 -1.743502000000000107e+00
1.110154273801247822e-02 -1.734158000000000088e+00
1.112154551772060948e-02 -1.749341999999999953e+00
1.114154829742874074e-02 -1.972620000000000040e+00
1.116155107713687027e-02 -1.845830000000000082e+00
1.118155385684500153e-02 -1.321472999999999898e+00
1.120155663655313279e-02 -5.983659999999999535e-01
1.122155941626126231e-02 1.294000000000000011e-02
1.124156219596939357e-02 9.242000000000000215e-03
1.126156497567752310e-02 -7.169149999999999689e-01
1.128156775538565436e-02 -1.433469000000000104e+00
1.130157053509378562e-02 -1.551889000000000074e+00
1.132157331480191514e-02 -1.403685999999999989e+00
1.134157609451004640e-02 -1.392719999999999958e+00
1.136157887421817593e-02 -1.501795999999999909e+00
1.138158165392630719e-02 -1.450404999999999944e+00
1.140158443363443845e-02 -1.019355999999999929e+00
1.142158721334256798e-02 -4.608689999999999731e-01
1.144158999305069924e-02 -3.965000000000000191e-01
1.146159277275883050e-02 -9.044410000000000505e-01
1.148159555246696002e-02 -1.431262999999999952e+00
1.150159833217509128e-02 -1.750250000000000083e+00
1.152160111188322081e-02 -1.822340999999999989e+00
1.154160389159135207e-02 -1.826427999999999940e+00
1.156160667129948333e-02 -1.753430000000000044e+00
1.158160945100761285e-02 -1.522429999999999950e+00
1.160161223071574411e-02 -1.199483999999999995e+00
1.162161501042387364e-02 -7.960779999999999523e-01
1.164161779013200490e-02 -4.217420000000000058e-01
1.166162056984013616e-02 -3.257079999999999975e-01
1.168162334954826569e-02 -8.235909999999999620e-01
1.170162612925639695e-02 -1.464031000000000082e+00
1.172162890896452821e-02 -1.771144000000000052e+00
1.174163168867265773e-02 -1.593352000000000102e+00
1.176163446838078899e-02 -1.081258999999999970e+00
1.178163724808891852e-02 -6.771390000000000464e-01
1.180164002779704978e-02 -6.048540000000000028e-01
1.182164280750518104e-02 -8.710229999999999917e-01
1.184164558721331056e-02 -1.041482999999999937e+00
1.186164836692144182e-02 -1.186182000000000070e+00
1.188165114662957135e-02 -1.503093999999999930e+00
1.190165392633770261e-02 -2.000456999999999930e+00
1.192165670604583387e-02 -2.181493000000000126e+00
1.194165948575396340e-02 -1.743697000000000052e+00
1.196166226546209466e-02 -1.009298999999999946e+00
1.198166504517022592e-02 -5.186190000000000522e-01
1.200166782487835544e-02 -5.728649999999999576e-01
1.202167060458648670e-02 -9.540149999999999464e-01
1.204167338429461623e-02 -1.386945000000000094e+00
1.206167616400274749e-02 -1.601204000000000072e+00
1.208167894371087875e-02 -1.477916999999999925e+00
1.210168172341900827e-02 -1.064518000000000075e+00
1.212168450312713953e-02 -7.705769999999999564e-01
1.214168728283526906e-02 -7.209379999999999677e-01
1.216169006254340032e-02 -7.597409999999999997e-01
1.218169284225153158e-02 -9.158610000000000362e-01
1.220169562195966111e-02 -1.230110999999999954e+00
1.222169840166779237e-02 -1.669724999999999904e+00
1.224170118137592363e-02 -1.869837999999999889e+00
1.226170396108405315e-02 -1.683221999999999996e+00
1.228170674079218441e-02 -1.088332000000000077e+00
1.230170952050031394e-02 -4.316690000000000249e-01
1.232171230020844520e-02 -2.054060000000000052e-01
1.234171507991657646e-02 -6.648110000000000408e-01
1.236171785962470598e-02 -1.471362999999999976e+00
1.238172063933283724e-02 -1.995719999999999938e+00
1.240172341904096677e-02 -2.071054999999999868e+00
1.242172619874909803e-02 -1.702363000000000071e+00
1.244172897845722929e-02 -1.208374000000000059e+00
1.246173175816535882e-02 -7.798559999999999937e-01
1.248173453787349008e-02 -4.536660000000000137e-01
1.250173731758162134e-02 -4.471780000000000199e-01
1.252174009728975086e-02 -7.725889999999999702e-01
1.254174287699788212e-02 -1.343730000000000091e+00
1.256174565670601165e-02 -1.856017000000000028e+00
1.258174843641414291e-02 -2.091105000000000214e+00
1.260175121612227417e-02 -1.764070999999999945e+00
1.262175399583040369e-02 -1.170933999999999919e+00
1.264175677553853495e-02 -5.715670000000000472e-01
1.266175955524666448e-02 -3.652889999999999748e-01
1.268176233495479574e-02 -6.299010000000000442e-01
1.270176511466292700e-02 -1.082621999999999973e+00
1.272176789437105653e-02 -1.392201000000000022e+00
1.274177067407918779e-02 -1.479799000000000087e+00
1.276177345378731905e-02 -1.578751999999999933e+00
1.278177623349544857e-02 -1.584851999999999927e+00
1.280177901320357983e-02 -1.505948999999999982e+00
1.282178179291170936e-02 -1.332634000000000096e+00
1.284178457261984062e-02 -1.102737000000000078e+00
1.286178735232797188e-02 -9.008720000000000061e-01
1.288179013203610140e-02 -1.030192999999999914e+00
1.290179291174423266e-02 -1.261840999999999990e+00
1.292179569145236219e-02 -1.254898000000000069e+00
1.294179847116049345e-02 -1.075549000000000088e+00
1.296180125086862471e-02 -8.385799999999999921e-01
1.298180403057675424e-02 -8.276790000000000536e-01
1.300180681028488550e-02 -1.090991999999999962e+00
1.302180958999301676e-02 -1.362157999999999980e+00
1.304181236970114628e-02 -1.425292999999999921e+00
1.306181514940927754e-02 -1.298049000000000008e+00
1.308181792911740707e-02 -1.198965000000000058e+00
1.310182070882553833e-02 -1.199939000000000089e+00
1.312182348853366959e-02 -1.331336000000000075e+00
1.314182626824179911e-02 -1.382077999999999918e+00
1.316182904794993037e-02 -1.250226999999999977e+00
1.318183182765805990e-02 -1.028116000000000030e+00
1.320183460736619116e-02 -9.296820000000000084e-01
1.322183738707432242e-02 -1.007481999999999989e+00
1.324184016678245195e-02 -1.122009000000000034e+00
1.326184294649058321e-02 -1.109939999999999927e+00
1.328184572619871447e-02 -1.047193000000000040e+00
1.330184850590684399e-02 -1.153413999999999939e+00
1.332185128561497525e-02 -1.479538999999999938e+00
1.334185406532310478e-02 -1.812996999999999970e+00
1.336185684503123604e-02 -1.754013999999999962e+00
1.338185962473936730e-02 -1.392266000000000004e+00
1.340186240444749682e-02 -9.747139999999999693e-01
1.342186518415562808e-02 -8.145059999999999523e-01
1.344186796386375761e-02 -9.154710000000000347e-01
1.346187074357188887e-02 -1.076847000000000110e+00
1.348187352328002013e-02 -1.157955999999999985e+00
1.350187630298814966e-02 -1.112081000000000097e+00
1.352187908269628092e-02 -1.117725999999999997e+00
1.354188186240441218e-02 -1.147769000000000039e+00
1.356188464211254170e-02 -1.191697999999999924e+00
1.358188742182067296e-02 -1.130184000000000077e+00
1.360189020152880249e-02 -1.062442000000000109e+00
1.362189298123693375e-02 -1.178914999999999935e+00
1.364189576094506501e-02 -1.390643000000000074e+00
1.366189854065319453e-02 -1.576870999999999912e+00
1.368190132036132579e-02 -1.631960000000000077e+00
1.370190410006945532e-02 -1.495111999999999997e+00
1.372190687977758658e-02 -1.133234000000000075e+00
1.374190965948571784e-02 -7.511109999999999731e-01
1.376191243919384737e-02 -7.834900000000000198e-01
1.378191521890197863e-02 -1.146665999999999963e+00
1.380191799861010989e-02 -1.406800000000000050e+00
1.382192077831823941e-02 -1.485962999999999923e+00
1.384192355802637067e-02 -1.493943999999999939e+00
1.386192633773450020e-02 -1.440347000000000044e+00
1.388192911744263146e-02 -1.318618000000000068e+00
1.390193189715076272e-02 -9.649159999999999959e-01
1.392193467685889224e-02 -6.480050000000000532e-01
1.394193745656702350e-02 -5.013589999999999991e-01
1.396194023627515303e-02 -8.048380000000000534e-01
1.398194301598328429e-02 -1.369555000000000078e+00
1.400194579569141555e-02 -1.843428999999999984e+00
1.402194857539954508e-02 -1.917400999999999911e+00
1.404195135510767634e-02 -1.628327000000000080e+00
1.406195413481580760e-02 -1.231734000000000107e+00
1.408195691452393712e-02 -8.887380000000000280e-01
1.410195969423206838e-02 -6.961509999999999643e-01
1.412196247394019791e-02 -6.186110000000000220e-01
1.414196525364832917e-02 -8.151549999999999629e-01
1.416196803335646043e-02 -1.262100999999999917e+00
1.418197081306458995e-02 -1.661483999999999961e+00
1.420197359277272121e-02 -1.849334000000000033e+00
1.422197637248085074e-02 -1.783603000000000049e+00
1.424197915218898200e-02 -1.432366000000000028e+00
1.426198193189711326e-02 -8.875049999999999883e-01
1.428198471160524279e-02 -5.371770000000000156e-01
1.430198749131337405e-02 -5.540469999999999562e-01
1.432199027102150531e-02 -8.688169999999999504e-01
1.434199305072963483e-02 -1.176320000000000032e+00
1.436199583043776609e-02 -1.417181999999999942e+00
1.438199861014589562e-02 -1.445732999999999935e+00
1.440200138985402688e-02 -1.372668999999999917e+00
1.442200416956215814e-02 -1.311026000000000025e+00
1.444200694927028766e-02 -1.222583999999999893e+00
1.446200972897841892e-02 -1.041808000000000067e+00
1.448201250868654845e-02 -9.646559999999999580e-01
1.450201528839467971e-02 -1.098324999999999996e+00
1.452201806810281097e-02 -1.314141000000000004e+00
1.454202084781094050e-02 -1.422373000000000109e+00
1.456202362751907176e-02 -1.354176000000000046e+00
1.458202640722720302e-02 -1.217783000000000060e+00
1.460202918693533254e-02 -1.069059999999999899e+00
1.462203196664346380e-02 -1.028960000000000097e+00
1.464203474635159333e-02 -1.137191999999999981e+00
1.466203752605972459e-02 -1.258272999999999975e+00
1.468204030576785585e-02 -1.295906999999999920e+00
1.470204308547598537e-02 -1.197602999999999973e+00
1.472204586518411663e-02 -1.077105999999999897e+00
1.474204864489224616e-02 -1.022731000000000057e+00
1.476205142460037742e-02 -9.044410000000000505e-01
1.478205420430850868e-02 -8.543469999999999676e-01
1.480205698401663821e-02 -8.699200000000000266e-01
1.482205976372476947e-02 -9.556369999999999587e-01
1.484206254343290073e-02 -1.145043999999999951e+00
1.486206532314103025e-02 -1.437945999999999946e+00
1.488206810284916151e-02 -1.520289000000000001e+00
1.490207088255729104e-02 -1.380195999999999978e+00
1.492207366226542230e-02 -1.190140999999999893e+00
1.494207644197355356e-02 -1.151987000000000094e+00
1.496207922168168308e-02 -1.189880999999999966e+00
1.498208200138981434e-02 -1.143097000000000030e+00
1.500208478109794387e-02 -1.044273000000000007e+00
1.502208756080607513e-02 -8.903600000000000403e-01
1.504209034051420639e-02 -8.324799999999999978e-01
1.506209312022233592e-02 -8.836119999999999530e-01
1.508209589993046718e-02 -1.013517000000000001e+00
1.510209867963859844e-02 -1.087747999999999937e+00
1.512210145934672796e-02 -1.151856999999999909e+00
1.514210423905485922e-02 -1.206298000000000092e+00
1.516210701876298875e-02 -1.232188000000000061e+00
1.518210979847112001e-02 -1.304278000000000048e+00
1.520211257817925127e-02 -1.313752000000000031e+00
1.522211535788738079e-02 -1.217392999999999947e+00
1.524211813759551205e-02 -1.137647000000000075e+00
1.526212091730364158e-02 -1.149326000000000070e+00
1.528212369701177284e-02 -1.195850999999999997e+00
1.530212647671990410e-02 -1.232642000000000015e+00
1.532212925642803363e-02 -1.141799000000000008e+00
1.534213203613616489e-02 -8.952909999999999480e-01
1.536213481584429441e-02 -6.496269999999999545e-01
1.538213759555242567e-02 -6.356110000000000371e-01
1.540214037526055693e-02 -9.037920000000000398e-01
1.542214315496868646e-02 -1.159578999999999915e+00
1.544214593467681772e-02 -1.385127999999999915e+00
1.546214871438494898e-02 -1.508478999999999903e+00
1.548215149409307850e-02 -1.503028999999999948e+00
1.550215427380120976e-02 -1.385062999999999933e+00
1.552215705350933929e-02 -1.133753000000000011e+00
1.554215983321747055e-02 -8.832870000000000443e-01
1.556216261292560181e-02 -7.294389999999999485e-01
1.558216539263373134e-02 -8.620039999999999925e-01
1.560216817234186260e-02 -1.077755000000000019e+00
1.562217095204999212e-02 -1.333995999999999960e+00
1.564217373175812512e-02 -1.505365000000000064e+00
1.566217651146625464e-02 -1.505235000000000101e+00
1.568217929117438417e-02 -1.236016000000000004e+00
1.570218207088251369e-02 -9.457090000000000218e-01
1.572218485059064669e-02 -7.851770000000000138e-01
1.574218763029877621e-02 -8.777070000000000149e-01
1.576219041000690574e-02 -1.084503999999999913e+00
1.578219318971503873e-02 -1.179110000000000102e+00
1.580219596942316826e-02 -1.263268999999999975e+00
1.582219874913129778e-02 -1.292467999999999950e+00
1.584220152883943078e-02 -1.225699000000000094e+00
1.586220430854756031e-02 -1.031619999999999981e+00
1.588220708825568983e-02 -7.668789999999999774e-01
1.590220986796382283e-02 -6.243859999999999966e-01
1.592221264767195235e-02 -7.436490000000000045e-01
1.594221542738008188e-02 -1.144784000000000024e+00
1.596221820708821140e-02 -1.513150999999999913e+00
1.598222098679634440e-02 -1.632220000000000004e+00
1.600222376650447392e-02 -1.472596000000000016e+00
1.602222654621260345e-02 -1.256650000000000045e+00
1.604222932592073644e-02 -1.003654000000000046e+00
1.606223210562886597e-02 -7.937419999999999476e-01
1.608223488533699549e-02 -6.640970000000000484e-01
1.610223766504512849e-02 -7.052359999999999740e-01
1.612224044475325802e-02 -8.810160000000000213e-01
1.614224322446138754e-02 -1.068346999999999936e+00
1.616224600416952054e-02 -1.253535999999999984e+00
1.618224878387765006e-02 -1.314464999999999995e+00
1.620225156358577959e-02 -1.242245000000000044e+00
1.622225434329390911e-02 -1.060170999999999975e+00
1.624225712300204211e-02 -9.789320000000000244e-01
1.626225990271017163e-02 -1.022601000000000093e+00
1.628226268241830116e-02 -1.155296000000000101e+00
1.630226546212643415e-02 -1.266513000000000000e+00
1.632226824183456368e-02 -1.185727999999999893e+00
1.634227102154269320e-02 -1.021951999999999972e+00
1.636227380125082620e-02 -9.245560000000000445e-01
1.638227658095895573e-02 -9.218300000000000383e-01
1.640227936066708525e-02 -9.928820000000000423e-01
1.642228214037521825e-02 -1.061339000000000032e+00
1.644228492008334777e-02 -1.153219999999999912e+00
1.646228769979147730e-02 -1.279166000000000025e+00
1.648229047949960682e-02 -1.426914999999999933e+00
1.650229325920773982e-02 -1.446317000000000075e+00
1.652229603891586934e-02 -1.318163999999999891e+00
1.654229881862399887e-02 -1.069838999999999984e+00
1.656230159833213186e-02 -8.317020000000000524e-01
1.658230437804026139e-02 -7.173699999999999521e-01
1.660230715774839091e-02 -8.303390000000000493e-01
1.662230993745652391e-02 -9.745190000000000241e-01
1.664231271716465344e-02 -1.069644000000000039e+00
1.666231549687278296e-02 -1.155230999999999897e+00
1.668231827658091596e-02 -1.173918999999999935e+00
1.670232105628904548e-02 -1.197797000000000001e+00
1.672232383599717501e-02 -1.153543999999999903e+00
1.674232661570530453e-02 -1.077042000000000055e+00
1.676232939541343753e-02 -9.244909999999999517e-01
1.678233217512156705e-02 -8.392290000000000028e-01
1.680233495482969658e-02 -8.980169999999999542e-01
1.682233773453782957e-02 -1.045182000000000055e+00
1.684234051424595910e-02 -1.214537999999999895e+00
1.686234329395408862e-02 -1.300450000000000106e+00
1.688234607366222162e-02 -1.344443000000000055e+00
1.690234885337035114e-02 -1.342691000000000079e+00
1.692235163307848067e-02 -1.303693999999999908e+00
1.694235441278661367e-02 -1.196369999999999933e+00
1.696235719249474319e-02 -1.008389999999999898e+00
1.698235997220287272e-02 -8.344920000000000115e-01
1.700236275191100224e-02 -7.630500000000000060e-01
1.702236553161913524e-02 -8.091209999999999791e-01
1.704236831132726476e-02 -9.592060000000000031e-01
1.706237109103539429e-02 -1.172231999999999941e+00
1.708237387074352728e-02 -1.287666999999999895e+00
1.710237665045165681e-02 -1.312000000000000055e+00
1.712237943015978633e-02 -1.238221999999999934e+00
1.714238220986791933e-02 -1.142123999999999917e+00
1.716238498957604885e-02 -1.068540999999999963e+00
1.718238776928417838e-02 -1.003913000000000055e+00
1.720239054899231138e-02 -9.979440000000000532e-01
1.722239332870044090e-02 -1.067244000000000081e+00
1.724239610840857043e-02 -1.214213999999999904e+00
1.726239888811669995e-02 -1.353852000000000055e+00
1.728240166782483295e-02 -1.356252999999999931e+00
1.730240444753296247e-02 -1.155361000000000082e+00
1.732240722724109200e-02 -9.273460000000000036e-01
1.734241000694922499e-02 -7.939370000000000038e-01
1.736241278665735452e-02 -8.472100000000000186e-01
1.738241556636548404e-02 -1.013517000000000001e+00
1.740241834607361704e-02 -1.170090000000000074e+00
1.742242112578174656e-02 -1.302980000000000027e+00
1.744242390548987609e-02 -1.396873000000000031e+00
1.746242668519800909e-02 -1.363455000000000084e+00
1.748242946490613861e-02 -1.227516000000000052e+00
1.750243224461426814e-02 -1.013517000000000001e+00
1.752243502432239766e-02 -8.766040000000000498e-01
1.754243780403053066e-02 -8.517519999999999536e-01
1.756244058373866018e-02 -9.820459999999999745e-01
1.758244336344678971e-02 -1.187415000000000109e+00
1.760244614315492270e-02 -1.338214000000000015e+00
1.762244892286305223e-02 -1.362870999999999944e+00
1.764245170257118175e-02 -1.277414000000000049e+00
1.766245448227931475e-02 -1.096832000000000029e+00
1.768245726198744427e-02 -1.020979000000000081e+00
1.770246004169557380e-02 -1.011309999999999931e+00
1.772246282140370680e-02 -1.059002999999999917e+00
1.774246560111183632e-02 -1.132649999999999935e+00
1.776246838081996585e-02 -1.194358000000000031e+00
1.778247116052809537e-02 -1.210774999999999935e+00
1.780247394023622837e-02 -1.173788999999999971e+00
1.782247671994435789e-02 -1.104100000000000081e+00
1.784247949965248742e-02 -9.924929999999999586e-01
1.786248227936062041e-02 -9.490180000000000282e-01
1.788248505906874994e-02 -1.030386999999999942e+00
1.790248783877687946e-02 -1.216809000000000029e+00
1.792249061848501246e-02 -1.394926000000000110e+00
1.794249339819314198e-02 -1.438919999999999977e+00
1.796249617790127151e-02 -1.293182000000000054e+00
1.798249895760940451e-02 -1.089564999999999895e+00
1.800250173731753403e-02 -8.952259999999999662e-01
1.802250451702566356e-02 -8.299499999999999655e-01
1.804250729673379308e-02 -8.355299999999999949e-01
1.806251007644192608e-02 -9.704960000000000253e-01
1.808251285615005560e-02 -1.111561999999999939e+00
1.810251563585818513e-02 -1.248280000000000056e+00
1.812251841556631812e-02 -1.323159999999999892e+00
1.814252119527444765e-02 -1.328157000000000032e+00
1.816252397498257717e-02 -1.220442999999999945e+00
1.818252675469071017e-02 -1.055369000000000002e+00
1.820252953439883969e-02 -9.647860000000000325e-01
1.822253231410696922e-02 -1.024418000000000051e+00
1.824253509381510222e-02 -1.157955999999999985e+00
1.826253787352323174e-02 -1.307002999999999915e+00
1.828254065323136127e-02 -1.350282999999999900e+00
1.830254343293949079e-02 -1.258791999999999911e+00
1.832254621264762379e-02 -1.137321999999999944e+00
1.834254899235575331e-02 -1.065037000000000011e+00
1.836255177206388284e-02 -1.016826000000000008e+00
1.838255455177201583e-02 -1.007546999999999970e+00
1.840255733148014536e-02 -1.021368000000000054e+00
1.842256011118827488e-02 -1.066076000000000024e+00
1.844256289089640788e-02 -1.165742999999999974e+00
1.846256567060453740e-02 -1.274688999999999961e+00
1.848256845031266693e-02 -1.303628999999999927e+00
1.850257123002079993e-02 -1.246982000000000035e+00
1.852257400972892945e-02 -1.130055000000000032e+00
1.854257678943705898e-02 -1.061922999999999950e+00
1.856257956914518850e-02 -1.002356000000000025e+00
1.858258234885332150e-02 -1.006509000000000098e+00
1.860258512856145102e-02 -1.010920999999999959e+00
1.862258790826958055e-02 -1.008844999999999992e+00
1.864259068797771354e-02 -1.098000000000000087e+00
1.866259346768584307e-02 -1.213824999999999932e+00
1.868259624739397259e-02 -1.314141000000000004e+00
1.870259902710210559e-02 -1.367413999999999907e+00
1.872260180681023511e-02 -1.303889000000000076e+00
1.874260458651836464e-02 -1.187480000000000091e+00
1.876260736622649763e-02 -1.057704999999999895e+00
1.878261014593462716e-02 -9.848360000000000447e-01
1.880261292564275669e-02 -9.619959999999999622e-01
1.882261570535088621e-02 -9.836679999999999868e-01
1.884261848505901921e-02 -1.049463999999999952e+00
1.886262126476714873e-02 -1.132130999999999998e+00
1.888262404447527826e-02 -1.209737000000000062e+00
1.890262682418341125e-02 -1.245813999999999977e+00
1.892262960389154078e-02 -1.176838999999999968e+00
1.894263238359967030e-02 -1.089239999999999986e+00
1.896263516330780330e-02 -9.887939999999999507e-01
1.898263794301593282e-02 -9.682899999999999840e-01
1.900264072272406235e-02 -1.044402999999999970e+00
1.902264350243219534e-02 -1.177357999999999905e+00
1.904264628214032487e-02 -1.230760000000000076e+00
1.906264906184845440e-02 -1.222259999999999902e+00
1.908265184155658392e-02 -1.170738999999999974e+00
1.910265462126471692e-02 -1.120775999999999994e+00
1.912265740097284644e-02 -1.091836000000000029e+00
1.914266018068097597e-02 -1.071266999999999969e+00
1.916266296038910896e-02 -1.101828999999999947e+00
1.918266574009723849e-02 -1.173010000000000108e+00
1.920266851980536801e-02 -1.238936000000000037e+00
1.922267129951350101e-02 -1.279814999999999925e+00
1.924267407922163053e-02 -1.219209999999999905e+00
1.926267685892976006e-02 -1.057444999999999968e+00
1.928267963863789305e-02 -8.864020000000000232e-01
1.930268241834602258e-02 -8.191779999999999617e-01
1.932268519805415211e-02 -8.674549999999999761e-01
1.934268797776228163e-02 -1.009493999999999891e+00
1.936269075747041463e-02 -1.146600999999999981e+00
1.938269353717854415e-02 -1.241467000000000098e+00
1.940269631688667368e-02 -1.300124999999999975e+00
1.942269909659480667e-02 -1.280658999999999992e+00
1.944270187630293620e-02 -1.218431999999999960e+00
1.946270465601106572e-02 -1.116492999999999958e+00
1.948270743571919872e-02 -1.067957000000000045e+00
1.950271021542732824e-02 -1.061598000000000042e+00
1.952271299513545777e-02 -1.150754000000000055e+00
1.954271577484359076e-02 -1.297204999999999941e+00
1.956271855455172029e-02 -1.342171999999999921e+00
1.958272133425984982e-02 -1.329325000000000090e+00
1.960272411396797934e-02 -1.206622000000000083e+00
1.962272689367611234e-02 -1.067957000000000045e+00
1.964272967338424186e-02 -9.892490000000000450e-01
1.966273245309237139e-02 -1.002874999999999961e+00
1.968273523280050438e-02 -1.042197000000000040e+00
1.970273801250863391e-02 -1.122268000000000043e+00
1.972274079221676343e-02 -1.158735000000000070e+00
1.974274357192489643e-02 -1.161915000000000031e+00
1.976274635163302595e-02 -1.110783000000000076e+00
1.978274913134115548e-02 -1.041678000000000104e+00
1.980275191104928847e-02 -9.625150000000000095e-01
1.982275469075741800e-02 -9.095670000000000144e-01
1.984275747046554753e-02 -9.904169999999999918e-01
1.986276025017367705e-02 -1.144719000000000042e+00
1.988276302988181005e-02 -1.337306000000000106e+00
1.990276580958993957e-02 -1.462020000000000097e+00
1.992276858929806910e-02 -1.446900999999999993e+00
1.994277136900620209e-02 -1.321862000000000092e+00
1.996277414871433162e-02 -1.165224000000000038e+00
1.998277692842246114e-02 -1.031879999999999908e+00
2.000277970813059414e-02 -9.416210000000000413e-01
2.002278248783872366e-02 -9.227389999999999759e-01
2.004278526754685319e-02 -9.224790000000000489e-01
2.006278804725498618e-02 -9.779579999999999940e-01
2.008279082696311571e-02 -1.057835000000000081e+00
2.010279360667124524e-02 -1.120646000000000031e+00
2.012279638637937476e-02 -1.157113000000000058e+00
2.014279916608750776e-02 -1.133103999999999889e+00
2.016280194579563728e-02 -1.094951000000000008e+00
2.018280472550376681e-02 -1.111107999999999985e+00
2.020280750521189980e-02 -1.133103999999999889e+00
2.022281028492002933e-02 -1.174438000000000093e+00
2.024281306462815885e-02 -1.177616999999999914e+00
2.026281584433629185e-02 -1.132066000000000017e+00
2.028281862404442137e-02 -1.101050000000000084e+00
2.030282140375255090e-02 -1.063739999999999908e+00
2.032282418346068389e-02 -1.068994999999999918e+00
2.034282696316881342e-02 -1.078923000000000076e+00
2.036282974287694295e-02 -1.072953999999999963e+00
2.038283252258507247e-02 -1.101310000000000011e+00
2.040283530229320547e-02 -1.097676000000000096e+00
2.042283808200133499e-02 -1.138425000000000020e+00
2.044284086170946452e-02 -1.140501999999999905e+00
2.046284364141759751e-02 -1.150039999999999951e+00
2.048284642112572704e-02 -1.111561999999999939e+00
2.050284920083385656e-02 -1.081908000000000092e+00
2.052285198054198956e-02 -1.081258999999999970e+00
2.054285476025011908e-02 -1.077105999999999897e+00
2.056285753995824861e-02 -1.045636000000000010e+00
2.058286031966638160e-02 -1.027466999999999908e+00
2.060286309937451113e-02 -1.038562999999999903e+00
2.062286587908264066e-02 -1.076521999999999979e+00
2.064286865879077018e-02 -1.170220000000000038e+00
2.066287143849890318e-02 -1.241336999999999913e+00
2.068287421820703270e-02 -1.272612999999999994e+00
2.070287699791516223e-02 -1.230501000000000067e+00
2.072287977762329522e-02 -1.166846000000000050e+00
2.074288255733142475e-02 -1.095793999999999935e+00
2.076288533703955427e-02 -1.046154999999999946e+00
2.078288811674768727e-02 -1.041028999999999982e+00
2.080289089645581679e-02 -1.045636000000000010e+00
2.082289367616394632e-02 -1.098519000000000023e+00
2.084289645587207931e-02 -1.140501999999999905e+00
2.086289923558020884e-02 -1.143162000000000011e+00
2.088290201528833837e-02 -1.150493999999999906e+00
2.090290479499646789e-02 -1.108511999999999942e+00
2.092290757470460089e-02 -1.086384999999999934e+00
2.094291035441273041e-02 -1.103969999999999896e+00
2.096291313412085994e-02 -1.188647999999999927e+00
2.098291591382899293e-02 -1.252237999999999962e+00
2.100291869353712246e-02 -1.258467000000000002e+00
2.102292147324525198e-02 -1.190725000000000033e+00
2.104292425295338498e-02 -1.069838999999999984e+00
2.106292703266151450e-02 -9.606329999999999592e-01
2.108292981236964403e-02 -9.143029999999999768e-01
2.110293259207777702e-02 -9.413620000000000321e-01
2.112293537178590655e-02 -1.037849000000000022e+00
2.114293815149403608e-02 -1.183521999999999963e+00
2.116294093120216560e-02 -1.300839000000000079e+00
2.118294371091029860e-02 -1.383440999999999921e+00
2.120294649061842812e-02 -1.329779000000000044e+00
2.122294927032655765e-02 -1.192347000000000046e+00
2.124295205003469064e-02 -1.000343999999999900e+00
2.126295482974282017e-02 -8.786800000000000166e-01
2.128295760945094969e-02 -8.699200000000000266e-01
2.130296038915908269e-02 -9.436980000000000368e-01
2.132296316886721221e-02 -1.090927999999999898e+00
2.134296594857534174e-02 -1.212396999999999947e+00
2.136296872828347473e-02 -1.251719000000000026e+00
2.138297150799160426e-02 -1.254378999999999911e+00
2.140297428769973379e-02 -1.183327000000000018e+00
2.142297706740786331e-02 -1.141669999999999963e+00
2.144297984711599631e-02 -1.076327999999999951e+00
2.146298262682412583e-02 -1.073342999999999936e+00
2.148298540653225536e-02 -1.134466999999999892e+00
2.150298818624038835e-02 -1.184171000000000085e+00
2.152299096594851788e-02 -1.233290999999999915e+00
2.154299374565664740e-02 -1.230175999999999936e+00
2.156299652536478040e-02 -1.135375999999999941e+00
2.158299930507290992e-02 -1.032658000000000076e+00
2.160300208478103945e-02 -9.585569999999999924e-01
2.162300486448917244e-02 -9.776340000000000030e-01
2.164300764419730197e-02 -1.014424999999999910e+00
2.166301042390543150e-02 -1.069774000000000003e+00
2.168301320361356102e-02 -1.129664999999999919e+00
2.170301598332169402e-02 -1.136803000000000008e+00
2.172301876302982354e-02 -1.146406000000000036e+00
2.174302154273795307e-02 -1.132130999999999998e+00
2.176302432244608606e-02 -1.078468999999999900e+00
2.178302710215421559e-02 -1.039925999999999906e+00
2.180302988186234511e-02 -1.022146999999999917e+00
2.182303266157047811e-02 -1.009428999999999910e+00
2.184303544127860763e-02 -1.085217000000000098e+00
2.186303822098673716e-02 -1.141086000000000045e+00
2.188304100069487015e-02 -1.166001999999999983e+00
2.190304378040299968e-02 -1.175475999999999965e+00
2.192304656011112921e-02 -1.141410000000000036e+00
2.194304933981925873e-02 -1.120516000000000068e+00
2.196305211952739173e-02 -1.120711000000000013e+00
2.198305489923552125e-02 -1.087877999999999901e+00
2.200305767894365078e-02 -1.054005999999999998e+00
2.202306045865178377e-02 -1.018059000000000047e+00
2.204306323835991330e-02 -1.034216000000000024e+00
2.206306601806804282e-02 -1.029738000000000042e+00
2.208306879777617582e-02 -1.063609999999999944e+00
2.210307157748430534e-02 -1.068346999999999936e+00
2.212307435719243487e-02 -1.087552999999999992e+00
2.214307713690056786e-02 -1.106954999999999911e+00
2.216307991660869739e-02 -1.148352999999999957e+00
2.218308269631682692e-02 -1.178590999999999944e+00
2.220308547602495644e-02 -1.176255000000000051e+00
2.222308825573308944e-02 -1.181251000000000051e+00
2.224309103544121896e-02 -1.159642999999999979e+00
2.226309381514934849e-02 -1.110783000000000076e+00
2.228309659485748148e-02 -1.081388999999999934e+00
2.230309937456561101e-02 -1.068216999999999972e+00
2.232310215427374053e-02 -1.045700999999999992e+00
2.234310493398187353e-02 -1.057380999999999904e+00
2.236310771369000305e-02 -1.048815000000000053e+00
2.238311049339813258e-02 -1.093328000000000078e+00
2.240311327310626557e-02 -1.118699000000000110e+00
2.242311605281439510e-02 -1.158020999999999967e+00
2.244311883252252462e-02 -1.141280000000000072e+00
2.246312161223065415e-02 -1.135764999999999914e+00
2.248312439193878715e-02 -1.098324999999999996e+00
2.250312717164691667e-02 -1.044728000000000101e+00
2.252312995135504620e-02 -1.023444000000000020e+00
2.254313273106317919e-02 -9.998899999999999455e-01
2.256313551077130872e-02 -1.015722999999999931e+00
2.258313829047943824e-02 -1.074316000000000049e+00
2.260314107018757124e-02 -1.141410000000000036e+00
2.262314384989570076e-02 -1.197861999999999982e+00
2.264314662960383029e-02 -1.197537999999999991e+00
2.266314940931196328e-02 -1.142773000000000039e+00
2.268315218902009281e-02 -1.087943000000000104e+00
2.270315496872822233e-02 -1.063674999999999926e+00
2.272315774843635186e-02 -1.048880000000000035e+00
2.274316052814448486e-02 -1.074705999999999939e+00
2.276316330785261438e-02 -1.096573000000000020e+00
2.278316608756074391e-02 -1.133234000000000075e+00
2.280316886726887690e-02 -1.152180999999999900e+00
2.282317164697700643e-02 -1.123046999999999906e+00
2.284317442668513595e-02 -1.092289999999999983e+00
2.286317720639326895e-02 -1.012542999999999971e+00
2.288317998610139847e-02 -9.849660000000000082e-01
2.290318276580952800e-02 -9.983980000000000077e-01
2.292318554551766099e-02 -1.069125000000000103e+00
2.294318832522579052e-02 -1.153998000000000079e+00
2.296319110493392004e-02 -1.221935999999999911e+00
2.298319388464204957e-02 -1.216031000000000084e+00
2.300319666435018257e-02 -1.169961000000000029e+00
2.302319944405831209e-02 -1.090991999999999962e+00
2.304320222376644162e-02 -9.964509999999999756e-01
2.306320500347457461e-02 -9.487590000000000190e-01
2.308320778318270414e-02 -9.558959999999999679e-01
2.310321056289083366e-02 -1.034086000000000061e+00
2.312321334259896666e-02 -1.139008999999999938e+00
2.314321612230709618e-02 -1.229527000000000037e+00
2.316321890201522571e-02 -1.272418000000000049e+00
2.318322168172335870e-02 -1.250291000000000041e+00
2.320322446143148823e-02 -1.175864999999999938e+00
2.322322724113961775e-02 -1.076197999999999988e+00
2.324323002084774728e-02 -1.037136000000000058e+00
2.326323280055588028e-02 -1.043039999999999967e+00
2.328323558026400980e-02 -1.086256000000000110e+00
2.330323835997213933e-02 -1.115390000000000104e+00
2.332324113968027232e-02 -1.106306000000000012e+00
2.334324391938840185e-02 -1.090343999999999980e+00
2.336324669909653137e-02 -1.050178000000000056e+00
2.338324947880466437e-02 -1.012672999999999934e+00
2.340325225851279389e-02 -1.014100999999999919e+00
2.342325503822092342e-02 -1.022016999999999953e+00
2.344325781792905641e-02 -1.077560999999999991e+00
2.346326059763718594e-02 -1.133947999999999956e+00
2.348326337734531546e-02 -1.174112999999999962e+00
2.350326615705344499e-02 -1.180277999999999938e+00
2.352326893676157799e-02 -1.130832999999999977e+00
2.354327171646970751e-02 -1.065231999999999957e+00
2.356327449617783704e-02 -1.023379999999999956e+00
2.358327727588597003e-02 -1.036875999999999909e+00
2.360328005559409956e-02 -1.065881000000000078e+00
2.362328283530222908e-02 -1.124603999999999937e+00
2.364328561501036208e-02 -1.153739000000000070e+00
2.366328839471849160e-02 -1.154322999999999988e+00
2.368329117442662113e-02 -1.125642000000000031e+00
2.370329395413475412e-02 -1.116039000000000003e+00
2.372329673384288365e-02 -1.066011000000000042e+00
2.374329951355101317e-02 -1.013970999999999956e+00
2.376330229325914270e-02 -1.002485999999999988e+00
2.378330507296727570e-02 -1.010661999999999949e+00
2.380330785267540522e-02 -1.029479000000000033e+00
2.382331063238353475e-02 -1.068151999999999990e+00
2.384331341209166774e-02 -1.077884999999999982e+00
2.386331619179979727e-02 -1.076262999999999970e+00
2.388331897150792679e-02 -1.084893000000000107e+00
2.390332175121605979e-02 -1.102217999999999920e+00
2.392332453092418931e-02 -1.127394000000000007e+00
2.394332731063231884e-02 -1.130573999999999968e+00
2.396333009034045183e-02 -1.139399000000000051e+00
2.398333287004858136e-02 -1.122333000000000025e+00
2.400333564975671088e-02 -1.122721999999999998e+00
2.402333842946484041e-02 -1.129664999999999919e+00
2.404334120917297341e-02 -1.109485000000000054e+00
2.406334398888110293e-02 -1.083401000000000058e+00
2.408334676858923246e-02 -1.046674000000000104e+00
2.410334954829736545e-02 -1.015009000000000050e+00
2.412335232800549498e-02 -1.019485999999999892e+00
2.414335510771362450e-02 -1.014685000000000059e+00
2.416335788742175750e-02 -1.014620000000000077e+00
2.418336066712988702e-02 -1.027531999999999890e+00
2.420336344683801655e-02 -1.038562999999999903e+00
2.422336622654614954e-02 -1.082621999999999973e+00
2.424336900625427907e-02 -1.086125999999999925e+00
2.426337178596240859e-02 -1.090797999999999934e+00
2.428337456567053812e-02 -9.939210000000000544e-01
2.430337734537867111e-02 -9.425299999999999789e-01
2.432338012508680064e-02 -1.020394999999999941e+00
2.434338290479493017e-02 -9.630990000000000384e-01
2.436338568450306316e-02 -1.110068999999999972e+00
2.438338846421119269e-02 -1.155296000000000101e+00
2.440339124391932221e-02 -1.199289999999999967e+00
2.442339402362745521e-02 -1.103644999999999987e+00
2.444339680333558473e-02 -1.211748000000000047e+00
2.446339958304371426e-02 -1.125512999999999986e+00
2.448340236275184725e-02 -1.015009000000000050e+00
2.450340514245997678e-02 -1.017605000000000093e+00
2.452340792216810630e-02 -7.817380000000000440e-01
2.454341070187623583e-02 -8.740729999999999889e-01
2.456341348158436882e-02 -1.101050000000000084e+00
2.458341626129249835e-02 -1.120061999999999891e+00
2.460341904100062788e-02 -1.141345000000000054e+00
2.462342182070876087e-02 -1.126745000000000108e+00
2.464342460041689040e-02 -1.022275999999999962e+00
2.466342738012501992e-02 -1.009622999999999937e+00
2.468343015983315292e-02 -1.018642999999999965e+00
2.470343293954128244e-02 -9.965810000000000501e-01
2.472343571924941197e-02 -1.044337999999999989e+00
2.474343849895754496e-02 -1.105007999999999990e+00
2.476344127866567449e-02 -1.088656000000000068e+00
2.478344405837380401e-02 -1.064583000000000057e+00
2.480344683808193354e-02 -1.059717000000000020e+00
2.482344961779006653e-02 -1.070162999999999975e+00
2.484345239749819606e-02 -1.082297000000000065e+00
2.486345517720632559e-02 -1.107539000000000051e+00
2.488345795691445858e-02 -1.095015000000000072e+00
2.490346073662258811e-02 -1.085606999999999989e+00
2.492346351633071763e-02 -1.118309999999999915e+00
2.494346629603885063e-02 -1.130508999999999986e+00
2.496346907574698015e-02 -1.090149000000000035e+00
2.498347185545510968e-02 -1.010531999999999986e+00
2.500347463516324267e-02 -9.588809999999999834e-01
2.502347741487137220e-02 -9.730919999999999570e-01
2.504348019457950172e-02 -1.000604000000000049e+00
2.506348297428763125e-02 -1.049593999999999916e+00
2.508348575399576424e-02 -1.080221000000000098e+00
2.510348853370389377e-02 -1.110652999999999890e+00
2.512349131341202330e-02 -1.139269000000000087e+00
2.514349409312015629e-02 -1.191308999999999951e+00
2.516349687282828582e-02 -1.158930000000000016e+00
2.518349965253641534e-02 -1.085542000000000007e+00
2.520350243224454834e-02 -1.039341999999999988e+00
2.522350521195267786e-02 -1.046804000000000068e+00
2.524350799166080739e-02 -1.093911999999999995e+00
2.526351077136894038e-02 -1.105332999999999899e+00
2.528351355107706991e-02 -1.098778999999999950e+00
2.530351633078519943e-02 -1.048750999999999989e+00
2.532351911049332896e-02 -1.030712000000000073e+00
2.534352189020146195e-02 -1.033306999999999976e+00
2.536352466990959148e-02 -1.046934000000000031e+00
2.538352744961772101e-02 -1.030712000000000073e+00
2.540353022932585400e-02 -1.065037000000000011e+00
2.542353300903398353e-02 -1.080351000000000061e+00
2.544353578874211305e-02 -1.131027999999999922e+00
2.546353856845024605e-02 -1.131223000000000090e+00
2.548354134815837557e-02 -1.098908999999999914e+00
2.550354412786650510e-02 -1.036291999999999991e+00
2.552354690757463809e-02 -9.651750000000000052e-01
2.554354968728276762e-02 -9.453850000000000309e-01
2.556355246699089714e-02 -9.748440000000000438e-01
2.558355524669902667e-02 -1.027857000000000021e+00
2.560355802640715966e-02 -1.068087000000000009e+00
2.562356080611528919e-02 -1.113572999999999924e+00
2.564356358582341872e-02 -1.151661999999999964e+00
2.566356636553155171e-02 -1.184366000000000030e+00
2.568356914523968124e-02 -1.178590999999999944e+00
2.570357192494781076e-02 -1.124149999999999983e+00
2.572357470465594376e-02 -1.050308000000000019e+00
2.574357748436407328e-02 -1.002680000000000016e+00
2.576358026407220281e-02 -9.936610000000000165e-01
2.578358304378033580e-02 -1.021951999999999972e+00
2.580358582348846533e-02 -1.014685000000000059e+00
2.582358860319659485e-02 -1.022601000000000093e+00
2.584359138290472438e-02 -1.020199999999999996e+00
2.586359416261285737e-02 -1.060559999999999947e+00
2.588359694232098690e-02 -1.116103999999999985e+00
2.590359972202911643e-02 -1.131742000000000026e+00
2.592360250173724942e-02 -1.126096999999999904e+00
2.594360528144537895e-02 -1.127718999999999916e+00
2.596360806115350847e-02 -1.132910000000000084e+00
2.598361084086164147e-02 -1.154906999999999906e+00
2.600361362056977099e-02 -1.126160999999999968e+00
2.602361640027790052e-02 -1.095989000000000102e+00
2.604361917998603351e-02 -1.039341999999999988e+00
2.606362195969416304e-02 -1.008715000000000028e+00
2.608362473940229256e-02 -1.007611999999999952e+00
2.610362751911042209e-02 -1.003783000000000092e+00
2.612363029881855508e-02 -1.006639000000000062e+00
2.614363307852668461e-02 -1.020459999999999923e+00
2.616363585823481414e-02 -1.075029999999999930e+00
2.618363863794294713e-02 -1.158865000000000034e+00
2.620364141765107666e-02 -1.208569000000000004e+00
2.622364419735920618e-02 -1.214537999999999895e+00
2.624364697706733918e-02 -1.159189000000000025e+00
2.626364975677546870e-02 -1.096573000000000020e+00
2.628365253648359823e-02 -1.055239000000000038e+00
2.630365531619173122e-02 -1.012348999999999943e+00
2.632365809589986075e-02 -1.024936999999999987e+00
2.634366087560799027e-02 -1.014685000000000059e+00
2.636366365531611980e-02 -1.059067999999999898e+00
2.638366643502425279e-02 -1.092678999999999956e+00
2.640366921473238232e-02 -1.136738000000000026e+00
2.642367199444051185e-02 -1.143097000000000030e+00
2.644367477414864484e-02 -1.108187999999999951e+00
2.646367755385677437e-02 -1.076133000000000006e+00
2.648368033356490389e-02 -1.063220000000000054e+00
2.650368311327303689e-02 -1.080740000000000034e+00
2.652368589298116641e-02 -1.105267999999999917e+00
2.654368867268929594e-02 -1.128627000000000047e+00
2.656369145239742893e-02 -1.110068999999999972e+00
2.658369423210555846e-02 -1.076262999999999970e+00
2.660369701181368798e-02 -1.045636000000000010e+00
2.662369979152181751e-02 -1.025455999999999923e+00
2.664370257122995050e-02 -1.033762000000000070e+00
2.666370535093808003e-02 -1.047323000000000004e+00
2.668370813064620956e-02 -1.087747999999999937e+00
2.670371091035434255e-02 -1.127523999999999971e+00
2.672371369006247208e-02 -1.151208000000000009e+00
2.674371646977060160e-02 -1.144395000000000051e+00
2.676371924947873460e-02 -1.096702000000000066e+00
2.678372202918686412e-02 -1.035253999999999897e+00
2.680372480889499365e-02 -9.929470000000000240e-01
2.682372758860312664e-02 -9.910010000000000208e-01
2.684373036831125617e-02 -1.017929000000000084e+00
2.686373314801938569e-02 -1.059522000000000075e+00
2.688373592772751522e-02 -1.100270999999999999e+00
2.690373870743564821e-02 -1.126616000000000062e+00
2.692374148714377774e-02 -1.127849000000000101e+00
2.694374426685190727e-02 -1.094821000000000044e+00
2.696374704656004026e-02 -1.057965000000000044e+00
2.698374982626816979e-02 -1.038432999999999939e+00
2.700375260597629931e-02 -1.071396000000000015e+00
2.702375538568443231e-02 -1.090084000000000053e+00
2.704375816539256183e-02 -1.106111000000000066e+00
2.706376094510069136e-02 -1.108835999999999933e+00
2.708376372480882435e-02 -1.108057999999999987e+00
2.710376650451695388e-02 -1.096897000000000011e+00
2.712376928422508340e-02 -1.068866000000000094e+00
2.714377206393321293e-02 -1.043819000000000052e+00
2.716377484364134592e-02 -1.053811999999999971e+00
2.718377762334947545e-02 -1.048686000000000007e+00
2.720378040305760498e-02 -1.077949999999999964e+00
2.722378318276573797e-02 -1.084438999999999931e+00
2.724378596247386750e-02 -1.107604000000000033e+00
2.726378874218199702e-02 -1.085217000000000098e+00
2.728379152189013002e-02 -1.066270000000000051e+00
2.730379430159825954e-02 -1.051995000000000013e+00
2.732379708130638907e-02 -1.039082000000000061e+00
2.734379986101452206e-02 -1.046869000000000050e+00
2.736380264072265159e-02 -1.046089999999999964e+00
2.738380542043078111e-02 -1.065881000000000078e+00
2.740380820013891064e-02 -1.074251000000000067e+00
2.742381097984704363e-02 -1.093523000000000023e+00
2.744381375955517316e-02 -1.110652999999999890e+00
2.746381653926330269e-02 -1.102802000000000060e+00
2.748381931897143568e-02 -1.098908999999999914e+00
2.750382209867956521e-02 -1.075809000000000015e+00
2.752382487838769473e-02 -1.030647000000000091e+00
2.754382765809582773e-02 -1.042521000000000031e+00
2.756383043780395725e-02 -1.033632000000000106e+00
2.758383321751208678e-02 -1.044273000000000007e+00
2.760383599722021977e-02 -1.050761999999999974e+00
2.762383877692834930e-02 -1.079183000000000003e+00
2.764384155663647882e-02 -1.096638000000000002e+00
2.766384433634460835e-02 -1.108772000000000091e+00
2.768384711605274134e-02 -1.089239999999999986e+00
2.770384989576087087e-02 -1.068866000000000094e+00
2.772385267546900040e-02 -1.039536999999999933e+00
2.774385545517713339e-02 -1.038238999999999912e+00
2.776385823488526292e-02 -1.041352999999999973e+00
2.778386101459339244e-02 -1.043689000000000089e+00
2.780386379430152544e-02 -1.060105999999999993e+00
2.782386657400965496e-02 -1.061468999999999996e+00
2.784386935371778449e-02 -1.077690000000000037e+00
2.786387213342591748e-02 -1.097935000000000105e+00
2.788387491313404701e-02 -1.094691000000000081e+00
2.790387769284217653e-02 -1.098584000000000005e+00
2.792388047255030606e-02 -1.087682999999999955e+00
2.794388325225843905e-02 -1.096767000000000047e+00
2.796388603196656858e-02 -1.103320999999999996e+00
2.798388881167469810e-02 -1.107278999999999902e+00
2.800389159138283110e-02 -1.077301000000000064e+00
2.802389437109096063e-02 -1.048037000000000107e+00
2.804389715079909015e-02 -1.029219000000000106e+00
2.806389993050722315e-02 -1.013905999999999974e+00
2.808390271021535267e-02 -1.007935999999999943e+00
2.810390548992348220e-02 -1.041352999999999973e+00
2.812390826963161519e-02 -1.060494999999999965e+00
2.814391104933974472e-02 -1.085606999999999989e+00
2.816391382904787424e-02 -1.128627000000000047e+00
2.818391660875600377e-02 -1.132779999999999898e+00
2.820391938846413676e-02 -1.123370999999999897e+00
2.822392216817226629e-02 -1.077496000000000009e+00
2.824392494788039581e-02 -1.050567000000000029e+00
2.826392772758852881e-02 -1.053163000000000071e+00
2.828393050729665834e-02 -1.030777000000000054e+00
2.830393328700478786e-02 -1.046284999999999910e+00
2.832393606671292086e-02 -1.056278000000000050e+00
2.834393884642105038e-02 -1.088201999999999892e+00
2.836394162612917991e-02 -1.095145000000000035e+00
2.838394440583731290e-02 -1.092225000000000001e+00
2.840394718554544243e-02 -1.073927000000000076e+00
2.842394996525357195e-02 -1.055693999999999910e+00
2.844395274496170148e-02 -1.059911000000000048e+00
2.846395552466983447e-02 -1.064259000000000066e+00
2.848395830437796400e-02 -1.080610000000000070e+00
2.850396108408609352e-02 -1.085606999999999989e+00
2.852396386379422652e-02 -1.100076999999999972e+00
2.854396664350235605e-02 -1.058094000000000090e+00
2.856396942321048557e-02 -1.035449000000000064e+00
2.858397220291861857e-02 -9.973600000000000243e-01
2.860397498262674809e-02 -1.003524000000000083e+00
2.862397776233487762e-02 -1.002809999999999979e+00
2.864398054204301061e-02 -1.042780999999999958e+00
2.866398332175114014e-02 -1.072629000000000055e+00
2.868398610145926966e-02 -1.114805999999999964e+00
2.870398888116739919e-02 -1.140436999999999923e+00
2.872399166087553218e-02 -1.120516000000000068e+00
2.874399444058366171e-02 -1.090149000000000035e+00
2.876399722029179123e-02 -1.049593999999999916e+00
