# time(s), 	 	 acceleration(g)
0.000000000000000000e+00 6.204061000000000270e+00
2.000277970813059281e-05 6.402293000000000234e+00
4.000555941626118562e-05 6.638418999999999848e+00
6.000833912439177504e-05 6.896476999999999968e+00
8.001111883252237124e-05 7.170107999999999926e+00
1.000138985406529674e-04 7.481179000000000023e+00
1.200166782487835501e-04 7.812040999999999791e+00
1.400194579569141598e-04 8.151338000000000861e+00
1.600222376650447425e-04 8.494723000000000468e+00
1.800250173731753251e-04 8.861207999999999529e+00
2.000277970813059349e-04 9.244694000000000855e+00
2.200305767894365175e-04 9.632331999999999894e+00
2.400333564975671002e-04 1.010114500000000071e+01
2.600361362056977099e-04 1.057099599999999917e+01
2.800389159138283197e-04 1.113383100000000070e+01
3.000416956219588752e-04 1.177784100000000045e+01
3.200444753300894850e-04 1.245461899999999922e+01
3.400472550382200947e-04 1.327921000000000085e+01
3.600500347463506503e-04 1.417115500000000061e+01
3.800528144544812600e-04 1.513032399999999988e+01
4.000555941626118698e-04 1.618364400000000103e+01
4.200583738707424253e-04 1.737971699999999942e+01
4.400611535788730351e-04 1.882463399999999965e+01
4.600639332870036448e-04 2.046706899999999862e+01
4.800667129951342003e-04 2.234316400000000158e+01
5.000694927032648101e-04 2.466847599999999829e+01
5.200722724113954198e-04 2.767822299999999913e+01
5.400750521195260296e-04 3.145863900000000157e+01
5.600778318276566393e-04 3.678636500000000353e+01
5.800806115357871407e-04 4.508484099999999728e+01
6.000833912439177504e-04 5.865861300000000256e+01
6.200861709520483602e-04 8.060003000000000384e+01
6.400889506601789699e-04 1.149478270000000037e+02
6.600917303683095797e-04 1.625525499999999965e+02
6.800945100764401894e-04 2.237189759999999978e+02
7.000972897845707992e-04 2.947552600000000211e+02
7.201000694927013005e-04 3.666786870000000249e+02
7.401028492008319103e-04 4.300293599999999969e+02
7.601056289089625200e-04 4.720733450000000175e+02
7.801084086170931298e-04 4.878901520000000005e+02
8.001111883252237395e-04 4.749762860000000160e+02
8.201139680333543493e-04 4.426025650000000269e+02
8.401167477414848506e-04 3.995346529999999916e+02
8.601195274496154604e-04 3.529698189999999727e+02
8.801223071577460701e-04 3.055482739999999922e+02
9.001250868658766799e-04 2.616869169999999940e+02
9.201278665740072896e-04 2.164291780000000074e+02
9.401306462821378994e-04 1.662515970000000038e+02
9.601334259902684007e-04 1.131379170000000016e+02
9.801362056983990104e-04 6.607377300000000275e+01
1.000138985406529620e-03 3.018333799999999911e+01
1.020141765114660230e-03 5.352541000000000437e+00
1.040144544822790840e-03 -4.793090000000000295e+00
1.060147324530921449e-03 -2.810643999999999920e+00
1.080150104239052059e-03 6.298017999999999894e+00
1.100152883947182669e-03 2.871837100000000120e+01
1.120155663655313279e-03 4.719446599999999847e+01
1.140158443363443888e-03 6.356054699999999968e+01
1.160161223071574281e-03 7.184228099999999984e+01
1.180164002779704891e-03 5.451923800000000142e+01
1.200166782487835501e-03 4.043590400000000074e+01
1.220169562195966111e-03 9.868458000000000396e+00
1.240172341904096720e-03 -1.742761399999999838e+01
1.260175121612227330e-03 -3.303308100000000280e+01
1.280177901320357940e-03 -4.714736700000000269e+01
1.300180681028488550e-03 -4.167818599999999662e+01
1.320183460736619159e-03 -2.647936899999999838e+01
1.340186240444749769e-03 -1.735066999999999915e+00
1.360189020152880379e-03 1.773400300000000129e+01
1.380191799861010989e-03 2.146296399999999949e+01
1.400194579569141598e-03 3.615286799999999801e+01
1.420197359277271991e-03 2.733250200000000163e+01
1.440200138985402601e-03 1.151206099999999921e+01
1.460202918693533211e-03 1.235216100000000061e+01
1.480205698401663821e-03 5.698002999999999929e+00
1.500208478109794430e-03 4.877230000000000176e-01
1.520211257817925040e-03 5.490103000000000399e+00
1.540214037526055650e-03 1.295035999999999987e+01
1.560216817234186260e-03 1.181015499999999996e+01
1.580219596942316869e-03 8.085088000000000719e+00
1.600222376650447479e-03 9.835041000000000366e+00
1.620225156358578089e-03 -5.184239999999999959e-01
1.640227936066708699e-03 -3.164930000000000021e+00
1.660230715774839308e-03 9.979350999999999416e+00
1.680233495482969701e-03 1.249854700000000030e+01
1.700236275191100311e-03 4.510365000000000180e+00
1.720239054899230921e-03 3.102498999999999896e+00
1.740241834607361530e-03 -6.357410000000000005e-01
1.760244614315492140e-03 -1.702498599999999840e+01
1.780247394023622750e-03 -1.372882599999999975e+01
1.800250173731753360e-03 -3.448072400000000215e+01
1.820252953439883969e-03 -3.573000499999999846e+01
1.840255733148014579e-03 -2.034048299999999898e+01
1.860258512856145189e-03 -1.094871700000000025e+01
1.880261292564275799e-03 1.757509399999999999e+01
1.900264072272406408e-03 2.703538100000000099e+01
1.920266851980536801e-03 3.962597699999999890e+01
1.940269631688667411e-03 5.015223799999999699e+01
1.960272411396798021e-03 3.215961999999999676e+01
1.980275191104928847e-03 2.632200699999999927e+01
2.000277970813059240e-03 6.370626999999999818e+00
2.020280750521190067e-03 -1.823137600000000091e+01
2.040283530229320460e-03 -1.822904000000000124e+01
2.060286309937450853e-03 -2.605831299999999828e+01
2.080289089645581679e-03 -2.204190099999999930e+01
2.100291869353712072e-03 -1.724528000000000105e+01
2.120294649061842899e-03 -1.347595899999999958e+01
2.140297428769973292e-03 1.274226000000000081e+00
2.160300208478104118e-03 -8.572468000000000643e+00
2.180302988186234511e-03 4.506666000000000061e+00
2.200305767894365338e-03 -1.671996000000000038e+00
2.220308547602495731e-03 -7.014645999999999937e+00
2.240311327310626557e-03 -7.232604000000000255e+00
2.260314107018756950e-03 -8.608805000000000263e+00
2.280316886726887777e-03 2.213992999999999878e+00
2.300319666435018170e-03 2.777470000000000216e-01
2.320322446143148563e-03 9.137174999999999159e+00
2.340325225851279389e-03 3.678246000000000127e+00
2.360328005559409782e-03 5.230219999999999869e-01
2.380330785267540609e-03 1.116277099999999933e+01
2.400333564975671002e-03 -6.104349999999999499e-01
2.420336344683801828e-03 1.195939599999999992e+01
2.440339124391932221e-03 1.077428899999999956e+01
2.460341904100063048e-03 2.706424999999999859e+00
2.480344683808193441e-03 7.853569000000000244e+00
2.500347463516324267e-03 -7.964210999999999707e+00
2.520350243224454660e-03 -8.404408999999999352e+00
2.540353022932585487e-03 -2.205559200000000075e+01
2.560355802640715880e-03 -2.059166300000000049e+01
2.580358582348846273e-03 -2.244660500000000170e+01
2.600361362056977099e-03 -1.765627800000000036e+01
2.620364141765107492e-03 -6.104726999999999570e+00
2.640366921473238319e-03 -2.410935999999999968e+00
2.660369701181368712e-03 2.839185000000000070e+00
2.680372480889499538e-03 7.353990000000000249e-01
2.700375260597629931e-03 -8.416940000000000532e-01
2.720378040305760758e-03 5.722070000000000212e-01
2.740380820013891151e-03 2.738478999999999886e+00
2.760383599722021977e-03 7.010159999999999947e+00
2.780386379430152370e-03 6.484700000000000131e+00
2.800389159138283197e-03 7.355231999999999992e+00
2.820391938846413590e-03 9.046592000000000411e+00
2.840394718554543983e-03 7.586490999999999651e+00
2.860397498262674809e-03 2.847490000000000077e+00
2.880400277970805202e-03 -9.586465999999999710e+00
2.900403057678936029e-03 -4.087176999999999616e+00
2.920405837387066422e-03 -1.317857899999999916e+01
2.940408617095197248e-03 -1.080583400000000083e+01
2.960411396803327641e-03 -6.276809000000000083e+00
2.980414176511458468e-03 -7.140462999999999560e+00
3.000416956219588861e-03 -1.018181000000000047e+01
3.020419735927719687e-03 -9.244638000000000133e+00
3.040422515635850080e-03 -9.695413000000000281e+00
3.060425295343980907e-03 -2.023646799999999857e+01
3.080428075052111300e-03 -9.193766999999999356e+00
3.100430854760241692e-03 -5.650190000000000268e+00
3.120433634468372519e-03 -8.124613999999999336e+00
3.140436414176502912e-03 8.770170999999999495e+00
3.160439193884633739e-03 1.493585500000000010e+01
3.180441973592764131e-03 1.227689100000000089e+01
3.200444753300894958e-03 1.287139200000000017e+01
3.220447533009025351e-03 9.263187000000000282e+00
3.240450312717156178e-03 -8.555150000000000254e-01
3.260453092425286570e-03 -3.284647000000000094e+00
3.280455872133417397e-03 9.157220000000000359e-01
3.300458651841547790e-03 -7.571576999999999558e+00
3.320461431549678617e-03 -9.451499999999999346e+00
3.340464211257809009e-03 2.225270000000000026e-01
3.360466990965939402e-03 -8.340559000000000722e+00
3.380469770674070229e-03 -5.922717999999999705e+00
3.400472550382200622e-03 -6.198360000000000092e+00
3.420475330090331448e-03 -1.530299899999999980e+01
3.440478109798461841e-03 -1.921331999999999951e+01
3.460480889506592668e-03 -1.214135100000000023e+01
3.480483669214723061e-03 -9.212453999999999255e+00
3.500486448922853887e-03 -5.035445000000000171e+00
3.520489228630984280e-03 5.730121999999999716e+00
3.540492008339115107e-03 7.496686999999999657e+00
3.560494788047245500e-03 8.620863999999999194e+00
3.580497567755376326e-03 9.025567999999999813e+00
3.600500347463506719e-03 2.058457000000000203e+00
3.620503127171637112e-03 -3.299507000000000190e+00
3.640505906879767939e-03 -4.694136000000000308e+00
3.660508686587898332e-03 -6.415798999999999808e+00
3.680511466296029158e-03 -5.195920000000000538e-01
3.700514246004159551e-03 4.434770999999999574e+00
3.720517025712290378e-03 4.987483000000000111e+00
3.740519805420420771e-03 -8.680390000000000050e-01
3.760522585128551597e-03 -9.248150000000000537e-01
3.780525364836681990e-03 -2.977859000000000034e+00
3.800528144544812817e-03 -7.362898000000000387e+00
3.820530924252943210e-03 -6.463231000000000392e+00
3.840533703961073603e-03 -1.193014200000000002e+01
3.860536483669204429e-03 -1.250348800000000082e+01
3.880539263377334822e-03 -9.773861999999999384e+00
3.900542043085465649e-03 -9.562716999999999246e+00
3.920544822793596042e-03 -4.712044999999999817e+00
3.940547602501726435e-03 -4.715099999999999847e-01
3.960550382209857695e-03 2.540629999999999833e-01
3.980553161917988088e-03 6.169671000000000127e+00
4.000555941626118481e-03 1.060902100000000026e+01
4.020558721334248874e-03 9.153007999999999811e+00
4.040561501042380134e-03 7.659164999999999779e+00
4.060564280750510527e-03 7.264129999999999754e+00
4.080567060458640920e-03 -8.775770000000000515e-01
4.100569840166771313e-03 -2.369343000000000199e+00
4.120572619874901706e-03 -2.466750000000000054e-01
4.140575399583032966e-03 -6.435783999999999949e+00
4.160578179291163359e-03 -7.775388999999999662e+00
4.180580958999293752e-03 -6.812521000000000271e+00
4.200583738707424145e-03 -1.106298400000000015e+01
4.220586518415555405e-03 -7.910355000000000025e+00
4.240589298123685798e-03 -5.017479999999999718e-01
4.260592077831816191e-03 -1.972814999999999985e+00
4.280594857539946584e-03 -4.386633999999999922e+00
4.300597637248077844e-03 1.905127999999999933e+00
4.320600416956208237e-03 -1.873083000000000053e+00
4.340603196664338630e-03 -2.090066999999999897e+00
4.360605976372469023e-03 4.295587000000000266e+00
4.380608756080599415e-03 -1.273520999999999903e+00
4.400611535788730676e-03 -1.532370000000000121e-01
4.420614315496861069e-03 3.008475999999999928e+00
4.440617095204991462e-03 2.221973999999999894e+00
4.460619874913121854e-03 2.296011000000000024e+00
4.480622654621253115e-03 3.319936999999999916e+00
4.500625434329383508e-03 -1.392784999999999940e+00
4.520628214037513901e-03 -7.535887999999999920e+00
4.540630993745644294e-03 -2.736346999999999863e+00
4.560633773453775554e-03 -1.443786000000000014e+00
4.580636553161905947e-03 -3.624339999999999784e-01
4.600639332870036340e-03 5.436181000000000374e+00
4.620642112578166733e-03 1.029390000000000027e-01
4.640644892286297125e-03 -1.618398999999999921e+00
4.660647671994428386e-03 -1.049789000000000083e+00
4.680650451702558779e-03 -6.420471000000000039e+00
4.700653231410689172e-03 -1.177700699999999934e+01
4.720656011118819564e-03 -1.408817299999999939e+01
4.740658790826950825e-03 -8.562409999999999854e+00
4.760661570535081218e-03 -2.182402000000000175e+00
4.780664350243211611e-03 1.009316399999999980e+01
4.800667129951342003e-03 1.343818500000000071e+01
4.820669909659473264e-03 6.966166000000000302e+00
4.840672689367603657e-03 6.688447000000000031e+00
4.860675469075734050e-03 -1.845504999999999951e+00
4.880678248783864442e-03 -6.830949000000000382e+00
4.900681028491994835e-03 -5.281952999999999676e+00
4.920683808200126096e-03 -4.854537999999999798e+00
4.940686587908256489e-03 -4.116442000000000156e+00
4.960689367616386881e-03 -5.644940000000000513e-01
4.980692147324517274e-03 1.000658999999999965e+00
5.000694927032648535e-03 -1.254704000000000041e+00
5.020697706740778928e-03 -1.989300000000000096e-02
5.040700486448909320e-03 -1.208374000000000059e+00
5.060703266157039713e-03 -5.759331000000000422e+00
5.080706045865170974e-03 -1.645326999999999984e+00
5.100708825573301367e-03 -1.134597000000000078e+00
5.120711605281431759e-03 -1.133947999999999956e+00
5.140714384989562152e-03 -2.510870000000000046e-01
5.160717164697692545e-03 -2.663803000000000143e+00
5.180719944405823806e-03 -3.230661000000000005e+00
5.200722724113954198e-03 -3.485480000000000245e-01
5.220725503822084591e-03 2.599670000000000036e-01
5.240728283530214984e-03 -2.576853999999999978e+00
5.260731063238346245e-03 -2.563292000000000126e+00
5.280733842946476637e-03 -7.622069999999999679e-01
5.300736622654607030e-03 -6.117329999999999712e-01
5.320739402362737423e-03 3.594866000000000117e+00
5.340742182070868684e-03 3.487671000000000188e+00
5.360744961778999076e-03 3.038310000000000177e-01
5.380747741487129469e-03 -2.944320000000000270e-01
5.400750521195259862e-03 -3.750669999999999948e+00
5.420753300903390255e-03 -5.373054999999999914e+00
5.440756080611521515e-03 -4.787703999999999738e+00
5.460758860319651908e-03 -2.981752000000000180e+00
5.480761640027782301e-03 -3.051051999999999875e+00
5.500764419735912694e-03 -8.150899999999999812e-01
5.520767199444043954e-03 -2.409378999999999937e+00
5.540769979152174347e-03 -3.731723000000000123e+00
5.560772758860304740e-03 -1.910069000000000017e+00
5.580775538568435133e-03 -2.406003999999999809e+00
5.600778318276566393e-03 -2.613774999999999959e+00
5.620781097984696786e-03 3.433479999999999865e-01
5.640783877692827179e-03 1.472846000000000100e+00
5.660786657400957572e-03 1.465384000000000020e+00
5.680789437109087965e-03 1.824406999999999890e+00
5.700792216817219225e-03 1.342357000000000022e+00
5.720794996525349618e-03 -1.462668999999999997e+00
5.740797776233480011e-03 -6.356110000000000371e-01
5.760800555941610404e-03 -1.627871999999999986e+00
5.780803335649741664e-03 -4.575391999999999904e+00
5.800806115357872057e-03 -2.315615999999999897e+00
5.820808895066002450e-03 -3.435057000000000027e+00
5.840811674774132843e-03 -3.566324999999999967e+00
5.860814454482264103e-03 3.714300000000000240e-02
5.880817234190394496e-03 -5.456769999999999676e-01
5.900820013898524889e-03 -1.770040999999999976e+00
5.920822793606655282e-03 -2.939705000000000013e+00
5.940825573314785675e-03 -4.597452999999999790e+00
5.960828353022916935e-03 -6.038088000000000122e+00
5.980831132731047328e-03 -3.424350000000000005e+00
6.000833912439177721e-03 5.738000000000000045e-03
6.020836692147308114e-03 -5.252369999999999539e-01
6.040839471855439374e-03 2.163056000000000090e+00
6.060842251563569767e-03 2.750742999999999938e+00
6.080845031271700160e-03 1.562910000000000021e+00
6.100847810979830553e-03 1.848220999999999892e+00
6.120850590687961813e-03 -1.188777999999999890e+00
6.140853370396092206e-03 -4.049477999999999689e+00
6.160856150104222599e-03 -3.612783999999999995e+00
6.180858929812352992e-03 -1.332114999999999938e+00
6.200861709520483385e-03 -2.152489000000000097e+00
6.220864489228614645e-03 -2.089872000000000174e+00
6.240867268936745038e-03 -1.414326999999999890e+00
6.260870048644875431e-03 -3.504421999999999926e+00
6.280872828353005824e-03 -2.446559000000000150e+00
6.300875608061137084e-03 -5.956399999999999473e-01
6.320878387769267477e-03 -2.040687000000000140e+00
6.340881167477397870e-03 -2.667047000000000168e+00
6.360883947185528263e-03 -3.055724000000000107e+00
6.380886726893659523e-03 -1.798202000000000078e+00
6.400889506601789916e-03 1.177413000000000043e+00
6.420892286309920309e-03 3.799974999999999881e+00
6.440895066018050702e-03 2.887331000000000092e+00
6.460897845726181095e-03 -5.110399999999999665e-02
6.480900625434312355e-03 -2.330994000000000010e+00
6.500903405142442748e-03 -4.596155999999999686e+00
6.520906184850573141e-03 -3.326954000000000189e+00
6.540908964558703534e-03 -1.161200999999999928e+00
6.560911744266834794e-03 -1.290586999999999929e+00
6.580914523974965187e-03 4.789630000000000276e-01
6.600917303683095580e-03 1.939583000000000057e+00
6.620920083391225973e-03 8.227379999999999693e-01
6.640922863099357233e-03 -1.171589999999999993e-01
6.660925642807487626e-03 -3.311834999999999862e+00
6.680928422515618019e-03 -6.895706999999999809e+00
6.700931202223748412e-03 -5.586795000000000400e+00
6.720933981931878805e-03 -2.390430999999999973e+00
6.740936761640010065e-03 -1.289690000000000003e-01
6.760939541348140458e-03 2.868578999999999990e+00
6.780942321056270851e-03 1.664914000000000005e+00
6.800945100764401244e-03 -1.583553999999999906e+00
6.820947880472532504e-03 -2.407497000000000220e+00
6.840950660180662897e-03 -2.946518000000000193e+00
6.860953439888793290e-03 -2.688070999999999877e+00
6.880956219596923683e-03 -9.153419999999999890e-01
6.900958999305054943e-03 2.681430000000000202e-01
6.920961779013185336e-03 -1.665389999999999926e-01
6.940964558721315729e-03 5.335980000000000167e-01
6.960967338429446122e-03 2.051968000000000014e+00
6.980970118137576515e-03 2.246039999999999981e-01
7.000972897845707775e-03 -2.773722999999999939e+00
7.020975677553838168e-03 -4.313958999999999655e+00
7.040978457261968561e-03 -4.833255000000000301e+00
7.060981236970098954e-03 -2.113555999999999990e+00
7.080984016678230214e-03 5.689619999999999678e-01
7.100986796386360607e-03 9.414169999999999483e-01
7.120989576094491000e-03 -3.210359999999999880e-01
7.140992355802621393e-03 -1.538910999999999918e+00
7.160995135510752653e-03 -2.016354000000000202e+00
7.180997915218883046e-03 -2.175005000000000077e+00
7.201000694927013439e-03 -2.745756000000000085e+00
7.221003474635143832e-03 -3.938649999999999984e+00
7.241006254343274225e-03 -3.410918999999999812e+00
7.261009034051405485e-03 -9.983330000000000259e-01
7.281011813759535878e-03 9.549140000000000406e-01
7.301014593467666271e-03 2.247799000000000103e+00
7.321017373175796664e-03 5.960849999999999760e-01
7.341020152883927924e-03 -9.954779999999999740e-01
7.361022932592058317e-03 -8.560339999999999616e-01
7.381025712300188710e-03 -1.163407000000000080e+00
7.401028492008319103e-03 -3.880000000000000115e-01
7.421031271716450363e-03 -9.705000000000000085e-03
7.441034051424580756e-03 -1.831555000000000044e+00
7.461036831132711149e-03 -3.976348999999999911e+00
7.481039610840841542e-03 -3.203472999999999793e+00
7.501042390548971935e-03 -2.029720999999999886e+00
7.521045170257103195e-03 -1.638449000000000044e+00
7.541047949965233588e-03 -6.718830000000000080e-01
7.561050729673363981e-03 -1.473699000000000092e+00
7.581053509381494374e-03 -2.966957999999999984e+00
7.601056289089625634e-03 -1.443915999999999977e+00
7.621059068797756027e-03 -2.046930000000000138e-01
7.641061848505886420e-03 -5.354900000000000215e-01
7.661064628214016813e-03 -2.107920000000000071e-01
7.681067407922147205e-03 -2.908629999999999827e-01
7.701070187630278466e-03 -1.252367999999999926e+00
7.721072967338408859e-03 -1.106059999999999960e-01
7.741075747046539252e-03 1.852169999999999928e-01
7.761078526754669644e-03 -2.285248999999999864e+00
7.781081306462800905e-03 -2.802013999999999783e+00
7.801084086170931298e-03 -1.916622000000000048e+00
7.821086865879062558e-03 -1.522299999999999986e+00
7.841089645587192083e-03 -1.474620000000000097e-01
7.861092425295323344e-03 7.096390000000000198e-01
7.881095205003452869e-03 -8.570079999999999920e-01
7.901097984711584130e-03 -2.795459999999999834e+00
7.921100764419715390e-03 -2.637718000000000007e+00
7.941103544127844915e-03 -2.668280000000000207e+00
7.961106323835976176e-03 -2.376869999999999816e+00
7.981109103544105701e-03 -8.078229999999999578e-01
8.001111883252236961e-03 -7.616230000000000500e-01
8.021114662960368222e-03 -8.087959999999999594e-01
8.041117442668497747e-03 -1.096319999999999933e-01
8.061120222376629008e-03 -5.908390000000000031e-01
8.081123002084760268e-03 -1.732731000000000021e+00
8.101125781792889793e-03 -2.516961999999999922e+00
8.121128561501021054e-03 -2.914528999999999925e+00
8.141131341209150579e-03 -1.780812000000000062e+00
8.161134120917281840e-03 3.639820000000000277e-01
8.181136900625413100e-03 1.591914999999999969e+00
8.201139680333542625e-03 1.540394000000000041e+00
8.221142460041673886e-03 8.592999999999999944e-03
8.241145239749803411e-03 -1.676342999999999916e+00
8.261148019457934671e-03 -2.723824000000000023e+00
8.281150799166065932e-03 -3.738860999999999990e+00
8.301153578874195457e-03 -4.297932000000000308e+00
8.321156358582326718e-03 -3.445114999999999927e+00
8.341159138290457978e-03 -2.070470999999999950e+00
8.361161917998587503e-03 -3.387499999999999956e-01
8.381164697706718764e-03 1.709751000000000021e+00
8.401167477414848289e-03 1.847831999999999919e+00
8.421170257122979549e-03 3.694900000000000267e-02
8.441173036831110810e-03 -1.828310000000000102e+00
8.461175816539240335e-03 -3.334480999999999806e+00
8.481178596247371596e-03 -3.831001000000000101e+00
8.501181375955501121e-03 -2.345594000000000179e+00
8.521184155663632381e-03 -9.235170000000000323e-01
8.541186935371763642e-03 -4.783240000000000269e-01
8.561189715079893167e-03 5.604620000000000157e-01
8.581192494788024427e-03 1.057112000000000052e+00
8.601195274496155688e-03 1.489449999999999941e-01
8.621198054204285213e-03 -1.101050000000000084e+00
8.641200833912416474e-03 -2.687422000000000200e+00
8.661203613620545999e-03 -4.117544999999999789e+00
8.681206393328677259e-03 -3.296262000000000025e+00
8.701209173036808520e-03 -8.498700000000000143e-01
8.721211952744938045e-03 4.184229999999999894e-01
8.741214732453069305e-03 5.529349999999999543e-01
8.761217512161198831e-03 -1.548000000000000070e-02
8.781220291869330091e-03 -1.257818000000000103e+00
8.801223071577461352e-03 -2.256762999999999852e+00
8.821225851285590877e-03 -2.359739999999999949e+00
8.841228630993722137e-03 -2.219323000000000157e+00
8.861231410701853398e-03 -1.886968999999999896e+00
8.881234190409982923e-03 -1.038953000000000015e+00
8.901236970118114183e-03 -6.064200000000000146e-02
8.921239749826243709e-03 5.878440000000000332e-01
8.941242529534374969e-03 4.837000000000000188e-01
8.961245309242506230e-03 -6.883650000000000047e-01
8.981248088950635755e-03 -2.185646000000000200e+00
9.001250868658767015e-03 -2.884030999999999789e+00
9.021253648366896541e-03 -2.511836000000000180e+00
9.041256428075027801e-03 -1.213953999999999978e+00
9.061259207783159061e-03 -5.158289999999999820e-01
9.081261987491288587e-03 -8.632370000000000321e-01
9.101264767199419847e-03 -1.424968999999999930e+00
9.121267546907551108e-03 -1.593612000000000029e+00
9.141270326615680633e-03 -1.379807000000000006e+00
9.161273106323811893e-03 -1.355733999999999995e+00
9.181275886031941419e-03 -1.605874999999999941e+00
9.201278665740072679e-03 -1.419583000000000039e+00
9.221281445448203939e-03 -3.830689999999999928e-01
9.241284225156333465e-03 3.841620000000000035e-01
9.261287004864464725e-03 8.397999999999999216e-03
9.281289784572594251e-03 -7.694739999999999913e-01
9.301292564280725511e-03 -1.874705000000000066e+00
9.321295343988856771e-03 -2.813499000000000194e+00
9.341298123696986297e-03 -2.397634000000000043e+00
9.361300903405117557e-03 -1.295778000000000096e+00
9.381303683113248817e-03 -7.824520000000000364e-01
9.401306462821378343e-03 -6.309390000000000276e-01
9.421309242529509603e-03 -8.065900000000000292e-01
9.441312022237639129e-03 -1.530801000000000078e+00
9.461314801945770389e-03 -1.337175999999999920e+00
9.481317581653901649e-03 -8.786150000000000349e-01
9.501320361362031175e-03 -1.328092000000000050e+00
9.521323141070162435e-03 -1.873083000000000053e+00
9.541325920778291961e-03 -1.900984000000000007e+00
9.561328700486423221e-03 -1.576805999999999930e+00
9.581331480194554481e-03 -5.499600000000000044e-01
9.601334259902684007e-03 2.079200000000000145e-02
9.621337039610815267e-03 -6.199080000000000146e-01
9.641339819318946527e-03 -1.142902000000000085e+00
9.661342599027076053e-03 -6.999149999999999539e-01
9.681345378735207313e-03 -6.916090000000000293e-01
9.701348158443336839e-03 -1.279555999999999916e+00
9.721350938151468099e-03 -1.932129999999999903e+00
9.741353717859599359e-03 -2.767492999999999981e+00
9.761356497567728885e-03 -2.472449000000000119e+00
9.781359277275860145e-03 -1.001447999999999894e+00
9.801362056983989671e-03 2.040990000000000026e-01
9.821364836692120931e-03 4.340609999999999746e-01
9.841367616400252191e-03 -7.731799999999999784e-02
9.861370396108381717e-03 -1.492127999999999899e+00
9.881373175816512977e-03 -2.729274999999999896e+00
9.901375955524644237e-03 -3.049040999999999890e+00
9.921378735232773763e-03 -2.780990000000000073e+00
9.941381514940905023e-03 -1.940890000000000004e+00
9.961384294649034549e-03 -7.027700000000000058e-01
9.981387074357165809e-03 3.141490000000000116e-01
1.000138985406529707e-02 1.340346000000000037e+00
1.002139263377342659e-02 1.458895999999999971e+00
1.004139541348155786e-02 1.744459999999999900e-01
1.006139819318968738e-02 -1.887877000000000027e+00
1.008140097289781864e-02 -3.464062000000000197e+00
1.010140375260594990e-02 -3.577226000000000017e+00
1.012140653231407943e-02 -2.372068000000000065e+00
1.014140931202221069e-02 -1.017214999999999980e+00
1.016141209173034195e-02 -6.038299999999999917e-02
1.018141487143847147e-02 3.079189999999999983e-01
1.020141765114660273e-02 -6.739000000000000545e-02
1.022142043085473226e-02 -7.134759999999999991e-01
1.024142321056286352e-02 -1.513994999999999980e+00
1.026142599027099478e-02 -2.403668999999999834e+00
1.028142876997912430e-02 -2.870664999999999800e+00
1.030143154968725556e-02 -2.551158000000000037e+00
1.032143432939538509e-02 -1.569927999999999990e+00
1.034143710910351635e-02 -3.722969999999999891e-01
1.036143988881164761e-02 2.356350000000000111e-01
1.038144266851977714e-02 -8.847900000000000209e-02
1.040144544822790840e-02 -1.111561999999999939e+00
1.042144822793603966e-02 -1.753169999999999895e+00
1.044145100764416918e-02 -1.458320999999999978e+00
1.046145378735230044e-02 -8.158689999999999554e-01
1.048145656706042997e-02 -4.245320000000000205e-01
1.050145934676856123e-02 -6.501460000000000017e-01
1.052146212647669249e-02 -1.053228000000000053e+00
1.054146490618482201e-02 -1.175022000000000011e+00
1.056146768589295327e-02 -1.060754999999999892e+00
1.058147046560108280e-02 -1.403426000000000062e+00
1.060147324530921406e-02 -2.030240000000000045e+00
1.062147602501734532e-02 -2.155084000000000000e+00
1.064147880472547485e-02 -1.787690999999999919e+00
1.066148158443360611e-02 -1.088008000000000086e+00
1.068148436414173737e-02 -3.861180000000000168e-01
1.070148714384986689e-02 -5.389289999999999914e-01
1.072148992355799815e-02 -1.141345000000000054e+00
1.074149270326612768e-02 -1.500367999999999924e+00
1.076149548297425894e-02 -1.688606999999999969e+00
1.078149826268239020e-02 -1.505300000000000082e+00
1.080150104239051972e-02 -9.157960000000000544e-01
1.082150382209865098e-02 -7.006930000000000103e-01
1.084150660180678051e-02 -6.472909999999999497e-01
1.086150938151491177e-02 -4.494489999999999874e-01
1.088151216122304303e-02 -2.906039999999999734e-01
1.090151494093117256e-02 -6.018700000000000161e-01
1.092151772063930382e-02 -1.286693000000000087e+00
1.094152050034743508e-02 -2.197975000000000012e+00
1.096152328005556460e-02 -2.758668999999999816e+00
1.098152605976369586e-02 -2.151839999999999975e+00
1.100152883947182539e-02 -9.272810000000000219e-01
1.102153161917995665e-02 -1.256599999999999939e-01
1.104153439888808791e-02 -7.478799999999999337e-02
1.106153717859621743e-02 -5.540469999999999562e-01
1.108153995830434869e-02 -1.087229000000000001e+00
1.110154273801247822e-02 -1.541312000000000015e+00
1.112154551772060948e-02 -2.073714999999999975e+00
1.114154829742874074e-02 -2.464598000000000066e+00
1.116155107713687027e-02 -2.334303999999999935e+00
1.118155385684500153e-02 -1.683157000000000014e+00
1.120155663655313279e-02 -4.936369999999999925e-01
1.122155941626126231e-02 3.051289999999999836e-01
1.124156219596939357e-02 2.979919999999999791e-01
1.126156497567752310e-02 -1.293580000000000008e-01
1.128156775538565436e-02 -8.283920000000000172e-01
1.130157053509378562e-02 -1.487001000000000017e+00
1.132157331480191514e-02 -1.724685000000000024e+00
1.134157609451004640e-02 -1.740906999999999982e+00
1.136157887421817593e-02 -1.978590000000000071e+00
1.138158165392630719e-02 -1.893456999999999946e+00
1.140158443363443845e-02 -1.464355999999999991e+00
1.142158721334256798e-02 -1.014555000000000096e+00
1.144158999305069924e-02 -6.725970000000000004e-01
1.146159277275883050e-02 -5.986900000000000555e-01
1.148159555246696002e-02 -1.129405999999999910e+00
1.150159833217509128e-02 -1.651037000000000088e+00
1.152160111188322081e-02 -1.728512999999999966e+00
1.154160389159135207e-02 -1.632155000000000022e+00
1.156160667129948333e-02 -1.420881000000000061e+00
1.158160945100761285e-02 -1.236340999999999912e+00
1.160161223071574411e-02 -1.095534999999999926e+00
1.162161501042387364e-02 -8.375409999999999799e-01
1.164161779013200490e-02 -4.517200000000000104e-01
1.166162056984013616e-02 -4.705369999999999830e-01
1.168162334954826569e-02 -1.028181000000000012e+00
1.170162612925639695e-02 -1.763228000000000018e+00
1.172162890896452821e-02 -2.173706999999999834e+00
1.174163168867265773e-02 -1.866139999999999910e+00
1.176163446838078899e-02 -1.075484000000000107e+00
1.178163724808891852e-02 -3.139629999999999921e-01
1.180164002779704978e-02 -2.669199999999999906e-01
1.182164280750518104e-02 -7.333969999999999656e-01
1.184164558721331056e-02 -1.268070999999999948e+00
1.186164836692144182e-02 -1.701778999999999931e+00
1.188165114662957135e-02 -2.014148000000000049e+00
1.190165392633770261e-02 -2.124197999999999809e+00
1.192165670604583387e-02 -1.992606000000000099e+00
1.194165948575396340e-02 -1.500173999999999896e+00
1.196166226546209466e-02 -5.371770000000000156e-01
1.198166504517022592e-02 8.334300000000000042e-02
1.200166782487835544e-02 -1.505759999999999876e-01
1.202167060458648670e-02 -9.771149999999999558e-01
1.204167338429461623e-02 -1.815072999999999936e+00
1.206167616400274749e-02 -2.124327000000000076e+00
1.208167894371087875e-02 -1.738506000000000107e+00
1.210168172341900827e-02 -1.106241000000000030e+00
1.212168450312713953e-02 -7.211980000000000057e-01
1.214168728283526906e-02 -7.399499999999999966e-01
1.216169006254340032e-02 -1.069968999999999948e+00
1.218169284225153158e-02 -1.306743999999999906e+00
1.220169562195966111e-02 -1.501795999999999909e+00
1.222169840166779237e-02 -1.662522000000000055e+00
1.224170118137592363e-02 -1.608211000000000057e+00
1.226170396108405315e-02 -1.163796000000000053e+00
1.228170674079218441e-02 -4.918850000000000167e-01
1.230170952050031394e-02 -2.436999999999999930e-02
1.232171230020844520e-02 -2.569270000000000165e-01
1.234171507991657646e-02 -1.279490999999999934e+00
1.236171785962470598e-02 -2.346632000000000051e+00
1.238172063933283724e-02 -2.948205000000000187e+00
1.240172341904096677e-02 -2.696311999999999820e+00
1.242172619874909803e-02 -1.633062999999999931e+00
1.244172897845722929e-02 -5.853880000000000194e-01
1.246173175816535882e-02 5.038000000000000117e-02
1.248173453787349008e-02 2.408899999999999930e-01
1.250173731758162134e-02 5.810200000000000087e-02
1.252174009728975086e-02 -5.001910000000000522e-01
1.254174287699788212e-02 -1.312389000000000028e+00
1.256174565670601165e-02 -2.178703000000000056e+00
1.258174843641414291e-02 -2.643752999999999798e+00
1.260175121612227417e-02 -2.366683000000000092e+00
1.262175399583040369e-02 -1.584332999999999991e+00
1.264175677553853495e-02 -7.343699999999999672e-01
1.266175955524666448e-02 -3.724919999999999898e-01
1.268176233495479574e-02 -6.082290000000000196e-01
1.270176511466292700e-02 -1.103644999999999987e+00
1.272176789437105653e-02 -1.336397000000000057e+00
1.274177067407918779e-02 -1.340680000000000094e+00
1.276177345378731905e-02 -1.361898000000000053e+00
1.278177623349544857e-02 -1.435934999999999961e+00
1.280177901320357983e-02 -1.475775999999999977e+00
1.282178179291170936e-02 -1.283384000000000080e+00
1.284178457261984062e-02 -9.458389999999999853e-01
1.286178735232797188e-02 -7.331370000000000386e-01
1.288179013203610140e-02 -7.918610000000000371e-01
1.290179291174423266e-02 -1.104100000000000081e+00
1.292179569145236219e-02 -1.543712999999999891e+00
1.294179847116049345e-02 -1.715794999999999959e+00
1.296180125086862471e-02 -1.512955999999999968e+00
1.298180403057675424e-02 -1.270796000000000037e+00
1.300180681028488550e-02 -1.206298000000000092e+00
1.302180958999301676e-02 -1.250097000000000014e+00
1.304181236970114628e-02 -1.082621999999999973e+00
1.306181514940927754e-02 -7.423509999999999831e-01
1.308181792911740707e-02 -5.138169999999999682e-01
1.310182070882553833e-02 -7.691500000000000004e-01
1.312182348853366959e-02 -1.270601000000000091e+00
1.314182626824179911e-02 -1.660056999999999894e+00
1.316182904794993037e-02 -1.657915000000000028e+00
1.318183182765805990e-02 -1.404463999999999935e+00
1.320183460736619116e-02 -1.214148999999999923e+00
1.322183738707432242e-02 -1.191697999999999924e+00
1.324184016678245195e-02 -1.238612000000000046e+00
1.326184294649058321e-02 -1.128757000000000010e+00
1.328184572619871447e-02 -1.010337000000000041e+00
1.330184850590684399e-02 -1.078014999999999946e+00
1.332185128561497525e-02 -1.324262999999999968e+00
1.334185406532310478e-02 -1.508024999999999949e+00
1.336185684503123604e-02 -1.528594000000000008e+00
1.338185962473936730e-02 -1.377146999999999899e+00
1.340186240444749682e-02 -1.119866999999999946e+00
1.342186518415562808e-02 -9.591410000000000213e-01
1.344186796386375761e-02 -1.012283999999999962e+00
1.346187074357188887e-02 -1.240234000000000059e+00
1.348187352328002013e-02 -1.395704999999999973e+00
1.350187630298814966e-02 -1.347169000000000061e+00
1.352187908269628092e-02 -1.107863000000000042e+00
1.354188186240441218e-02 -1.039600999999999997e+00
1.356188464211254170e-02 -1.173983999999999916e+00
1.358188742182067296e-02 -1.195786000000000016e+00
1.360189020152880249e-02 -1.173853999999999953e+00
1.362189298123693375e-02 -1.110587999999999909e+00
1.364189576094506501e-02 -1.227840000000000042e+00
1.366189854065319453e-02 -1.480836999999999959e+00
1.368190132036132579e-02 -1.616776999999999909e+00
1.370190410006945532e-02 -1.281957000000000013e+00
1.372190687977758658e-02 -8.836119999999999530e-01
1.374190965948571784e-02 -7.041330000000000089e-01
1.376191243919384737e-02 -8.207360000000000211e-01
1.378191521890197863e-02 -1.218042000000000069e+00
1.380191799861010989e-02 -1.505624000000000073e+00
1.382192077831823941e-02 -1.699443000000000037e+00
1.384192355802637067e-02 -1.722283999999999926e+00
1.386192633773450020e-02 -1.586862999999999913e+00
1.388192911744263146e-02 -1.267487000000000030e+00
1.390193189715076272e-02 -8.400720000000000409e-01
1.392193467685889224e-02 -4.495779999999999776e-01
1.394193745656702350e-02 -3.527009999999999867e-01
1.396194023627515303e-02 -7.424159999999999648e-01
1.398194301598328429e-02 -1.411148000000000069e+00
1.400194579569141555e-02 -2.012395999999999852e+00
1.402194857539954508e-02 -2.256374000000000102e+00
1.404195135510767634e-02 -1.885540999999999912e+00
1.406195413481580760e-02 -1.135051000000000032e+00
1.408195691452393712e-02 -5.247180000000000177e-01
1.410195969423206838e-02 -3.148719999999999852e-01
1.412196247394019791e-02 -4.984390000000000209e-01
1.414196525364832917e-02 -9.043109999999999760e-01
1.416196803335646043e-02 -1.350217999999999918e+00
1.418197081306458995e-02 -1.851150999999999991e+00
1.420197359277272121e-02 -2.140029999999999877e+00
1.422197637248085074e-02 -1.927329000000000070e+00
1.424197915218898200e-02 -1.265929000000000082e+00
1.426198193189711326e-02 -5.606010000000000160e-01
1.428198471160524279e-02 -2.266900000000000026e-01
1.430198749131337405e-02 -3.883249999999999758e-01
1.432199027102150531e-02 -9.204029999999999712e-01
1.434199305072963483e-02 -1.445019000000000053e+00
1.436199583043776609e-02 -1.707035000000000080e+00
1.438199861014589562e-02 -1.609639000000000042e+00
1.440200138985402688e-02 -1.414717000000000002e+00
1.442200416956215814e-02 -1.166066999999999965e+00
1.444200694927028766e-02 -9.211819999999999453e-01
1.446200972897841892e-02 -7.923149999999999915e-01
1.448201250868654845e-02 -8.003609999999999891e-01
1.450201528839467971e-02 -9.372089999999999588e-01
1.452201806810281097e-02 -1.219275000000000109e+00
1.454202084781094050e-02 -1.466561999999999921e+00
1.456202362751907176e-02 -1.445862999999999898e+00
1.458202640722720302e-02 -1.216550000000000020e+00
1.460202918693533254e-02 -9.372089999999999588e-01
1.462203196664346380e-02 -8.787449999999999983e-01
1.464203474635159333e-02 -1.053293000000000035e+00
1.466203752605972459e-02 -1.266124000000000027e+00
1.468204030576785585e-02 -1.228229999999999933e+00
1.470204308547598537e-02 -1.074122000000000021e+00
1.472204586518411663e-02 -1.060235999999999956e+00
1.474204864489224616e-02 -1.125642000000000031e+00
1.476205142460037742e-02 -1.256650000000000045e+00
1.478205420430850868e-02 -1.279295999999999989e+00
1.480205698401663821e-02 -1.174957000000000029e+00
1.482205976372476947e-02 -1.052774000000000099e+00
1.484206254343290073e-02 -1.024353000000000069e+00
1.486206532314103025e-02 -9.967110000000000136e-01
1.488206810284916151e-02 -9.554420000000000135e-01
1.490207088255729104e-02 -8.915279999999999871e-01
1.492207366226542230e-02 -8.430569999999999453e-01
1.494207644197355356e-02 -9.102160000000000251e-01
1.496207922168168308e-02 -1.173918999999999935e+00
1.498208200138981434e-02 -1.450924000000000103e+00
1.500208478109794387e-02 -1.498486999999999902e+00
1.502208756080607513e-02 -1.280334000000000083e+00
1.504209034051420639e-02 -1.087293999999999983e+00
1.506209312022233592e-02 -1.026299000000000072e+00
1.508209589993046718e-02 -1.123890000000000056e+00
1.510209867963859844e-02 -1.262750000000000039e+00
1.512210145934672796e-02 -1.202080000000000037e+00
1.514210423905485922e-02 -9.475909999999999611e-01
1.516210701876298875e-02 -8.973680000000000545e-01
1.518210979847112001e-02 -1.066788999999999987e+00
1.520211257817925127e-02 -1.186830999999999969e+00
1.522211535788738079e-02 -1.265085999999999933e+00
1.524211813759551205e-02 -1.233030999999999988e+00
1.526212091730364158e-02 -1.241401999999999894e+00
1.528212369701177284e-02 -1.308950000000000058e+00
1.530212647671990410e-02 -1.269044000000000061e+00
1.532212925642803363e-02 -9.657590000000000341e-01
1.534213203613616489e-02 -6.391149999999999887e-01
1.536213481584429441e-02 -4.436089999999999756e-01
1.538213759555242567e-02 -5.424980000000000357e-01
1.540214037526055693e-02 -9.781530000000000502e-01
1.542214315496868646e-02 -1.523403000000000063e+00
1.544214593467681772e-02 -1.846219000000000054e+00
1.546214871438494898e-02 -1.791908000000000056e+00
1.548215149409307850e-02 -1.500302999999999942e+00
1.550215427380120976e-02 -1.126940000000000053e+00
1.552215705350933929e-02 -8.360490000000000421e-01
1.554215983321747055e-02 -6.755170000000000341e-01
1.556216261292560181e-02 -5.868809999999999860e-01
1.558216539263373134e-02 -7.013420000000000210e-01
1.560216817234186260e-02 -1.077755000000000019e+00
1.562217095204999212e-02 -1.531125000000000069e+00
1.564217373175812512e-02 -1.738180999999999976e+00
1.566217651146625464e-02 -1.495630999999999933e+00
1.568217929117438417e-02 -1.067048999999999914e+00
1.570218207088251369e-02 -7.394960000000000422e-01
1.572218485059064669e-02 -5.700100000000000167e-01
1.574218763029877621e-02 -7.372250000000000192e-01
1.576219041000690574e-02 -1.028570999999999902e+00
1.578219318971503873e-02 -1.211748000000000047e+00
1.580219596942316826e-02 -1.361639000000000044e+00
1.582219874913129778e-02 -1.427110000000000101e+00
1.584220152883943078e-02 -1.341782999999999948e+00
1.586220430854756031e-02 -1.124149999999999983e+00
1.588220708825568983e-02 -9.337050000000000072e-01
1.590220986796382283e-02 -8.015940000000000287e-01
1.592221264767195235e-02 -8.564889999999999448e-01
1.594221542738008188e-02 -1.134336999999999929e+00
1.596221820708821140e-02 -1.423411999999999900e+00
1.598222098679634440e-02 -1.664144999999999985e+00
1.600222376650447392e-02 -1.585825000000000040e+00
1.602222654621260345e-02 -1.109226000000000045e+00
1.604222932592073644e-02 -7.479320000000000412e-01
1.606223210562886597e-02 -6.079689999999999817e-01
1.608223488533699549e-02 -6.093969999999999665e-01
1.610223766504512849e-02 -7.284000000000000474e-01
1.612224044475325802e-02 -9.435029999999999806e-01
1.614224322446138754e-02 -1.141539999999999999e+00
1.616224600416952054e-02 -1.334516000000000036e+00
1.618224878387765006e-02 -1.407448999999999950e+00
1.620225156358577959e-02 -1.354047000000000001e+00
1.622225434329390911e-02 -1.140825999999999896e+00
1.624225712300204211e-02 -1.033566999999999902e+00
1.626225990271017163e-02 -1.014294999999999947e+00
1.628226268241830116e-02 -1.109420000000000073e+00
1.630226546212643415e-02 -1.191828000000000110e+00
1.632226824183456368e-02 -1.195980999999999961e+00
1.634227102154269320e-02 -1.158865000000000034e+00
1.636227380125082620e-02 -1.018577999999999983e+00
1.638227658095895573e-02 -9.141740000000000421e-01
1.640227936066708525e-02 -9.499269999999999659e-01
1.642228214037521825e-02 -1.084503999999999913e+00
1.644228492008334777e-02 -1.229462999999999973e+00
1.646228769979147730e-02 -1.358004999999999907e+00
1.648229047949960682e-02 -1.412446000000000090e+00
1.650229325920773982e-02 -1.398560000000000025e+00
1.652229603891586934e-02 -1.229851999999999945e+00
1.654229881862399887e-02 -9.078150000000000386e-01
1.656230159833213186e-02 -6.286030000000000229e-01
1.658230437804026139e-02 -5.626780000000000115e-01
1.660230715774839091e-02 -7.661000000000000032e-01
1.662230993745652391e-02 -1.031879999999999908e+00
1.664231271716465344e-02 -1.242763999999999980e+00
1.666231549687278296e-02 -1.359887000000000068e+00
1.668231827658091596e-02 -1.409396000000000093e+00
1.670232105628904548e-02 -1.386814999999999909e+00
1.672232383599717501e-02 -1.304796999999999985e+00
1.674232661570530453e-02 -1.124409999999999910e+00
1.676232939541343753e-02 -9.730269999999999753e-01
1.678233217512156705e-02 -9.542739999999999556e-01
1.680233495482969658e-02 -9.666029999999999900e-01
1.682233773453782957e-02 -1.051411000000000096e+00
1.684234051424595910e-02 -1.134792000000000023e+00
1.686234329395408862e-02 -1.187415000000000109e+00
1.688234607366222162e-02 -1.123046999999999906e+00
1.690234885337035114e-02 -1.116103999999999985e+00
1.692235163307848067e-02 -1.145821999999999896e+00
1.694235441278661367e-02 -1.121164999999999967e+00
1.696235719249474319e-02 -1.068735999999999908e+00
1.698235997220287272e-02 -9.514190000000000147e-01
1.700236275191100224e-02 -9.268920000000000492e-01
1.702236553161913524e-02 -1.068670999999999927e+00
1.704236831132726476e-02 -1.318942999999999977e+00
1.706237109103539429e-02 -1.445343999999999962e+00
1.708237387074352728e-02 -1.392719999999999958e+00
1.710237665045165681e-02 -1.211424000000000056e+00
1.712237943015978633e-02 -1.043430000000000080e+00
1.714238220986791933e-02 -9.555719999999999770e-01
1.716238498957604885e-02 -9.135250000000000314e-01
1.718238776928417838e-02 -9.081390000000000295e-01
1.720239054899231138e-02 -1.015268999999999977e+00
1.722239332870044090e-02 -1.246593000000000062e+00
1.724239610840857043e-02 -1.519964000000000093e+00
1.726239888811669995e-02 -1.610741999999999896e+00
1.728240166782483295e-02 -1.474218999999999946e+00
1.730240444753296247e-02 -1.111172000000000049e+00
1.732240722724109200e-02 -7.363819999999999810e-01
1.734241000694922499e-02 -5.069390000000000285e-01
1.736241278665735452e-02 -6.254889999999999617e-01
1.738241556636548404e-02 -9.452549999999999564e-01
1.740241834607361704e-02 -1.297204999999999941e+00
1.742242112578174656e-02 -1.494658000000000042e+00
1.744242390548987609e-02 -1.494463000000000097e+00
1.746242668519800909e-02 -1.402452999999999950e+00
1.748242946490613861e-02 -1.245619999999999949e+00
1.750243224461426814e-02 -1.068475999999999981e+00
1.752243502432239766e-02 -8.766690000000000316e-01
1.754243780403053066e-02 -8.401370000000000227e-01
1.756244058373866018e-02 -9.865880000000000205e-01
1.758244336344678971e-02 -1.245748999999999995e+00
1.760244614315492270e-02 -1.409850000000000048e+00
1.762244892286305223e-02 -1.359107999999999983e+00
1.764245170257118175e-02 -1.140825999999999896e+00
1.766245448227931475e-02 -9.102160000000000251e-01
1.768245726198744427e-02 -8.868559999999999777e-01
1.770246004169557380e-02 -1.017668999999999935e+00
1.772246282140370680e-02 -1.203443000000000040e+00
1.774246560111183632e-02 -1.287925999999999904e+00
1.776246838081996585e-02 -1.292402999999999968e+00
1.778247116052809537e-02 -1.242569999999999952e+00
1.780247394023622837e-02 -1.148613000000000106e+00
1.782247671994435789e-02 -1.086580000000000101e+00
1.784247949965248742e-02 -1.004822000000000104e+00
1.786248227936062041e-02 -9.863290000000000113e-01
1.788248505906874994e-02 -1.050048000000000092e+00
1.790248783877687946e-02 -1.258985999999999938e+00
1.792249061848501246e-02 -1.447160000000000002e+00
1.794249339819314198e-02 -1.480058000000000096e+00
1.796249617790127151e-02 -1.259115999999999902e+00
1.798249895760940451e-02 -9.641370000000000218e-01
1.800250173731753403e-02 -7.648019999999999818e-01
1.802250451702566356e-02 -7.810240000000000515e-01
1.804250729673379308e-02 -9.258530000000000371e-01
1.806251007644192608e-02 -1.090667999999999971e+00
1.808251285615005560e-02 -1.225959000000000021e+00
1.810251563585818513e-02 -1.332699000000000078e+00
1.812251841556631812e-02 -1.376821999999999990e+00
1.814252119527444765e-02 -1.319526999999999894e+00
1.816252397498257717e-02 -1.233355999999999897e+00
1.818252675469071017e-02 -1.086969000000000074e+00
1.820252953439883969e-02 -9.847709999999999519e-01
1.822253231410696922e-02 -1.033112999999999948e+00
1.824253509381510222e-02 -1.180862000000000078e+00
1.826253787352323174e-02 -1.340745000000000076e+00
1.828254065323136127e-02 -1.367348999999999926e+00
1.830254343293949079e-02 -1.284032999999999980e+00
1.832254621264762379e-02 -1.106824999999999948e+00
1.834254899235575331e-02 -1.033762000000000070e+00
1.836255177206388284e-02 -1.016631000000000062e+00
1.838255455177201583e-02 -1.028960000000000097e+00
1.840255733148014536e-02 -1.082556999999999992e+00
1.842256011118827488e-02 -1.146406000000000036e+00
1.844256289089640788e-02 -1.222129999999999939e+00
1.846256567060453740e-02 -1.325496000000000008e+00
1.848256845031266693e-02 -1.323225000000000096e+00
1.850257123002079993e-02 -1.182158999999999960e+00
1.852257400972892945e-02 -1.026235000000000008e+00
1.854257678943705898e-02 -9.010660000000000336e-01
1.856257956914518850e-02 -8.870510000000000339e-01
1.858258234885332150e-02 -9.497320000000000206e-01
1.860258512856145102e-02 -1.049789000000000083e+00
1.862258790826958055e-02 -1.171064000000000105e+00
1.864259068797771354e-02 -1.282216000000000022e+00
1.866259346768584307e-02 -1.423735999999999891e+00
1.868259624739397259e-02 -1.477657999999999916e+00
1.870259902710210559e-02 -1.450858999999999899e+00
1.872260180681023511e-02 -1.280075000000000074e+00
1.874260458651836464e-02 -1.083984999999999976e+00
1.876260736622649763e-02 -9.278650000000000508e-01
1.878261014593462716e-02 -8.557099999999999707e-01
1.880261292564275669e-02 -8.990550000000000486e-01
1.882261570535088621e-02 -9.952180000000000470e-01
1.884261848505901921e-02 -1.064324000000000048e+00
1.886262126476714873e-02 -1.161655000000000104e+00
1.888262404447527826e-02 -1.245813999999999977e+00
1.890262682418341125e-02 -1.284682000000000102e+00
1.892262960389154078e-02 -1.252626999999999935e+00
1.894263238359967030e-02 -1.133947999999999956e+00
1.896263516330780330e-02 -1.043949000000000016e+00
1.898263794301593282e-02 -1.036032999999999982e+00
1.900264072272406235e-02 -1.128433000000000019e+00
1.902264350243219534e-02 -1.238156999999999952e+00
1.904264628214032487e-02 -1.300384999999999902e+00
1.906264906184845440e-02 -1.270861000000000018e+00
1.908265184155658392e-02 -1.167040999999999995e+00
1.910265462126471692e-02 -1.070488000000000106e+00
1.912265740097284644e-02 -1.054785000000000084e+00
1.914266018068097597e-02 -1.057250999999999941e+00
1.916266296038910896e-02 -1.088980999999999977e+00
1.918266574009723849e-02 -1.154776999999999942e+00
1.920266851980536801e-02 -1.231927999999999912e+00
1.922267129951350101e-02 -1.284682000000000102e+00
1.924267407922163053e-02 -1.217522999999999911e+00
1.926267685892976006e-02 -1.089045999999999959e+00
1.928267963863789305e-02 -9.321479999999999766e-01
1.930268241834602258e-02 -8.371520000000000072e-01
1.932268519805415211e-02 -8.915279999999999871e-01
1.934268797776228163e-02 -1.085606999999999989e+00
1.936269075747041463e-02 -1.246528000000000080e+00
1.938269353717854415e-02 -1.342951000000000006e+00
1.940269631688667368e-02 -1.347687999999999997e+00
1.942269909659480667e-02 -1.255611999999999950e+00
1.944270187630293620e-02 -1.158215999999999912e+00
1.946270465601106572e-02 -1.088915999999999995e+00
1.948270743571919872e-02 -1.077431000000000028e+00
1.950271021542732824e-02 -1.134986000000000050e+00
1.952271299513545777e-02 -1.248604000000000047e+00
1.954271577484359076e-02 -1.337564999999999893e+00
1.956271855455172029e-02 -1.341652999999999984e+00
1.958272133425984982e-02 -1.244580999999999937e+00
1.960272411396797934e-02 -1.040769000000000055e+00
1.962272689367611234e-02 -8.581109999999999571e-01
1.964272967338424186e-02 -8.049030000000000351e-01
1.966273245309237139e-02 -9.139140000000000041e-01
1.968273523280050438e-02 -1.116427999999999976e+00
1.970273801250863391e-02 -1.279360999999999970e+00
1.972274079221676343e-02 -1.347428000000000070e+00
1.974274357192489643e-02 -1.324068999999999940e+00
1.976274635163302595e-02 -1.187545000000000073e+00
1.978274913134115548e-02 -1.039730999999999961e+00
1.980275191104928847e-02 -8.934100000000000374e-01
1.982275469075741800e-02 -8.503889999999999505e-01
1.984275747046554753e-02 -9.714049999999999629e-01
1.986276025017367705e-02 -1.194423000000000012e+00
1.988276302988181005e-02 -1.402258000000000004e+00
1.990276580958993957e-02 -1.504650999999999961e+00
1.992276858929806910e-02 -1.445408000000000026e+00
1.994277136900620209e-02 -1.257883000000000084e+00
1.996277414871433162e-02 -1.059002999999999917e+00
1.998277692842246114e-02 -9.168340000000000378e-01
2.000277970813059414e-02 -8.654429999999999623e-01
2.002278248783872366e-02 -8.667409999999999837e-01
2.004278526754685319e-02 -9.371439999999999770e-01
2.006278804725498618e-02 -1.044013999999999998e+00
2.008279082696311571e-02 -1.151078000000000046e+00
2.010279360667124524e-02 -1.237054000000000098e+00
2.012279638637937476e-02 -1.247371999999999925e+00
2.014279916608750776e-02 -1.208892999999999995e+00
2.016280194579563728e-02 -1.132455999999999907e+00
2.018280472550376681e-02 -1.150689000000000073e+00
2.020280750521189980e-02 -1.189297000000000049e+00
2.022281028492002933e-02 -1.215705999999999953e+00
2.024281306462815885e-02 -1.171388000000000096e+00
2.026281584433629185e-02 -1.105917000000000039e+00
2.028281862404442137e-02 -1.089954000000000089e+00
2.030282140375255090e-02 -1.104683999999999999e+00
2.032282418346068389e-02 -1.140112000000000014e+00
2.034282696316881342e-02 -1.133882999999999974e+00
2.036282974287694295e-02 -1.111626999999999921e+00
2.038283252258507247e-02 -1.070877000000000079e+00
2.040283530229320547e-02 -1.105852000000000057e+00
2.042283808200133499e-02 -1.141410000000000036e+00
2.044284086170946452e-02 -1.161200999999999928e+00
2.046284364141759751e-02 -1.145887000000000100e+00
2.048284642112572704e-02 -1.086775000000000047e+00
2.050284920083385656e-02 -1.052448999999999968e+00
2.052285198054198956e-02 -1.057639999999999914e+00
2.054285476025011908e-02 -1.068475999999999981e+00
2.056285753995824861e-02 -1.053422000000000081e+00
2.058286031966638160e-02 -1.037006000000000094e+00
2.060286309937451113e-02 -1.062507000000000090e+00
2.062286587908264066e-02 -1.151337999999999973e+00
2.064286865879077018e-02 -1.265279999999999960e+00
2.066287143849890318e-02 -1.354306000000000010e+00
2.068287421820703270e-02 -1.326534000000000102e+00
2.070287699791516223e-02 -1.223168000000000033e+00
2.072287977762329522e-02 -1.155556000000000028e+00
2.074288255733142475e-02 -1.101310000000000011e+00
2.076288533703955427e-02 -1.109420000000000073e+00
2.078288811674768727e-02 -1.097156999999999938e+00
2.080289089645581679e-02 -1.094171999999999922e+00
2.082289367616394632e-02 -1.096508000000000038e+00
2.084289645587207931e-02 -1.130055000000000032e+00
2.086289923558020884e-02 -1.138749999999999929e+00
2.088290201528833837e-02 -1.134012999999999938e+00
2.090290479499646789e-02 -1.094041999999999959e+00
2.092290757470460089e-02 -1.092484999999999928e+00
2.094291035441273041e-02 -1.082233000000000001e+00
2.096291313412085994e-02 -1.166196999999999928e+00
2.098291591382899293e-02 -1.228618999999999906e+00
2.100291869353712246e-02 -1.248734000000000011e+00
2.102292147324525198e-02 -1.166585999999999901e+00
2.104292425295338498e-02 -1.032334000000000085e+00
2.106292703266151450e-02 -9.614120000000000443e-01
2.108292981236964403e-02 -9.659539999999999793e-01
2.110293259207777702e-02 -1.043299999999999894e+00
2.112293537178590655e-02 -1.169051999999999980e+00
2.114293815149403608e-02 -1.259311000000000069e+00
2.116294093120216560e-02 -1.298243000000000036e+00
2.118294371091029860e-02 -1.304213000000000067e+00
2.120294649061842812e-02 -1.217848000000000042e+00
2.122294927032655765e-02 -1.060885000000000078e+00
2.124295205003469064e-02 -9.128760000000000208e-01
2.126295482974282017e-02 -8.174909999999999677e-01
2.128295760945094969e-02 -8.669360000000000399e-01
2.130296038915908269e-02 -1.012933000000000083e+00
2.132296316886721221e-02 -1.187675000000000036e+00
2.134296594857534174e-02 -1.328157000000000032e+00
2.136296872828347473e-02 -1.328805000000000014e+00
2.138297150799160426e-02 -1.254250000000000087e+00
2.140297428769973379e-02 -1.147769000000000039e+00
2.142297706740786331e-02 -1.035578000000000110e+00
2.144297984711599631e-02 -1.009298999999999946e+00
2.146298262682412583e-02 -1.032723000000000058e+00
2.148298540653225536e-02 -1.085801000000000016e+00
2.150298818624038835e-02 -1.170868999999999938e+00
2.152299096594851788e-02 -1.205842999999999998e+00
2.154299374565664740e-02 -1.187156000000000100e+00
2.156299652536478040e-02 -1.104359000000000091e+00
2.158299930507290992e-02 -9.882750000000000146e-01
2.160300208478103945e-02 -9.192350000000000243e-01
2.162300486448917244e-02 -9.466820000000000235e-01
2.164300764419730197e-02 -1.044467999999999952e+00
2.166301042390543150e-02 -1.179240000000000066e+00
2.168301320361356102e-02 -1.243284000000000056e+00
2.170301598332169402e-02 -1.260478999999999905e+00
2.172301876302982354e-02 -1.219275000000000109e+00
2.174302154273795307e-02 -1.124799000000000104e+00
2.176302432244608606e-02 -1.058548999999999962e+00
2.178302710215421559e-02 -9.886650000000000160e-01
2.180302988186234511e-02 -9.850959999999999717e-01
2.182303266157047811e-02 -1.039665999999999979e+00
2.184303544127860763e-02 -1.122786999999999979e+00
2.186303822098673716e-02 -1.175151999999999974e+00
2.188304100069487015e-02 -1.192995999999999945e+00
2.190304378040299968e-02 -1.154063000000000061e+00
2.192304656011112921e-02 -1.136803000000000008e+00
2.194304933981925873e-02 -1.102282999999999902e+00
2.196305211952739173e-02 -1.080999999999999961e+00
2.198305489923552125e-02 -1.057965000000000044e+00
2.200305767894365078e-02 -1.075290000000000079e+00
2.202306045865178377e-02 -1.070553000000000088e+00
2.204306323835991330e-02 -1.089369999999999949e+00
2.206306601806804282e-02 -1.084308999999999967e+00
2.208306879777617582e-02 -1.087747999999999937e+00
2.210307157748430534e-02 -1.086645000000000083e+00
2.212307435719243487e-02 -1.113703000000000110e+00
2.214307713690056786e-02 -1.163796000000000053e+00
2.216307991660869739e-02 -1.215446999999999944e+00
2.218308269631682692e-02 -1.223881999999999914e+00
2.220308547602495644e-02 -1.214992999999999990e+00
2.222308825573308944e-02 -1.162887999999999922e+00
2.224309103544121896e-02 -1.110003999999999991e+00
2.226309381514934849e-02 -1.089110999999999940e+00
2.228309659485748148e-02 -1.064713000000000021e+00
2.230309937456561101e-02 -1.037265000000000104e+00
2.232310215427374053e-02 -1.044402999999999970e+00
2.234310493398187353e-02 -1.052254000000000023e+00
2.236310771369000305e-02 -1.079831999999999903e+00
2.238311049339813258e-02 -1.127653999999999934e+00
2.240311327310626557e-02 -1.174112999999999962e+00
2.242311605281439510e-02 -1.168986999999999998e+00
2.244311883252252462e-02 -1.144069999999999920e+00
2.246312161223065415e-02 -1.118114999999999970e+00
2.248312439193878715e-02 -1.084827999999999903e+00
2.250312717164691667e-02 -1.047582999999999931e+00
2.252312995135504620e-02 -1.019292000000000087e+00
2.254313273106317919e-02 -1.010337000000000041e+00
2.256313551077130872e-02 -1.047323000000000004e+00
2.258313829047943824e-02 -1.124538999999999955e+00
2.260314107018757124e-02 -1.209476999999999913e+00
2.262314384989570076e-02 -1.250356000000000023e+00
2.264314662960383029e-02 -1.231473999999999958e+00
2.266314940931196328e-02 -1.135504999999999987e+00
2.268315218902009281e-02 -1.071266999999999969e+00
2.270315496872822233e-02 -1.039471999999999952e+00
2.272315774843635186e-02 -1.055563999999999947e+00
2.274316052814448486e-02 -1.093847000000000014e+00
2.276316330785261438e-02 -1.111431999999999976e+00
2.278316608756074391e-02 -1.161135999999999946e+00
2.280316886726887690e-02 -1.174307999999999907e+00
2.282317164697700643e-02 -1.152635999999999994e+00
2.284317442668513595e-02 -1.070683000000000051e+00
2.286317720639326895e-02 -9.826300000000000034e-01
2.288317998610139847e-02 -9.476560000000000539e-01
2.290318276580952800e-02 -9.804239999999999622e-01
2.292318554551766099e-02 -1.083855000000000013e+00
2.294318832522579052e-02 -1.199095000000000022e+00
2.296319110493392004e-02 -1.245036000000000032e+00
2.298319388464204957e-02 -1.224984999999999991e+00
2.300319666435018257e-02 -1.158735000000000070e+00
2.302319944405831209e-02 -1.067957000000000045e+00
2.304320222376644162e-02 -1.006378999999999913e+00
2.306320500347457461e-02 -9.900269999999999904e-01
2.308320778318270414e-02 -1.019485999999999892e+00
2.310321056289083366e-02 -1.091121999999999925e+00
2.312321334259896666e-02 -1.173853999999999953e+00
2.314321612230709618e-02 -1.255157999999999996e+00
2.316321890201522571e-02 -1.227127000000000079e+00
2.318322168172335870e-02 -1.137710999999999917e+00
2.320322446143148823e-02 -1.042780999999999958e+00
2.322322724113961775e-02 -9.671870000000000189e-01
2.324323002084774728e-02 -9.471370000000000067e-01
2.326323280055588028e-02 -1.011050999999999922e+00
2.328323558026400980e-02 -1.090927999999999898e+00
2.330323835997213933e-02 -1.119672999999999918e+00
2.332324113968027232e-02 -1.133558999999999983e+00
2.334324391938840185e-02 -1.119931999999999928e+00
2.336324669909653137e-02 -1.095793999999999935e+00
2.338324947880466437e-02 -1.061987999999999932e+00
2.340325225851279389e-02 -1.057574999999999932e+00
2.342325503822092342e-02 -1.066270000000000051e+00
2.344325781792905641e-02 -1.106759999999999966e+00
2.346326059763718594e-02 -1.147445000000000048e+00
2.348326337734531546e-02 -1.196954000000000073e+00
2.350326615705344499e-02 -1.175346000000000002e+00
2.352326893676157799e-02 -1.112211000000000061e+00
2.354327171646970751e-02 -1.036616999999999900e+00
2.356327449617783704e-02 -1.014100999999999919e+00
2.358327727588597003e-02 -1.043104999999999949e+00
2.360328005559409956e-02 -1.073666999999999927e+00
2.362328283530222908e-02 -1.130055000000000032e+00
2.364328561501036208e-02 -1.144913999999999987e+00
2.366328839471849160e-02 -1.112794999999999979e+00
2.368329117442662113e-02 -1.072044999999999915e+00
2.370329395413475412e-02 -1.031166000000000027e+00
2.372329673384288365e-02 -1.012737999999999916e+00
2.374329951355101317e-02 -9.934009999999999785e-01
2.376330229325914270e-02 -1.000993000000000022e+00
2.378330507296727570e-02 -1.067372999999999905e+00
2.380330785267540522e-02 -1.115585000000000049e+00
2.382331063238353475e-02 -1.172816000000000081e+00
2.384331341209166774e-02 -1.169377000000000111e+00
2.386331619179979727e-02 -1.152635999999999994e+00
2.388331897150792679e-02 -1.109939999999999927e+00
2.390332175121605979e-02 -1.095015000000000072e+00
2.392332453092418931e-02 -1.105072999999999972e+00
2.394332731063231884e-02 -1.108707000000000109e+00
2.396333009034045183e-02 -1.102282999999999902e+00
2.398333287004858136e-02 -1.087812999999999919e+00
2.400333564975671088e-02 -1.064907999999999966e+00
2.402333842946484041e-02 -1.075614000000000070e+00
2.404334120917297341e-02 -1.060235999999999956e+00
2.406334398888110293e-02 -1.032138999999999918e+00
2.408334676858923246e-02 -9.928820000000000423e-01
2.410334954829736545e-02 -9.703009999999999691e-01
2.412335232800549498e-02 -9.792560000000000153e-01
2.414335510771362450e-02 -1.026882999999999990e+00
2.416335788742175750e-02 -1.067763000000000018e+00
2.418336066712988702e-02 -1.103644999999999987e+00
2.420336344683801655e-02 -1.112015999999999893e+00
2.422336622654614954e-02 -1.123305999999999916e+00
2.424336900625427907e-02 -1.139073999999999920e+00
2.426337178596240859e-02 -1.106565000000000021e+00
2.428337456567053812e-02 -1.061339000000000032e+00
2.430337734537867111e-02 -1.021107999999999905e+00
2.432338012508680064e-02 -9.852260000000000462e-01
2.434338290479493017e-02 -1.009104000000000001e+00
2.436338568450306316e-02 -1.072694000000000036e+00
2.438338846421119269e-02 -1.130962999999999941e+00
2.440339124391932221e-02 -1.158280999999999894e+00
2.442339402362745521e-02 -1.156139999999999946e+00
2.444339680333558473e-02 -1.111107999999999985e+00
2.446339958304371426e-02 -1.058937999999999935e+00
2.448340236275184725e-02 -9.972950000000000426e-01
2.450340514245997678e-02 -9.515489999999999782e-01
2.452340792216810630e-02 -9.351319999999999633e-01
2.454341070187623583e-02 -9.854850000000000554e-01
2.456341348158436882e-02 -1.066400000000000015e+00
2.458341626129249835e-02 -1.149132000000000042e+00
2.460341904100062788e-02 -1.179759000000000002e+00
2.462342182070876087e-02 -1.143226999999999993e+00
2.464342460041689040e-02 -1.096313000000000093e+00
2.466342738012501992e-02 -1.063803999999999972e+00
2.468343015983315292e-02 -1.005989999999999940e+00
2.470343293954128244e-02 -1.042975999999999903e+00
2.472343571924941197e-02 -1.175670999999999911e+00
2.474343849895754496e-02 -1.082621999999999973e+00
2.476344127866567449e-02 -1.187934000000000045e+00
2.478344405837380401e-02 -1.172490999999999950e+00
2.480344683808193354e-02 -1.080416000000000043e+00
2.482344961779006653e-02 -9.521979999999999889e-01
2.484345239749819606e-02 -9.579729999999999634e-01
2.486345517720632559e-02 -1.052448999999999968e+00
2.488345795691445858e-02 -1.027273000000000103e+00
2.490346073662258811e-02 -1.219859000000000027e+00
2.492346351633071763e-02 -1.062376999999999905e+00
2.494346629603885063e-02 -1.005406000000000022e+00
2.496346907574698015e-02 -1.164964000000000111e+00
2.498347185545510968e-02 -1.131612000000000062e+00
2.500347463516324267e-02 -9.826949999999999852e-01
2.502347741487137220e-02 -1.032918000000000003e+00
2.504348019457950172e-02 -9.970999999999999863e-01
2.506348297428763125e-02 -1.056017999999999901e+00
2.508348575399576424e-02 -1.154128000000000043e+00
2.510348853370389377e-02 -1.168014000000000108e+00
2.512349131341202330e-02 -1.170090000000000074e+00
2.514349409312015629e-02 -1.194099000000000022e+00
2.516349687282828582e-02 -1.078403999999999918e+00
2.518349965253641534e-02 -1.008131000000000110e+00
2.520350243224454834e-02 -1.010272000000000059e+00
2.522350521195267786e-02 -1.067892000000000063e+00
2.524350799166080739e-02 -1.133817999999999993e+00
2.526351077136894038e-02 -1.191373999999999933e+00
2.528351355107706991e-02 -1.119672999999999918e+00
2.530351633078519943e-02 -1.038693000000000088e+00
2.532351911049332896e-02 -1.005080999999999891e+00
2.534352189020146195e-02 -1.011050999999999922e+00
2.536352466990959148e-02 -1.010790999999999995e+00
2.538352744961772101e-02 -1.029673999999999978e+00
2.540353022932585400e-02 -1.057770000000000099e+00
2.542353300903398353e-02 -1.134466999999999892e+00
2.544353578874211305e-02 -1.204285999999999968e+00
2.546353856845024605e-02 -1.206037999999999943e+00
2.548354134815837557e-02 -1.128562000000000065e+00
2.550354412786650510e-02 -1.046349999999999891e+00
2.552354690757463809e-02 -1.025131000000000014e+00
2.554354968728276762e-02 -1.044791999999999943e+00
2.556355246699089714e-02 -1.101245000000000029e+00
2.558355524669902667e-02 -1.098778999999999950e+00
2.560355802640715966e-02 -1.072564000000000073e+00
2.562356080611528919e-02 -1.099167999999999923e+00
2.564356358582341872e-02 -1.116233999999999948e+00
2.566356636553155171e-02 -1.149780999999999942e+00
2.568356914523968124e-02 -1.133103999999999889e+00
2.570357192494781076e-02 -1.081908000000000092e+00
2.572357470465594376e-02 -1.049269999999999925e+00
2.574357748436407328e-02 -1.066659999999999942e+00
2.576358026407220281e-02 -1.094821000000000044e+00
2.578358304378033580e-02 -1.108381999999999978e+00
2.580358582348846533e-02 -1.124929000000000068e+00
2.582358860319659485e-02 -1.101634000000000002e+00
2.584359138290472438e-02 -1.104359000000000091e+00
2.586359416261285737e-02 -1.121359999999999912e+00
2.588359694232098690e-02 -1.118570000000000064e+00
2.590359972202911643e-02 -1.122074000000000016e+00
2.592360250173724942e-02 -1.093134000000000050e+00
2.594360528144537895e-02 -1.059457000000000093e+00
2.596360806115350847e-02 -1.075938000000000061e+00
2.598361084086164147e-02 -1.106630000000000003e+00
2.600361362056977099e-02 -1.099102999999999941e+00
2.602361640027790052e-02 -1.089760000000000062e+00
2.604361917998603351e-02 -1.077690000000000037e+00
2.606362195969416304e-02 -1.065946000000000060e+00
2.608362473940229256e-02 -1.082686999999999955e+00
2.610362751911042209e-02 -1.084958000000000089e+00
2.612363029881855508e-02 -1.074834999999999985e+00
2.614363307852668461e-02 -1.058094000000000090e+00
2.616363585823481414e-02 -1.082168000000000019e+00
2.618363863794294713e-02 -1.114092000000000082e+00
2.620364141765107666e-02 -1.153674000000000088e+00
2.622364419735920618e-02 -1.139008999999999938e+00
2.624364697706733918e-02 -1.094106999999999941e+00
2.626364975677546870e-02 -1.051280999999999910e+00
2.628365253648359823e-02 -1.045700999999999992e+00
2.630365531619173122e-02 -1.043234999999999912e+00
2.632365809589986075e-02 -1.069774000000000003e+00
2.634366087560799027e-02 -1.086384999999999934e+00
2.636366365531611980e-02 -1.100335999999999981e+00
2.638366643502425279e-02 -1.142317999999999945e+00
2.640366921473238232e-02 -1.130055000000000032e+00
2.642367199444051185e-02 -1.088786000000000032e+00
2.644367477414864484e-02 -1.051865000000000050e+00
2.646367755385677437e-02 -1.022796000000000038e+00
2.648368033356490389e-02 -1.025131000000000014e+00
2.650368311327303689e-02 -1.048230999999999913e+00
2.652368589298116641e-02 -1.080090999999999912e+00
2.654368867268929594e-02 -1.089175999999999922e+00
2.656369145239742893e-02 -1.114222000000000046e+00
2.658369423210555846e-02 -1.099947000000000008e+00
2.660369701181368798e-02 -1.068022000000000027e+00
2.662369979152181751e-02 -1.058742999999999990e+00
2.664370257122995050e-02 -1.042521000000000031e+00
2.666370535093808003e-02 -1.070746999999999893e+00
2.668370813064620956e-02 -1.120970000000000022e+00
2.670371091035434255e-02 -1.153154999999999930e+00
2.672371369006247208e-02 -1.137775999999999899e+00
2.674371646977060160e-02 -1.092939000000000105e+00
2.676371924947873460e-02 -1.019746000000000041e+00
2.678372202918686412e-02 -9.980080000000000062e-01
2.680372480889499365e-02 -9.697170000000000512e-01
2.682372758860312664e-02 -9.671220000000000372e-01
2.684373036831125617e-02 -1.005276000000000058e+00
2.686373314801938569e-02 -1.062572000000000072e+00
2.688373592772751522e-02 -1.120257000000000058e+00
2.690373870743564821e-02 -1.152571000000000012e+00
2.692374148714377774e-02 -1.146082000000000045e+00
2.694374426685190727e-02 -1.089304999999999968e+00
2.696374704656004026e-02 -1.032982999999999985e+00
2.698374982626816979e-02 -1.019161999999999901e+00
2.700375260597629931e-02 -1.043495000000000061e+00
2.702375538568443231e-02 -1.072629000000000055e+00
2.704375816539256183e-02 -1.100854999999999917e+00
2.706376094510069136e-02 -1.111043000000000003e+00
2.708376372480882435e-02 -1.114935999999999927e+00
2.710376650451695388e-02 -1.109031000000000100e+00
2.712376928422508340e-02 -1.082816999999999918e+00
2.714377206393321293e-02 -1.060105999999999993e+00
2.716377484364134592e-02 -1.028960000000000097e+00
2.718377762334947545e-02 -1.027403000000000066e+00
2.720378040305760498e-02 -1.066853999999999969e+00
2.722378318276573797e-02 -1.102802000000000060e+00
2.724378596247386750e-02 -1.083530000000000104e+00
2.726378874218199702e-02 -1.081973000000000074e+00
2.728379152189013002e-02 -1.026818999999999926e+00
2.730379430159825954e-02 -1.033112999999999948e+00
2.732379708130638907e-02 -1.066788999999999987e+00
2.734379986101452206e-02 -1.086319999999999952e+00
2.736380264072265159e-02 -1.091510999999999898e+00
2.738380542043078111e-02 -1.098908999999999914e+00
2.740380820013891064e-02 -1.112211000000000061e+00
2.742381097984704363e-02 -1.122333000000000025e+00
2.744381375955517316e-02 -1.118505000000000082e+00
2.746381653926330269e-02 -1.103191000000000033e+00
2.748381931897143568e-02 -1.071007000000000042e+00
2.750382209867956521e-02 -1.067698000000000036e+00
2.752382487838769473e-02 -1.064259000000000066e+00
2.754382765809582773e-02 -1.067568000000000072e+00
2.756383043780395725e-02 -1.055045000000000011e+00
2.758383321751208678e-02 -1.060754999999999892e+00
2.760383599722021977e-02 -1.054526000000000074e+00
2.762383877692834930e-02 -1.069903999999999966e+00
2.764384155663647882e-02 -1.076457999999999915e+00
2.766384433634460835e-02 -1.063674999999999926e+00
2.768384711605274134e-02 -1.063998999999999917e+00
2.770384989576087087e-02 -1.072564000000000073e+00
2.772385267546900040e-02 -1.045117000000000074e+00
2.774385545517713339e-02 -1.060754999999999892e+00
2.776385823488526292e-02 -1.078923000000000076e+00
2.778386101459339244e-02 -1.077496000000000009e+00
2.780386379430152544e-02 -1.069059999999999899e+00
2.782386657400965496e-02 -1.094302000000000108e+00
2.784386935371778449e-02 -1.084697999999999940e+00
2.786387213342591748e-02 -1.066205000000000069e+00
2.788387491313404701e-02 -1.089175999999999922e+00
2.790387769284217653e-02 -1.066011000000000042e+00
2.792388047255030606e-02 -1.056732000000000005e+00
2.794388325225843905e-02 -1.063609999999999944e+00
2.796388603196656858e-02 -1.086256000000000110e+00
2.798388881167469810e-02 -1.094691000000000081e+00
2.800389159138283110e-02 -1.095663999999999971e+00
2.802389437109096063e-02 -1.053682000000000007e+00
2.804389715079909015e-02 -1.027077999999999935e+00
2.806389993050722315e-02 -9.719240000000000101e-01
2.808390271021535267e-02 -1.006509000000000098e+00
2.810390548992348220e-02 -1.010790999999999995e+00
2.812390826963161519e-02 -1.012607999999999953e+00
2.814391104933974472e-02 -1.061468999999999996e+00
2.816391382904787424e-02 -1.105787000000000075e+00
2.818391660875600377e-02 -1.149974999999999969e+00
2.820391938846413676e-02 -1.126486000000000098e+00
2.822392216817226629e-02 -1.088397000000000059e+00
2.824392494788039581e-02 -1.063155999999999990e+00
2.826392772758852881e-02 -1.044597999999999915e+00
2.828393050729665834e-02 -1.071720999999999924e+00
2.830393328700478786e-02 -1.085801000000000016e+00
2.832393606671292086e-02 -1.071072000000000024e+00
2.834393884642105038e-02 -1.066011000000000042e+00
2.836394162612917991e-02 -1.101374000000000075e+00
2.838394440583731290e-02 -1.072499000000000091e+00
2.840394718554544243e-02 -1.013711000000000029e+00
2.842394996525357195e-02 -9.994359999999999911e-01
2.844395274496170148e-02 -9.923629999999999951e-01
2.846395552466983447e-02 -1.004756999999999900e+00
2.848395830437796400e-02 -1.038823000000000052e+00
2.850396108408609352e-02 -1.082621999999999973e+00
2.852396386379422652e-02 -1.059261999999999926e+00
2.854396664350235605e-02 -1.052189999999999959e+00
2.856396942321048557e-02 -1.025844999999999896e+00
2.858397220291861857e-02 -1.032594000000000012e+00
2.860397498262674809e-02 -9.839280000000000248e-01
2.862397776233487762e-02 -1.014164999999999983e+00
2.864398054204301061e-02 -1.068346999999999936e+00
2.866398332175114014e-02 -1.088851000000000013e+00
2.868398610145926966e-02 -1.106759999999999966e+00
2.870398888116739919e-02 -1.111561999999999939e+00
2.872399166087553218e-02 -1.090214000000000016e+00
2.874399444058366171e-02 -1.069774000000000003e+00
2.876399722029179123e-02 -1.030777000000000054e+00
