# time(s), 	 	 acceleration(g)
0.000000000000000000e+00 6.285624999999999574e+00
2.000277970813059281e-05 6.533364999999999867e+00
4.000555941626118562e-05 6.765728000000000186e+00
6.000833912439177504e-05 7.025862000000000052e+00
8.001111883252237124e-05 7.295211000000000112e+00
1.000138985406529674e-04 7.579678000000000360e+00
1.200166782487835501e-04 7.899769000000000041e+00
1.400194579569141598e-04 8.231733999999999440e+00
1.600222376650447425e-04 8.596531999999999840e+00
1.800250173731753251e-04 8.977681000000000466e+00
2.000277970813059349e-04 9.372263000000000233e+00
2.200305767894365175e-04 9.804674000000000333e+00
2.400333564975671002e-04 1.030275100000000066e+01
2.600361362056977099e-04 1.081160000000000032e+01
2.800389159138283197e-04 1.139532799999999924e+01
3.000416956219588752e-04 1.202927999999999997e+01
3.200444753300894850e-04 1.272507000000000055e+01
3.400472550382200947e-04 1.348912200000000006e+01
3.600500347463506503e-04 1.442655300000000018e+01
3.800528144544812600e-04 1.535613200000000056e+01
4.000555941626118698e-04 1.650490299999999877e+01
4.200583738707424253e-04 1.778059299999999965e+01
4.400611535788730351e-04 1.921915100000000010e+01
4.600639332870036448e-04 2.088222000000000023e+01
4.800667129951342003e-04 2.300170900000000174e+01
5.000694927032648101e-04 2.536764000000000152e+01
5.200722724113954198e-04 2.829640699999999853e+01
5.400750521195260296e-04 3.224254599999999726e+01
5.600778318276566393e-04 3.803486800000000301e+01
5.800806115357871407e-04 4.650795500000000260e+01
6.000833912439177504e-04 6.128279700000000219e+01
6.200861709520483602e-04 8.498935199999999668e+01
6.400889506601789699e-04 1.210001529999999974e+02
6.600917303683095797e-04 1.722773190000000056e+02
6.800945100764401894e-04 2.369298970000000111e+02
7.000972897845707992e-04 3.133610659999999939e+02
7.201000694927013005e-04 3.913893130000000156e+02
7.401028492008319103e-04 4.588892880000000218e+02
7.601056289089625200e-04 5.010558459999999741e+02
7.801084086170931298e-04 5.099327940000000012e+02
8.001111883252237395e-04 4.866036250000000223e+02
8.201139680333543493e-04 4.427017779999999902e+02
8.401167477414848506e-04 3.914599109999999769e+02
8.601195274496154604e-04 3.417865709999999808e+02
8.801223071577460701e-04 2.936516520000000128e+02
9.001250868658766799e-04 2.525249169999999879e+02
9.201278665740072896e-04 2.063167699999999911e+02
9.401306462821378994e-04 1.550792500000000018e+02
9.601334259902684007e-04 1.022700880000000012e+02
9.801362056983990104e-04 5.762728899999999754e+01
1.000138985406529620e-03 2.071442100000000153e+01
1.020141765114660230e-03 -1.100789999999999935e+00
1.040144544822790840e-03 -8.821505999999999403e+00
1.060147324530921449e-03 -6.238719999999999821e+00
1.080150104239052059e-03 9.266106999999999871e+00
1.100152883947182669e-03 3.280168299999999704e+01
1.120155663655313279e-03 5.195741100000000046e+01
1.140158443363443888e-03 7.010342300000000648e+01
1.160161223071574281e-03 6.927227800000000002e+01
1.180164002779704891e-03 5.818856699999999904e+01
1.200166782487835501e-03 3.138453799999999916e+01
1.220169562195966111e-03 7.270929999999999893e-01
1.240172341904096720e-03 -1.941544499999999829e+01
1.260175121612227330e-03 -4.457081099999999907e+01
1.280177901320357940e-03 -4.614608700000000141e+01
1.300180681028488550e-03 -3.674731299999999834e+01
1.320183460736619159e-03 -2.184405800000000042e+01
1.340186240444749769e-03 2.431366000000000138e+00
1.360189020152880379e-03 1.817076199999999986e+01
1.380191799861010989e-03 2.893457700000000088e+01
1.400194579569141598e-03 3.391664600000000007e+01
1.420197359277271991e-03 1.354765000000000086e+01
1.440200138985402601e-03 1.812865000000000038e+01
1.460202918693533211e-03 7.952975999999999601e+00
1.480205698401663821e-03 3.774280000000000079e+00
1.500208478109794430e-03 9.717010999999999399e+00
1.520211257817925040e-03 5.560959999999999681e+00
1.540214037526055650e-03 1.554735600000000062e+01
1.560216817234186260e-03 1.407719799999999921e+01
1.580219596942316869e-03 1.018978199999999923e+01
1.600222376650447479e-03 3.372495999999999938e+00
1.620225156358578089e-03 -6.733099000000000167e+00
1.640227936066708699e-03 -8.597979999999999512e-01
1.660230715774839308e-03 7.481244000000000227e+00
1.680233495482969701e-03 7.694918000000000369e+00
1.700236275191100311e-03 7.891202999999999967e+00
1.720239054899230921e-03 6.324621999999999744e+00
1.740241834607361530e-03 -2.320612000000000119e+00
1.760244614315492140e-03 -1.522980599999999995e+01
1.780247394023622750e-03 -1.769884400000000113e+01
1.800250173731753360e-03 -3.873157499999999942e+01
1.820252953439883969e-03 -3.249075100000000305e+01
1.840255733148014579e-03 -2.062871399999999866e+01
1.860258512856145189e-03 -1.088382900000000042e+01
1.880261292564275799e-03 2.508122600000000091e+01
1.900264072272406408e-03 2.604253599999999835e+01
1.920266851980536801e-03 4.531155799999999800e+01
1.940269631688667411e-03 4.880984300000000076e+01
1.960272411396798021e-03 2.500180399999999992e+01
1.980275191104928847e-03 3.016056299999999979e+01
2.000277970813059240e-03 -8.085369999999999502e-01
2.020280750521190067e-03 -1.607146300000000139e+01
2.040283530229320460e-03 -1.626781300000000030e+01
2.060286309937450853e-03 -3.039604900000000143e+01
2.080289089645581679e-03 -2.079599400000000031e+01
2.100291869353712072e-03 -1.681403699999999901e+01
2.120294649061842899e-03 -8.652279999999999305e+00
2.140297428769973292e-03 -3.116652999999999896e+00
2.160300208478104118e-03 -9.519178000000000139e+00
2.180302988186234511e-03 5.403542999999999985e+00
2.200305767894365338e-03 -8.261786000000000740e+00
2.220308547602495731e-03 -4.875950999999999702e+00
2.240311327310626557e-03 -6.619934999999999903e+00
2.260314107018756950e-03 -6.095189000000000412e+00
2.280316886726887777e-03 1.932639999999999914e+00
2.300319666435018170e-03 1.663162000000000029e+00
2.320322446143148563e-03 9.936265999999999821e+00
2.340325225851279389e-03 1.995516000000000068e+00
2.360328005559409782e-03 7.972377999999999965e+00
2.380330785267540609e-03 6.862410999999999817e+00
2.400333564975671002e-03 -1.217133999999999938e+00
2.420336344683801828e-03 1.428347600000000028e+01
2.440339124391932221e-03 5.173841000000000356e+00
2.460341904100063048e-03 4.942385999999999946e+00
2.480344683808193441e-03 4.950952000000000019e+00
2.500347463516324267e-03 -7.887709000000000081e+00
2.520350243224454660e-03 -1.142291499999999971e+01
2.540353022932585487e-03 -1.842000499999999974e+01
2.560355802640715880e-03 -2.053644299999999845e+01
2.580358582348846273e-03 -2.209841799999999878e+01
2.600361362056977099e-03 -1.805475200000000058e+01
2.620364141765107492e-03 -6.926853000000000371e+00
2.640366921473238319e-03 -2.868847999999999843e+00
2.660369701181368712e-03 2.085256000000000220e+00
2.680372480889499538e-03 4.823512000000000022e+00
2.700375260597629931e-03 -2.799872000000000138e+00
2.720378040305760758e-03 2.793244000000000060e+00
2.740380820013891151e-03 1.277989000000000042e+00
2.760383599722021977e-03 8.084049000000000262e+00
2.780386379430152370e-03 8.084697999999999496e+00
2.800389159138283197e-03 9.935876999999999626e+00
2.820391938846413590e-03 5.841079999999999828e+00
2.840394718554543983e-03 2.102516000000000052e+00
2.860397498262674809e-03 -3.440831999999999891e+00
2.880400277970805202e-03 -1.374227000000000087e+00
2.900403057678936029e-03 -7.576703000000000188e+00
2.920405837387066422e-03 -1.167824799999999996e+01
2.940408617095197248e-03 -8.398504000000000858e+00
2.960411396803327641e-03 -5.321858999999999895e+00
2.980414176511458468e-03 -4.770897999999999861e+00
3.000416956219588861e-03 -5.312124999999999986e+00
3.020419735927719687e-03 -1.266434500000000085e+01
3.040422515635850080e-03 -1.931201400000000135e+01
3.060425295343980907e-03 -1.691045899999999946e+01
3.080428075052111300e-03 -1.020562400000000025e+01
3.100430854760241692e-03 -9.290449000000000623e+00
3.120433634468372519e-03 -3.174532999999999827e+00
3.140436414176502912e-03 9.657897999999999428e+00
3.160439193884633739e-03 1.381686900000000051e+01
3.180441973592764131e-03 1.501183900000000015e+01
3.200444753300894958e-03 1.542926100000000034e+01
3.220447533009025351e-03 6.307231999999999950e+00
3.240450312717156178e-03 -3.151959999999999762e-01
3.260453092425286570e-03 -1.722738000000000103e+00
3.280455872133417397e-03 -5.511330000000000062e+00
3.300458651841547790e-03 -7.680068999999999591e+00
3.320461431549678617e-03 -8.410450000000000426e-01
3.340464211257809009e-03 -1.205130000000000035e+00
3.360466990965939402e-03 -7.998083000000000276e+00
3.380469770674070229e-03 -5.746418000000000248e+00
3.400472550382200622e-03 -1.392731700000000039e+01
3.420475330090331448e-03 -1.782933299999999832e+01
3.440478109798461841e-03 -1.658290699999999873e+01
3.460480889506592668e-03 -1.407772600000000018e+01
3.480483669214723061e-03 -8.155046000000000461e+00
3.500486448922853887e-03 4.860360000000000236e-01
3.520489228630984280e-03 9.765482000000000440e+00
3.540492008339115107e-03 9.486853999999999232e+00
3.560494788047245500e-03 8.253729999999999123e+00
3.580497567755376326e-03 5.806235000000000035e+00
3.600500347463506719e-03 -2.296799000000000035e+00
3.620503127171637112e-03 -3.085961999999999872e+00
3.640505906879767939e-03 -5.031031999999999726e+00
3.660508686587898332e-03 -7.657618000000000258e+00
3.680511466296029158e-03 2.100690000000000057e-01
3.700514246004159551e-03 4.233035000000000103e+00
3.720517025712290378e-03 8.282151000000000707e+00
3.740519805420420771e-03 2.791233000000000075e+00
3.760522585128551597e-03 5.949170000000000291e-01
3.780525364836681990e-03 -3.671767000000000003e+00
3.800528144544812817e-03 -8.771608000000000516e+00
3.820530924252943210e-03 -8.621263000000000787e+00
3.840533703961073603e-03 -1.357848100000000002e+01
3.860536483669204429e-03 -1.329615500000000061e+01
3.880539263377334822e-03 -1.176493800000000078e+01
3.900542043085465649e-03 -1.025636599999999987e+01
3.920544822793596042e-03 -3.234618999999999911e+00
3.940547602501726435e-03 5.868060000000000498e-01
3.960550382209857695e-03 3.943052999999999919e+00
3.980553161917988088e-03 9.485426999999999609e+00
4.000555941626118481e-03 1.222744699999999973e+01
4.020558721334248874e-03 9.967088000000000392e+00
4.040561501042380134e-03 8.595883000000000607e+00
4.060564280750510527e-03 3.166412999999999922e+00
4.080567060458640920e-03 -4.214745999999999881e+00
4.100569840166771313e-03 -4.347700999999999816e+00
4.120572619874901706e-03 -5.300769999999999982e+00
4.140575399583032966e-03 -6.447138999999999953e+00
4.160578179291163359e-03 -3.193480000000000096e+00
4.180580958999293752e-03 -4.914818999999999605e+00
4.200583738707424145e-03 -5.179236000000000395e+00
4.220586518415555405e-03 -3.791939000000000171e+00
4.240589298123685798e-03 -4.538599999999999746e+00
4.260592077831816191e-03 -4.508816999999999631e+00
4.280594857539946584e-03 -2.684566999999999926e+00
4.300597637248077844e-03 -1.163602000000000025e+00
4.320600416956208237e-03 -4.017098999999999975e+00
4.340603196664338630e-03 -9.270859999999999657e-01
4.360605976372469023e-03 2.002200000000000202e+00
4.380608756080599415e-03 2.460809999999999942e-01
4.400611535788730676e-03 2.630701000000000178e+00
4.420614315496861069e-03 2.951635000000000009e+00
4.440617095204991462e-03 3.586040999999999812e+00
4.460619874913121854e-03 3.110673999999999939e+00
4.480622654621253115e-03 1.947629000000000055e+00
4.500625434329383508e-03 -2.164104000000000028e+00
4.520628214037513901e-03 -5.502310999999999730e+00
4.540630993745644294e-03 -3.457507999999999804e+00
4.560633773453775554e-03 -1.145628000000000091e+00
4.580636553161905947e-03 2.455049999999999955e+00
4.600639332870036340e-03 4.376177000000000206e+00
4.620642112578166733e-03 -1.239649999999999919e+00
4.640644892286297125e-03 4.678019999999999956e-01
4.660647671994428386e-03 -4.678238000000000341e+00
4.680650451702558779e-03 -1.057632699999999915e+01
4.700653231410689172e-03 -1.254060400000000008e+01
4.720656011118819564e-03 -1.447483899999999934e+01
4.740658790826950825e-03 -7.096144999999999925e+00
4.760661570535081218e-03 2.811218000000000217e+00
4.780664350243211611e-03 9.337612999999999275e+00
4.800667129951342003e-03 1.345524999999999949e+01
4.820669909659473264e-03 1.141025300000000087e+01
4.840672689367603657e-03 5.911677000000000071e+00
4.860675469075734050e-03 -3.262586000000000208e+00
4.880678248783864442e-03 -7.952726000000000184e+00
4.900681028491994835e-03 -7.723219000000000278e+00
4.920683808200126096e-03 -6.235021999999999842e+00
4.940686587908256489e-03 -2.161118999999999790e+00
4.960689367616386881e-03 4.589130000000000154e-01
4.980692147324517274e-03 1.188833000000000029e+00
5.000694927032648535e-03 -5.160879999999999912e-01
5.020697706740778928e-03 -9.669269999999999810e-01
5.040700486448909320e-03 -3.058514000000000177e+00
5.060703266157039713e-03 -3.777273999999999798e+00
5.080706045865170974e-03 -1.198445999999999900e+00
5.100708825573301367e-03 -1.445149000000000017e+00
5.120711605281431759e-03 -8.148959999999999537e-01
5.140714384989562152e-03 -2.136915999999999816e+00
5.160717164697692545e-03 -4.099440999999999669e+00
5.180719944405823806e-03 -2.632331999999999894e+00
5.200722724113954198e-03 -2.870728999999999864e+00
5.220725503822084591e-03 -2.775345000000000173e+00
5.240728283530214984e-03 -1.060754999999999892e+00
5.260731063238346245e-03 9.318140000000000311e-01
5.280733842946476637e-03 3.567288000000000014e+00
5.300736622654607030e-03 5.001045000000000407e+00
5.320739402362737423e-03 3.213780999999999999e+00
5.340742182070868684e-03 5.838210000000000344e-01
5.360744961778999076e-03 -1.675175000000000081e+00
5.380747741487129469e-03 -2.933410999999999991e+00
5.400750521195259862e-03 -6.490224999999999689e+00
5.420753300903390255e-03 -7.367765000000000342e+00
5.440756080611521515e-03 -6.028874000000000066e+00
5.460758860319651908e-03 -4.048828999999999567e+00
5.480761640027782301e-03 -2.119600000000000095e-01
5.500764419735912694e-03 9.192249999999999588e-01
5.520767199444043954e-03 -1.602565999999999935e+00
5.540769979152174347e-03 -8.702450000000000463e-01
5.560772758860304740e-03 -1.263722999999999930e+00
5.580775538568435133e-03 -1.584462999999999955e+00
5.600778318276566393e-03 2.291459999999999886e-01
5.620781097984696786e-03 -4.221309999999999785e-01
5.640783877692827179e-03 -1.494073999999999902e+00
5.660786657400957572e-03 -1.888330999999999982e+00
5.680789437109087965e-03 -1.534953000000000012e+00
5.700792216817219225e-03 -7.720050000000000523e-01
5.720794996525349618e-03 -1.908720000000000139e-01
5.740797776233480011e-03 -4.281010000000000093e-01
5.760800555941610404e-03 -1.767250999999999905e+00
5.780803335649741664e-03 -1.496604999999999963e+00
5.800806115357872057e-03 -5.869599999999999818e-02
5.820808895066002450e-03 -9.627099999999999547e-01
5.840811674774132843e-03 -1.255999999999999998e-02
5.860814454482264103e-03 -5.012940000000000174e-01
5.880817234190394496e-03 -3.240134999999999987e+00
5.900820013898524889e-03 -3.429086999999999996e+00
5.920822793606655282e-03 -4.142202000000000162e+00
5.940825573314785675e-03 -6.450383999999999673e+00
5.960828353022916935e-03 -6.265454000000000079e+00
5.980831132731047328e-03 -4.730732999999999855e+00
6.000833912439177721e-03 -1.932649000000000061e+00
6.020836692147308114e-03 1.314780000000000060e+00
6.040839471855439374e-03 4.733966999999999814e+00
6.060842251563569767e-03 5.134453999999999851e+00
6.080845031271700160e-03 3.113269999999999982e+00
6.100847810979830553e-03 -1.235829999999999984e-01
6.120850590687961813e-03 -3.688378000000000156e+00
6.140853370396092206e-03 -3.384768999999999917e+00
6.160856150104222599e-03 -2.391989000000000143e+00
6.180858929812352992e-03 -2.322559000000000040e+00
6.200861709520483385e-03 -2.534092999999999929e+00
6.220864489228614645e-03 -2.454476000000000102e+00
6.240867268936745038e-03 -1.623914000000000080e+00
6.260870048644875431e-03 -8.707639999999999825e-01
6.280872828353005824e-03 -7.372250000000000192e-01
6.300875608061137084e-03 -1.605485999999999969e+00
6.320878387769267477e-03 -3.549453999999999887e+00
6.340881167477397870e-03 -4.439841000000000371e+00
6.360883947185528263e-03 -3.468798000000000048e+00
6.380886726893659523e-03 -6.992009999999999614e-01
6.400889506601789916e-03 1.280129999999999990e+00
6.420892286309920309e-03 2.521170999999999829e+00
6.440895066018050702e-03 2.571133999999999808e+00
6.460897845726181095e-03 3.624899999999999789e-01
6.480900625434312355e-03 -1.286045000000000105e+00
6.500903405142442748e-03 -1.963794999999999957e+00
6.520906184850573141e-03 -2.397764000000000006e+00
6.540908964558703534e-03 -2.352862000000000009e+00
6.560911744266834794e-03 -1.147119999999999918e+00
6.580914523974965187e-03 6.696680000000000410e-01
6.600917303683095580e-03 1.219978999999999925e+00
6.620920083391225973e-03 -1.488240000000000118e-01
6.640922863099357233e-03 -2.871507999999999949e+00
6.660925642807487626e-03 -5.537284999999999791e+00
6.680928422515618019e-03 -5.534430000000000405e+00
6.700931202223748412e-03 -3.288994999999999891e+00
6.720933981931878805e-03 -1.105332999999999899e+00
6.740936761640010065e-03 1.634026999999999896e+00
6.760939541348140458e-03 3.160702999999999818e+00
6.780942321056270851e-03 6.396249999999999991e-01
6.800945100764401244e-03 -5.776670000000000416e-01
6.820947880472532504e-03 -2.398931999999999842e+00
6.840950660180662897e-03 -4.719117999999999924e+00
6.860953439888793290e-03 -3.356478000000000073e+00
6.880956219596923683e-03 -1.584981999999999891e+00
6.900958999305054943e-03 -4.904580000000000051e-01
6.920961779013185336e-03 1.159373999999999905e+00
6.940964558721315729e-03 1.831804999999999906e+00
6.960967338429446122e-03 9.319429999999999659e-01
6.980970118137576515e-03 -1.029025000000000079e+00
7.000972897845707775e-03 -3.263104999999999922e+00
7.020975677553838168e-03 -4.421542999999999779e+00
7.040978457261968561e-03 -3.507601000000000191e+00
7.060981236970098954e-03 -1.274235000000000007e+00
7.080984016678230214e-03 7.340360000000000218e-01
7.100986796386360607e-03 2.099142000000000063e+00
7.120989576094491000e-03 1.301412999999999931e+00
7.140992355802621393e-03 -9.915850000000000497e-01
7.160995135510752653e-03 -3.329614999999999991e+00
7.180997915218883046e-03 -5.263653999999999833e+00
7.201000694927013439e-03 -5.767960999999999672e+00
7.221003474635143832e-03 -4.611857999999999791e+00
7.241006254343274225e-03 -2.167543000000000220e+00
7.261009034051405485e-03 4.927839999999999998e-01
7.281011813759535878e-03 2.840742000000000100e+00
7.301014593467666271e-03 2.806675999999999949e+00
7.321017373175796664e-03 5.594240000000000324e-01
7.341020152883927924e-03 -1.169000000000000039e-01
7.361022932592058317e-03 -1.015333000000000041e+00
7.381025712300188710e-03 -2.112452999999999914e+00
7.401028492008319103e-03 -9.303960000000000008e-01
7.421031271716450363e-03 -1.437556999999999974e+00
7.441034051424580756e-03 -3.417342999999999797e+00
7.461036831132711149e-03 -3.249673000000000034e+00
7.481039610840841542e-03 -2.604820000000000135e+00
7.501042390548971935e-03 -2.331319000000000141e+00
7.521045170257103195e-03 -1.096638000000000002e+00
7.541047949965233588e-03 -2.222119999999999929e-01
7.561050729673363981e-03 -7.598709999999999631e-01
7.581053509381494374e-03 -1.115715000000000012e+00
7.601056289089625634e-03 -1.016046999999999922e+00
7.621059068797756027e-03 -1.812931999999999988e+00
7.641061848505886420e-03 -1.793401000000000023e+00
7.661064628214016813e-03 -8.947070000000000300e-01
7.681067407922147205e-03 -1.025586000000000109e+00
7.701070187630278466e-03 -9.043759999999999577e-01
7.721072967338408859e-03 -2.145559999999999967e-01
7.741075747046539252e-03 -7.441029999999999589e-01
7.761078526754669644e-03 -1.529503000000000057e+00
7.781081306462800905e-03 -1.325236999999999998e+00
7.801084086170931298e-03 -1.497902999999999984e+00
7.821086865879062558e-03 -1.321603000000000083e+00
7.841089645587192083e-03 -1.839290000000000092e-01
7.861092425295323344e-03 -5.298499999999999738e-02
7.881095205003452869e-03 -1.153543999999999903e+00
7.901097984711584130e-03 -2.392961999999999811e+00
7.921100764419715390e-03 -3.010756999999999906e+00
7.941103544127844915e-03 -3.300609999999999822e+00
7.961106323835976176e-03 -2.593074999999999797e+00
7.981109103544105701e-03 -1.090927999999999898e+00
8.001111883252236961e-03 -2.129979999999999929e-01
8.021114662960368222e-03 1.528380000000000016e-01
8.041117442668497747e-03 -2.514900000000000121e-02
8.061120222376629008e-03 -1.061339000000000032e+00
8.081123002084760268e-03 -1.809881999999999991e+00
8.101125781792889793e-03 -2.349358000000000057e+00
8.121128561501021054e-03 -2.497041999999999984e+00
8.141131341209150579e-03 -1.620281000000000082e+00
8.161134120917281840e-03 -4.085099999999999842e-02
8.181136900625413100e-03 1.169172000000000100e+00
8.201139680333542625e-03 1.148797999999999986e+00
8.221142460041673886e-03 2.131100000000000008e-02
8.241145239749803411e-03 -1.382792000000000021e+00
8.261148019457934671e-03 -3.155196999999999807e+00
8.281150799166065932e-03 -4.360872999999999777e+00
8.301153578874195457e-03 -3.890438000000000063e+00
8.321156358582326718e-03 -2.448960000000000026e+00
8.341159138290457978e-03 -8.178800000000000514e-01
8.361161917998587503e-03 1.250412000000000079e+00
8.381164697706718764e-03 1.773989999999999956e+00
8.401167477414848289e-03 4.951849999999999863e-01
8.421170257122979549e-03 -1.280010000000000092e+00
8.441173036831110810e-03 -3.094202000000000119e+00
8.461175816539240335e-03 -3.960256999999999916e+00
8.481178596247371596e-03 -3.420392000000000099e+00
8.501181375955501121e-03 -1.924149000000000109e+00
8.521184155663632381e-03 -6.969950000000000312e-01
8.541186935371763642e-03 7.527239999999999487e-01
8.561189715079893167e-03 1.625396999999999981e+00
8.581192494788024427e-03 7.632360000000000255e-01
8.601195274496155688e-03 -6.177019999999999733e-01
8.621198054204285213e-03 -2.168255999999999961e+00
8.641200833912416474e-03 -3.653662999999999883e+00
8.661203613620545999e-03 -3.591696000000000222e+00
8.681206393328677259e-03 -1.985792000000000002e+00
8.701209173036808520e-03 -3.349869999999999792e-01
8.721211952744938045e-03 7.046419999999999906e-01
8.741214732453069305e-03 7.858169999999999877e-01
8.761217512161198831e-03 -6.850000000000000186e-03
8.781220291869330091e-03 -1.179888000000000048e+00
8.801223071577461352e-03 -2.729210000000000136e+00
8.821225851285590877e-03 -3.749178000000000122e+00
8.841228630993722137e-03 -3.165643999999999902e+00
8.861231410701853398e-03 -2.185452000000000172e+00
8.881234190409982923e-03 -8.807570000000000121e-01
8.901236970118114183e-03 9.666580000000000172e-01
8.921239749826243709e-03 1.522485000000000088e+00
8.941242529534374969e-03 6.961420000000000385e-01
8.961245309242506230e-03 -5.496999999999999664e-01
8.981248088950635755e-03 -1.923435000000000006e+00
9.001250868658767015e-03 -2.769635000000000069e+00
9.021253648366896541e-03 -2.575361000000000011e+00
9.041256428075027801e-03 -1.876910999999999996e+00
9.061259207783159061e-03 -1.376562999999999981e+00
9.081261987491288587e-03 -9.300059999999999993e-01
9.101264767199419847e-03 -9.849660000000000082e-01
9.121267546907551108e-03 -1.147704000000000057e+00
9.141270326615680633e-03 -1.263657999999999948e+00
9.161273106323811893e-03 -1.446771000000000029e+00
9.181275886031941419e-03 -1.512891999999999904e+00
9.201278665740072679e-03 -8.653129999999999988e-01
9.221281445448203939e-03 -5.895500000000000046e-02
9.241284225156333465e-03 -2.514770000000000061e-01
9.261287004864464725e-03 -7.659059999999999757e-01
9.281289784572594251e-03 -1.500432999999999906e+00
9.301292564280725511e-03 -2.349162999999999890e+00
9.321295343988856771e-03 -2.494771000000000072e+00
9.341298123696986297e-03 -1.820068999999999937e+00
9.361300903405117557e-03 -1.078079999999999927e+00
9.381303683113248817e-03 -6.439169999999999616e-01
9.401306462821378343e-03 -4.506169999999999898e-01
9.421309242529509603e-03 -5.392529999999999824e-01
9.441312022237639129e-03 -1.156724000000000085e+00
9.461314801945770389e-03 -1.743762000000000034e+00
9.481317581653901649e-03 -2.065603999999999996e+00
9.501320361362031175e-03 -2.214067000000000007e+00
9.521323141070162435e-03 -1.729162000000000088e+00
9.541325920778291961e-03 -1.060948999999999920e+00
9.561328700486423221e-03 -3.927370000000000028e-01
9.581331480194554481e-03 -1.049599999999999977e-01
9.601334259902684007e-03 -3.550369999999999915e-01
9.621337039610815267e-03 -7.389120000000000132e-01
9.641339819318946527e-03 -1.031944999999999890e+00
9.661342599027076053e-03 -1.160941000000000001e+00
9.681345378735207313e-03 -1.478566000000000047e+00
9.701348158443336839e-03 -2.002988000000000213e+00
9.721350938151468099e-03 -2.282264000000000070e+00
9.741353717859599359e-03 -2.312501000000000140e+00
9.761356497567728885e-03 -1.916816999999999993e+00
9.781359277275860145e-03 -8.583699999999999664e-01
9.801362056983989671e-03 2.491960000000000008e-01
9.821364836692120931e-03 3.960369999999999724e-01
9.841367616400252191e-03 -4.763769999999999949e-01
9.861370396108381717e-03 -1.617231000000000085e+00
9.881373175816512977e-03 -2.574777000000000093e+00
9.901375955524644237e-03 -3.212038000000000171e+00
9.921378735232773763e-03 -2.783326000000000189e+00
9.941381514940905023e-03 -1.526907000000000014e+00
9.961384294649034549e-03 -2.628320000000000101e-01
9.981387074357165809e-03 9.559520000000000239e-01
1.000138985406529707e-02 1.685742999999999991e+00
1.002139263377342659e-02 9.318790000000000129e-01
1.004139541348155786e-02 -8.893219999999999459e-01
1.006139819318968738e-02 -2.650695999999999941e+00
1.008140097289781864e-02 -3.805111000000000132e+00
1.010140375260594990e-02 -3.620960000000000178e+00
1.012140653231407943e-02 -2.427027999999999963e+00
1.014140931202221069e-02 -8.407860000000000333e-01
1.016141209173034195e-02 6.982180000000000053e-01
1.018141487143847147e-02 1.165797999999999890e+00
1.020141765114660273e-02 2.798880000000000257e-01
1.022142043085473226e-02 -1.143745999999999929e+00
1.024142321056286352e-02 -2.440135000000000165e+00
1.026142599027099478e-02 -3.175571000000000144e+00
1.028142876997912430e-02 -2.973317000000000210e+00
1.030143154968725556e-02 -2.041530999999999985e+00
1.032143432939538509e-02 -6.905710000000000459e-01
1.034143710910351635e-02 5.531949999999999923e-01
1.036143988881164761e-02 7.544760000000000355e-01
1.038144266851977714e-02 -8.672699999999999854e-02
1.040144544822790840e-02 -1.346130000000000049e+00
1.042144822793603966e-02 -2.299523999999999901e+00
1.044145100764416918e-02 -2.346242999999999856e+00
1.046145378735230044e-02 -1.455335999999999963e+00
1.048145656706042997e-02 -8.223580000000000334e-01
1.050145934676856123e-02 -6.978379999999999583e-01
1.052146212647669249e-02 -5.903850000000000486e-01
1.054146490618482201e-02 -7.495540000000000536e-01
1.056146768589295327e-02 -1.222909000000000024e+00
1.058147046560108280e-02 -1.639747000000000066e+00
1.060147324530921406e-02 -1.952569999999999917e+00
1.062147602501734532e-02 -1.940760000000000041e+00
1.064147880472547485e-02 -1.372668999999999917e+00
1.066148158443360611e-02 -7.803109999999999769e-01
1.068148436414173737e-02 -5.878539999999999877e-01
1.070148714384986689e-02 -6.817459999999999631e-01
1.072148992355799815e-02 -1.119931999999999928e+00
1.074149270326612768e-02 -1.564867000000000008e+00
1.076149548297425894e-02 -1.707554000000000016e+00
1.078149826268239020e-02 -1.336786999999999948e+00
1.080150104239051972e-02 -9.763359999999999816e-01
1.082150382209865098e-02 -7.749249999999999750e-01
1.084150660180678051e-02 -6.177669999999999551e-01
1.086150938151491177e-02 -6.053089999999999860e-01
1.088151216122304303e-02 -8.305979999999999475e-01
1.090151494093117256e-02 -1.142447999999999908e+00
1.092151772063930382e-02 -1.554939000000000071e+00
1.094152050034743508e-02 -2.024919999999999831e+00
1.096152328005556460e-02 -1.908576000000000050e+00
1.098152605976369586e-02 -1.280723999999999974e+00
1.100152883947182539e-02 -6.027130000000000543e-01
1.102153161917995665e-02 -2.163080000000000003e-01
1.104153439888808791e-02 -2.572519999999999807e-01
1.106153717859621743e-02 -8.752410000000000467e-01
1.108153995830434869e-02 -1.603150000000000075e+00
1.110154273801247822e-02 -2.091169999999999973e+00
1.112154551772060948e-02 -2.410740999999999801e+00
1.114154829742874074e-02 -2.369927000000000117e+00
1.116155107713687027e-02 -1.723192000000000057e+00
1.118155385684500153e-02 -8.311180000000000234e-01
1.120155663655313279e-02 -6.427599999999999980e-02
1.122155941626126231e-02 3.441270000000000162e-01
1.124156219596939357e-02 9.340099999999999791e-02
1.126156497567752310e-02 -6.348329999999999806e-01
1.128156775538565436e-02 -1.392395000000000049e+00
1.130157053509378562e-02 -1.915518999999999972e+00
1.132157331480191514e-02 -2.041530999999999985e+00
1.134157609451004640e-02 -1.984364999999999934e+00
1.136157887421817593e-02 -1.660250999999999921e+00
1.138158165392630719e-02 -1.229851999999999945e+00
1.140158443363443845e-02 -8.200220000000000287e-01
1.142158721334256798e-02 -5.592390000000000416e-01
1.144158999305069924e-02 -5.779910000000000325e-01
1.146159277275883050e-02 -1.027727000000000057e+00
1.148159555246696002e-02 -1.512502000000000013e+00
1.150159833217509128e-02 -1.761087000000000069e+00
1.152160111188322081e-02 -1.930377999999999927e+00
1.154160389159135207e-02 -1.778605999999999909e+00
1.156160667129948333e-02 -1.353787000000000074e+00
1.158160945100761285e-02 -9.083989999999999565e-01
1.160161223071574411e-02 -5.566429999999999989e-01
1.162161501042387364e-02 -4.118140000000000134e-01
1.164161779013200490e-02 -5.630020000000000024e-01
1.166162056984013616e-02 -9.509649999999999492e-01
1.168162334954826569e-02 -1.492386999999999908e+00
1.170162612925639695e-02 -2.131010999999999989e+00
1.172162890896452821e-02 -2.290894000000000208e+00
1.174163168867265773e-02 -1.748693000000000053e+00
1.176163446838078899e-02 -8.759550000000000392e-01
1.178163724808891852e-02 -1.985280000000000100e-01
1.180164002779704978e-02 -3.215699999999999809e-02
1.182164280750518104e-02 -4.321240000000000081e-01
1.184164558721331056e-02 -1.118764000000000092e+00
1.186164836692144182e-02 -1.836940000000000017e+00
1.188165114662957135e-02 -2.345399000000000012e+00
1.190165392633770261e-02 -2.366357999999999961e+00
1.192165670604583387e-02 -2.050419999999999909e+00
1.194165948575396340e-02 -1.255611999999999950e+00
1.196166226546209466e-02 -3.251890000000000058e-01
1.198166504517022592e-02 5.245699999999999669e-02
1.200166782487835544e-02 -2.885269999999999779e-01
1.202167060458648670e-02 -1.017409999999999926e+00
1.204167338429461623e-02 -1.761994999999999978e+00
1.206167616400274749e-02 -2.161507999999999985e+00
1.208167894371087875e-02 -1.937321000000000071e+00
1.210168172341900827e-02 -1.338927999999999896e+00
1.212168450312713953e-02 -6.988119999999999887e-01
1.214168728283526906e-02 -4.617769999999999930e-01
1.216169006254340032e-02 -7.819979999999999709e-01
1.218169284225153158e-02 -1.244321999999999928e+00
1.220169562195966111e-02 -1.620929000000000064e+00
1.222169840166779237e-02 -1.786003000000000007e+00
1.224170118137592363e-02 -1.578103999999999951e+00
1.226170396108405315e-02 -9.699769999999999781e-01
1.228170674079218441e-02 -3.423189999999999844e-01
1.230170952050031394e-02 -9.976899999999999658e-02
1.232171230020844520e-02 -5.595630000000000326e-01
1.234171507991657646e-02 -1.517627999999999977e+00
1.236171785962470598e-02 -2.446235000000000159e+00
1.238172063933283724e-02 -2.835560000000000080e+00
1.240172341904096677e-02 -2.389587999999999823e+00
1.242172619874909803e-02 -1.404854000000000047e+00
1.244172897845722929e-02 -4.473070000000000102e-01
1.246173175816535882e-02 1.381729999999999903e-01
1.248173453787349008e-02 2.684679999999999844e-01
1.250173731758162134e-02 -1.826959999999999973e-01
1.252174009728975086e-02 -1.112535000000000052e+00
1.254174287699788212e-02 -2.051652999999999949e+00
1.256174565670601165e-02 -2.568417999999999868e+00
1.258174843641414291e-02 -2.415089000000000041e+00
1.260175121612227417e-02 -1.686531000000000002e+00
1.262175399583040369e-02 -8.066550000000000109e-01
1.264175677553853495e-02 -2.638050000000000117e-01
1.266175955524666448e-02 -2.621829999999999994e-01
1.268176233495479574e-02 -7.510459999999999914e-01
1.270176511466292700e-02 -1.303952999999999918e+00
1.272176789437105653e-02 -1.669659999999999922e+00
1.274177067407918779e-02 -1.799241000000000090e+00
1.276177345378731905e-02 -1.663820000000000077e+00
1.278177623349544857e-02 -1.475775999999999977e+00
1.280177901320357983e-02 -1.250356000000000023e+00
1.282178179291170936e-02 -1.027142999999999917e+00
1.284178457261984062e-02 -8.589539999999999953e-01
1.286178735232797188e-02 -8.061359999999999637e-01
1.288179013203610140e-02 -9.418809999999999683e-01
1.290179291174423266e-02 -1.281112999999999946e+00
1.292179569145236219e-02 -1.558443000000000023e+00
1.294179847116049345e-02 -1.498161999999999994e+00
1.296180125086862471e-02 -1.272548000000000012e+00
1.298180403057675424e-02 -1.071396000000000015e+00
1.300180681028488550e-02 -1.044921999999999906e+00
1.302180958999301676e-02 -1.109485000000000054e+00
1.304181236970114628e-02 -1.101180000000000048e+00
1.306181514940927754e-02 -9.246849999999999792e-01
1.308181792911740707e-02 -9.536900000000000377e-01
1.310182070882553833e-02 -1.302265999999999924e+00
1.312182348853366959e-02 -1.620281000000000082e+00
1.314182626824179911e-02 -1.800408999999999926e+00
1.316182904794993037e-02 -1.584462999999999955e+00
1.318183182765805990e-02 -1.144395000000000051e+00
1.320183460736619116e-02 -7.821270000000000167e-01
1.322183738707432242e-02 -6.184809999999999475e-01
1.324184016678245195e-02 -6.341189999999999882e-01
1.326184294649058321e-02 -8.224869999999999681e-01
1.328184572619871447e-02 -1.147834000000000021e+00
1.330184850590684399e-02 -1.516070999999999946e+00
1.332185128561497525e-02 -1.830192000000000041e+00
1.334185406532310478e-02 -1.940760000000000041e+00
1.336185684503123604e-02 -1.791519000000000084e+00
1.338185962473936730e-02 -1.403685999999999989e+00
1.340186240444749682e-02 -1.019096999999999920e+00
1.342186518415562808e-02 -7.651270000000000016e-01
1.344186796386375761e-02 -8.113920000000000021e-01
1.346187074357188887e-02 -1.021757000000000026e+00
1.348187352328002013e-02 -1.250226999999999977e+00
1.350187630298814966e-02 -1.289678000000000102e+00
1.352187908269628092e-02 -1.134142999999999901e+00
1.354188186240441218e-02 -1.063285000000000036e+00
1.356188464211254170e-02 -1.073342999999999936e+00
1.358188742182067296e-02 -1.100270999999999999e+00
1.360189020152880249e-02 -1.192801000000000000e+00
1.362189298123693375e-02 -1.365531999999999968e+00
1.364189576094506501e-02 -1.490180999999999978e+00
1.366189854065319453e-02 -1.606654000000000027e+00
1.368190132036132579e-02 -1.506207999999999991e+00
1.370190410006945532e-02 -1.177162999999999959e+00
1.372190687977758658e-02 -9.399340000000000472e-01
1.374190965948571784e-02 -8.141819999999999613e-01
1.376191243919384737e-02 -9.070359999999999534e-01
1.378191521890197863e-02 -1.231992999999999894e+00
1.380191799861010989e-02 -1.474931999999999910e+00
1.382192077831823941e-02 -1.628651000000000071e+00
1.384192355802637067e-02 -1.601139000000000090e+00
1.386192633773450020e-02 -1.390058999999999934e+00
1.388192911744263146e-02 -9.969050000000000411e-01
1.390193189715076272e-02 -6.129649999999999821e-01
1.392193467685889224e-02 -4.397800000000000042e-01
1.394193745656702350e-02 -6.900519999999999987e-01
1.396194023627515303e-02 -1.196304999999999952e+00
1.398194301598328429e-02 -1.746161999999999992e+00
1.400194579569141555e-02 -2.090780999999999779e+00
1.402194857539954508e-02 -2.033420000000000005e+00
1.404195135510767634e-02 -1.578168000000000015e+00
1.406195413481580760e-02 -9.201430000000000442e-01
1.408195691452393712e-02 -4.029889999999999861e-01
1.410195969423206838e-02 -2.128039999999999932e-01
1.412196247394019791e-02 -4.792969999999999731e-01
1.414196525364832917e-02 -1.027466999999999908e+00
1.416196803335646043e-02 -1.671607000000000065e+00
1.418197081306458995e-02 -2.149179000000000173e+00
1.420197359277272121e-02 -2.195768999999999860e+00
1.422197637248085074e-02 -1.741425999999999918e+00
1.424197915218898200e-02 -1.012868000000000102e+00
1.426198193189711326e-02 -4.274519999999999986e-01
1.428198471160524279e-02 -2.116359999999999908e-01
1.430198749131337405e-02 -5.376959999999999518e-01
1.432199027102150531e-02 -1.135569999999999968e+00
1.434199305072963483e-02 -1.688606999999999969e+00
1.436199583043776609e-02 -1.904878000000000071e+00
1.438199861014589562e-02 -1.781331999999999915e+00
1.440200138985402688e-02 -1.414846000000000048e+00
1.442200416956215814e-02 -9.342240000000000544e-01
1.444200694927028766e-02 -6.045949999999999935e-01
1.446200972897841892e-02 -5.199169999999999625e-01
1.448201250868654845e-02 -6.771390000000000464e-01
1.450201528839467971e-02 -1.022340999999999944e+00
1.452201806810281097e-02 -1.484860000000000069e+00
1.454202084781094050e-02 -1.681405000000000038e+00
1.456202362751907176e-02 -1.557533999999999974e+00
1.458202640722720302e-02 -1.319396999999999931e+00
1.460202918693533254e-02 -1.025195999999999996e+00
1.462203196664346380e-02 -9.249450000000000172e-01
1.464203474635159333e-02 -1.066205000000000069e+00
1.466203752605972459e-02 -1.176579000000000041e+00
1.468204030576785585e-02 -1.099102999999999941e+00
1.470204308547598537e-02 -1.054785000000000084e+00
1.472204586518411663e-02 -1.033501999999999921e+00
1.474204864489224616e-02 -1.058872999999999953e+00
1.476205142460037742e-02 -1.157178000000000040e+00
1.478205420430850868e-02 -1.227840000000000042e+00
1.480205698401663821e-02 -1.219470000000000054e+00
1.482205976372476947e-02 -1.172490999999999950e+00
1.484206254343290073e-02 -1.164379999999999971e+00
1.486206532314103025e-02 -1.069903999999999966e+00
1.488206810284916151e-02 -1.009557999999999955e+00
1.490207088255729104e-02 -8.926309999999999523e-01
1.492207366226542230e-02 -8.797829999999999817e-01
1.494207644197355356e-02 -1.030971000000000082e+00
1.496207922168168308e-02 -1.283319000000000099e+00
1.498208200138981434e-02 -1.468572999999999906e+00
1.500208478109794387e-02 -1.428082999999999991e+00
1.502208756080607513e-02 -1.224725999999999981e+00
1.504209034051420639e-02 -1.042780999999999958e+00
1.506209312022233592e-02 -9.368840000000000501e-01
1.508209589993046718e-02 -9.979440000000000532e-01
1.510209867963859844e-02 -1.172296999999999922e+00
1.512210145934672796e-02 -1.189038000000000039e+00
1.514210423905485922e-02 -1.167559999999999931e+00
1.516210701876298875e-02 -1.220442999999999945e+00
1.518210979847112001e-02 -1.173464999999999980e+00
1.520211257817925127e-02 -1.110394000000000103e+00
1.522211535788738079e-02 -1.137062999999999935e+00
1.524211813759551205e-02 -1.184301000000000048e+00
1.526212091730364158e-02 -1.201300999999999952e+00
1.528212369701177284e-02 -1.279490999999999934e+00
1.530212647671990410e-02 -1.184495000000000076e+00
1.532212925642803363e-02 -9.120970000000000466e-01
1.534213203613616489e-02 -7.246369999999999756e-01
1.536213481584429441e-02 -5.932399999999999896e-01
1.538213759555242567e-02 -7.794670000000000210e-01
1.540214037526055693e-02 -1.123566000000000065e+00
1.542214315496868646e-02 -1.568176000000000014e+00
1.544214593467681772e-02 -1.773479999999999945e+00
1.546214871438494898e-02 -1.737403000000000031e+00
1.548215149409307850e-02 -1.374486000000000097e+00
1.550215427380120976e-02 -9.528469999999999995e-01
1.552215705350933929e-02 -6.350919999999999899e-01
1.554215983321747055e-02 -5.323750000000000426e-01
1.556216261292560181e-02 -6.583219999999999628e-01
1.558216539263373134e-02 -1.025910000000000100e+00
1.560216817234186260e-02 -1.487910000000000066e+00
1.562217095204999212e-02 -1.775751000000000079e+00
1.564217373175812512e-02 -1.694706999999999963e+00
1.566217651146625464e-02 -1.306224999999999969e+00
1.568217929117438417e-02 -8.240450000000000275e-01
1.570218207088251369e-02 -5.009689999999999976e-01
1.572218485059064669e-02 -4.722890000000000144e-01
1.574218763029877621e-02 -7.713560000000000416e-01
1.576219041000690574e-02 -1.130767999999999995e+00
1.578219318971503873e-02 -1.461176000000000030e+00
1.580219596942316826e-02 -1.618722999999999912e+00
1.582219874913129778e-02 -1.558443000000000023e+00
1.584220152883943078e-02 -1.254639000000000060e+00
1.586220430854756031e-02 -8.929550000000000542e-01
1.588220708825568983e-02 -6.036869999999999736e-01
1.590220986796382283e-02 -5.799379999999999535e-01
1.592221264767195235e-02 -8.759550000000000392e-01
1.594221542738008188e-02 -1.256715000000000027e+00
1.596221820708821140e-02 -1.641434000000000060e+00
1.598222098679634440e-02 -1.750056000000000056e+00
1.600222376650447392e-02 -1.547152000000000083e+00
1.602222654621260345e-02 -1.136608000000000063e+00
1.604222932592073644e-02 -8.374120000000000452e-01
1.606223210562886597e-02 -6.154309999999999503e-01
1.608223488533699549e-02 -5.623529999999999918e-01
1.610223766504512849e-02 -6.753219999999999779e-01
1.612224044475325802e-02 -9.470720000000000249e-01
1.614224322446138754e-02 -1.232836999999999961e+00
1.616224600416952054e-02 -1.423540999999999945e+00
1.618224878387765006e-02 -1.469805999999999946e+00
1.620225156358577959e-02 -1.332568999999999892e+00
1.622225434329390911e-02 -1.131871999999999989e+00
1.624225712300204211e-02 -9.880160000000000053e-01
1.626225990271017163e-02 -9.908059999999999645e-01
1.628226268241830116e-02 -1.105917000000000039e+00
1.630226546212643415e-02 -1.167300000000000004e+00
1.632226824183456368e-02 -1.222520000000000051e+00
1.634227102154269320e-02 -1.148741999999999930e+00
1.636227380125082620e-02 -1.058354000000000017e+00
1.638227658095895573e-02 -1.036097000000000046e+00
1.640227936066708525e-02 -1.110913000000000039e+00
1.642228214037521825e-02 -1.195915999999999979e+00
1.644228492008334777e-02 -1.258920999999999957e+00
1.646228769979147730e-02 -1.292338999999999904e+00
1.648229047949960682e-02 -1.292793000000000081e+00
1.650229325920773982e-02 -1.236795000000000089e+00
1.652229603891586934e-02 -1.090084000000000053e+00
1.654229881862399887e-02 -8.748519999999999630e-01
1.656230159833213186e-02 -7.343049999999999855e-01
1.658230437804026139e-02 -7.561069999999999736e-01
1.660230715774839091e-02 -9.376630000000000242e-01
1.662230993745652391e-02 -1.168014000000000108e+00
1.664231271716465344e-02 -1.347039000000000097e+00
1.666231549687278296e-02 -1.392589999999999995e+00
1.668231827658091596e-02 -1.340745000000000076e+00
1.670232105628904548e-02 -1.243738000000000010e+00
1.672232383599717501e-02 -1.121683999999999903e+00
1.674232661570530453e-02 -1.009168999999999983e+00
1.676232939541343753e-02 -9.671220000000000372e-01
1.678233217512156705e-02 -1.027531999999999890e+00
1.680233495482969658e-02 -1.079766999999999921e+00
1.682233773453782957e-02 -1.146536000000000000e+00
1.684234051424595910e-02 -1.222779000000000060e+00
1.686234329395408862e-02 -1.227710999999999997e+00
1.688234607366222162e-02 -1.141345000000000054e+00
1.690234885337035114e-02 -1.077366000000000046e+00
1.692235163307848067e-02 -1.031360999999999972e+00
1.694235441278661367e-02 -1.052059999999999995e+00
1.696235719249474319e-02 -1.050761999999999974e+00
1.698235997220287272e-02 -1.065426999999999902e+00
1.700236275191100224e-02 -1.081323999999999952e+00
1.702236553161913524e-02 -1.178007000000000026e+00
1.704236831132726476e-02 -1.301293000000000033e+00
1.706237109103539429e-02 -1.374940999999999969e+00
1.708237387074352728e-02 -1.322187000000000001e+00
1.710237665045165681e-02 -1.152959999999999985e+00
1.712237943015978633e-02 -9.849010000000000264e-01
1.714238220986791933e-02 -8.834819999999999895e-01
1.716238498957604885e-02 -8.248229999999999729e-01
1.718238776928417838e-02 -9.145630000000000148e-01
1.720239054899231138e-02 -1.130573999999999968e+00
1.722239332870044090e-02 -1.400895999999999919e+00
1.724239610840857043e-02 -1.612363999999999908e+00
1.726239888811669995e-02 -1.597893999999999926e+00
1.728240166782483295e-02 -1.340939000000000103e+00
1.730240444753296247e-02 -9.640720000000000400e-01
1.732240722724109200e-02 -6.186110000000000220e-01
1.734241000694922499e-02 -5.069390000000000285e-01
1.736241278665735452e-02 -6.799290000000000056e-01
1.738241556636548404e-02 -1.057444999999999968e+00
1.740241834607361704e-02 -1.389799999999999924e+00
1.742242112578174656e-02 -1.611326000000000036e+00
1.744242390548987609e-02 -1.614246000000000070e+00
1.746242668519800909e-02 -1.394860999999999907e+00
1.748242946490613861e-02 -1.129860000000000086e+00
1.750243224461426814e-02 -8.134679999999999689e-01
1.752243502432239766e-02 -6.905710000000000459e-01
1.754243780403053066e-02 -7.959479999999999889e-01
1.756244058373866018e-02 -1.090084000000000053e+00
1.758244336344678971e-02 -1.388112999999999930e+00
1.760244614315492270e-02 -1.505819000000000019e+00
1.762244892286305223e-02 -1.397650999999999977e+00
1.764245170257118175e-02 -1.117077000000000098e+00
1.766245448227931475e-02 -8.790689999999999893e-01
1.768245726198744427e-02 -8.315069999999999961e-01
1.770246004169557380e-02 -9.614770000000000261e-01
1.772246282140370680e-02 -1.134727000000000041e+00
1.774246560111183632e-02 -1.269044000000000061e+00
1.776246838081996585e-02 -1.330492999999999926e+00
1.778247116052809537e-02 -1.293636000000000008e+00
1.780247394023622837e-02 -1.183521999999999963e+00
1.782247671994435789e-02 -1.067698000000000036e+00
1.784247949965248742e-02 -9.620610000000000550e-01
1.786248227936062041e-02 -9.507050000000000223e-01
1.788248505906874994e-02 -1.083271000000000095e+00
1.790248783877687946e-02 -1.288316000000000017e+00
1.792249061848501246e-02 -1.448134000000000032e+00
1.794249339819314198e-02 -1.411861999999999950e+00
1.796249617790127151e-02 -1.202922999999999965e+00
1.798249895760940451e-02 -9.544040000000000301e-01
1.800250173731753403e-02 -8.183350000000000346e-01
1.802250451702566356e-02 -8.719970000000000221e-01
1.804250729673379308e-02 -1.001706999999999903e+00
1.806251007644192608e-02 -1.166392000000000095e+00
1.808251285615005560e-02 -1.255287999999999959e+00
1.810251563585818513e-02 -1.268979000000000079e+00
1.812251841556631812e-02 -1.243543000000000065e+00
1.814252119527444765e-02 -1.167170000000000041e+00
1.816252397498257717e-02 -1.091056999999999944e+00
1.818252675469071017e-02 -1.056341999999999892e+00
1.820252953439883969e-02 -1.048815000000000053e+00
1.822253231410696922e-02 -1.174762000000000084e+00
1.824253509381510222e-02 -1.320759000000000016e+00
1.826253787352323174e-02 -1.431327999999999934e+00
1.828254065323136127e-02 -1.400959999999999983e+00
1.830254343293949079e-02 -1.220572999999999908e+00
1.832254621264762379e-02 -1.029025000000000079e+00
1.834254899235575331e-02 -9.513540000000000330e-01
1.836255177206388284e-02 -9.292920000000000069e-01
1.838255455177201583e-02 -1.004626999999999937e+00
1.840255733148014536e-02 -1.079766999999999921e+00
1.842256011118827488e-02 -1.149002000000000079e+00
1.844256289089640788e-02 -1.232642000000000015e+00
1.846256567060453740e-02 -1.302396000000000109e+00
1.848256845031266693e-02 -1.291299999999999892e+00
1.850257123002079993e-02 -1.189427000000000012e+00
1.852257400972892945e-02 -1.050308000000000019e+00
1.854257678943705898e-02 -9.269570000000000309e-01
1.856257956914518850e-02 -8.860120000000000218e-01
1.858258234885332150e-02 -9.361709999999999754e-01
1.860258512856145102e-02 -1.051476000000000077e+00
1.862258790826958055e-02 -1.178201000000000054e+00
1.864259068797771354e-02 -1.328610999999999986e+00
1.866259346768584307e-02 -1.417961000000000027e+00
1.868259624739397259e-02 -1.458320999999999978e+00
1.870259902710210559e-02 -1.387723000000000040e+00
1.872260180681023511e-02 -1.233549999999999924e+00
1.874260458651836464e-02 -1.066076000000000024e+00
1.876260736622649763e-02 -8.961350000000000149e-01
1.878261014593462716e-02 -8.644699999999999607e-01
1.880261292564275669e-02 -9.078150000000000386e-01
1.882261570535088621e-02 -1.049334999999999907e+00
1.884261848505901921e-02 -1.149261000000000088e+00
1.886262126476714873e-02 -1.247176999999999980e+00
1.888262404447527826e-02 -1.276375999999999955e+00
1.890262682418341125e-02 -1.204350999999999949e+00
1.892262960389154078e-02 -1.124214999999999964e+00
1.894263238359967030e-02 -1.032853000000000021e+00
1.896263516330780330e-02 -1.031749999999999945e+00
1.898263794301593282e-02 -1.081777999999999906e+00
1.900264072272406235e-02 -1.193449999999999900e+00
1.902264350243219534e-02 -1.285266000000000020e+00
1.904264628214032487e-02 -1.307717000000000018e+00
1.906264906184845440e-02 -1.247241999999999962e+00
1.908265184155658392e-02 -1.140695999999999932e+00
1.910265462126471692e-02 -1.023379999999999956e+00
1.912265740097284644e-02 -9.905460000000000376e-01
1.914266018068097597e-02 -9.811379999999999546e-01
1.916266296038910896e-02 -1.065750999999999893e+00
1.918266574009723849e-02 -1.225894000000000039e+00
1.920266851980536801e-02 -1.336786999999999948e+00
1.922267129951350101e-02 -1.362676999999999916e+00
1.924267407922163053e-02 -1.266448000000000018e+00
1.926267685892976006e-02 -1.073862000000000094e+00
1.928267963863789305e-02 -8.833520000000000261e-01
1.930268241834602258e-02 -8.107429999999999914e-01
1.932268519805415211e-02 -8.969780000000000530e-01
1.934268797776228163e-02 -1.034475000000000033e+00
1.936269075747041463e-02 -1.189945999999999948e+00
1.938269353717854415e-02 -1.311350999999999933e+00
1.940269631688667368e-02 -1.321083999999999925e+00
1.942269909659480667e-02 -1.290910999999999920e+00
1.944270187630293620e-02 -1.221999999999999975e+00
1.946270465601106572e-02 -1.163667000000000007e+00
1.948270743571919872e-02 -1.123696000000000028e+00
1.950271021542732824e-02 -1.169116999999999962e+00
1.952271299513545777e-02 -1.236210999999999949e+00
1.954271577484359076e-02 -1.307522000000000073e+00
1.956271855455172029e-02 -1.313231999999999955e+00
1.958272133425984982e-02 -1.157048000000000076e+00
1.960272411396797934e-02 -9.494730000000000114e-01
1.962272689367611234e-02 -8.294300000000000006e-01
1.964272967338424186e-02 -8.390339999999999465e-01
1.966273245309237139e-02 -9.924929999999999586e-01
1.968273523280050438e-02 -1.215057000000000054e+00
1.970273801250863391e-02 -1.363326000000000038e+00
1.972274079221676343e-02 -1.367218999999999962e+00
1.974274357192489643e-02 -1.282669999999999977e+00
1.976274635163302595e-02 -1.110198999999999936e+00
1.978274913134115548e-02 -9.237769999999999593e-01
1.980275191104928847e-02 -8.004259999999999708e-01
1.982275469075741800e-02 -8.187889999999999890e-01
1.984275747046554753e-02 -9.805540000000000367e-01
1.986276025017367705e-02 -1.226866999999999930e+00
1.988276302988181005e-02 -1.444499999999999895e+00
1.990276580958993957e-02 -1.542869999999999964e+00
1.992276858929806910e-02 -1.443980999999999959e+00
1.994277136900620209e-02 -1.226347999999999994e+00
1.996277414871433162e-02 -1.028894999999999893e+00
1.998277692842246114e-02 -9.008720000000000061e-01
2.000277970813059414e-02 -8.987950000000000106e-01
2.002278248783872366e-02 -9.620610000000000550e-01
2.004278526754685319e-02 -1.037006000000000094e+00
2.006278804725498618e-02 -1.099752000000000063e+00
2.008279082696311571e-02 -1.144134999999999902e+00
2.010279360667124524e-02 -1.134856000000000087e+00
2.012279638637937476e-02 -1.092939000000000105e+00
2.014279916608750776e-02 -1.074705999999999939e+00
2.016280194579563728e-02 -1.080481000000000025e+00
2.018280472550376681e-02 -1.109291000000000027e+00
2.020280750521189980e-02 -1.189621999999999957e+00
2.022281028492002933e-02 -1.221546000000000021e+00
2.024281306462815885e-02 -1.202274999999999983e+00
2.026281584433629185e-02 -1.176320000000000032e+00
2.028281862404442137e-02 -1.139073999999999920e+00
2.030282140375255090e-02 -1.117661000000000016e+00
2.032282418346068389e-02 -1.097415999999999947e+00
2.034282696316881342e-02 -1.095015000000000072e+00
2.036282974287694295e-02 -1.093976999999999977e+00
2.038283252258507247e-02 -1.064453000000000094e+00
2.040283530229320547e-02 -1.084632999999999958e+00
2.042283808200133499e-02 -1.101698999999999984e+00
2.044284086170946452e-02 -1.154063000000000061e+00
2.046284364141759751e-02 -1.165937999999999919e+00
2.048284642112572704e-02 -1.188453999999999899e+00
2.050284920083385656e-02 -1.138554999999999984e+00
2.052285198054198956e-02 -1.111496999999999957e+00
2.054285476025011908e-02 -1.044467999999999952e+00
2.056285753995824861e-02 -9.758170000000000455e-01
2.058286031966638160e-02 -9.564799999999999969e-01
2.060286309937451113e-02 -1.018513000000000002e+00
2.062286587908264066e-02 -1.132001000000000035e+00
2.064286865879077018e-02 -1.268199999999999994e+00
2.066287143849890318e-02 -1.355085000000000095e+00
2.068287421820703270e-02 -1.347623000000000015e+00
2.070287699791516223e-02 -1.277933999999999903e+00
2.072287977762329522e-02 -1.188582999999999945e+00
2.074288255733142475e-02 -1.094560999999999895e+00
2.076288533703955427e-02 -1.058354000000000017e+00
2.078288811674768727e-02 -1.045052000000000092e+00
2.080289089645581679e-02 -1.086904000000000092e+00
2.082289367616394632e-02 -1.112729999999999997e+00
2.084289645587207931e-02 -1.150169999999999915e+00
2.086289923558020884e-02 -1.126875000000000071e+00
2.088290201528833837e-02 -1.089110999999999940e+00
2.090290479499646789e-02 -1.059781000000000084e+00
2.092290757470460089e-02 -1.072435000000000027e+00
2.094291035441273041e-02 -1.135764999999999914e+00
2.096291313412085994e-02 -1.204611000000000098e+00
2.098291591382899293e-02 -1.251135000000000108e+00
2.100291869353712246e-02 -1.222325000000000106e+00
2.102292147324525198e-02 -1.103709999999999969e+00
2.104292425295338498e-02 -9.804239999999999622e-01
2.106292703266151450e-02 -9.250749999999999806e-01
2.108292981236964403e-02 -9.375329999999999497e-01
2.110293259207777702e-02 -1.040769000000000055e+00
2.112293537178590655e-02 -1.175216000000000038e+00
2.114293815149403608e-02 -1.277220000000000022e+00
2.116294093120216560e-02 -1.358394000000000101e+00
2.118294371091029860e-02 -1.345806000000000058e+00
2.120294649061842812e-02 -1.222520000000000051e+00
2.122294927032655765e-02 -1.058483999999999980e+00
2.124295205003469064e-02 -9.122270000000000101e-01
2.126295482974282017e-02 -8.557099999999999707e-01
2.128295760945094969e-02 -9.257239999999999913e-01
2.130296038915908269e-02 -1.087229000000000001e+00
2.132296316886721221e-02 -1.212850999999999901e+00
2.134296594857534174e-02 -1.269887999999999906e+00
2.136296872828347473e-02 -1.231797999999999949e+00
2.138297150799160426e-02 -1.145497999999999905e+00
2.140297428769973379e-02 -1.057380999999999904e+00
2.142297706740786331e-02 -1.033762000000000070e+00
2.144297984711599631e-02 -1.038303999999999894e+00
2.146298262682412583e-02 -1.119542999999999955e+00
2.148298540653225536e-02 -1.197667999999999955e+00
2.150298818624038835e-02 -1.258531999999999984e+00
2.152299096594851788e-02 -1.275533000000000028e+00
2.154299374565664740e-02 -1.203572000000000086e+00
2.156299652536478040e-02 -1.078794000000000031e+00
2.158299930507290992e-02 -9.205330000000000457e-01
2.160300208478103945e-02 -8.662220000000000475e-01
2.162300486448917244e-02 -9.034670000000000201e-01
2.164300764419730197e-02 -1.046154999999999946e+00
2.166301042390543150e-02 -1.176644000000000023e+00
2.168301320361356102e-02 -1.269562999999999997e+00
2.170301598332169402e-02 -1.266968000000000094e+00
2.172301876302982354e-02 -1.199483999999999995e+00
2.174302154273795307e-02 -1.119737999999999900e+00
2.176302432244608606e-02 -1.039471999999999952e+00
2.178302710215421559e-02 -9.835390000000000521e-01
2.180302988186234511e-02 -9.825000000000000400e-01
2.182303266157047811e-02 -1.025844999999999896e+00
2.184303544127860763e-02 -1.109096000000000082e+00
2.186303822098673716e-02 -1.181899999999999951e+00
2.188304100069487015e-02 -1.211748000000000047e+00
2.190304378040299968e-02 -1.196824000000000110e+00
2.192304656011112921e-02 -1.166585999999999901e+00
2.194304933981925873e-02 -1.121035000000000004e+00
2.196305211952739173e-02 -1.112276000000000042e+00
2.198305489923552125e-02 -1.110913000000000039e+00
2.200305767894365078e-02 -1.094367000000000090e+00
2.202306045865178377e-02 -1.086319999999999952e+00
2.204306323835991330e-02 -1.066983999999999932e+00
2.206306601806804282e-02 -1.045636000000000010e+00
2.208306879777617582e-02 -1.042845999999999940e+00
2.210307157748430534e-02 -1.072240000000000082e+00
2.212307435719243487e-02 -1.119153999999999982e+00
2.214307713690056786e-02 -1.166716000000000086e+00
2.216307991660869739e-02 -1.214279000000000108e+00
2.218308269631682692e-02 -1.205842999999999998e+00
2.220308547602495644e-02 -1.180797000000000097e+00
2.222308825573308944e-02 -1.144719000000000042e+00
2.224309103544121896e-02 -1.106630000000000003e+00
2.226309381514934849e-02 -1.084373999999999949e+00
2.228309659485748148e-02 -1.055757999999999974e+00
2.230309937456561101e-02 -1.039147000000000043e+00
2.232310215427374053e-02 -1.055693999999999910e+00
2.234310493398187353e-02 -1.062507000000000090e+00
2.236310771369000305e-02 -1.088136999999999910e+00
2.238311049339813258e-02 -1.125836999999999977e+00
2.240311327310626557e-02 -1.142512999999999890e+00
2.242311605281439510e-02 -1.137321999999999944e+00
2.244311883252252462e-02 -1.151272999999999991e+00
2.246312161223065415e-02 -1.149326000000000070e+00
2.248312439193878715e-02 -1.115650000000000031e+00
2.250312717164691667e-02 -1.048815000000000053e+00
2.252312995135504620e-02 -1.026235000000000008e+00
2.254313273106317919e-02 -1.007287000000000043e+00
2.256313551077130872e-02 -1.039212000000000025e+00
2.258313829047943824e-02 -1.125642000000000031e+00
2.260314107018757124e-02 -1.186312000000000033e+00
2.262314384989570076e-02 -1.211163999999999907e+00
2.264314662960383029e-02 -1.184884999999999966e+00
2.266314940931196328e-02 -1.118764000000000092e+00
2.268315218902009281e-02 -1.079636999999999958e+00
2.270315496872822233e-02 -1.060885000000000078e+00
2.272315774843635186e-02 -1.074057000000000039e+00
2.274316052814448486e-02 -1.107213999999999920e+00
2.276316330785261438e-02 -1.145367999999999942e+00
2.278316608756074391e-02 -1.148417999999999939e+00
2.280316886726887690e-02 -1.130184000000000077e+00
2.282317164697700643e-02 -1.102348000000000106e+00
2.284317442668513595e-02 -1.002356000000000025e+00
2.286317720639326895e-02 -9.518729999999999691e-01
2.288317998610139847e-02 -9.513540000000000330e-01
2.290318276580952800e-02 -1.044208000000000025e+00
2.292318554551766099e-02 -1.193449999999999900e+00
2.294318832522579052e-02 -1.300384999999999902e+00
2.296319110493392004e-02 -1.311805000000000110e+00
2.298319388464204957e-02 -1.213565000000000005e+00
2.300319666435018257e-02 -1.102737000000000078e+00
2.302319944405831209e-02 -1.001511999999999958e+00
2.304320222376644162e-02 -9.378579999999999695e-01
2.306320500347457461e-02 -9.653699999999999504e-01
2.308320778318270414e-02 -1.049789000000000083e+00
2.310321056289083366e-02 -1.137647000000000075e+00
2.312321334259896666e-02 -1.224725999999999981e+00
2.314321612230709618e-02 -1.267746000000000040e+00
2.316321890201522571e-02 -1.239584999999999937e+00
2.318322168172335870e-02 -1.151208000000000009e+00
2.320322446143148823e-02 -1.036680999999999964e+00
2.322322724113961775e-02 -9.589459999999999651e-01
2.324323002084774728e-02 -9.730919999999999570e-01
2.326323280055588028e-02 -1.065555999999999948e+00
2.328323558026400980e-02 -1.128173000000000092e+00
2.330323835997213933e-02 -1.155035999999999952e+00
2.332324113968027232e-02 -1.129081000000000001e+00
2.334324391938840185e-02 -1.079636999999999958e+00
2.336324669909653137e-02 -1.029608999999999996e+00
2.338324947880466437e-02 -1.026429000000000036e+00
2.340325225851279389e-02 -1.048815000000000053e+00
2.342325503822092342e-02 -1.067307999999999923e+00
2.344325781792905641e-02 -1.120646000000000031e+00
2.346326059763718594e-02 -1.182223999999999942e+00
2.348326337734531546e-02 -1.196565000000000101e+00
2.350326615705344499e-02 -1.187805000000000000e+00
2.352326893676157799e-02 -1.118179999999999952e+00
2.354327171646970751e-02 -1.039341999999999988e+00
2.356327449617783704e-02 -1.003719000000000028e+00
2.358327727588597003e-02 -1.031166000000000027e+00
2.360328005559409956e-02 -1.064387999999999890e+00
2.362328283530222908e-02 -1.083984999999999976e+00
2.364328561501036208e-02 -1.095404999999999962e+00
2.366328839471849160e-02 -1.097415999999999947e+00
2.368329117442662113e-02 -1.076847000000000110e+00
2.370329395413475412e-02 -1.069450000000000012e+00
2.372329673384288365e-02 -1.057120999999999977e+00
2.374329951355101317e-02 -1.038693000000000088e+00
2.376330229325914270e-02 -1.057965000000000044e+00
2.378330507296727570e-02 -1.067957000000000045e+00
2.380330785267540522e-02 -1.091771000000000047e+00
2.382331063238353475e-02 -1.102932000000000023e+00
2.384331341209166774e-02 -1.090991999999999962e+00
2.386331619179979727e-02 -1.095339999999999980e+00
2.388331897150792679e-02 -1.080610000000000070e+00
2.390332175121605979e-02 -1.112146000000000079e+00
2.392332453092418931e-02 -1.120516000000000068e+00
2.394332731063231884e-02 -1.138490000000000002e+00
2.396333009034045183e-02 -1.118959000000000037e+00
2.398333287004858136e-02 -1.108381999999999978e+00
2.400333564975671088e-02 -1.089110999999999940e+00
2.402333842946484041e-02 -1.050243000000000038e+00
2.404334120917297341e-02 -1.000019999999999909e+00
2.406334398888110293e-02 -9.894429999999999614e-01
2.408334676858923246e-02 -9.576480000000000548e-01
2.410334954829736545e-02 -9.076199999999999823e-01
2.412335232800549498e-02 -1.093588000000000005e+00
2.414335510771362450e-02 -1.053293000000000035e+00
2.416335788742175750e-02 -1.120581000000000049e+00
2.418336066712988702e-02 -1.098648999999999987e+00
2.420336344683801655e-02 -1.149456000000000033e+00
2.422336622654614954e-02 -1.010013000000000050e+00
2.424336900625427907e-02 -1.108511999999999942e+00
2.426337178596240859e-02 -1.077560999999999991e+00
2.428337456567053812e-02 -9.815270000000000383e-01
2.430337734537867111e-02 -1.036680999999999964e+00
2.432338012508680064e-02 -8.862719999999999487e-01
2.434338290479493017e-02 -9.727019999999999555e-01
2.436338568450306316e-02 -1.185793000000000097e+00
2.438338846421119269e-02 -1.186830999999999969e+00
2.440339124391932221e-02 -1.188388999999999918e+00
2.442339402362745521e-02 -1.191308999999999951e+00
2.444339680333558473e-02 -1.078338999999999936e+00
2.446339958304371426e-02 -1.008909999999999973e+00
2.448340236275184725e-02 -9.439570000000000460e-01
2.450340514245997678e-02 -9.021050000000000457e-01
2.452340792216810630e-02 -9.681600000000000206e-01
2.454341070187623583e-02 -1.051735000000000086e+00
2.456341348158436882e-02 -1.073992000000000058e+00
2.458341626129249835e-02 -1.094041999999999959e+00
2.460341904100062788e-02 -1.104100000000000081e+00
2.462342182070876087e-02 -1.121814000000000089e+00
2.464342460041689040e-02 -1.108835999999999933e+00
2.466342738012501992e-02 -1.084893000000000107e+00
2.468343015983315292e-02 -1.048361000000000098e+00
2.470343293954128244e-02 -1.069320000000000048e+00
2.472343571924941197e-02 -1.107928000000000024e+00
2.474343849895754496e-02 -1.184949999999999948e+00
2.476344127866567449e-02 -1.157372000000000067e+00
2.478344405837380401e-02 -1.094041999999999959e+00
2.480344683808193354e-02 -1.007417000000000007e+00
2.482344961779006653e-02 -9.950240000000000196e-01
2.484345239749819606e-02 -9.782830000000000137e-01
2.486345517720632559e-02 -1.014229999999999965e+00
2.488345795691445858e-02 -1.063285000000000036e+00
2.490346073662258811e-02 -1.114352000000000009e+00
2.492346351633071763e-02 -1.172360999999999986e+00
2.494346629603885063e-02 -1.196824000000000110e+00
2.496346907574698015e-02 -1.134012999999999938e+00
2.498347185545510968e-02 -1.029608999999999996e+00
2.500347463516324267e-02 -9.586869999999999559e-01
2.502347741487137220e-02 -9.550530000000000408e-01
2.504348019457950172e-02 -1.021107999999999905e+00
2.506348297428763125e-02 -1.079831999999999903e+00
2.508348575399576424e-02 -1.125966999999999940e+00
2.510348853370389377e-02 -1.114611000000000018e+00
2.512349131341202330e-02 -1.128108000000000111e+00
2.514349409312015629e-02 -1.133882999999999974e+00
2.516349687282828582e-02 -1.125188000000000077e+00
2.518349965253641534e-02 -1.088267000000000095e+00
2.520350243224454834e-02 -1.068411999999999917e+00
2.522350521195267786e-02 -1.074705999999999939e+00
2.524350799166080739e-02 -1.129145999999999983e+00
2.526351077136894038e-02 -1.114352000000000009e+00
2.528351355107706991e-02 -1.077171000000000101e+00
2.530351633078519943e-02 -9.876260000000000039e-01
2.532351911049332896e-02 -9.473960000000000159e-01
2.534352189020146195e-02 -9.517440000000000344e-01
2.536352466990959148e-02 -1.007676999999999934e+00
2.538352744961772101e-02 -1.064778000000000002e+00
2.540353022932585400e-02 -1.116946999999999912e+00
2.542353300903398353e-02 -1.145173999999999914e+00
2.544353578874211305e-02 -1.150234999999999896e+00
2.546353856845024605e-02 -1.146147000000000027e+00
2.548354134815837557e-02 -1.107539000000000051e+00
2.550354412786650510e-02 -1.061857999999999969e+00
2.552354690757463809e-02 -1.006639000000000062e+00
2.554354968728276762e-02 -1.009039000000000019e+00
2.556355246699089714e-02 -1.043365000000000098e+00
2.558355524669902667e-02 -1.104359000000000091e+00
2.560355802640715966e-02 -1.121879000000000071e+00
2.562356080611528919e-02 -1.117661000000000016e+00
2.564356358582341872e-02 -1.099102999999999941e+00
2.566356636553155171e-02 -1.134271999999999947e+00
2.568356914523968124e-02 -1.130055000000000032e+00
2.570357192494781076e-02 -1.111302000000000012e+00
2.572357470465594376e-02 -1.056861999999999968e+00
2.574357748436407328e-02 -1.045506000000000046e+00
2.576358026407220281e-02 -1.054589999999999916e+00
2.578358304378033580e-02 -1.085606999999999989e+00
2.580358582348846533e-02 -1.075290000000000079e+00
2.582358860319659485e-02 -1.063674999999999926e+00
2.584359138290472438e-02 -1.067503000000000091e+00
2.586359416261285737e-02 -1.099558000000000035e+00
2.588359694232098690e-02 -1.141086000000000045e+00
2.590359972202911643e-02 -1.143291999999999975e+00
2.592360250173724942e-02 -1.110198999999999936e+00
2.594360528144537895e-02 -1.102737000000000078e+00
2.596360806115350847e-02 -1.102087999999999957e+00
2.598361084086164147e-02 -1.130832999999999977e+00
2.600361362056977099e-02 -1.137126999999999999e+00
2.602361640027790052e-02 -1.096961999999999993e+00
2.604361917998603351e-02 -1.058613000000000026e+00
2.606362195969416304e-02 -1.027273000000000103e+00
2.608362473940229256e-02 -1.038497999999999921e+00
2.610362751911042209e-02 -1.038693000000000088e+00
2.612363029881855508e-02 -1.077366000000000046e+00
2.614363307852668461e-02 -1.075549000000000088e+00
2.616363585823481414e-02 -1.123631000000000046e+00
2.618363863794294713e-02 -1.170998999999999901e+00
2.620364141765107666e-02 -1.200717000000000034e+00
2.622364419735920618e-02 -1.186118000000000006e+00
2.624364697706733918e-02 -1.119153999999999982e+00
2.626364975677546870e-02 -1.052189999999999959e+00
2.628365253648359823e-02 -9.996310000000000473e-01
2.630365531619173122e-02 -1.010531999999999986e+00
2.632365809589986075e-02 -1.046674000000000104e+00
2.634366087560799027e-02 -1.095015000000000072e+00
2.636366365531611980e-02 -1.105591999999999908e+00
2.638366643502425279e-02 -1.123436000000000101e+00
2.640366921473238232e-02 -1.131288000000000071e+00
2.642367199444051185e-02 -1.131416999999999895e+00
2.644367477414864484e-02 -1.101180000000000048e+00
2.646367755385677437e-02 -1.058742999999999990e+00
2.648368033356490389e-02 -1.050178000000000056e+00
2.650368311327303689e-02 -1.058159000000000072e+00
2.652368589298116641e-02 -1.092549999999999910e+00
2.654368867268929594e-02 -1.114805999999999964e+00
2.656369145239742893e-02 -1.091447000000000056e+00
2.658369423210555846e-02 -1.050178000000000056e+00
2.660369701181368798e-02 -1.027466999999999908e+00
2.662369979152181751e-02 -1.025910000000000100e+00
2.664370257122995050e-02 -1.055822999999999956e+00
2.666370535093808003e-02 -1.089499999999999913e+00
2.668370813064620956e-02 -1.125057999999999891e+00
2.670371091035434255e-02 -1.143875999999999893e+00
2.672371369006247208e-02 -1.135699999999999932e+00
2.674371646977060160e-02 -1.105137999999999954e+00
2.676371924947873460e-02 -1.060885000000000078e+00
2.678372202918686412e-02 -1.004950999999999928e+00
2.680372480889499365e-02 -9.823060000000000125e-01
2.682372758860312664e-02 -9.907409999999999828e-01
2.684373036831125617e-02 -1.036097000000000046e+00
2.686373314801938569e-02 -1.080740000000000034e+00
2.688373592772751522e-02 -1.131027999999999922e+00
2.690373870743564821e-02 -1.131351999999999913e+00
2.692374148714377774e-02 -1.110587999999999909e+00
2.694374426685190727e-02 -1.068346999999999936e+00
2.696374704656004026e-02 -1.032399000000000067e+00
2.698374982626816979e-02 -1.032723000000000058e+00
2.700375260597629931e-02 -1.060041000000000011e+00
2.702375538568443231e-02 -1.085023000000000071e+00
2.704375816539256183e-02 -1.116622999999999921e+00
2.706376094510069136e-02 -1.110263999999999918e+00
2.708376372480882435e-02 -1.089954000000000089e+00
2.710376650451695388e-02 -1.069059999999999899e+00
2.712376928422508340e-02 -1.037136000000000058e+00
2.714377206393321293e-02 -1.037654999999999994e+00
2.716377484364134592e-02 -1.047323000000000004e+00
2.718377762334947545e-02 -1.061079000000000105e+00
2.720378040305760498e-02 -1.079897000000000107e+00
2.722378318276573797e-02 -1.113313999999999915e+00
2.724378596247386750e-02 -1.109939999999999927e+00
2.726378874218199702e-02 -1.097026999999999974e+00
2.728379152189013002e-02 -1.049139999999999961e+00
2.730379430159825954e-02 -1.026688999999999963e+00
2.732379708130638907e-02 -1.014489999999999892e+00
2.734379986101452206e-02 -1.041612999999999900e+00
2.736380264072265159e-02 -1.078209999999999891e+00
2.738380542043078111e-02 -1.092808999999999919e+00
2.740380820013891064e-02 -1.098324999999999996e+00
2.742381097984704363e-02 -1.099493000000000054e+00
2.744381375955517316e-02 -1.121229999999999949e+00
2.746381653926330269e-02 -1.127394000000000007e+00
2.748381931897143568e-02 -1.092289999999999983e+00
2.750382209867956521e-02 -1.076586999999999961e+00
2.752382487838769473e-02 -1.079312999999999967e+00
2.754382765809582773e-02 -1.050567000000000029e+00
2.756383043780395725e-02 -1.062376999999999905e+00
2.758383321751208678e-02 -1.054915000000000047e+00
2.760383599722021977e-02 -1.054654999999999898e+00
2.762383877692834930e-02 -1.048880000000000035e+00
2.764384155663647882e-02 -1.076133000000000006e+00
2.766384433634460835e-02 -1.076457999999999915e+00
2.768384711605274134e-02 -1.101374000000000075e+00
2.770384989576087087e-02 -1.085542000000000007e+00
2.772385267546900040e-02 -1.057315999999999923e+00
2.774385545517713339e-02 -1.031879999999999908e+00
2.776385823488526292e-02 -1.046869000000000050e+00
2.778386101459339244e-02 -1.056667000000000023e+00
2.780386379430152544e-02 -1.083725000000000049e+00
2.782386657400965496e-02 -1.081258999999999970e+00
2.784386935371778449e-02 -1.077884999999999982e+00
2.786387213342591748e-02 -1.078338999999999936e+00
2.788387491313404701e-02 -1.082492000000000010e+00
2.790387769284217653e-02 -1.073407999999999918e+00
2.792388047255030606e-02 -1.076457999999999915e+00
2.794388325225843905e-02 -1.084243999999999986e+00
2.796388603196656858e-02 -1.108511999999999942e+00
2.798388881167469810e-02 -1.110068999999999972e+00
2.800389159138283110e-02 -1.090473000000000026e+00
2.802389437109096063e-02 -1.056796999999999986e+00
2.804389715079909015e-02 -1.019811000000000023e+00
2.806389993050722315e-02 -1.015722999999999931e+00
2.808390271021535267e-02 -9.972950000000000426e-01
2.810390548992348220e-02 -1.013776000000000010e+00
2.812390826963161519e-02 -1.021173000000000108e+00
2.814391104933974472e-02 -1.066076000000000024e+00
2.816391382904787424e-02 -1.112015999999999893e+00
2.818391660875600377e-02 -1.141280000000000072e+00
2.820391938846413676e-02 -1.116687999999999903e+00
2.822392216817226629e-02 -1.086710000000000065e+00
2.824392494788039581e-02 -1.055174000000000056e+00
2.826392772758852881e-02 -1.058742999999999990e+00
2.828393050729665834e-02 -1.086514999999999898e+00
2.830393328700478786e-02 -1.088786000000000032e+00
2.832393606671292086e-02 -1.077366000000000046e+00
2.834393884642105038e-02 -1.064259000000000066e+00
2.836394162612917991e-02 -1.050502999999999965e+00
2.838394440583731290e-02 -1.026558999999999999e+00
2.840394718554544243e-02 -1.023898999999999893e+00
2.842394996525357195e-02 -1.029608999999999996e+00
2.844395274496170148e-02 -1.034864999999999924e+00
2.846395552466983447e-02 -1.050761999999999974e+00
2.848395830437796400e-02 -1.071137000000000006e+00
2.850396108408609352e-02 -1.096119000000000065e+00
2.852396386379422652e-02 -1.073018999999999945e+00
2.854396664350235605e-02 -1.032853000000000021e+00
2.856396942321048557e-02 -9.782180000000000319e-01
2.858397220291861857e-02 -9.786719999999999864e-01
2.860397498262674809e-02 -9.747139999999999693e-01
2.862397776233487762e-02 -1.024483000000000033e+00
2.864398054204301061e-02 -1.058807999999999971e+00
2.866398332175114014e-02 -1.094430999999999932e+00
2.868398610145926966e-02 -1.109615000000000018e+00
2.870398888116739919e-02 -1.126225999999999949e+00
2.872399166087553218e-02 -1.116687999999999903e+00
2.874399444058366171e-02 -1.077625999999999973e+00
2.876399722029179123e-02 -1.040315000000000101e+00
