# time(s), 	 	 acceleration(g)
0.000000000000000000e+00 6.034639000000000308e+00
2.000277970813065718e-05 6.256619999999999848e+00
4.000555941626131437e-05 6.481001000000000012e+00
6.000833912439197155e-05 6.733933000000000391e+00
8.001111883252262874e-05 6.984269000000000283e+00
1.000138985406532927e-04 7.265168000000000070e+00
1.200166782487839431e-04 7.545092999999999606e+00
1.400194579569145935e-04 7.884000999999999593e+00
1.600222376650452575e-04 8.207205999999999335e+00
1.800250173731759214e-04 8.575119000000000824e+00
2.000277970813065854e-04 8.944782999999999262e+00
2.200305767894372223e-04 9.371613999999999223e+00
2.400333564975678862e-04 9.782028000000000389e+00
2.600361362056985231e-04 1.026050900000000077e+01
2.800389159138291870e-04 1.080407300000000070e+01
3.000416956219598510e-04 1.136314400000000013e+01
3.200444753300905150e-04 1.203265400000000085e+01
3.400472550382211789e-04 1.276776599999999995e+01
3.600500347463518429e-04 1.357931499999999936e+01
3.800528144544825068e-04 1.448884499999999953e+01
4.000555941626131708e-04 1.557117000000000040e+01
4.200583738707437806e-04 1.674849100000000135e+01
4.400611535788744445e-04 1.789265400000000028e+01
4.600639332870051085e-04 1.948389200000000088e+01
4.800667129951357724e-04 2.133760099999999937e+01
5.000694927032664364e-04 2.343729899999999944e+01
5.200722724113970461e-04 2.603773500000000141e+01
5.400750521195277643e-04 2.942830599999999919e+01
5.600778318276583741e-04 3.392060500000000189e+01
5.800806115357890922e-04 4.067021299999999684e+01
6.000833912439197020e-04 5.115280500000000075e+01
6.200861709520504202e-04 6.888262699999999938e+01
6.400889506601810299e-04 9.748793700000000229e+01
6.600917303683116397e-04 1.401162349999999890e+02
6.800945100764423578e-04 1.985031349999999861e+02
7.000972897845729676e-04 2.711996340000000032e+02
7.201000694927036858e-04 3.516376769999999965e+02
7.401028492008342955e-04 4.294451119999999946e+02
7.601056289089650137e-04 4.879091639999999757e+02
7.801084086170956234e-04 5.165105150000000549e+02
8.001111883252263416e-04 5.093873489999999720e+02
8.201139680333569514e-04 4.752171490000000063e+02
8.401167477414875611e-04 4.285136499999999842e+02
8.601195274496182793e-04 3.778189800000000105e+02
8.801223071577488890e-04 3.277322409999999877e+02
9.001250868658796072e-04 2.830574530000000095e+02
9.201278665740102169e-04 2.393125039999999899e+02
9.401306462821409351e-04 1.900040930000000117e+02
9.601334259902715449e-04 1.348862939999999924e+02
9.801362056984022630e-04 8.213338899999999398e+01
1.000138985406532873e-03 3.933631799999999856e+01
1.020141765114663483e-03 7.450486999999999860e+00
1.040144544822794092e-03 -8.735530000000000683e+00
1.060147324530924919e-03 -1.071447200000000066e+01
1.080150104239055529e-03 -4.587930000000000064e-01
1.100152883947186138e-03 2.017838400000000121e+01
1.120155663655316748e-03 4.697294000000000125e+01
1.140158443363447358e-03 6.567873699999999815e+01
1.160161223071578184e-03 7.362675500000000284e+01
1.180164002779708794e-03 6.649774899999999889e+01
1.200166782487839404e-03 4.163171700000000186e+01
1.220169562195970014e-03 8.706191999999999709e+00
1.240172341904100840e-03 -1.866417699999999869e+01
1.260175121612231450e-03 -4.080324199999999735e+01
1.280177901320362060e-03 -4.524389000000000038e+01
1.300180681028492670e-03 -3.001600300000000132e+01
1.320183460736623279e-03 -1.164852899999999991e+01
1.340186240444754106e-03 6.131387000000000143e+00
1.360189020152884716e-03 2.522118899999999897e+01
1.380191799861015325e-03 3.421837399999999718e+01
1.400194579569145935e-03 2.763163399999999825e+01
1.420197359277276762e-03 5.980198999999999820e+00
1.440200138985407372e-03 -3.868765999999999927e+00
1.460202918693537981e-03 -1.433844500000000011e+01
1.480205698401668591e-03 -1.313607799999999948e+01
1.500208478109799201e-03 -4.036565000000000403e+00
1.520211257817930027e-03 7.517904999999999838e+00
1.540214037526060637e-03 2.279069399999999845e+01
1.560216817234191247e-03 2.850476099999999846e+01
1.580219596942321857e-03 3.168671900000000008e+01
1.600222376650452683e-03 2.380099399999999932e+01
1.620225156358583293e-03 6.756579000000000335e+00
1.640227936066713903e-03 1.050098299999999973e+01
1.660230715774844512e-03 4.795156000000000418e+00
1.680233495482975122e-03 -6.545314000000000298e+00
1.700236275191105949e-03 3.133050000000000002e-01
1.720239054899236559e-03 -2.010708999999999858e+00
1.740241834607367168e-03 -4.571432999999999858e+00
1.760244614315497778e-03 -1.147690200000000083e+01
1.780247394023628388e-03 -2.223013999999999868e+01
1.800250173731759214e-03 -2.763955899999999843e+01
1.820252953439889824e-03 -3.108003000000000071e+01
1.840255733148020434e-03 -1.940746400000000094e+01
1.860258512856151044e-03 -1.142239600000000088e+01
1.880261292564281870e-03 3.451334000000000124e+00
1.900264072272412480e-03 2.364850799999999964e+01
1.920266851980543090e-03 3.169197499999999934e+01
1.940269631688673699e-03 3.865181900000000326e+01
1.960272411396804526e-03 3.524483099999999780e+01
1.980275191104934919e-03 2.367627999999999844e+01
2.000277970813065746e-03 7.870764000000000316e+00
2.020280750521196572e-03 -1.910004000000000035e+00
2.040283530229326965e-03 -1.176604099999999953e+01
2.060286309937457792e-03 -1.690046699999999902e+01
2.080289089645588185e-03 -1.454997799999999941e+01
2.100291869353719011e-03 -1.159285599999999938e+01
2.120294649061849838e-03 -5.847447999999999979e+00
2.140297428769980231e-03 -5.734608999999999845e+00
2.160300208478111057e-03 -8.185940000000000438e-01
2.180302988186241450e-03 -4.279569000000000401e+00
2.200305767894372277e-03 -1.006079500000000060e+01
2.220308547602503103e-03 -1.852823700000000073e+01
2.240311327310633496e-03 -1.711174099999999854e+01
2.260314107018764323e-03 -1.125706199999999946e+01
2.280316886726894716e-03 -7.364519999999999733e+00
2.300319666435025542e-03 -2.977793999999999830e+00
2.320322446143156369e-03 5.309910000000000352e+00
2.340325225851286762e-03 1.243365999999999971e+01
2.360328005559417588e-03 1.544587199999999960e+01
2.380330785267548415e-03 1.587400000000000055e+01
2.400333564975678808e-03 1.437308499999999967e+01
2.420336344683809635e-03 5.911871999999999794e+00
2.440339124391940027e-03 8.197991999999999280e+00
2.460341904100070854e-03 4.524186000000000263e+00
2.480344683808201681e-03 -4.141098999999999641e+00
2.500347463516332074e-03 -8.442368000000000094e+00
2.520350243224462900e-03 -1.574377999999999922e+01
2.540353022932593293e-03 -1.476332900000000059e+01
2.560355802640724120e-03 -1.961173000000000144e+01
2.580358582348854946e-03 -9.994543999999999428e+00
2.600361362056985339e-03 -4.869331999999999994e+00
2.620364141765116166e-03 -6.331639000000000017e+00
2.640366921473246559e-03 -3.492027999999999910e+00
2.660369701181377385e-03 -5.729223000000000177e+00
2.680372480889508212e-03 -7.400273000000000323e+00
2.700375260597638605e-03 -9.310629000000000488e+00
2.720378040305769431e-03 -9.208690999999999960e+00
2.740380820013899824e-03 -5.803973000000000049e+00
2.760383599722030651e-03 -1.747784999999999922e+00
2.780386379430161477e-03 7.535294999999999632e+00
2.800389159138291870e-03 1.996373600000000081e+01
2.820391938846422697e-03 1.734506700000000023e+01
2.840394718554553524e-03 1.118165399999999998e+01
2.860397498262683916e-03 5.578609000000000151e+00
2.880400277970814743e-03 4.949135000000000062e+00
2.900403057678945136e-03 -3.591501000000000055e+00
2.920405837387075963e-03 -6.970652000000000292e+00
2.940408617095206789e-03 -1.508023999999999987e+01
2.960411396803337182e-03 -1.426615999999999929e+01
2.980414176511468009e-03 -1.092976900000000029e+01
3.000416956219598402e-03 -8.847267000000000436e+00
3.020419735927729228e-03 -9.814481000000000677e+00
3.040422515635860055e-03 -1.832371099999999942e+01
3.060425295343990448e-03 -1.408732999999999969e+01
3.080428075052121274e-03 -1.190963700000000003e+01
3.100430854760251667e-03 -1.095857900000000029e+01
3.120433634468382494e-03 -1.447615000000000096e+00
3.140436414176513320e-03 5.558493999999999602e+00
3.160439193884643713e-03 1.006798799999999972e+01
3.180441973592774540e-03 1.201915799999999912e+01
3.200444753300905366e-03 1.193408999999999942e+01
3.220447533009035759e-03 5.734210000000000029e+00
3.240450312717166586e-03 4.725389999999999868e-01
3.260453092425296979e-03 -6.294469999999999787e-01
3.280455872133427805e-03 -5.129272000000000276e+00
3.300458651841558632e-03 -5.972031999999999563e+00
3.320461431549689025e-03 1.231789000000000023e+00
3.340464211257819852e-03 5.676979000000000219e+00
3.360466990965950244e-03 3.265626000000000140e+00
3.380469770674081071e-03 -1.060820000000000096e+00
3.400472550382211898e-03 -6.035232999999999848e+00
3.420475330090342291e-03 -1.679476500000000172e+01
3.440478109798473117e-03 -1.871414000000000044e+01
3.460480889506603510e-03 -2.023912800000000090e+01
3.480483669214734337e-03 -1.778962200000000138e+01
3.500486448922865163e-03 -1.570757300000000001e+01
3.520489228630995556e-03 -3.968173000000000172e+00
3.540492008339126383e-03 4.297208999999999612e+00
3.560494788047256776e-03 9.405291000000000068e+00
3.580497567755387602e-03 1.408141600000000082e+01
3.600500347463518429e-03 9.775798999999999239e+00
3.620503127171648822e-03 5.151779000000000330e+00
3.640505906879779648e-03 -6.377530000000000143e-01
3.660508686587910475e-03 -1.435416000000000025e+00
3.680511466296040868e-03 1.351377000000000050e+00
3.700514246004171694e-03 -1.154452000000000034e+00
3.720517025712302087e-03 -5.463833000000000162e+00
3.740519805420432914e-03 -2.626946999999999921e+00
3.760522585128563740e-03 -2.534416999999999920e+00
3.780525364836694133e-03 -2.225811999999999902e+00
3.800528144544824960e-03 1.968320000000000070e-01
3.820530924252955353e-03 1.458247000000000071e+00
3.840533703961086179e-03 -4.456841999999999970e+00
3.860536483669217006e-03 -4.690697000000000116e+00
3.880539263377347399e-03 -7.480408999999999864e+00
3.900542043085478226e-03 -1.289132200000000061e+01
3.920544822793609052e-03 -1.591488900000000051e+01
3.940547602501739445e-03 -1.404495799999999939e+01
3.960550382209869838e-03 -8.781470999999999805e+00
3.980553161918001098e-03 -2.445781000000000205e+00
4.000555941626131491e-03 8.698665000000000092e+00
4.020558721334261884e-03 1.375178700000000021e+01
4.040561501042393144e-03 1.244624800000000064e+01
4.060564280750523537e-03 1.109801299999999991e+01
4.080567060458653930e-03 7.187368000000000201e+00
4.100569840166784323e-03 4.614444999999999908e+00
4.120572619874915583e-03 1.130563999999999902e+00
4.140575399583045976e-03 -2.182272000000000212e+00
4.160578179291176369e-03 -5.683218000000000103e+00
4.180580958999307629e-03 -9.527808000000000277e+00
4.200583738707438022e-03 -6.496194000000000024e+00
4.220586518415568415e-03 -4.870110999999999635e+00
4.240589298123699676e-03 -7.702778999999999598e+00
4.260592077831830068e-03 -7.829958999999999669e+00
4.280594857539960461e-03 -5.059323000000000015e+00
4.300597637248091722e-03 -3.838267999999999791e+00
4.320600416956222115e-03 -2.739008000000000109e+00
4.340603196664352507e-03 -1.505948999999999982e+00
4.360605976372482900e-03 -2.007594999999999796e+00
4.380608756080614161e-03 -5.465849999999999875e-01
4.400611535788744554e-03 3.601678999999999853e+00
4.420614315496874946e-03 5.340406999999999904e+00
4.440617095205006207e-03 5.072421000000000291e+00
4.460619874913136600e-03 4.884700999999999738e+00
4.480622654621266993e-03 2.141448000000000018e+00
4.500625434329398253e-03 -3.866169999999999884e+00
4.520628214037528646e-03 -3.813286999999999871e+00
4.540630993745659039e-03 -2.960144999999999804e+00
4.560633773453789432e-03 -7.584429999999999783e-01
4.580636553161920692e-03 3.298070000000000057e+00
4.600639332870051085e-03 3.906325999999999965e+00
4.620642112578181478e-03 1.389531000000000072e+00
4.640644892286312738e-03 1.013117999999999963e+00
4.660647671994443131e-03 -3.049494999999999845e+00
4.680650451702573524e-03 -8.861281999999999215e+00
4.700653231410704784e-03 -1.332301900000000039e+01
4.720656011118835177e-03 -1.554801499999999947e+01
4.740658790826965570e-03 -1.010478799999999922e+01
4.760661570535096830e-03 1.845000000000000069e-03
4.780664350243227223e-03 5.664844999999999686e+00
4.800667129951357616e-03 8.147574000000000538e+00
4.820669909659488009e-03 8.781396000000000868e+00
4.840672689367619269e-03 7.863236999999999810e+00
4.860675469075749662e-03 3.406562000000000090e+00
4.880678248783880055e-03 -1.503678000000000070e+00
4.900681028492011315e-03 -4.793998000000000204e+00
4.920683808200141708e-03 -9.426517999999999731e+00
4.940686587908272101e-03 -7.435118000000000116e+00
4.960689367616403361e-03 -6.121220000000000550e-01
4.980692147324533754e-03 9.530969999999999720e-01
5.000694927032664147e-03 1.332105000000000095e+00
5.020697706740794540e-03 -6.294469999999999787e-01
5.040700486448925800e-03 -2.294137999999999789e+00
5.060703266157056193e-03 -3.981230000000000047e-01
5.080706045865186586e-03 1.315363999999999978e+00
5.100708825573317846e-03 1.369156000000000040e+00
5.120711605281448239e-03 -1.756933999999999996e+00
5.140714384989578632e-03 -6.656532000000000338e+00
5.160717164697709892e-03 -7.451793999999999585e+00
5.180719944405840285e-03 -5.629490999999999801e+00
5.200722724113970678e-03 -4.151027000000000022e+00
5.220725503822101939e-03 -9.910010000000000208e-01
5.240728283530232331e-03 3.297220000000000151e-01
5.260731063238362724e-03 4.712410000000000210e-01
5.280733842946493117e-03 2.924446999999999797e+00
5.300736622654624378e-03 5.119919000000000331e+00
5.320739402362754771e-03 2.896155999999999953e+00
5.340742182070885163e-03 4.761730000000000129e-01
5.360744961779016424e-03 -3.227027000000000090e+00
5.380747741487146817e-03 -3.853971000000000036e+00
5.400750521195277210e-03 -3.965901999999999816e+00
5.420753300903408470e-03 -3.644709000000000199e+00
5.440756080611538863e-03 -2.962870000000000115e+00
5.460758860319669256e-03 -3.180568000000000062e+00
5.480761640027799649e-03 -2.177146000000000026e+00
5.500764419735930909e-03 1.083844999999999947e+00
5.520767199444061302e-03 2.280438000000000187e+00
5.540769979152191695e-03 4.057049999999999823e-01
5.560772758860322955e-03 -4.123190000000000133e+00
5.580775538568453348e-03 -6.176234000000000002e+00
5.600778318276583741e-03 -4.490389000000000408e+00
5.620781097984715001e-03 -2.619873999999999814e+00
5.640783877692845394e-03 -1.014100999999999919e+00
5.660786657400975787e-03 5.884279999999999511e-01
5.680789437109107047e-03 -1.596271999999999913e+00
5.700792216817237440e-03 -1.228164999999999951e+00
5.720794996525367833e-03 -2.935889999999999889e-01
5.740797776233498226e-03 -6.657189999999999497e-01
5.760800555941629486e-03 5.994589999999999641e-01
5.780803335649759879e-03 7.651170000000000471e-01
5.800806115357890272e-03 -2.702289999999999970e-01
5.820808895066021532e-03 -4.082450000000000245e-01
5.840811674774151925e-03 1.181500999999999912e+00
5.860814454482282318e-03 8.425280000000000546e-01
5.880817234190413578e-03 -2.130881000000000025e+00
5.900820013898543971e-03 -3.702717999999999954e+00
5.920822793606674364e-03 -5.803518999999999650e+00
5.940825573314804757e-03 -8.692640000000000811e+00
5.960828353022936017e-03 -5.690031000000000283e+00
5.980831132731066410e-03 -3.699148999999999798e+00
6.000833912439196803e-03 -3.408713000000000104e+00
6.020836692147328063e-03 -1.541960999999999915e+00
6.040839471855458456e-03 2.127940000000000109e-01
6.060842251563588849e-03 2.535639999999999894e+00
6.080845031271720109e-03 4.424324000000000368e+00
6.100847810979850502e-03 3.020090999999999859e+00
6.120850590687980895e-03 -1.130444000000000004e+00
6.140853370396112156e-03 -1.839406000000000097e+00
6.160856150104242548e-03 -4.889649999999999830e-01
6.180858929812372941e-03 -1.264048000000000060e+00
6.200861709520503334e-03 -1.293247000000000035e+00
6.220864489228634595e-03 -2.316460000000000186e+00
6.240867268936764987e-03 -4.359315999999999747e+00
6.260870048644895380e-03 -3.330458000000000141e+00
6.280872828353026641e-03 -7.674630000000000063e-01
6.300875608061157034e-03 -4.986979999999999746e-01
6.320878387769287426e-03 -2.410416999999999810e+00
6.340881167477418687e-03 -3.351481999999999850e+00
6.360883947185549080e-03 -4.129419000000000395e+00
6.380886726893679473e-03 -2.316914000000000140e+00
6.400889506601810733e-03 7.458460000000000090e-01
6.420892286309941126e-03 1.716889000000000109e+00
6.440895066018071519e-03 1.545001000000000069e+00
6.460897845726201912e-03 5.979670000000000263e-01
6.480900625434333172e-03 -1.334321000000000090e+00
6.500903405142463565e-03 -1.866594000000000086e+00
6.520906184850593958e-03 -2.180715000000000181e+00
6.540908964558725218e-03 -1.849917999999999951e+00
6.560911744266855611e-03 -1.833371000000000084e+00
6.580914523974986004e-03 -1.049983000000000111e+00
6.600917303683117264e-03 1.320489999999999942e+00
6.620920083391247657e-03 2.204258999999999968e+00
6.640922863099378050e-03 3.375730000000000119e-01
6.660925642807508443e-03 -2.482636999999999983e+00
6.680928422515639703e-03 -4.144408000000000314e+00
6.700931202223770096e-03 -4.706984000000000279e+00
6.720933981931900489e-03 -2.399321000000000037e+00
6.740936761640031749e-03 6.991200000000000192e-02
6.760939541348162142e-03 -1.313050000000000050e-01
6.780942321056292535e-03 -1.112015999999999893e+00
6.800945100764423795e-03 -2.009866000000000152e+00
6.820947880472554188e-03 -3.225404999999999855e+00
6.840950660180684581e-03 -3.564248000000000083e+00
6.860953439888815841e-03 -2.328983000000000025e+00
6.880956219596946234e-03 -1.539690000000000003e+00
6.900958999305076627e-03 -7.062089999999999756e-01
6.920961779013207020e-03 2.108550000000000146e+00
6.940964558721338280e-03 3.509797999999999973e+00
6.960967338429468673e-03 1.692361000000000004e+00
6.980970118137599066e-03 -8.865960000000000507e-01
7.000972897845730326e-03 -3.455886000000000013e+00
7.020975677553860719e-03 -4.684726999999999641e+00
7.040978457261991112e-03 -3.341423999999999950e+00
7.060981236970122372e-03 -7.494239999999999791e-01
7.080984016678252765e-03 8.170269999999999477e-01
7.100986796386383158e-03 9.787919999999999954e-01
7.120989576094513551e-03 -6.610470000000000512e-01
7.140992355802644811e-03 -2.182466999999999935e+00
7.160995135510775204e-03 -2.562772999999999968e+00
7.180997915218905597e-03 -3.321632999999999836e+00
7.201000694927036858e-03 -5.172227999999999604e+00
7.221003474635167250e-03 -4.193916999999999895e+00
7.241006254343297643e-03 -2.281355000000000022e+00
7.261009034051428904e-03 -4.711210000000000120e-01
7.281011813759559297e-03 1.519241000000000064e+00
7.301014593467689689e-03 2.048983000000000221e+00
7.321017373175820950e-03 7.410440000000000360e-01
7.341020152883951343e-03 -7.391720000000000512e-01
7.361022932592081736e-03 -1.313946000000000058e+00
7.381025712300212129e-03 -7.579240000000000421e-01
7.401028492008343389e-03 -7.611040000000000028e-01
7.421031271716473782e-03 -1.837719000000000102e+00
7.441034051424604175e-03 -2.781703999999999954e+00
7.461036831132735435e-03 -2.429624000000000006e+00
7.481039610840865828e-03 -1.463966000000000101e+00
7.501042390548996221e-03 -7.017970000000000041e-01
7.521045170257127481e-03 -6.707149999999999501e-01
7.541047949965257874e-03 -1.147704000000000057e+00
7.561050729673388267e-03 -1.481225999999999932e+00
7.581053509381518660e-03 -1.488882999999999956e+00
7.601056289089649920e-03 -1.623199999999999976e+00
7.621059068797780313e-03 -2.147816999999999865e+00
7.641061848505910706e-03 -2.958847000000000005e+00
7.661064628214041966e-03 -3.328575999999999979e+00
7.681067407922172359e-03 -2.161897000000000180e+00
7.701070187630302752e-03 -3.987799999999999678e-02
7.721072967338434012e-03 6.975050000000000416e-01
7.741075747046564405e-03 -5.674900000000000083e-02
7.761078526754694798e-03 -4.338199999999999695e-02
7.781081306462826058e-03 -3.841069999999999762e-01
7.801084086170956451e-03 -9.858740000000000281e-01
7.821086865879086844e-03 1.189019999999999938e-01
7.841089645587218104e-03 6.355370000000000186e-01
7.861092425295347630e-03 -1.201495999999999897e+00
7.881095205003478890e-03 -2.399970000000000159e+00
7.901097984711610150e-03 -2.613191000000000042e+00
7.921100764419739676e-03 -2.986877999999999922e+00
7.941103544127870936e-03 -2.530069999999999819e+00
7.961106323836002197e-03 -2.102200999999999986e+00
7.981109103544131722e-03 -2.324180999999999830e+00
8.001111883252262982e-03 -1.663040999999999991e+00
8.021114662960394243e-03 -3.021000000000000074e-02
8.041117442668523768e-03 3.861089999999999800e-01
8.061120222376655028e-03 -7.082199999999999607e-01
8.081123002084786289e-03 -1.773999000000000104e+00
8.101125781792915814e-03 -2.878969999999999807e+00
8.121128561501047075e-03 -2.485297000000000089e+00
8.141131341209178335e-03 -1.127653999999999934e+00
8.161134120917307860e-03 -3.942400000000000071e-02
8.181136900625439121e-03 5.383350000000000080e-01
8.201139680333568646e-03 6.158759999999999790e-01
8.221142460041699906e-03 1.461550000000000071e-01
8.241145239749831167e-03 -3.922829999999999928e-01
8.261148019457960692e-03 -9.651750000000000052e-01
8.281150799166091953e-03 -2.145545999999999953e+00
8.301153578874223213e-03 -3.376853000000000105e+00
8.321156358582352738e-03 -3.704276000000000124e+00
8.341159138290483999e-03 -2.870210000000000150e+00
8.361161917998615259e-03 -1.152117000000000058e+00
8.381164697706744784e-03 4.097930000000000184e-01
8.401167477414876045e-03 4.312710000000000155e-01
8.421170257123007305e-03 -9.134600000000000497e-01
8.441173036831136831e-03 -2.278500000000000192e+00
8.461175816539268091e-03 -2.398477999999999888e+00
8.481178596247399351e-03 -1.891704999999999970e+00
8.501181375955528877e-03 -1.642147999999999941e+00
8.521184155663660137e-03 -1.734093000000000107e+00
8.541186935371791397e-03 -1.484990000000000032e+00
8.561189715079920923e-03 -3.880000000000000115e-01
8.581192494788052183e-03 7.951599999999999779e-01
8.601195274496183443e-03 7.701139999999999652e-01
8.621198054204312969e-03 -6.341839999999999700e-01
8.641200833912444229e-03 -2.022842999999999947e+00
8.661203613620573755e-03 -2.548042999999999836e+00
8.681206393328705015e-03 -2.138472999999999846e+00
8.701209173036836275e-03 -7.845929999999999849e-01
8.721211952744965801e-03 1.904730000000000034e-01
8.741214732453097061e-03 -9.057000000000000814e-03
8.761217512161228321e-03 -1.057120999999999977e+00
8.781220291869357847e-03 -1.745449000000000028e+00
8.801223071577489107e-03 -2.099864999999999871e+00
8.821225851285620367e-03 -2.649398000000000142e+00
8.841228630993749893e-03 -2.864176000000000055e+00
8.861231410701881153e-03 -2.661662000000000194e+00
8.881234190410012413e-03 -2.053599999999999870e+00
8.901236970118141939e-03 -5.044079999999999675e-01
8.921239749826273199e-03 1.022785999999999973e+00
8.941242529534404460e-03 7.809500000000000330e-01
8.961245309242533985e-03 -4.315399999999999792e-01
8.981248088950665245e-03 -1.451248000000000093e+00
9.001250868658796506e-03 -1.726890999999999954e+00
9.021253648366926031e-03 -9.771149999999999558e-01
9.041256428075057291e-03 -2.487509999999999999e-01
9.061259207783188552e-03 -6.332750000000000323e-01
9.081261987491318077e-03 -1.327118000000000020e+00
9.101264767199449338e-03 -1.679327999999999932e+00
9.121267546907578863e-03 -2.134320000000000217e+00
9.141270326615710123e-03 -2.498533999999999811e+00
9.161273106323841384e-03 -2.361946000000000101e+00
9.181275886031970909e-03 -1.971387000000000000e+00
9.201278665740102169e-03 -1.459424000000000055e+00
9.221281445448233430e-03 -5.189430000000000431e-01
9.241284225156362955e-03 3.043509999999999827e-01
9.261287004864494216e-03 2.242790000000000061e-01
9.281289784572625476e-03 -6.391149999999999887e-01
9.301292564280755001e-03 -1.871914999999999996e+00
9.321295343988886262e-03 -2.554208000000000034e+00
9.341298123697017522e-03 -1.869188999999999989e+00
9.361300903405147047e-03 -9.006119999999999681e-01
9.381303683113278308e-03 -6.141980000000000217e-01
9.401306462821409568e-03 -7.115949999999999775e-01
9.421309242529539094e-03 -9.228039999999999576e-01
9.441312022237670354e-03 -9.477849999999999886e-01
9.461314801945801614e-03 -9.453200000000000491e-01
9.481317581653931140e-03 -1.291690000000000005e+00
9.501320361362062400e-03 -2.000326999999999966e+00
9.521323141070193660e-03 -2.118812000000000140e+00
9.541325920778323186e-03 -1.472077000000000080e+00
9.561328700486454446e-03 -7.404699999999999616e-01
9.581331480194583972e-03 -7.280109999999999637e-01
9.601334259902715232e-03 -1.343015999999999988e+00
9.621337039610846492e-03 -1.393173999999999912e+00
9.641339819318976018e-03 -1.126745000000000108e+00
9.661342599027107278e-03 -1.006509000000000098e+00
9.681345378735238538e-03 -7.272969999999999713e-01
9.701348158443368064e-03 -8.250830000000000108e-01
9.721350938151499324e-03 -1.235497000000000067e+00
9.741353717859630584e-03 -1.597374999999999989e+00
9.761356497567760110e-03 -1.709500999999999937e+00
9.781359277275891370e-03 -1.137321999999999944e+00
9.801362056984022630e-03 -4.538610000000000144e-01
9.821364836692152156e-03 2.622999999999999898e-03
9.841367616400283416e-03 -5.083020000000000316e-01
9.861370396108414677e-03 -1.294284999999999908e+00
9.881373175816544202e-03 -1.901113999999999971e+00
9.901375955524675462e-03 -2.476666999999999952e+00
9.921378735232806723e-03 -2.948983999999999828e+00
9.941381514940936248e-03 -2.681452000000000169e+00
9.961384294649067508e-03 -1.714692000000000105e+00
9.981387074357198769e-03 -1.571950000000000014e-01
1.000138985406532829e-02 1.401534999999999975e+00
1.002139263377345955e-02 1.664395000000000069e+00
1.004139541348158908e-02 3.197940000000000227e-01
1.006139819318972034e-02 -1.363196000000000074e+00
1.008140097289785160e-02 -2.346178000000000097e+00
1.010140375260598113e-02 -2.732193999999999789e+00
1.012140653231411239e-02 -2.672108999999999845e+00
1.014140931202224365e-02 -1.792945999999999929e+00
1.016141209173037317e-02 -7.592219999999999525e-01
1.018141487143850443e-02 -1.710810000000000108e-01
1.020141765114663569e-02 -3.137800000000000311e-02
1.022142043085476522e-02 -2.647789999999999866e-01
1.024142321056289648e-02 -9.137840000000000407e-01
1.026142599027102774e-02 -1.541767000000000110e+00
1.028142876997915726e-02 -2.010124999999999940e+00
1.030143154968728852e-02 -2.156317000000000039e+00
1.032143432939541978e-02 -1.747719999999999940e+00
1.034143710910354931e-02 -8.928260000000000085e-01
1.036143988881168057e-02 -5.234210000000000251e-01
1.038144266851981183e-02 -1.012089000000000016e+00
1.040144544822794136e-02 -1.571679999999999966e+00
1.042144822793607262e-02 -1.518602000000000007e+00
1.044145100764420388e-02 -8.682980000000000143e-01
1.046145378735233340e-02 -2.920309999999999850e-01
1.048145656706046466e-02 -2.811949999999999728e-01
1.050145934676859419e-02 -6.112779999999999880e-01
1.052146212647672545e-02 -7.047170000000000378e-01
1.054146490618485671e-02 -7.636990000000000167e-01
1.056146768589298623e-02 -1.370657999999999932e+00
1.058147046560111749e-02 -2.053275000000000183e+00
1.060147324530924876e-02 -2.402565000000000062e+00
1.062147602501737828e-02 -2.267405000000000115e+00
1.064147880472550954e-02 -1.353917000000000037e+00
1.066148158443364080e-02 -1.671880000000000033e-01
1.068148436414177033e-02 2.804719999999999991e-01
1.070148714384990159e-02 -2.741870000000000140e-01
1.072148992355803285e-02 -1.088915999999999995e+00
1.074149270326616237e-02 -1.863739000000000035e+00
1.076149548297429363e-02 -2.120887999999999884e+00
1.078149826268242489e-02 -1.729227000000000070e+00
1.080150104239055442e-02 -1.444434999999999913e+00
1.082150382209868568e-02 -1.632543999999999995e+00
1.084150660180681694e-02 -1.377275999999999945e+00
1.086150938151494647e-02 -6.112130000000000063e-01
1.088151216122307773e-02 -6.933699999999999586e-02
1.090151494093120899e-02 -9.808200000000000252e-02
1.092151772063933851e-02 -8.700499999999999901e-01
1.094152050034746977e-02 -1.600230000000000041e+00
1.096152328005559930e-02 -1.474607999999999919e+00
1.098152605976373056e-02 -7.930289999999999839e-01
1.100152883947186182e-02 -5.196570000000000356e-01
1.102153161917999134e-02 -7.701879999999999837e-01
1.104153439888812260e-02 -1.185078999999999994e+00
1.106153717859625386e-02 -1.562400999999999929e+00
1.108153995830438339e-02 -1.827855999999999925e+00
1.110154273801251465e-02 -1.959902000000000033e+00
1.112154551772064591e-02 -2.111219999999999875e+00
1.114154829742877544e-02 -2.215104999999999880e+00
1.116155107713690670e-02 -1.873342000000000063e+00
1.118155385684503796e-02 -1.025651000000000090e+00
1.120155663655316748e-02 -5.830599999999999672e-02
1.122155941626129874e-02 4.350339999999999763e-01
1.124156219596943000e-02 1.772360000000000047e-01
1.126156497567755953e-02 -7.629860000000000531e-01
1.128156775538569079e-02 -1.745123999999999898e+00
1.130157053509382205e-02 -1.917465999999999893e+00
1.132157331480195157e-02 -1.507894999999999985e+00
1.134157609451008283e-02 -1.355863999999999958e+00
1.136157887421821409e-02 -1.487845000000000084e+00
1.138158165392634362e-02 -1.410822999999999938e+00
1.140158443363447488e-02 -9.725080000000000391e-01
1.142158721334260441e-02 -4.730030000000000068e-01
1.144158999305073567e-02 -4.937670000000000115e-01
1.146159277275886693e-02 -1.146860999999999908e+00
1.148159555246699645e-02 -1.704828999999999928e+00
1.150159833217512771e-02 -1.783342999999999900e+00
1.152160111188325897e-02 -1.620344999999999924e+00
1.154160389159138850e-02 -1.635464000000000029e+00
1.156160667129951976e-02 -1.701713999999999949e+00
1.158160945100765102e-02 -1.618009000000000031e+00
1.160161223071578054e-02 -1.367153999999999980e+00
1.162161501042391180e-02 -9.865230000000000388e-01
1.164161779013204306e-02 -4.806599999999999762e-01
1.166162056984017259e-02 -3.146120000000000028e-01
1.168162334954830385e-02 -6.337939999999999685e-01
1.170162612925643511e-02 -1.172490999999999950e+00
1.172162890896456464e-02 -1.568694999999999951e+00
1.174163168867269590e-02 -1.508609000000000089e+00
1.176163446838082716e-02 -1.074899999999999967e+00
1.178163724808895668e-02 -7.570160000000000222e-01
1.180164002779708794e-02 -8.093150000000000066e-01
1.182164280750521920e-02 -1.150884000000000018e+00
1.184164558721334873e-02 -1.295193999999999956e+00
1.186164836692147999e-02 -1.358978000000000019e+00
1.188165114662960951e-02 -1.619372000000000034e+00
1.190165392633774077e-02 -2.131400000000000183e+00
1.192165670604587203e-02 -2.234182000000000112e+00
1.194165948575400156e-02 -1.591275999999999913e+00
1.196166226546213282e-02 -7.286599999999999744e-01
1.198166504517026408e-02 -2.845039999999999791e-01
1.200166782487839361e-02 -5.437950000000000284e-01
1.202167060458652487e-02 -1.075353999999999921e+00
1.204167338429465613e-02 -1.383829999999999893e+00
1.206167616400278565e-02 -1.473375000000000101e+00
1.208167894371091691e-02 -1.404724000000000084e+00
1.210168172341904817e-02 -1.013387000000000038e+00
1.212168450312717770e-02 -7.605199999999999738e-01
1.214168728283530896e-02 -8.113270000000000204e-01
1.216169006254344022e-02 -9.027530000000000276e-01
1.218169284225156974e-02 -1.103839999999999932e+00
1.220169562195970100e-02 -1.506272999999999973e+00
1.222169840166783226e-02 -1.836810000000000054e+00
1.224170118137596179e-02 -1.803652999999999951e+00
1.226170396108409305e-02 -1.464096000000000064e+00
1.228170674079222431e-02 -7.399499999999999966e-01
1.230170952050035384e-02 -1.184570000000000067e-01
1.232171230020848510e-02 -1.357820000000000138e-01
1.234171507991661462e-02 -8.963940000000000241e-01
1.236171785962474588e-02 -1.877040999999999960e+00
1.238172063933287714e-02 -2.444936999999999916e+00
1.240172341904100667e-02 -2.293099999999999916e+00
1.242172619874913793e-02 -1.587318000000000007e+00
1.244172897845726919e-02 -8.930850000000000177e-01
1.246173175816539871e-02 -4.083100000000000063e-01
1.248173453787352997e-02 -5.389399999999999746e-02
1.250173731758166124e-02 -1.555080000000000073e-01
1.252174009728979076e-02 -7.685009999999999897e-01
1.254174287699792202e-02 -1.628716000000000053e+00
1.256174565670605328e-02 -2.241969000000000101e+00
1.258174843641418281e-02 -2.359350000000000058e+00
1.260175121612231407e-02 -1.837914000000000048e+00
1.262175399583044533e-02 -1.068281999999999954e+00
1.264175677553857485e-02 -4.786480000000000179e-01
1.266175955524670611e-02 -3.490679999999999894e-01
1.268176233495483737e-02 -6.258129999999999526e-01
1.270176511466296690e-02 -1.088721000000000050e+00
1.272176789437109816e-02 -1.413613999999999926e+00
1.274177067407922942e-02 -1.483821999999999974e+00
1.276177345378735895e-02 -1.493619999999999948e+00
1.278177623349549021e-02 -1.525933999999999902e+00
1.280177901320362147e-02 -1.405048000000000075e+00
1.282178179291175099e-02 -1.272548000000000012e+00
1.284178457261988225e-02 -1.078794000000000031e+00
1.286178735232801178e-02 -1.037914000000000003e+00
1.288179013203614304e-02 -1.192736000000000018e+00
1.290179291174427430e-02 -1.374551000000000078e+00
1.292179569145240382e-02 -1.308105999999999991e+00
1.294179847116053508e-02 -9.951529999999999543e-01
1.296180125086866634e-02 -6.977740000000000054e-01
1.298180403057679587e-02 -7.492940000000000156e-01
1.300180681028492713e-02 -1.058159000000000072e+00
1.302180958999305839e-02 -1.345482000000000067e+00
1.304181236970118792e-02 -1.391617000000000104e+00
1.306181514940931918e-02 -1.323679000000000050e+00
1.308181792911745044e-02 -1.322057000000000038e+00
1.310182070882557996e-02 -1.412509999999999932e+00
1.312182348853371122e-02 -1.428927000000000058e+00
1.314182626824184248e-02 -1.322381999999999946e+00
1.316182904794997201e-02 -1.113053999999999988e+00
1.318183182765810327e-02 -9.068410000000000082e-01
1.320183460736623453e-02 -8.437059999999999560e-01
1.322183738707436405e-02 -1.028116000000000030e+00
1.324184016678249531e-02 -1.209607000000000099e+00
1.326184294649062657e-02 -1.214798000000000044e+00
1.328184572619875610e-02 -1.135180999999999996e+00
1.330184850590688736e-02 -1.268783999999999912e+00
1.332185128561501689e-02 -1.529177999999999926e+00
1.334185406532314815e-02 -1.706711000000000089e+00
1.336185684503127941e-02 -1.570186999999999999e+00
1.338185962473940893e-02 -1.219600000000000017e+00
1.340186240444754019e-02 -9.074250000000000371e-01
1.342186518415567145e-02 -9.112540000000000084e-01
1.344186796386380098e-02 -1.095274999999999999e+00
1.346187074357193224e-02 -1.228358999999999979e+00
1.348187352328006350e-02 -1.144913999999999987e+00
1.350187630298819302e-02 -1.003328999999999915e+00
1.352187908269632428e-02 -1.050308000000000019e+00
1.354188186240445554e-02 -1.232771999999999979e+00
1.356188464211258507e-02 -1.328416000000000041e+00
1.358188742182071633e-02 -1.260672999999999933e+00
1.360189020152884759e-02 -1.174307999999999907e+00
1.362189298123697712e-02 -1.253471000000000002e+00
1.364189576094510838e-02 -1.466820999999999930e+00
1.366189854065323964e-02 -1.582775999999999961e+00
1.368190132036136916e-02 -1.406930000000000014e+00
1.370190410006950042e-02 -1.211618000000000084e+00
1.372190687977763168e-02 -8.776420000000000332e-01
1.374190965948576121e-02 -6.690279999999999561e-01
1.376191243919389247e-02 -8.562290000000000179e-01
1.378191521890202199e-02 -1.310311999999999921e+00
1.380191799861015325e-02 -1.594973999999999892e+00
1.382192077831828451e-02 -1.645132000000000039e+00
1.384192355802641404e-02 -1.572522999999999893e+00
1.386192633773454530e-02 -1.518796000000000035e+00
1.388192911744267656e-02 -1.340225999999999917e+00
1.390193189715080609e-02 -9.565449999999999786e-01
1.392193467685893735e-02 -5.210850000000000204e-01
1.394193745656706861e-02 -3.993550000000000155e-01
1.396194023627519813e-02 -7.984790000000000498e-01
1.398194301598332939e-02 -1.460917000000000021e+00
1.400194579569146065e-02 -1.965157999999999960e+00
1.402194857539959018e-02 -1.986636000000000069e+00
1.404195135510772144e-02 -1.588356000000000101e+00
1.406195413481585270e-02 -1.159189000000000025e+00
1.408195691452398222e-02 -8.478590000000000293e-01
1.410195969423211348e-02 -6.943340000000000067e-01
1.412196247394024474e-02 -5.937590000000000368e-01
1.414196525364837427e-02 -7.834250000000000380e-01
1.416196803335650553e-02 -1.328675999999999968e+00
1.418197081306463679e-02 -1.833501000000000047e+00
1.420197359277276632e-02 -1.992799999999999905e+00
1.422197637248089758e-02 -1.759335000000000093e+00
1.424197915218902710e-02 -1.338149000000000033e+00
1.426198193189715836e-02 -7.514999999999999458e-01
1.428198471160528962e-02 -3.967600000000000016e-01
1.430198749131341915e-02 -5.415889999999999871e-01
1.432199027102155041e-02 -9.627740000000000187e-01
1.434199305072968167e-02 -1.350737000000000076e+00
1.436199583043781119e-02 -1.531190000000000051e+00
1.438199861014594245e-02 -1.485314000000000023e+00
1.440200138985407372e-02 -1.313816000000000095e+00
1.442200416956220324e-02 -1.214018999999999959e+00
1.444200694927033450e-02 -1.118699000000000110e+00
1.446200972897846576e-02 -1.009687999999999919e+00
1.448201250868659529e-02 -9.988519999999999621e-01
1.450201528839472655e-02 -1.226412999999999975e+00
1.452201806810285781e-02 -1.473244999999999916e+00
1.454202084781098733e-02 -1.559805000000000108e+00
1.456202362751911859e-02 -1.356511999999999940e+00
1.458202640722724985e-02 -9.958669999999999467e-01
1.460202918693537938e-02 -8.058110000000000550e-01
1.462203196664351064e-02 -9.232580000000000231e-01
1.464203474635164190e-02 -1.161524999999999919e+00
1.466203752605977143e-02 -1.381947999999999954e+00
1.468204030576790269e-02 -1.501276999999999973e+00
1.470204308547603221e-02 -1.371566000000000063e+00
1.472204586518416347e-02 -1.181251000000000051e+00
1.474204864489229473e-02 -9.735460000000000225e-01
1.476205142460042426e-02 -7.941970000000000418e-01
1.478205420430855552e-02 -7.322290000000000187e-01
1.480205698401668678e-02 -8.252779999999999561e-01
1.482205976372481630e-02 -1.035319000000000100e+00
1.484206254343294756e-02 -1.280658999999999992e+00
1.486206532314107882e-02 -1.534888000000000030e+00
1.488206810284920835e-02 -1.587447000000000052e+00
1.490207088255733961e-02 -1.353917000000000037e+00
1.492207366226547087e-02 -1.025651000000000090e+00
1.494207644197360040e-02 -9.587510000000000199e-01
1.496207922168173166e-02 -1.052124999999999977e+00
1.498208200138986292e-02 -1.076847000000000110e+00
1.500208478109799244e-02 -1.021951999999999972e+00
1.502208756080612370e-02 -9.508349999999999858e-01
1.504209034051425496e-02 -9.760760000000000547e-01
1.506209312022238449e-02 -1.047063000000000077e+00
1.508209589993051575e-02 -1.149845000000000006e+00
1.510209867963864701e-02 -1.167170000000000041e+00
1.512210145934677653e-02 -1.136479000000000017e+00
1.514210423905490779e-02 -1.131482000000000099e+00
1.516210701876303732e-02 -1.194941999999999949e+00
1.518210979847116858e-02 -1.200652000000000053e+00
1.520211257817929984e-02 -1.248019999999999907e+00
1.522211535788742937e-02 -1.224531000000000036e+00
1.524211813759556063e-02 -1.202404000000000028e+00
1.526212091730369189e-02 -1.258013000000000048e+00
1.528212369701182141e-02 -1.268394999999999939e+00
1.530212647671995267e-02 -1.166066999999999965e+00
1.532212925642808393e-02 -1.008389999999999898e+00
1.534213203613621346e-02 -7.673330000000000428e-01
1.536213481584434472e-02 -5.630669999999999842e-01
1.538213759555247598e-02 -6.341839999999999700e-01
1.540214037526060550e-02 -1.007805999999999980e+00
1.542214315496873676e-02 -1.309468999999999994e+00
1.544214593467686802e-02 -1.515422000000000047e+00
1.546214871438499755e-02 -1.560648999999999953e+00
1.548215149409312881e-02 -1.550785999999999998e+00
1.550215427380126007e-02 -1.411018000000000105e+00
1.552215705350938960e-02 -1.095728999999999953e+00
1.554215983321752086e-02 -7.089339999999999531e-01
1.556216261292565212e-02 -5.552150000000000141e-01
1.558216539263378164e-02 -7.579890000000000239e-01
1.560216817234191290e-02 -1.164314999999999989e+00
1.562217095205004243e-02 -1.446771000000000029e+00
1.564217373175817369e-02 -1.540273999999999921e+00
1.566217651146630321e-02 -1.470259999999999900e+00
1.568217929117443621e-02 -1.214279000000000108e+00
1.570218207088256573e-02 -9.468119999999999870e-01
1.572218485059069526e-02 -8.187240000000000073e-01
1.574218763029882825e-02 -8.582410000000000316e-01
1.576219041000695778e-02 -1.008131000000000110e+00
1.578219318971508731e-02 -1.135310999999999959e+00
1.580219596942322030e-02 -1.213824999999999932e+00
1.582219874913134983e-02 -1.260283999999999960e+00
1.584220152883947935e-02 -1.235173000000000076e+00
1.586220430854761235e-02 -1.063998999999999917e+00
1.588220708825574187e-02 -8.233960000000000168e-01
1.590220986796387140e-02 -6.745440000000000325e-01
1.592221264767200439e-02 -8.051629999999999621e-01
1.594221542738013392e-02 -1.206622000000000083e+00
1.596221820708826344e-02 -1.593612000000000029e+00
1.598222098679639644e-02 -1.621968000000000076e+00
1.600222376650452596e-02 -1.338862999999999914e+00
1.602222654621265549e-02 -1.127718999999999916e+00
1.604222932592078849e-02 -9.341589999999999616e-01
1.606223210562891801e-02 -7.585079999999999600e-01
1.608223488533704754e-02 -6.494969999999999910e-01
1.610223766504518053e-02 -6.608519999999999950e-01
1.612224044475331006e-02 -9.009369999999999878e-01
1.614224322446143958e-02 -1.171388000000000096e+00
1.616224600416957258e-02 -1.339186999999999905e+00
1.618224878387770210e-02 -1.353982000000000019e+00
1.620225156358583163e-02 -1.205065000000000053e+00
1.622225434329396462e-02 -9.952830000000000288e-01
1.624225712300209415e-02 -9.226090000000000124e-01
1.626225990271022367e-02 -9.914549999999999752e-01
1.628226268241835667e-02 -1.167494999999999949e+00
1.630226546212648620e-02 -1.264372000000000051e+00
1.632226824183461572e-02 -1.227386000000000088e+00
1.634227102154274525e-02 -1.049724000000000101e+00
1.636227380125087824e-02 -9.011310000000000153e-01
1.638227658095900777e-02 -8.965889999999999693e-01
1.640227936066713729e-02 -9.441519999999999913e-01
1.642228214037527029e-02 -1.016372000000000053e+00
1.644228492008339981e-02 -1.116946999999999912e+00
1.646228769979152934e-02 -1.323094999999999910e+00
1.648229047949966233e-02 -1.570642000000000094e+00
1.650229325920779186e-02 -1.586734000000000089e+00
1.652229603891592138e-02 -1.369035999999999920e+00
1.654229881862405438e-02 -9.732859999999999845e-01
1.656230159833218391e-02 -6.646159999999999846e-01
1.658230437804031343e-02 -6.076449999999999907e-01
1.660230715774844643e-02 -7.606500000000000483e-01
1.662230993745657595e-02 -9.758820000000000272e-01
1.664231271716470548e-02 -1.135829999999999895e+00
1.666231549687283847e-02 -1.265344999999999942e+00
1.668231827658096800e-02 -1.309857999999999967e+00
1.670232105628909752e-02 -1.260283999999999960e+00
1.672232383599723052e-02 -1.136932999999999971e+00
1.674232661570536004e-02 -9.340289999999999981e-01
1.676232939541348957e-02 -8.126250000000000417e-01
1.678233217512162256e-02 -7.672029999999999683e-01
1.680233495482975209e-02 -9.043759999999999577e-01
1.682233773453788162e-02 -1.154517000000000015e+00
1.684234051424601461e-02 -1.324457999999999913e+00
1.686234329395414414e-02 -1.330686999999999953e+00
1.688234607366227366e-02 -1.298567999999999945e+00
1.690234885337040666e-02 -1.297984000000000027e+00
1.692235163307853618e-02 -1.282475999999999949e+00
1.694235441278666571e-02 -1.173075000000000090e+00
1.696235719249479870e-02 -1.020394999999999941e+00
1.698235997220292823e-02 -8.636909999999999865e-01
1.700236275191105775e-02 -7.976360000000000117e-01
1.702236553161919075e-02 -8.551260000000000527e-01
1.704236831132732027e-02 -9.871069999999999567e-01
1.706237109103544980e-02 -1.124409999999999910e+00
1.708237387074358279e-02 -1.236730000000000107e+00
1.710237665045171232e-02 -1.257233999999999963e+00
1.712237943015984185e-02 -1.215966000000000102e+00
1.714238220986797484e-02 -1.177292999999999923e+00
1.716238498957610437e-02 -1.102737000000000078e+00
1.718238776928423389e-02 -1.026235000000000008e+00
1.720239054899236689e-02 -1.015787999999999913e+00
1.722239332870049641e-02 -1.112989000000000006e+00
1.724239610840862594e-02 -1.270146999999999915e+00
1.726239888811675546e-02 -1.355669000000000013e+00
1.728240166782488846e-02 -1.345156999999999936e+00
1.730240444753301798e-02 -1.135440000000000005e+00
1.732240722724114751e-02 -8.689470000000000249e-01
1.734241000694928050e-02 -7.653219999999999468e-01
1.736241278665741003e-02 -8.600569999999999604e-01
1.738241556636553956e-02 -1.079636999999999958e+00
1.740241834607367255e-02 -1.233940000000000037e+00
1.742242112578180208e-02 -1.335684000000000093e+00
1.744242390548993160e-02 -1.418220999999999954e+00
1.746242668519806460e-02 -1.370333999999999941e+00
1.748242946490619412e-02 -1.175281000000000020e+00
1.750243224461432365e-02 -9.444759999999999822e-01
1.752243502432245664e-02 -7.762879999999999781e-01
1.754243780403058617e-02 -8.277430000000000065e-01
1.756244058373871569e-02 -1.020394999999999941e+00
1.758244336344684869e-02 -1.277997999999999967e+00
1.760244614315497821e-02 -1.418026000000000009e+00
1.762244892286310774e-02 -1.398041000000000089e+00
1.764245170257124073e-02 -1.280334000000000083e+00
1.766245448227937026e-02 -1.092939000000000105e+00
1.768245726198749979e-02 -9.697820000000000329e-01
1.770246004169563278e-02 -1.002226000000000061e+00
1.772246282140376231e-02 -1.080221000000000098e+00
1.774246560111189183e-02 -1.187999000000000027e+00
1.776246838082002483e-02 -1.270861000000000018e+00
1.778247116052815435e-02 -1.232188000000000061e+00
1.780247394023628388e-02 -1.164639999999999898e+00
1.782247671994441687e-02 -1.044078999999999979e+00
1.784247949965254640e-02 -9.263080000000000203e-01
1.786248227936067592e-02 -8.973029999999999617e-01
1.788248505906880892e-02 -1.036291999999999991e+00
1.790248783877693844e-02 -1.291299999999999892e+00
1.792249061848506797e-02 -1.486806999999999990e+00
1.794249339819320097e-02 -1.487390999999999908e+00
1.796249617790133049e-02 -1.296037000000000106e+00
1.798249895760946002e-02 -1.039017000000000079e+00
1.800250173731759301e-02 -8.589539999999999953e-01
1.802250451702572254e-02 -7.904330000000000522e-01
1.804250729673385206e-02 -8.284569999999999990e-01
1.806251007644198506e-02 -9.673819999999999641e-01
1.808251285615011458e-02 -1.163731000000000071e+00
1.810251563585824411e-02 -1.327701999999999938e+00
1.812251841556637710e-02 -1.396352999999999955e+00
1.814252119527450663e-02 -1.313426999999999900e+00
1.816252397498263615e-02 -1.182938000000000045e+00
1.818252675469076568e-02 -1.005146000000000095e+00
1.820252953439889868e-02 -9.165750000000000286e-01
1.822253231410702820e-02 -9.876909999999999856e-01
1.824253509381515773e-02 -1.144330000000000069e+00
1.826253787352329072e-02 -1.295323000000000002e+00
1.828254065323142025e-02 -1.358654000000000028e+00
1.830254343293954977e-02 -1.299995000000000012e+00
1.832254621264768277e-02 -1.193904000000000076e+00
1.834254899235581229e-02 -1.104294000000000109e+00
1.836255177206394182e-02 -1.050308000000000019e+00
1.838255455177207481e-02 -9.898329999999999629e-01
1.840255733148020434e-02 -9.956730000000000302e-01
1.842256011118833386e-02 -1.071979999999999933e+00
1.844256289089646686e-02 -1.198965000000000058e+00
1.846256567060459639e-02 -1.322966000000000086e+00
1.848256845031272591e-02 -1.307457000000000091e+00
1.850257123002085891e-02 -1.214018999999999959e+00
1.852257400972898843e-02 -1.077366000000000046e+00
1.854257678943711796e-02 -1.007093000000000016e+00
1.856257956914525095e-02 -9.884699999999999598e-01
1.858258234885338048e-02 -9.749079999999999968e-01
1.860258512856151000e-02 -9.817869999999999653e-01
1.862258790826964300e-02 -1.028764999999999930e+00
1.864259068797777252e-02 -1.132001000000000035e+00
1.866259346768590205e-02 -1.268655000000000088e+00
1.868259624739403504e-02 -1.339058000000000082e+00
1.870259902710216457e-02 -1.324522999999999895e+00
1.872260180681029409e-02 -1.262555000000000094e+00
1.874260458651842709e-02 -1.142838000000000021e+00
1.876260736622655662e-02 -1.078664000000000067e+00
1.878261014593468614e-02 -1.035903000000000018e+00
1.880261292564281914e-02 -1.029544000000000015e+00
1.882261570535094866e-02 -9.828249999999999487e-01
1.884261848505907819e-02 -1.025910000000000100e+00
1.886262126476721118e-02 -1.094756000000000062e+00
1.888262404447534071e-02 -1.210515000000000008e+00
1.890262682418347023e-02 -1.234134000000000064e+00
1.892262960389160323e-02 -1.185014999999999930e+00
1.894263238359973275e-02 -1.072629000000000055e+00
1.896263516330786228e-02 -1.026170000000000027e+00
1.898263794301599527e-02 -1.006574000000000080e+00
1.900264072272412480e-02 -1.087747999999999937e+00
1.902264350243225433e-02 -1.134532000000000096e+00
1.904264628214038732e-02 -1.154258000000000006e+00
1.906264906184851685e-02 -1.116103999999999985e+00
1.908265184155664637e-02 -1.137971000000000066e+00
1.910265462126477590e-02 -1.143680999999999948e+00
1.912265740097290889e-02 -1.156463999999999936e+00
1.914266018068103842e-02 -1.146989999999999954e+00
1.916266296038916794e-02 -1.145173999999999914e+00
1.918266574009730094e-02 -1.210839999999999916e+00
1.920266851980543046e-02 -1.283579000000000025e+00
1.922267129951355999e-02 -1.320435000000000025e+00
1.924267407922169298e-02 -1.231538999999999939e+00
1.926267685892982251e-02 -1.038497999999999921e+00
1.928267963863795204e-02 -8.106780000000000097e-01
1.930268241834608503e-02 -7.655809999999999560e-01
1.932268519805421456e-02 -8.453929999999999501e-01
1.934268797776234408e-02 -1.028181000000000012e+00
1.936269075747047708e-02 -1.156659000000000104e+00
1.938269353717860660e-02 -1.263074000000000030e+00
1.940269631688673613e-02 -1.320823999999999998e+00
1.942269909659486912e-02 -1.315568000000000071e+00
1.944270187630299865e-02 -1.263463999999999920e+00
1.946270465601112817e-02 -1.148287999999999975e+00
1.948270743571926117e-02 -1.051995000000000013e+00
1.950271021542739069e-02 -1.037784999999999958e+00
1.952271299513552022e-02 -1.141928999999999972e+00
1.954271577484365321e-02 -1.316801000000000110e+00
1.956271855455178274e-02 -1.429316000000000031e+00
1.958272133425991227e-02 -1.348271999999999915e+00
1.960272411396804526e-02 -1.198965000000000058e+00
1.962272689367617479e-02 -1.022016999999999953e+00
1.964272967338430431e-02 -9.481100000000000083e-01
1.966273245309243731e-02 -9.783479999999999954e-01
1.968273523280056683e-02 -1.076651999999999942e+00
1.970273801250869636e-02 -1.182419000000000109e+00
1.972274079221682935e-02 -1.225309999999999899e+00
1.974274357192495888e-02 -1.201041999999999943e+00
1.976274635163308840e-02 -1.141539999999999999e+00
1.978274913134122140e-02 -1.023379999999999956e+00
1.980275191104935092e-02 -9.013910000000000533e-01
1.982275469075748045e-02 -8.360490000000000421e-01
1.984275747046561345e-02 -9.271509999999999474e-01
1.986276025017374297e-02 -1.153413999999999939e+00
1.988276302988187250e-02 -1.410757999999999956e+00
1.990276580959000549e-02 -1.555069000000000035e+00
1.992276858929813502e-02 -1.507635999999999976e+00
1.994277136900626454e-02 -1.337955000000000005e+00
1.996277414871439754e-02 -1.130832999999999977e+00
1.998277692842252706e-02 -9.892490000000000450e-01
2.000277970813065659e-02 -8.897760000000000113e-01
2.002278248783878611e-02 -8.967190000000000438e-01
2.004278526754691911e-02 -9.370140000000000136e-01
2.006278804725504863e-02 -1.019161999999999901e+00
2.008279082696317816e-02 -1.112924000000000024e+00
2.010279360667131116e-02 -1.170350000000000001e+00
2.012279638637944068e-02 -1.171713000000000005e+00
2.014279916608757021e-02 -1.135569999999999968e+00
2.016280194579570320e-02 -1.111820999999999948e+00
2.018280472550383273e-02 -1.121359999999999912e+00
2.020280750521196225e-02 -1.181445999999999996e+00
2.022281028492009525e-02 -1.198315999999999937e+00
2.024281306462822477e-02 -1.170544999999999947e+00
2.026281584433635430e-02 -1.122009000000000034e+00
2.028281862404448729e-02 -1.060300999999999938e+00
2.030282140375261682e-02 -1.049593999999999916e+00
2.032282418346074634e-02 -1.056861999999999968e+00
2.034282696316887934e-02 -1.093976999999999977e+00
2.036282974287700887e-02 -1.122721999999999998e+00
2.038283252258513839e-02 -1.148158000000000012e+00
2.040283530229327139e-02 -1.155100999999999933e+00
2.042283808200140091e-02 -1.158994999999999997e+00
2.044284086170953044e-02 -1.154841999999999924e+00
2.046284364141766343e-02 -1.126745000000000108e+00
2.048284642112579296e-02 -1.083790000000000031e+00
2.050284920083392248e-02 -1.082556999999999992e+00
2.052285198054205548e-02 -1.079506999999999994e+00
2.054285476025018500e-02 -1.056341999999999892e+00
2.056285753995831453e-02 -1.041352999999999973e+00
2.058286031966644752e-02 -1.033436999999999939e+00
2.060286309937457705e-02 -1.053746999999999989e+00
2.062286587908270657e-02 -1.114222000000000046e+00
2.064286865879083957e-02 -1.202339999999999964e+00
2.066287143849896910e-02 -1.250550999999999968e+00
2.068287421820709862e-02 -1.260024999999999951e+00
2.070287699791523162e-02 -1.226931999999999912e+00
2.072287977762336114e-02 -1.160552000000000028e+00
2.074288255733149067e-02 -1.123112000000000110e+00
2.076288533703962366e-02 -1.079831999999999903e+00
2.078288811674775319e-02 -1.048750999999999989e+00
2.080289089645588271e-02 -1.070553000000000088e+00
2.082289367616401571e-02 -1.132649999999999935e+00
2.084289645587214523e-02 -1.187869999999999981e+00
2.086289923558027476e-02 -1.196174999999999988e+00
2.088290201528840775e-02 -1.167948999999999904e+00
2.090290479499653728e-02 -1.127523999999999971e+00
2.092290757470466681e-02 -1.102606999999999893e+00
2.094291035441279980e-02 -1.152765000000000040e+00
2.096291313412092933e-02 -1.210774999999999935e+00
2.098291591382905885e-02 -1.260737999999999914e+00
2.100291869353718838e-02 -1.222325000000000106e+00
2.102292147324532137e-02 -1.128108000000000111e+00
2.104292425295345090e-02 -1.013776000000000010e+00
2.106292703266158042e-02 -9.395449999999999635e-01
2.108292981236971342e-02 -9.161200000000000454e-01
2.110293259207784294e-02 -9.711450000000000360e-01
2.112293537178597247e-02 -1.073018999999999945e+00
2.114293815149410546e-02 -1.218237000000000014e+00
2.116294093120223499e-02 -1.369685000000000041e+00
2.118294371091036452e-02 -1.428147999999999973e+00
2.120294649061849751e-02 -1.373253000000000057e+00
2.122294927032662704e-02 -1.184495000000000076e+00
2.124295205003475656e-02 -9.692629999999999857e-01
2.126295482974288956e-02 -8.370220000000000438e-01
2.128295760945101908e-02 -8.488970000000000127e-01
2.130296038915914861e-02 -9.514839999999999964e-01
2.132296316886728160e-02 -1.085088000000000052e+00
2.134296594857541113e-02 -1.191762999999999906e+00
2.136296872828354065e-02 -1.278453000000000062e+00
2.138297150799167365e-02 -1.290067999999999993e+00
2.140297428769980317e-02 -1.255417999999999923e+00
2.142297706740793270e-02 -1.160033000000000092e+00
2.144297984711606569e-02 -1.069255000000000067e+00
2.146298262682419522e-02 -1.046543999999999919e+00
2.148298540653232475e-02 -1.088656000000000068e+00
2.150298818624045774e-02 -1.183716999999999908e+00
2.152299096594858727e-02 -1.228358999999999979e+00
2.154299374565671679e-02 -1.211554000000000020e+00
2.156299652536484979e-02 -1.130120000000000013e+00
2.158299930507297931e-02 -1.017474999999999907e+00
2.160300208478110884e-02 -9.662140000000000173e-01
2.162300486448924183e-02 -9.745840000000000058e-01
2.164300764419737136e-02 -1.046478999999999937e+00
2.166301042390550088e-02 -1.084632999999999958e+00
2.168301320361363388e-02 -1.140306999999999960e+00
2.170301598332176340e-02 -1.182288999999999923e+00
2.172301876302989293e-02 -1.165354000000000001e+00
2.174302154273802593e-02 -1.139528000000000096e+00
2.176302432244615545e-02 -1.043495000000000061e+00
2.178302710215428498e-02 -9.666029999999999900e-01
2.180302988186241797e-02 -9.332510000000000527e-01
2.182303266157054750e-02 -9.861990000000000478e-01
2.184303544127867702e-02 -1.109809999999999963e+00
2.186303822098681002e-02 -1.202793999999999919e+00
2.188304100069493954e-02 -1.216550000000000020e+00
2.190304378040306907e-02 -1.198315999999999937e+00
2.192304656011119859e-02 -1.137971000000000066e+00
2.194304933981933159e-02 -1.097221999999999920e+00
2.196305211952746111e-02 -1.065881000000000078e+00
2.198305489923559064e-02 -1.061468999999999996e+00
2.200305767894372364e-02 -1.029544000000000015e+00
2.202306045865185316e-02 -1.040056000000000092e+00
2.204306323835998269e-02 -1.030062999999999951e+00
2.206306601806811568e-02 -1.061533000000000060e+00
2.208306879777624521e-02 -1.053293000000000035e+00
2.210307157748437473e-02 -1.029219000000000106e+00
2.212307435719250773e-02 -1.047971999999999904e+00
2.214307713690063725e-02 -1.117855999999999961e+00
2.216307991660876678e-02 -1.173723999999999990e+00
2.218308269631689977e-02 -1.222325000000000106e+00
2.220308547602502930e-02 -1.194682999999999939e+00
2.222308825573315882e-02 -1.171064000000000105e+00
2.224309103544129182e-02 -1.124929000000000068e+00
2.226309381514942135e-02 -1.088332000000000077e+00
2.228309659485755087e-02 -1.066853999999999969e+00
2.230309937456568387e-02 -1.057900000000000063e+00
2.232310215427381339e-02 -1.049334999999999907e+00
2.234310493398194292e-02 -1.071460999999999997e+00
2.236310771369007591e-02 -1.110587999999999909e+00
2.238311049339820544e-02 -1.143291999999999975e+00
2.240311327310633496e-02 -1.159968000000000110e+00
2.242311605281446796e-02 -1.149974999999999969e+00
2.244311883252259748e-02 -1.112535000000000052e+00
2.246312161223072701e-02 -1.079442000000000013e+00
2.248312439193886000e-02 -1.050567000000000029e+00
2.250312717164698953e-02 -1.055174000000000056e+00
2.252312995135511905e-02 -1.017668999999999935e+00
2.254313273106325205e-02 -1.010078000000000031e+00
2.256313551077138158e-02 -1.031231000000000009e+00
2.258313829047951110e-02 -1.100530999999999926e+00
2.260314107018764410e-02 -1.169311999999999907e+00
2.262314384989577362e-02 -1.243154000000000092e+00
2.264314662960390315e-02 -1.225244999999999918e+00
2.266314940931203614e-02 -1.163472000000000062e+00
2.268315218902016567e-02 -1.093523000000000023e+00
2.270315496872829519e-02 -1.048815000000000053e+00
2.272315774843642819e-02 -1.038108999999999948e+00
2.274316052814455771e-02 -1.050696999999999992e+00
2.276316330785268724e-02 -1.086645000000000083e+00
2.278316608756082023e-02 -1.149845000000000006e+00
2.280316886726894976e-02 -1.192995999999999945e+00
2.282317164697707929e-02 -1.176838999999999968e+00
2.284317442668520881e-02 -1.102672000000000097e+00
2.286317720639334181e-02 -1.015203999999999995e+00
2.288317998610147133e-02 -9.427889999999999882e-01
2.290318276580960086e-02 -9.788670000000000426e-01
2.292318554551773385e-02 -1.046024999999999983e+00
2.294318832522586338e-02 -1.154711999999999961e+00
2.296319110493399290e-02 -1.236080999999999985e+00
2.298319388464212590e-02 -1.226347999999999994e+00
2.300319666435025542e-02 -1.165094000000000074e+00
2.302319944405838495e-02 -1.073472999999999900e+00
2.304320222376651794e-02 -9.967110000000000136e-01
2.306320500347464747e-02 -9.830839999999999579e-01
2.308320778318277700e-02 -9.912600000000000300e-01
2.310321056289090999e-02 -1.070812000000000097e+00
2.312321334259903952e-02 -1.191893000000000091e+00
2.314321612230716904e-02 -1.280334000000000083e+00
2.316321890201530204e-02 -1.309987999999999930e+00
2.318322168172343156e-02 -1.264890999999999988e+00
2.320322446143156109e-02 -1.145952000000000082e+00
2.322322724113969408e-02 -1.021627999999999981e+00
2.324323002084782361e-02 -9.984629999999999894e-01
2.326323280055595313e-02 -1.019292000000000087e+00
2.328323558026408613e-02 -1.062052999999999914e+00
2.330323835997221565e-02 -1.096573000000000020e+00
2.332324113968034518e-02 -1.116687999999999903e+00
2.334324391938847817e-02 -1.127264999999999961e+00
2.336324669909660770e-02 -1.069125000000000103e+00
2.338324947880473723e-02 -1.020459999999999923e+00
2.340325225851287022e-02 -1.033501999999999921e+00
2.342325503822099975e-02 -1.041287999999999991e+00
2.344325781792912927e-02 -1.092939000000000105e+00
2.346326059763726227e-02 -1.167040999999999995e+00
2.348326337734539179e-02 -1.192801000000000000e+00
2.350326615705352132e-02 -1.189167000000000085e+00
2.352326893676165431e-02 -1.133299000000000056e+00
2.354327171646978384e-02 -1.064648000000000039e+00
2.356327449617791336e-02 -1.042780999999999958e+00
2.358327727588604636e-02 -1.048426000000000080e+00
2.360328005559417588e-02 -1.082038000000000055e+00
2.362328283530230541e-02 -1.119218000000000046e+00
2.364328561501043841e-02 -1.130703999999999931e+00
2.366328839471856793e-02 -1.137647000000000075e+00
2.368329117442669746e-02 -1.112535000000000052e+00
2.370329395413483045e-02 -1.077949999999999964e+00
2.372329673384295998e-02 -1.025975000000000081e+00
2.374329951355108950e-02 -9.941149999999999709e-01
2.376330229325921903e-02 -9.985920000000000352e-01
2.378330507296735202e-02 -1.034799999999999942e+00
2.380330785267548155e-02 -1.067503000000000091e+00
2.382331063238361107e-02 -1.099298000000000108e+00
2.384331341209174407e-02 -1.107604000000000033e+00
2.386331619179987359e-02 -1.120840999999999976e+00
2.388331897150800312e-02 -1.107213999999999920e+00
2.390332175121613612e-02 -1.122851999999999961e+00
2.392332453092426564e-02 -1.105396999999999963e+00
2.394332731063239517e-02 -1.097869999999999902e+00
2.396333009034052816e-02 -1.114222000000000046e+00
2.398333287004865769e-02 -1.110783000000000076e+00
2.400333564975678721e-02 -1.142643000000000075e+00
2.402333842946492021e-02 -1.118764000000000092e+00
2.404334120917304973e-02 -1.094560999999999895e+00
2.406334398888117926e-02 -1.053746999999999989e+00
2.408334676858931225e-02 -1.016826000000000008e+00
2.410334954829744178e-02 -1.008844999999999992e+00
2.412335232800557130e-02 -1.014229999999999965e+00
2.414335510771370430e-02 -1.003263999999999934e+00
2.416335788742183383e-02 -1.000215000000000076e+00
2.418336066712996335e-02 -1.009622999999999937e+00
2.420336344683809635e-02 -1.047582999999999931e+00
2.422336622654622587e-02 -1.114870999999999945e+00
2.424336900625435540e-02 -1.028764999999999930e+00
2.426337178596248839e-02 -1.127264999999999961e+00
2.428337456567061792e-02 -1.059781000000000084e+00
2.430337734537874744e-02 -1.048491000000000062e+00
2.432338012508688044e-02 -1.055822999999999956e+00
2.434338290479500996e-02 -1.068411999999999917e+00
2.436338568450313949e-02 -1.055563999999999947e+00
2.438338846421127248e-02 -1.037330000000000085e+00
2.440339124391940201e-02 -1.245943999999999940e+00
2.442339402362753153e-02 -1.126551000000000080e+00
2.444339680333566453e-02 -1.226542999999999939e+00
2.446339958304379406e-02 -1.052967999999999904e+00
2.448340236275192358e-02 -8.778369999999999784e-01
2.450340514246005658e-02 -9.756219999999999892e-01
2.452340792216818610e-02 -9.960620000000000029e-01
2.454341070187631563e-02 -9.481749999999999901e-01
2.456341348158444862e-02 -1.088267000000000095e+00
2.458341626129257815e-02 -1.106046000000000085e+00
2.460341904100070767e-02 -1.129275999999999947e+00
2.462342182070884067e-02 -1.120061999999999891e+00
2.464342460041697019e-02 -1.080025999999999931e+00
2.466342738012509972e-02 -1.052967999999999904e+00
2.468343015983322924e-02 -1.084893000000000107e+00
2.470343293954136224e-02 -1.027986999999999984e+00
2.472343571924949177e-02 -9.883399999999999963e-01
2.474343849895762129e-02 -9.970999999999999863e-01
2.476344127866575429e-02 -1.091510999999999898e+00
2.478344405837388381e-02 -1.159448999999999952e+00
2.480344683808201334e-02 -1.182029999999999914e+00
2.482344961779014633e-02 -1.118309999999999915e+00
2.484345239749827586e-02 -1.031036000000000064e+00
2.486345517720640538e-02 -9.926230000000000331e-01
2.488345795691453838e-02 -1.064453000000000094e+00
2.490346073662266790e-02 -1.125966999999999940e+00
2.492346351633079743e-02 -1.136543000000000081e+00
2.494346629603893042e-02 -1.086384999999999934e+00
2.496346907574705995e-02 -1.051930000000000032e+00
2.498347185545518948e-02 -1.048295999999999895e+00
2.500347463516332247e-02 -1.015981999999999941e+00
2.502347741487145200e-02 -9.968399999999999483e-01
2.504348019457958152e-02 -9.789320000000000244e-01
2.506348297428771452e-02 -1.034216000000000024e+00
2.508348575399584404e-02 -1.133429000000000020e+00
2.510348853370397357e-02 -1.212266999999999983e+00
2.512349131341210656e-02 -1.228423999999999960e+00
2.514349409312023609e-02 -1.155230999999999897e+00
2.516349687282836561e-02 -1.073342999999999936e+00
2.518349965253649861e-02 -1.037071000000000076e+00
2.520350243224462813e-02 -1.025910000000000100e+00
2.522350521195275766e-02 -1.074316000000000049e+00
2.524350799166089065e-02 -1.061144000000000087e+00
2.526351077136902018e-02 -1.096897000000000011e+00
2.528351355107714971e-02 -1.104878000000000027e+00
2.530351633078528270e-02 -1.103644999999999987e+00
2.532351911049341223e-02 -1.078273999999999955e+00
2.534352189020154175e-02 -1.028310999999999975e+00
2.536352466990967475e-02 -1.001317999999999930e+00
2.538352744961780427e-02 -1.017539999999999889e+00
2.540353022932593380e-02 -1.054135999999999962e+00
2.542353300903406679e-02 -1.121944000000000052e+00
2.544353578874219632e-02 -1.132001000000000035e+00
2.546353856845032584e-02 -1.105526999999999926e+00
2.548354134815845884e-02 -1.100854999999999917e+00
2.550354412786658836e-02 -1.042327000000000004e+00
2.552354690757471789e-02 -1.010790999999999995e+00
2.554354968728285089e-02 -9.960620000000000029e-01
2.556355246699098041e-02 -1.006378999999999913e+00
2.558355524669910994e-02 -1.036551999999999918e+00
2.560355802640724293e-02 -1.100076999999999972e+00
2.562356080611537246e-02 -1.134142999999999901e+00
2.564356358582350198e-02 -1.174827000000000066e+00
2.566356636553163151e-02 -1.150300000000000100e+00
2.568356914523976450e-02 -1.109291000000000027e+00
2.570357192494789403e-02 -1.078273999999999955e+00
2.572357470465602355e-02 -1.070033999999999930e+00
2.574357748436415655e-02 -1.059196999999999944e+00
2.576358026407228607e-02 -1.037849000000000022e+00
2.578358304378041560e-02 -1.010078000000000031e+00
2.580358582348854860e-02 -1.007093000000000016e+00
2.582358860319667812e-02 -1.054070999999999980e+00
2.584359138290480765e-02 -1.093263000000000096e+00
2.586359416261294064e-02 -1.134792000000000023e+00
2.588359694232107017e-02 -1.120451000000000086e+00
2.590359972202919969e-02 -1.108641999999999905e+00
2.592360250173733269e-02 -1.163731000000000071e+00
2.594360528144546221e-02 -1.156917999999999891e+00
2.596360806115359174e-02 -1.122268000000000043e+00
2.598361084086172473e-02 -1.078338999999999936e+00
2.600361362056985426e-02 -1.079897000000000107e+00
2.602361640027798378e-02 -1.091056999999999944e+00
2.604361917998611678e-02 -1.106500999999999957e+00
2.606362195969424631e-02 -1.068670999999999927e+00
2.608362473940237583e-02 -1.023898999999999893e+00
2.610362751911050883e-02 -1.012868000000000102e+00
2.612363029881863835e-02 -1.016307000000000071e+00
2.614363307852676788e-02 -1.051541000000000059e+00
2.616363585823490087e-02 -1.091186999999999907e+00
2.618363863794303040e-02 -1.131482000000000099e+00
2.620364141765115992e-02 -1.182873000000000063e+00
2.622364419735929292e-02 -1.195980999999999961e+00
2.624364697706742244e-02 -1.190269999999999939e+00
2.626364975677555197e-02 -1.124733999999999901e+00
2.628365253648368496e-02 -1.073538000000000103e+00
2.630365531619181449e-02 -1.012089000000000016e+00
2.632365809589994401e-02 -1.003459000000000101e+00
2.634366087560807701e-02 -1.037330000000000085e+00
2.636366365531620654e-02 -1.089304999999999968e+00
2.638366643502433606e-02 -1.109615000000000018e+00
2.640366921473246906e-02 -1.110524000000000067e+00
2.642367199444059858e-02 -1.114935999999999927e+00
2.644367477414872811e-02 -1.119348000000000010e+00
2.646367755385686110e-02 -1.136608000000000063e+00
2.648368033356499063e-02 -1.115324999999999900e+00
2.650368311327312015e-02 -1.094626000000000099e+00
2.652368589298125315e-02 -1.125966999999999940e+00
2.654368867268938267e-02 -1.139334000000000069e+00
2.656369145239751220e-02 -1.120192000000000077e+00
2.658369423210564172e-02 -1.048621000000000025e+00
2.660369701181377472e-02 -9.898979999999999446e-01
2.662369979152190425e-02 -9.644620000000000415e-01
2.664370257123003377e-02 -9.916490000000000027e-01
2.666370535093816677e-02 -1.036291999999999991e+00
2.668370813064629629e-02 -1.089954000000000089e+00
2.670371091035442582e-02 -1.126810000000000089e+00
2.672371369006255881e-02 -1.153478999999999921e+00
2.674371646977068834e-02 -1.172816000000000081e+00
2.676371924947881786e-02 -1.141280000000000072e+00
2.678372202918695086e-02 -1.090473000000000026e+00
2.680372480889508038e-02 -1.055239000000000038e+00
2.682372758860320991e-02 -1.018966999999999956e+00
2.684373036831134290e-02 -1.035838000000000036e+00
2.686373314801947243e-02 -1.075938000000000061e+00
2.688373592772760196e-02 -1.107085000000000097e+00
2.690373870743573495e-02 -1.129405999999999910e+00
2.692374148714386448e-02 -1.101050000000000084e+00
2.694374426685199400e-02 -1.080416000000000043e+00
2.696374704656012700e-02 -1.056083000000000105e+00
2.698374982626825652e-02 -1.043365000000000098e+00
2.700375260597638605e-02 -1.042586000000000013e+00
2.702375538568451904e-02 -1.066983999999999932e+00
2.704375816539264857e-02 -1.082816999999999918e+00
2.706376094510077809e-02 -1.136867999999999990e+00
2.708376372480891109e-02 -1.141021000000000063e+00
2.710376650451704061e-02 -1.116687999999999903e+00
2.712376928422517014e-02 -1.084049000000000040e+00
2.714377206393330313e-02 -1.068931000000000076e+00
2.716377484364143266e-02 -1.035903000000000018e+00
2.718377762334956219e-02 -1.063544999999999963e+00
2.720378040305769518e-02 -1.069903999999999966e+00
2.722378318276582471e-02 -1.096832000000000029e+00
2.724378596247395423e-02 -1.085088000000000052e+00
2.726378874218208723e-02 -1.097610999999999892e+00
2.728379152189021675e-02 -1.074640999999999957e+00
2.730379430159834628e-02 -1.057055999999999996e+00
2.732379708130647927e-02 -1.041158999999999946e+00
2.734379986101460880e-02 -1.039730999999999961e+00
2.736380264072273832e-02 -1.052578999999999931e+00
2.738380542043087132e-02 -1.074575999999999976e+00
2.740380820013900084e-02 -1.098000000000000087e+00
2.742381097984713037e-02 -1.103839999999999932e+00
2.744381375955526337e-02 -1.093199000000000032e+00
2.746381653926339289e-02 -1.079701999999999940e+00
2.748381931897152242e-02 -1.070488000000000106e+00
2.750382209867965194e-02 -1.071590999999999960e+00
2.752382487838778494e-02 -1.079053000000000040e+00
2.754382765809591446e-02 -1.054135999999999962e+00
2.756383043780404399e-02 -1.067307999999999923e+00
2.758383321751217698e-02 -1.062572000000000072e+00
2.760383599722030651e-02 -1.114416999999999991e+00
2.762383877692843603e-02 -1.113963000000000036e+00
2.764384155663656903e-02 -1.095404999999999962e+00
2.766384433634469855e-02 -1.075809000000000015e+00
2.768384711605282808e-02 -1.057770000000000099e+00
2.770384989576096108e-02 -1.074446000000000012e+00
2.772385267546909060e-02 -1.069903999999999966e+00
2.774385545517722013e-02 -1.044143999999999961e+00
2.776385823488535312e-02 -1.046089999999999964e+00
2.778386101459348265e-02 -1.028375999999999957e+00
2.780386379430161217e-02 -1.047582999999999931e+00
2.782386657400974517e-02 -1.073472999999999900e+00
2.784386935371787469e-02 -1.088397000000000059e+00
2.786387213342600422e-02 -1.092678999999999956e+00
2.788387491313413721e-02 -1.068931000000000076e+00
2.790387769284226674e-02 -1.086384999999999934e+00
2.792388047255039626e-02 -1.086904000000000092e+00
2.794388325225852926e-02 -1.106370999999999993e+00
2.796388603196665879e-02 -1.096702000000000066e+00
2.798388881167478831e-02 -1.098130000000000051e+00
2.800389159138292131e-02 -1.094171999999999922e+00
2.802389437109105083e-02 -1.095404999999999962e+00
2.804389715079918036e-02 -1.078338999999999936e+00
2.806389993050731335e-02 -1.056991000000000014e+00
2.808390271021544288e-02 -1.031490000000000018e+00
2.810390548992357240e-02 -1.037654999999999994e+00
2.812390826963170540e-02 -1.050502999999999965e+00
2.814391104933983492e-02 -1.094951000000000008e+00
2.816391382904796445e-02 -1.121099999999999985e+00
2.818391660875609744e-02 -1.116492999999999958e+00
2.820391938846422697e-02 -1.109031000000000100e+00
2.822392216817235649e-02 -1.087488000000000010e+00
2.824392494788048949e-02 -1.042002000000000095e+00
2.826392772758861902e-02 -1.029932999999999987e+00
2.828393050729674854e-02 -1.038953000000000015e+00
2.830393328700488154e-02 -1.048167000000000071e+00
2.832393606671301106e-02 -1.082168000000000019e+00
2.834393884642114059e-02 -1.121618999999999922e+00
2.836394162612927358e-02 -1.113118999999999970e+00
2.838394440583740311e-02 -1.110068999999999972e+00
2.840394718554553263e-02 -1.094691000000000081e+00
2.842394996525366216e-02 -1.073212999999999973e+00
2.844395274496179515e-02 -1.061404000000000014e+00
2.846395552466992468e-02 -1.054589999999999916e+00
2.848395830437805420e-02 -1.067503000000000091e+00
2.850396108408618720e-02 -1.076197999999999988e+00
2.852396386379431673e-02 -1.095598999999999990e+00
2.854396664350244625e-02 -1.072629000000000055e+00
2.856396942321057925e-02 -1.031814999999999927e+00
2.858397220291870877e-02 -9.819809999999999928e-01
2.860397498262683830e-02 -9.730269999999999753e-01
2.862397776233497129e-02 -9.863939999999999930e-01
2.864398054204310082e-02 -1.028116000000000030e+00
2.866398332175123034e-02 -1.083140999999999909e+00
2.868398610145936334e-02 -1.098713999999999968e+00
2.870398888116749286e-02 -1.128173000000000092e+00
2.872399166087562239e-02 -1.115259999999999918e+00
2.874399444058375538e-02 -1.105852000000000057e+00
2.876399722029188491e-02 -1.061144000000000087e+00
