# time(s), 	 	 acceleration(g)
0.000000000000000000e+00 6.312877000000000294e+00
2.000277970813059281e-05 6.548678999999999917e+00
4.000555941626118562e-05 6.777408000000000321e+00
6.000833912439177504e-05 7.051688000000000400e+00
8.001111883252237124e-05 7.307215000000000238e+00
1.000138985406529674e-04 7.570528999999999620e+00
1.200166782487835501e-04 7.895226000000000077e+00
1.400194579569141598e-04 8.213110999999999606e+00
1.600222376650447425e-04 8.604317999999999245e+00
1.800250173731753251e-04 8.987609000000000847e+00
2.000277970813059349e-04 9.412039000000000044e+00
2.200305767894365175e-04 9.851067999999999714e+00
2.400333564975671002e-04 1.032572099999999971e+01
2.600361362056977099e-04 1.086435299999999948e+01
2.800389159138283197e-04 1.142939400000000028e+01
3.000416956219588752e-04 1.205354799999999926e+01
3.200444753300894850e-04 1.279261799999999916e+01
3.400472550382200947e-04 1.353415399999999913e+01
3.600500347463506503e-04 1.446035900000000041e+01
3.800528144544812600e-04 1.548415600000000047e+01
4.000555941626118698e-04 1.662565800000000138e+01
4.200583738707424253e-04 1.794631599999999949e+01
4.400611535788730351e-04 1.939006499999999988e+01
4.600639332870036448e-04 2.120925400000000138e+01
4.800667129951342003e-04 2.328980999999999923e+01
5.000694927032648101e-04 2.575891299999999973e+01
5.200722724113954198e-04 2.892101500000000058e+01
5.400750521195260296e-04 3.310496700000000203e+01
5.600778318276566393e-04 3.915314099999999797e+01
5.800806115357871407e-04 4.840059699999999765e+01
6.000833912439177504e-04 6.443075399999999320e+01
6.200861709520483602e-04 8.962018500000000643e+01
6.400889506601789699e-04 1.286376180000000033e+02
6.600917303683095797e-04 1.832344339999999931e+02
6.800945100764401894e-04 2.518528770000000065e+02
7.000972897845707992e-04 3.321550449999999728e+02
7.201000694927013005e-04 4.122249810000000139e+02
7.401028492008319103e-04 4.784418679999999995e+02
7.601056289089625200e-04 5.156615249999999833e+02
7.801084086170931298e-04 5.164892320000000154e+02
8.001111883252237395e-04 4.857138860000000022e+02
8.201139680333543493e-04 4.382127889999999866e+02
8.401167477414848506e-04 3.858389569999999935e+02
8.601195274496154604e-04 3.356343180000000075e+02
8.801223071577460701e-04 2.885919759999999883e+02
9.001250868658766799e-04 2.471419070000000033e+02
9.201278665740072896e-04 1.994625629999999887e+02
9.401306462821378994e-04 1.470492150000000038e+02
9.601334259902684007e-04 9.368396599999999808e+01
9.801362056983990104e-04 4.923563599999999951e+01
1.000138985406529620e-03 1.401678800000000003e+01
1.020141765114660230e-03 -5.323415999999999926e+00
1.040144544822790840e-03 -1.142239600000000088e+01
1.060147324530921449e-03 -3.480802999999999869e+00
1.080150104239052059e-03 1.399647799999999975e+01
1.100152883947182669e-03 3.984983900000000290e+01
1.120155663655313279e-03 6.059602699999999942e+01
1.140158443363443888e-03 7.296846999999999639e+01
1.160161223071574281e-03 6.899786799999999687e+01
1.180164002779704891e-03 4.948162399999999650e+01
1.200166782487835501e-03 1.734240700000000146e+01
1.220169562195966111e-03 -1.219137899999999952e+01
1.240172341904096720e-03 -3.518884200000000106e+01
1.260175121612227330e-03 -4.531143800000000255e+01
1.280177901320357940e-03 -3.422824599999999862e+01
1.300180681028488550e-03 -1.803106800000000121e+01
1.320183460736619159e-03 -8.276899999999999535e-02
1.340186240444749769e-03 2.036344400000000121e+01
1.360189020152880379e-03 3.046378299999999939e+01
1.380191799861010989e-03 3.117034400000000005e+01
1.400194579569141598e-03 1.022644299999999973e+01
1.420197359277271991e-03 -1.030971000000000082e+00
1.440200138985402601e-03 -1.043500099999999975e+01
1.460202918693533211e-03 -1.234438399999999980e+01
1.480205698401663821e-03 -1.327962000000000087e+00
1.500208478109794430e-03 4.927851999999999677e+00
1.520211257817925040e-03 2.131502000000000052e+01
1.540214037526055650e-03 2.634361499999999978e+01
1.560216817234186260e-03 2.911217399999999955e+01
1.580219596942316869e-03 2.539885100000000051e+01
1.600222376650447479e-03 5.536043000000000269e+00
1.620225156358578089e-03 4.803850999999999871e+00
1.640227936066708699e-03 4.482528000000000290e+00
1.660230715774839308e-03 -5.331462000000000145e+00
1.680233495482969701e-03 3.228315999999999963e+00
1.700236275191100311e-03 9.891090000000000160e-01
1.720239054899230921e-03 1.229193999999999898e+00
1.740241834607361530e-03 -6.119716999999999629e+00
1.760244614315492140e-03 -1.857943300000000164e+01
1.780247394023622750e-03 -2.581861900000000176e+01
1.800250173731753360e-03 -3.415382000000000318e+01
1.820252953439883969e-03 -2.568391199999999941e+01
1.840255733148014579e-03 -1.924660799999999838e+01
1.860258512856145189e-03 -2.351757999999999793e+00
1.880261292564275799e-03 2.049094799999999950e+01
1.900264072272406408e-03 3.044736599999999882e+01
1.920266851980536801e-03 4.087791800000000109e+01
1.940269631688667411e-03 4.050325699999999784e+01
1.960272411396798021e-03 2.812263799999999847e+01
1.980275191104928847e-03 1.404819299999999949e+01
2.000277970813059240e-03 -5.437300000000000466e-01
2.020280750521190067e-03 -1.109523300000000035e+01
2.040283530229320460e-03 -1.943147300000000044e+01
2.060286309937450853e-03 -1.766743800000000064e+01
2.080289089645581679e-03 -1.469889500000000027e+01
2.100291869353712072e-03 -8.049797999999999121e+00
2.120294649061842899e-03 -4.415443999999999924e+00
2.140297428769973292e-03 -6.032969999999999722e-01
2.160300208478104118e-03 -1.019096999999999920e+00
2.180302988186234511e-03 -6.544665000000000177e+00
2.200305767894365338e-03 -1.567454500000000017e+01
2.220308547602495731e-03 -1.878772299999999973e+01
2.240311327310626557e-03 -1.357277099999999947e+01
2.260314107018756950e-03 -7.934947000000000195e+00
2.280316886726887777e-03 -6.163255999999999624e+00
2.300319666435018170e-03 3.379439000000000082e+00
2.320322446143148563e-03 1.103351499999999952e+01
2.340325225851279389e-03 1.500801000000000052e+01
2.360328005559409782e-03 1.693854599999999877e+01
2.380330785267540609e-03 1.543886400000000059e+01
2.400333564975671002e-03 8.483043000000000333e+00
2.420336344683801828e-03 5.356175000000000352e+00
2.440339124391932221e-03 6.096931999999999796e+00
2.460341904100063048e-03 -3.146631999999999874e+00
2.480344683808193441e-03 -7.721597000000000044e+00
2.500347463516324267e-03 -1.335273699999999941e+01
2.520350243224454660e-03 -1.560011899999999940e+01
2.540353022932585487e-03 -1.715313899999999947e+01
2.560355802640715880e-03 -1.316488799999999948e+01
2.580358582348846273e-03 -4.823845999999999634e+00
2.600361362056977099e-03 -5.948282999999999987e+00
2.620364141765107492e-03 -5.922782999999999909e+00
2.640366921473238319e-03 -5.296681999999999668e+00
2.660369701181368712e-03 -6.838282000000000416e+00
2.680372480889499538e-03 -8.326738000000000639e+00
2.700375260597629931e-03 -7.223065000000000069e+00
2.720378040305760758e-03 -8.316292000000000684e+00
2.740380820013891151e-03 -1.428082999999999991e+00
2.760383599722021977e-03 3.748648999999999898e+00
2.780386379430152370e-03 1.918456600000000023e+01
2.800389159138283197e-03 1.866734699999999947e+01
2.820391938846413590e-03 1.170912500000000023e+01
2.840394718554543983e-03 5.886500999999999983e+00
2.860397498262674809e-03 2.642444999999999933e+00
2.880400277970805202e-03 -1.612233999999999945e+00
2.900403057678936029e-03 -6.314185000000000159e+00
2.920405837387066422e-03 -1.269685300000000083e+01
2.940408617095197248e-03 -1.464860799999999941e+01
2.960411396803327641e-03 -1.028913400000000067e+01
2.980414176511458468e-03 -7.659434000000000076e+00
3.000416956219588861e-03 -7.668584000000000067e+00
3.020419735927719687e-03 -1.636027800000000099e+01
3.040422515635850080e-03 -1.689099300000000170e+01
3.060425295343980907e-03 -1.390077800000000074e+01
3.080428075052111300e-03 -1.284025500000000086e+01
3.100430854760241692e-03 -4.140514999999999723e+00
3.120433634468372519e-03 4.246661999999999715e+00
3.140436414176502912e-03 9.665554999999999453e+00
3.160439193884633739e-03 1.247830300000000037e+01
3.180441973592764131e-03 1.303880200000000045e+01
3.200444753300894958e-03 7.987885999999999598e+00
3.220447533009025351e-03 2.137230999999999881e+00
3.240450312717156178e-03 -7.568209999999999660e-01
3.260453092425286570e-03 -5.062503000000000419e+00
3.280455872133417397e-03 -6.537528000000000006e+00
3.300458651841547790e-03 -7.195110000000000117e-01
3.320461431549678617e-03 4.493299000000000376e+00
3.340464211257809009e-03 4.644877000000000145e+00
3.360466990965939402e-03 -6.483940000000000259e-01
3.380469770674070229e-03 -4.900089000000000361e+00
3.400472550382200622e-03 -1.492321199999999948e+01
3.420475330090331448e-03 -1.848035000000000139e+01
3.440478109798461841e-03 -1.994986000000000104e+01
3.460480889506592668e-03 -1.846185699999999841e+01
3.480483669214723061e-03 -1.508770200000000017e+01
3.500486448922853887e-03 -7.201846999999999888e+00
3.520489228630984280e-03 4.069973000000000063e+00
3.540492008339115107e-03 8.599322000000000799e+00
3.560494788047245500e-03 1.402158900000000052e+01
3.580497567755376326e-03 1.029879299999999986e+01
3.600500347463506719e-03 5.136141000000000290e+00
3.620503127171637112e-03 6.760920000000000263e-01
3.640505906879767939e-03 -3.563924000000000092e+00
3.660508686587898332e-03 -1.969059999999999977e-01
3.680511466296029158e-03 8.458379999999999788e-01
3.700514246004159551e-03 -4.944990999999999914e+00
3.720517025712290378e-03 -1.592962999999999907e+00
3.740519805420420771e-03 -1.378379999999999939e+00
3.760522585128551597e-03 -2.226201000000000096e+00
3.780525364836681990e-03 -4.461500000000000188e-02
3.800528144544812817e-03 8.008699999999999708e-01
3.820530924252943210e-03 -3.915484999999999882e+00
3.840533703961073603e-03 -6.242937999999999654e+00
3.860536483669204429e-03 -7.180239000000000260e+00
3.880539263377334822e-03 -1.189321999999999946e+01
3.900542043085465649e-03 -1.489264999999999972e+01
3.920544822793596042e-03 -1.447827799999999954e+01
3.940547602501726435e-03 -8.587262000000000839e+00
3.960550382209857695e-03 -3.237604000000000148e+00
3.980553161917988088e-03 6.577943000000000318e+00
4.000555941626118481e-03 1.430482399999999998e+01
4.020558721334248874e-03 1.265278499999999973e+01
4.040561501042380134e-03 1.065444199999999952e+01
4.060564280750510527e-03 6.620898999999999646e+00
4.080567060458640920e-03 2.957215000000000149e+00
4.100569840166771313e-03 1.377591000000000010e+00
4.120572619874901706e-03 -2.387382000000000115e+00
4.140575399583032966e-03 -3.309889000000000081e+00
4.160578179291163359e-03 -7.253497999999999557e+00
4.180580958999293752e-03 -6.131202000000000041e+00
4.200583738707424145e-03 -3.454328999999999983e+00
4.220586518415555405e-03 -6.402690999999999910e+00
4.240589298123685798e-03 -8.763237000000000165e+00
4.260592077831816191e-03 -6.730827999999999811e+00
4.280594857539946584e-03 -6.017972999999999573e+00
4.300597637248077844e-03 -5.044724000000000430e+00
4.320600416956208237e-03 -2.416192000000000117e+00
4.340603196664338630e-03 -8.383199999999999541e-01
4.360605976372469023e-03 -4.487999999999999767e-01
4.380608756080599415e-03 4.009496999999999645e+00
4.400611535788730676e-03 6.151956000000000202e+00
4.420614315496861069e-03 5.731419999999999959e+00
4.440617095204991462e-03 5.074042999999999637e+00
4.460619874913121854e-03 3.604988000000000081e+00
4.480622654621253115e-03 -2.803376000000000090e+00
4.500625434329383508e-03 -5.105198999999999820e+00
4.520628214037513901e-03 -4.505313000000000123e+00
4.540630993745644294e-03 -2.332357000000000014e+00
4.560633773453775554e-03 2.419557000000000180e+00
4.580636553161905947e-03 4.673232999999999748e+00
4.600639332870036340e-03 2.738154999999999895e+00
4.620642112578166733e-03 1.639866999999999964e+00
4.640644892286297125e-03 -1.813061999999999951e+00
4.660647671994428386e-03 -8.207798999999999623e+00
4.680650451702558779e-03 -1.270639199999999924e+01
4.700653231410689172e-03 -1.636754499999999979e+01
4.720656011118819564e-03 -1.267407799999999973e+01
4.740658790826950825e-03 -2.873974000000000029e+00
4.760661570535081218e-03 5.443838000000000399e+00
4.780664350243211611e-03 9.116865000000000663e+00
4.800667129951342003e-03 1.022488599999999970e+01
4.820669909659473264e-03 8.693084000000000700e+00
4.840672689367603657e-03 4.789187000000000083e+00
4.860675469075734050e-03 -7.893949999999999578e-01
4.880678248783864442e-03 -4.650401999999999703e+00
4.900681028491994835e-03 -8.733907999999999561e+00
4.920683808200126096e-03 -8.937461000000000766e+00
4.940686587908256489e-03 -3.063769999999999882e+00
4.960689367616386881e-03 1.054516000000000009e+00
4.980692147324517274e-03 1.430928999999999895e+00
5.000694927032648535e-03 -2.534300000000000094e-02
5.020697706740778928e-03 -2.418463000000000029e+00
5.040700486448909320e-03 -1.755117000000000038e+00
5.060703266157039713e-03 6.210670000000000357e-01
5.080706045865170974e-03 2.186869999999999870e+00
5.100708825573301367e-03 8.788650000000000073e-01
5.120711605281431759e-03 -4.399416000000000437e+00
5.140714384989562152e-03 -7.693045999999999829e+00
5.160717164697692545e-03 -6.234892000000000323e+00
5.180719944405823806e-03 -5.521128000000000036e+00
5.200722724113954198e-03 -2.890261000000000191e+00
5.220725503822084591e-03 -5.511920000000000153e-01
5.240728283530214984e-03 -1.973600000000000076e-01
5.260731063238346245e-03 2.000252999999999837e+00
5.280733842946476637e-03 5.567838000000000065e+00
5.300736622654607030e-03 4.653895999999999589e+00
5.320739402362737423e-03 1.843094999999999928e+00
5.340742182070868684e-03 -1.737403000000000031e+00
5.360744961778999076e-03 -3.709725999999999857e+00
5.380747741487129469e-03 -4.014308999999999905e+00
5.400750521195259862e-03 -3.664109999999999978e+00
5.420753300903390255e-03 -3.362058000000000213e+00
5.440756080611521515e-03 -3.773575999999999819e+00
5.460758860319651908e-03 -3.631600999999999857e+00
5.480761640027782301e-03 -1.068346999999999936e+00
5.500764419735912694e-03 1.021878000000000064e+00
5.520767199444043954e-03 5.313919999999999755e-01
5.540769979152174347e-03 -2.072677000000000103e+00
5.560772758860304740e-03 -4.726060999999999623e+00
5.580775538568435133e-03 -3.322737000000000052e+00
5.600778318276566393e-03 -1.452676000000000078e+00
5.620781097984696786e-03 -4.365359999999999796e-01
5.640783877692827179e-03 5.704550000000000454e-01
5.660786657400957572e-03 -1.519379999999999953e+00
5.680789437109087965e-03 -3.044627999999999890e+00
5.700792216817219225e-03 -2.014861999999999931e+00
5.720794996525349618e-03 -2.190122999999999820e+00
5.740797776233480011e-03 -3.599040000000000017e-01
5.760800555941610404e-03 6.416359999999999841e-01
5.780803335649741664e-03 2.998080000000000189e-01
5.800806115357872057e-03 5.050480000000000524e-01
5.820808895066002450e-03 2.020821999999999896e+00
5.840811674774132843e-03 1.920052000000000092e+00
5.860814454482264103e-03 7.464800000000000602e-02
5.880817234190394496e-03 -2.909142999999999812e+00
5.900820013898524889e-03 -5.678935000000000066e+00
5.920822793606655282e-03 -9.039203999999999795e+00
5.940825573314785675e-03 -7.904904000000000153e+00
5.960828353022916935e-03 -4.975683000000000078e+00
5.980831132731047328e-03 -3.867598000000000091e+00
6.000833912439177721e-03 -1.880934000000000106e+00
6.020836692147308114e-03 7.380499999999999561e-02
6.040839471855439374e-03 2.353501000000000065e+00
6.060842251563569767e-03 4.939206999999999681e+00
6.080845031271700160e-03 4.150628000000000206e+00
6.100847810979830553e-03 -2.398619999999999919e-01
6.120850590687961813e-03 -2.244629000000000207e+00
6.140853370396092206e-03 -1.540599000000000052e+00
6.160856150104222599e-03 -1.667389000000000010e+00
6.180858929812352992e-03 -8.943179999999999463e-01
6.200861709520483385e-03 -1.127783999999999898e+00
6.220864489228614645e-03 -3.730750000000000011e+00
6.240867268936745038e-03 -3.531934000000000129e+00
6.260870048644875431e-03 -1.645910999999999902e+00
6.280872828353005824e-03 -9.121620000000000283e-01
6.300875608061137084e-03 -1.874835000000000029e+00
6.320878387769267477e-03 -2.959300999999999959e+00
6.340881167477397870e-03 -4.224999000000000393e+00
6.360883947185528263e-03 -3.286074999999999857e+00
6.380886726893659523e-03 -3.587359999999999993e-01
6.400889506601789916e-03 1.270267000000000035e+00
6.420892286309920309e-03 1.664589000000000096e+00
6.440895066018050702e-03 1.122452999999999923e+00
6.460897845726181095e-03 -4.613880000000000203e-01
6.480900625434312355e-03 -1.569798000000000027e+00
6.500903405142442748e-03 -1.421853999999999951e+00
6.520906184850573141e-03 -1.527816000000000063e+00
6.540908964558703534e-03 -1.699573000000000000e+00
6.560911744266834794e-03 -1.284486999999999934e+00
6.580914523974965187e-03 4.522939999999999738e-01
6.600917303683095580e-03 1.587242999999999959e+00
6.620920083391225973e-03 4.310109999999999775e-01
6.640922863099357233e-03 -2.437669999999999781e+00
6.660925642807487626e-03 -4.079195999999999600e+00
6.680928422515618019e-03 -4.904956000000000316e+00
6.700931202223748412e-03 -3.207561000000000107e+00
6.720933981931878805e-03 -2.253920000000000090e-01
6.740936761640010065e-03 3.917539999999999911e-01
6.760939541348140458e-03 -2.968979999999999952e-01
6.780942321056270851e-03 -1.089823999999999904e+00
6.800945100764401244e-03 -2.603781999999999819e+00
6.820947880472532504e-03 -3.507731000000000154e+00
6.840950660180662897e-03 -2.317302999999999891e+00
6.860953439888793290e-03 -1.651621000000000006e+00
6.880956219596923683e-03 -9.913250000000000117e-01
6.900958999305054943e-03 1.124076000000000075e+00
6.920961779013185336e-03 2.581320999999999977e+00
6.940964558721315729e-03 1.469213000000000102e+00
6.960967338429446122e-03 -5.450930000000000497e-01
6.980970118137576515e-03 -3.062148000000000092e+00
7.000972897845707775e-03 -4.680509999999999948e+00
7.020975677553838168e-03 -3.734643000000000157e+00
7.040978457261968561e-03 -1.081388999999999934e+00
7.060981236970098954e-03 8.222180000000000044e-01
7.080984016678230214e-03 1.846403999999999934e+00
7.100986796386360607e-03 6.931570000000000231e-01
7.120989576094491000e-03 -1.579012000000000082e+00
7.140992355802621393e-03 -2.577697000000000127e+00
7.160995135510752653e-03 -3.793884999999999952e+00
7.180997915218883046e-03 -5.675235999999999947e+00
7.201000694927013439e-03 -5.287598000000000020e+00
7.221003474635143832e-03 -2.961961000000000066e+00
7.241006254343274225e-03 -7.994520000000000515e-01
7.261009034051405485e-03 1.546947999999999990e+00
7.281011813759535878e-03 2.790064999999999795e+00
7.301014593467666271e-03 1.577056000000000013e+00
7.321017373175796664e-03 -4.516549999999999732e-01
7.341020152883927924e-03 -1.446186999999999889e+00
7.361022932592058317e-03 -1.463381999999999961e+00
7.381025712300188710e-03 -9.521979999999999889e-01
7.401028492008319103e-03 -1.098584000000000005e+00
7.421031271716450363e-03 -2.289337000000000177e+00
7.441034051424580756e-03 -2.803180999999999923e+00
7.461036831132711149e-03 -1.990205000000000002e+00
7.481039610840841542e-03 -1.254250000000000087e+00
7.501042390548971935e-03 -9.464879999999999960e-01
7.521045170257103195e-03 -9.475259999999999794e-01
7.541047949965233588e-03 -1.118699000000000110e+00
7.561050729673363981e-03 -1.304537000000000058e+00
7.581053509381494374e-03 -1.404659000000000102e+00
7.601056289089625634e-03 -1.786327999999999916e+00
7.621059068797756027e-03 -2.500675000000000203e+00
7.641061848505886420e-03 -3.295872999999999831e+00
7.661064628214016813e-03 -2.502168000000000170e+00
7.681067407922147205e-03 -6.761660000000000448e-01
7.701070187630278466e-03 4.339959999999999929e-01
7.721072967338408859e-03 -1.103459999999999996e-01
7.741075747046539252e-03 -2.564730000000000065e-01
7.761078526754669644e-03 -6.501460000000000017e-01
7.781081306462800905e-03 -1.340549999999999908e+00
7.801084086170931298e-03 -3.796950000000000047e-01
7.821086865879062558e-03 5.931650000000000533e-01
7.841089645587192083e-03 -3.674959999999999893e-01
7.861092425295323344e-03 -1.572457999999999911e+00
7.881095205003452869e-03 -2.244110000000000049e+00
7.901097984711584130e-03 -2.790268999999999888e+00
7.921100764419715390e-03 -2.616045999999999871e+00
7.941103544127844915e-03 -2.214586000000000165e+00
7.961106323835976176e-03 -2.471995000000000164e+00
7.981109103544105701e-03 -2.191097000000000072e+00
8.001111883252236961e-03 -7.176289999999999614e-01
8.021114662960368222e-03 2.749559999999999782e-01
8.041117442668497747e-03 -1.620620000000000116e-01
8.061120222376629008e-03 -1.184949999999999948e+00
8.081123002084760268e-03 -2.595670999999999840e+00
8.101125781792889793e-03 -3.016401999999999806e+00
8.121128561501021054e-03 -1.805989000000000066e+00
8.141131341209150579e-03 -4.659949999999999926e-01
8.161134120917281840e-03 6.734310000000000018e-01
8.181136900625413100e-03 1.017789999999999973e+00
8.201139680333542625e-03 4.218620000000000148e-01
8.221142460041673886e-03 -4.134360000000000257e-01
8.241145239749803411e-03 -1.083725000000000049e+00
8.261148019457934671e-03 -2.047565000000000079e+00
8.281150799166065932e-03 -2.958651999999999838e+00
8.301153578874195457e-03 -3.421755000000000102e+00
8.321156358582326718e-03 -2.918810999999999822e+00
8.341159138290457978e-03 -1.506143000000000010e+00
8.361161917998587503e-03 2.231110000000000038e-01
8.381164697706718764e-03 5.839509999999999978e-01
8.401167477414848289e-03 -6.633179999999999632e-01
8.421170257122979549e-03 -2.440199999999999925e+00
8.441173036831110810e-03 -3.015753000000000128e+00
8.461175816539240335e-03 -2.247224999999999806e+00
8.481178596247371596e-03 -1.428082999999999991e+00
8.501181375955501121e-03 -1.080610000000000070e+00
8.521184155663632381e-03 -1.007546999999999970e+00
8.541186935371763642e-03 -6.674060000000000548e-01
8.561189715079893167e-03 1.734070000000000056e-01
8.581192494788024427e-03 4.247170000000000112e-01
8.601195274496155688e-03 -5.135579999999999590e-01
8.621198054204285213e-03 -1.957437000000000094e+00
8.641200833912416474e-03 -2.479262999999999995e+00
8.661203613620545999e-03 -2.246640999999999888e+00
8.681206393328677259e-03 -1.010013000000000050e+00
8.701209173036808520e-03 3.154460000000000042e-01
8.721211952744938045e-03 3.890290000000000137e-01
8.741214732453069305e-03 -6.851850000000000440e-01
8.761217512161198831e-03 -1.607626999999999917e+00
8.781220291869330091e-03 -2.141782000000000075e+00
8.801223071577461352e-03 -2.569066999999999990e+00
8.821225851285590877e-03 -2.801883999999999819e+00
8.841228630993722137e-03 -2.666204000000000018e+00
8.861231410701853398e-03 -2.434165999999999830e+00
8.881234190409982923e-03 -1.205324000000000062e+00
8.901236970118114183e-03 6.198989999999999778e-01
8.921239749826243709e-03 9.072860000000000369e-01
8.941242529534374969e-03 -3.254599999999999854e-02
8.961245309242506230e-03 -1.165094000000000074e+00
8.981248088950635755e-03 -1.784251999999999949e+00
9.001250868658767015e-03 -1.370722999999999914e+00
9.021253648366896541e-03 -3.892329999999999957e-01
9.041256428075027801e-03 -3.700260000000000216e-01
9.061259207783159061e-03 -1.024872000000000005e+00
9.081261987491288587e-03 -1.506596999999999964e+00
9.101264767199419847e-03 -1.960615999999999914e+00
9.121267546907551108e-03 -2.376805000000000057e+00
9.141270326615680633e-03 -2.352926000000000073e+00
9.161273106323811893e-03 -2.068070000000000075e+00
9.181275886031941419e-03 -1.689516000000000018e+00
9.201278665740072679e-03 -1.123046999999999906e+00
9.221281445448203939e-03 -1.457749999999999879e-01
9.241284225156333465e-03 1.640639999999999876e-01
9.261287004864464725e-03 -2.464800000000000046e-01
9.281289784572594251e-03 -1.274040000000000061e+00
9.301292564280725511e-03 -2.284664999999999946e+00
9.321295343988856771e-03 -2.161961999999999939e+00
9.341298123696986297e-03 -1.315439000000000025e+00
9.361300903405117557e-03 -6.155610000000000248e-01
9.381303683113248817e-03 -5.407459999999999489e-01
9.401306462821378343e-03 -8.822489999999999499e-01
9.421309242529509603e-03 -1.023314999999999975e+00
9.441312022237639129e-03 -1.054070999999999980e+00
9.461314801945770389e-03 -1.265150999999999915e+00
9.481317581653901649e-03 -1.758361000000000063e+00
9.501320361362031175e-03 -2.228795999999999999e+00
9.521323141070162435e-03 -2.017911999999999928e+00
9.541325920778291961e-03 -1.119607999999999937e+00
9.561328700486423221e-03 -6.724020000000000552e-01
9.581331480194554481e-03 -8.864670000000000050e-01
9.601334259902684007e-03 -1.026364000000000054e+00
9.621337039610815267e-03 -1.057704999999999895e+00
9.641339819318946527e-03 -1.130314000000000041e+00
9.661342599027076053e-03 -9.902220000000000466e-01
9.681345378735207313e-03 -8.289109999999999534e-01
9.701348158443336839e-03 -1.034086000000000061e+00
9.721350938151468099e-03 -1.510231000000000101e+00
9.741353717859599359e-03 -1.854330000000000034e+00
9.761356497567728885e-03 -1.699962999999999891e+00
9.781359277275860145e-03 -9.600490000000000412e-01
9.801362056983989671e-03 -1.375339999999999896e-01
9.821364836692120931e-03 -2.277929999999999955e-01
9.841367616400252191e-03 -1.022340999999999944e+00
9.861370396108381717e-03 -1.738960000000000061e+00
9.881373175816512977e-03 -2.362140000000000128e+00
9.901375955524644237e-03 -2.713766000000000123e+00
9.921378735232773763e-03 -2.446753999999999873e+00
9.941381514940905023e-03 -1.783927000000000040e+00
9.961384294649034549e-03 -6.497570000000000290e-01
9.981387074357165809e-03 7.902940000000000520e-01
1.000138985406529707e-02 1.577185999999999977e+00
1.002139263377342659e-02 7.551250000000000462e-01
1.004139541348155786e-02 -1.020914000000000099e+00
1.006139819318968738e-02 -2.341247000000000078e+00
1.008140097289781864e-02 -3.082393000000000161e+00
1.010140375260594990e-02 -2.972214000000000134e+00
1.012140653231407943e-02 -1.940954999999999986e+00
1.014140931202221069e-02 -6.866130000000000289e-01
1.016141209173034195e-02 3.260099999999999804e-02
1.018141487143847147e-02 1.294140000000000013e-01
1.020141765114660273e-02 -3.100049999999999750e-01
1.022142043085473226e-02 -1.005600000000000049e+00
1.024142321056286352e-02 -1.591340999999999894e+00
1.026142599027099478e-02 -2.067874999999999908e+00
1.028142876997912430e-02 -2.319119999999999848e+00
1.030143154968725556e-02 -1.949715000000000087e+00
1.032143432939538509e-02 -1.041743000000000086e+00
1.034143710910351635e-02 -2.279220000000000135e-01
1.036143988881164761e-02 -4.214169999999999860e-01
1.038144266851977714e-02 -1.178655999999999926e+00
1.040144544822790840e-02 -1.705737999999999976e+00
1.042144822793603966e-02 -1.543519000000000085e+00
1.044145100764416918e-02 -8.729050000000000420e-01
1.046145378735230044e-02 -2.970280000000000142e-01
1.048145656706042997e-02 -3.251890000000000058e-01
1.050145934676856123e-02 -6.349620000000000264e-01
1.052146212647669249e-02 -8.956159999999999677e-01
1.054146490618482201e-02 -1.455011999999999972e+00
1.056146768589295327e-02 -2.032057000000000002e+00
1.058147046560108280e-02 -2.240866000000000025e+00
1.060147324530921406e-02 -2.119072000000000067e+00
1.062147602501734532e-02 -1.553900999999999977e+00
1.064147880472547485e-02 -4.775449999999999973e-01
1.066148158443360611e-02 1.794419999999999904e-01
1.068148436414173737e-02 -1.106799999999999971e-02
1.070148714384986689e-02 -8.062009999999999454e-01
1.072148992355799815e-02 -1.740582000000000074e+00
1.074149270326612768e-02 -2.275516000000000094e+00
1.076149548297425894e-02 -1.940047000000000077e+00
1.078149826268239020e-02 -1.293376999999999999e+00
1.080150104239051972e-02 -1.229333000000000009e+00
1.082150382209865098e-02 -1.329453999999999914e+00
1.084150660180678051e-02 -9.874969999999999581e-01
1.086150938151491177e-02 -5.854530000000000012e-01
1.088151216122304303e-02 -3.969550000000000023e-01
1.090151494093117256e-02 -8.210600000000000120e-01
1.092151772063930382e-02 -1.491543999999999981e+00
1.094152050034743508e-02 -1.674266999999999950e+00
1.096152328005556460e-02 -9.915199999999999569e-01
1.098152605976369586e-02 -3.376469999999999749e-01
1.100152883947182539e-02 -3.634080000000000088e-01
1.102153161917995665e-02 -8.138570000000000526e-01
1.104153439888808791e-02 -1.375718999999999914e+00
1.106153717859621743e-02 -1.864972000000000074e+00
1.108153995830434869e-02 -2.041401000000000021e+00
1.110154273801247822e-02 -2.093894999999999840e+00
1.112154551772060948e-02 -2.192588999999999899e+00
1.114154829742874074e-02 -2.034717999999999805e+00
1.116155107713687027e-02 -1.425618000000000052e+00
1.118155385684500153e-02 -4.925990000000000091e-01
1.120155663655313279e-02 2.488720000000000099e-01
1.122155941626126231e-02 4.022660000000000124e-01
1.124156219596939357e-02 -2.860619999999999830e-01
1.126156497567752310e-02 -1.410433999999999966e+00
1.128156775538565436e-02 -1.949974000000000096e+00
1.130157053509378562e-02 -1.789442999999999895e+00
1.132157331480191514e-02 -1.522299999999999986e+00
1.134157609451004640e-02 -1.492906000000000066e+00
1.136157887421817593e-02 -1.527425999999999950e+00
1.138158165392630719e-02 -1.153543999999999903e+00
1.140158443363443845e-02 -4.961030000000000162e-01
1.142158721334256798e-02 -2.158529999999999893e-01
1.144158999305069924e-02 -6.433980000000000254e-01
1.146159277275883050e-02 -1.511398999999999937e+00
1.148159555246696002e-02 -1.958604000000000012e+00
1.150159833217509128e-02 -1.944458999999999937e+00
1.152160111188322081e-02 -1.792882000000000087e+00
1.154160389159135207e-02 -1.609185000000000088e+00
1.156160667129948333e-02 -1.403232000000000035e+00
1.158160945100761285e-02 -1.189945999999999948e+00
1.160161223071574411e-02 -9.562859999999999694e-01
1.162161501042387364e-02 -6.063469999999999693e-01
1.164161779013200490e-02 -4.246619999999999839e-01
1.166162056984013616e-02 -6.924529999999999852e-01
1.168162334954826569e-02 -1.269951999999999970e+00
1.170162612925639695e-02 -1.739155000000000006e+00
1.172162890896452821e-02 -1.717676999999999898e+00
1.174163168867265773e-02 -1.195850999999999997e+00
1.176163446838078899e-02 -6.489129999999999621e-01
1.178163724808891852e-02 -4.844879999999999742e-01
1.180164002779704978e-02 -8.862719999999999487e-01
1.182164280750518104e-02 -1.294739000000000084e+00
1.184164558721331056e-02 -1.404593999999999898e+00
1.186164836692144182e-02 -1.472207000000000043e+00
1.188165114662957135e-02 -1.849399000000000015e+00
1.190165392633770261e-02 -2.163844000000000101e+00
1.192165670604583387e-02 -1.849139000000000088e+00
1.194165948575396340e-02 -1.069903999999999966e+00
1.196166226546209466e-02 -4.185619999999999896e-01
1.198166504517022592e-02 -3.775530000000000275e-01
1.200166782487835544e-02 -8.851689999999999836e-01
1.202167060458648670e-02 -1.399856999999999907e+00
1.204167338429461623e-02 -1.649350000000000094e+00
1.206167616400274749e-02 -1.633127999999999913e+00
1.208167894371087875e-02 -1.215251999999999999e+00
1.210168172341900827e-02 -7.832949999999999635e-01
1.212168450312713953e-02 -6.815520000000000467e-01
1.214168728283526906e-02 -8.252779999999999561e-01
1.216169006254340032e-02 -1.036616999999999900e+00
1.218169284225153158e-02 -1.388112999999999930e+00
1.220169562195966111e-02 -1.686725000000000030e+00
1.222169840166779237e-02 -1.774259000000000031e+00
1.224170118137592363e-02 -1.581477999999999939e+00
1.226170396108405315e-02 -1.052124999999999977e+00
1.228170674079218441e-02 -3.588660000000000183e-01
1.230170952050031394e-02 -9.055499999999999661e-02
1.232171230020844520e-02 -5.639750000000000041e-01
1.234171507991657646e-02 -1.554939000000000071e+00
1.236171785962470598e-02 -2.379271000000000136e+00
1.238172063933283724e-02 -2.470113000000000003e+00
1.240172341904096677e-02 -1.825520000000000032e+00
1.242172619874909803e-02 -9.948289999999999633e-01
1.244172897845722929e-02 -4.314100000000000157e-01
1.246173175816535882e-02 -1.905469999999999942e-01
1.248173453787349008e-02 -2.623130000000000184e-01
1.250173731758162134e-02 -7.725239999999999885e-01
1.252174009728975086e-02 -1.519898999999999889e+00
1.254174287699788212e-02 -2.126144000000000034e+00
1.256174565670601165e-02 -2.372457999999999956e+00
1.258174843641414291e-02 -2.017586999999999797e+00
1.260175121612227417e-02 -1.226542999999999939e+00
1.262175399583040369e-02 -4.308259999999999867e-01
1.264175677553853495e-02 -1.098269999999999941e-01
1.266175955524666448e-02 -3.799540000000000139e-01
1.268176233495479574e-02 -1.056213000000000068e+00
1.270176511466292700e-02 -1.573172000000000015e+00
1.272176789437105653e-02 -1.760957000000000106e+00
1.274177067407918779e-02 -1.642797000000000063e+00
1.276177345378731905e-02 -1.482849000000000084e+00
1.278177623349544857e-02 -1.316670999999999925e+00
1.280177901320357983e-02 -1.181121000000000087e+00
1.282178179291170936e-02 -1.105591999999999908e+00
1.284178457261984062e-02 -1.025066999999999950e+00
1.286178735232797188e-02 -1.117466999999999988e+00
1.288179013203610140e-02 -1.344378000000000073e+00
1.290179291174423266e-02 -1.462539000000000033e+00
1.292179569145236219e-02 -1.319266999999999967e+00
1.294179847116049345e-02 -9.462930000000000508e-01
1.296180125086862471e-02 -7.314500000000000446e-01
1.298180403057675424e-02 -8.707639999999999825e-01
1.300180681028488550e-02 -1.117011999999999894e+00
1.302180958999301676e-02 -1.350997000000000003e+00
1.304181236970114628e-02 -1.335358999999999963e+00
1.306181514940927754e-02 -1.236210999999999949e+00
1.308181792911740707e-02 -1.270016999999999951e+00
1.310182070882553833e-02 -1.389799999999999924e+00
1.312182348853366959e-02 -1.480058000000000096e+00
1.314182626824179911e-02 -1.424320000000000030e+00
1.316182904794993037e-02 -1.233421000000000101e+00
1.318183182765805990e-02 -9.812030000000000474e-01
1.320183460736619116e-02 -8.506489999999999885e-01
1.322183738707432242e-02 -9.922980000000000134e-01
1.324184016678245195e-02 -1.059002999999999917e+00
1.326184294649058321e-02 -1.063479999999999981e+00
1.328184572619871447e-02 -1.143745999999999929e+00
1.330184850590684399e-02 -1.398104999999999931e+00
1.332185128561497525e-02 -1.702169000000000043e+00
1.334185406532310478e-02 -1.768353999999999981e+00
1.336185684503123604e-02 -1.477073999999999998e+00
1.338185962473936730e-02 -1.062766000000000099e+00
1.340186240444749682e-02 -8.471450000000000369e-01
1.342186518415562808e-02 -9.566099999999999604e-01
1.344186796386375761e-02 -1.172816000000000081e+00
1.346187074357188887e-02 -1.301228000000000051e+00
1.348187352328002013e-02 -1.180018000000000011e+00
1.350187630298814966e-02 -1.061728000000000005e+00
1.352187908269628092e-02 -1.037525000000000031e+00
1.354188186240441218e-02 -1.036032999999999982e+00
1.356188464211254170e-02 -1.099363000000000090e+00
1.358188742182067296e-02 -1.083790000000000031e+00
1.360189020152880249e-02 -1.202339999999999964e+00
1.362189298123693375e-02 -1.443267000000000078e+00
1.364189576094506501e-02 -1.642991000000000090e+00
1.366189854065319453e-02 -1.580503999999999909e+00
1.368190132036132579e-02 -1.308235999999999954e+00
1.370190410006945532e-02 -1.034540000000000015e+00
1.372190687977758658e-02 -7.209379999999999677e-01
1.374190965948571784e-02 -6.900519999999999987e-01
1.376191243919384737e-02 -1.116622999999999921e+00
1.378191521890197863e-02 -1.641045000000000087e+00
1.380191799861010989e-02 -1.792297999999999947e+00
1.382192077831823941e-02 -1.666090999999999989e+00
1.384192355802637067e-02 -1.493619999999999948e+00
1.386192633773450020e-02 -1.283903000000000016e+00
1.388192911744263146e-02 -9.361709999999999754e-01
1.390193189715076272e-02 -5.763040000000000385e-01
1.392193467685889224e-02 -4.393909999999999760e-01
1.394193745656702350e-02 -6.767499999999999627e-01
1.396194023627515303e-02 -1.294025999999999899e+00
1.398194301598328429e-02 -1.910522999999999971e+00
1.400194579569141555e-02 -2.067420999999999953e+00
1.402194857539954508e-02 -1.735456000000000110e+00
1.404195135510767634e-02 -1.181056000000000106e+00
1.406195413481580760e-02 -7.979600000000000026e-01
1.408195691452393712e-02 -6.219200000000000284e-01
1.410195969423206838e-02 -6.264619999999999633e-01
1.412196247394019791e-02 -8.644049999999999789e-01
1.414196525364832917e-02 -1.320240000000000080e+00
1.416196803335646043e-02 -1.813839999999999897e+00
1.418197081306458995e-02 -1.998574999999999990e+00
1.420197359277272121e-02 -1.831034999999999968e+00
1.422197637248085074e-02 -1.412705000000000100e+00
1.424197915218898200e-02 -8.446139999999999759e-01
1.426198193189711326e-02 -3.911149999999999904e-01
1.428198471160524279e-02 -3.916990000000000194e-01
1.430198749131337405e-02 -8.319609999999999506e-01
1.432199027102150531e-02 -1.368257000000000057e+00
1.434199305072963483e-02 -1.671281999999999934e+00
1.436199583043776609e-02 -1.625472000000000028e+00
1.438199861014589562e-02 -1.414911000000000030e+00
1.440200138985402688e-02 -1.232706999999999997e+00
1.442200416956215814e-02 -1.084438999999999931e+00
1.444200694927028766e-02 -9.289030000000000342e-01
1.446200972897841892e-02 -8.501950000000000340e-01
1.448201250868654845e-02 -9.978789999999999605e-01
1.450201528839467971e-02 -1.305704999999999893e+00
1.452201806810281097e-02 -1.596856000000000053e+00
1.454202084781094050e-02 -1.619242000000000070e+00
1.456202362751907176e-02 -1.317126000000000019e+00
1.458202640722720302e-02 -1.011115999999999904e+00
1.460202918693533254e-02 -9.233879999999999866e-01
1.462203196664346380e-02 -1.046934000000000031e+00
1.464203474635159333e-02 -1.230631000000000030e+00
1.466203752605972459e-02 -1.394341999999999970e+00
1.468204030576785585e-02 -1.354370999999999992e+00
1.470204308547598537e-02 -1.193645000000000067e+00
1.472204586518411663e-02 -1.072888999999999982e+00
1.474204864489224616e-02 -9.590760000000000396e-01
1.476205142460037742e-02 -8.836770000000000458e-01
1.478205420430850868e-02 -9.120970000000000466e-01
1.480205698401663821e-02 -9.804239999999999622e-01
1.482205976372476947e-02 -1.108707000000000109e+00
1.484206254343290073e-02 -1.322251999999999983e+00
1.486206532314103025e-02 -1.500043999999999933e+00
1.488206810284916151e-02 -1.391682000000000086e+00
1.490207088255729104e-02 -1.144200000000000106e+00
1.492207366226542230e-02 -9.869130000000000402e-01
1.494207644197355356e-02 -1.095598999999999990e+00
1.496207922168168308e-02 -1.262685000000000057e+00
1.498208200138981434e-02 -1.253406000000000020e+00
1.500208478109794387e-02 -1.127394000000000007e+00
1.502208756080607513e-02 -1.022211999999999898e+00
1.504209034051420639e-02 -9.123569999999999736e-01
1.506209312022233592e-02 -9.550530000000000408e-01
1.508209589993046718e-02 -1.073603000000000085e+00
1.510209867963859844e-02 -1.071720999999999924e+00
1.512210145934672796e-02 -1.103061000000000069e+00
1.514210423905485922e-02 -1.139138999999999902e+00
1.516210701876298875e-02 -1.212981000000000087e+00
1.518210979847112001e-02 -1.287277000000000005e+00
1.520211257817925127e-02 -1.349115000000000064e+00
1.522211535788738079e-02 -1.299606000000000039e+00
1.524211813759551205e-02 -1.289612999999999898e+00
1.526212091730364158e-02 -1.267227000000000103e+00
1.528212369701177284e-02 -1.236534999999999940e+00
1.530212647671990410e-02 -1.122398000000000007e+00
1.532212925642803363e-02 -8.986659999999999648e-01
1.534213203613616489e-02 -6.147820000000000507e-01
1.536213481584429441e-02 -5.396419999999999551e-01
1.538213759555242567e-02 -8.158039999999999736e-01
1.540214037526055693e-02 -1.243932000000000038e+00
1.542214315496868646e-02 -1.533784999999999954e+00
1.544214593467681772e-02 -1.632934000000000108e+00
1.546214871438494898e-02 -1.554939000000000071e+00
1.548215149409307850e-02 -1.366246000000000071e+00
1.550215427380120976e-02 -1.068346999999999936e+00
1.552215705350933929e-02 -8.062009999999999454e-01
1.554215983321747055e-02 -6.543639999999999457e-01
1.556216261292560181e-02 -8.213200000000000500e-01
1.558216539263373134e-02 -1.198836000000000013e+00
1.560216817234186260e-02 -1.499589999999999979e+00
1.562217095204999212e-02 -1.620344999999999924e+00
1.564217373175812512e-02 -1.568824999999999914e+00
1.566217651146625464e-02 -1.245425000000000004e+00
1.568217929117438417e-02 -8.135329999999999506e-01
1.570218207088251369e-02 -6.075150000000000272e-01
1.572218485059064669e-02 -7.418970000000000287e-01
1.574218763029877621e-02 -1.103969999999999896e+00
1.576219041000690574e-02 -1.395380000000000065e+00
1.578219318971503873e-02 -1.523274000000000017e+00
1.580219596942316826e-02 -1.390254000000000101e+00
1.582219874913129778e-02 -1.216355000000000075e+00
1.584220152883943078e-02 -9.861339999999999550e-01
1.586220430854756031e-02 -7.137360000000000371e-01
1.588220708825568983e-02 -5.593679999999999763e-01
1.590220986796382283e-02 -6.786320000000000130e-01
1.592221264767195235e-02 -1.070033999999999930e+00
1.594221542738008188e-02 -1.566942999999999975e+00
1.596221820708821140e-02 -1.792751999999999901e+00
1.598222098679634440e-02 -1.597569999999999935e+00
1.600222376650447392e-02 -1.269044000000000061e+00
1.602222654621260345e-02 -9.793209999999999971e-01
1.604222932592073644e-02 -7.951700000000000434e-01
1.606223210562886597e-02 -6.796050000000000146e-01
1.608223488533699549e-02 -7.365760000000000085e-01
1.610223766504512849e-02 -9.115130000000000177e-01
1.612224044475325802e-02 -1.105137999999999954e+00
1.614224322446138754e-02 -1.249447999999999892e+00
1.616224600416952054e-02 -1.285590000000000011e+00
1.618224878387765006e-02 -1.237702999999999998e+00
1.620225156358577959e-02 -1.093911999999999995e+00
1.622225434329390911e-02 -9.876909999999999856e-01
1.624225712300204211e-02 -1.003589000000000064e+00
1.626225990271017163e-02 -1.132584999999999953e+00
1.628226268241830116e-02 -1.288251000000000035e+00
1.630226546212643415e-02 -1.299736000000000002e+00
1.632226824183456368e-02 -1.172620999999999913e+00
1.634227102154269320e-02 -9.605679999999999774e-01
1.636227380125082620e-02 -8.912029999999999674e-01
1.638227658095895573e-02 -9.423350000000000337e-01
1.640227936066708525e-02 -1.059326999999999908e+00
1.642228214037521825e-02 -1.150039999999999951e+00
1.644228492008334777e-02 -1.259570000000000078e+00
1.646228769979147730e-02 -1.415235999999999938e+00
1.648229047949960682e-02 -1.479799000000000087e+00
1.650229325920773982e-02 -1.411083000000000087e+00
1.652229603891586934e-02 -1.163083000000000089e+00
1.654229881862399887e-02 -8.567479999999999540e-01
1.656230159833213186e-02 -7.054949999999999832e-01
1.658230437804026139e-02 -7.664250000000000229e-01
1.660230715774839091e-02 -9.357159999999999922e-01
1.662230993745652391e-02 -1.102997000000000005e+00
1.664231271716465344e-02 -1.226801999999999948e+00
1.666231549687278296e-02 -1.253600999999999965e+00
1.668231827658091596e-02 -1.229138000000000064e+00
1.670232105628904548e-02 -1.177877000000000063e+00
1.672232383599717501e-02 -1.086904000000000092e+00
1.674232661570530453e-02 -9.302660000000000373e-01
1.676232939541343753e-02 -8.402669999999999861e-01
1.678233217512156705e-02 -8.561640000000000361e-01
1.680233495482969658e-02 -1.026494000000000018e+00
1.682233773453782957e-02 -1.239649999999999919e+00
1.684234051424595910e-02 -1.347752999999999979e+00
1.686234329395408862e-02 -1.353982000000000019e+00
1.688234607366222162e-02 -1.291171000000000069e+00
1.690234885337035114e-02 -1.243932000000000038e+00
1.692235163307848067e-02 -1.149585999999999997e+00
1.694235441278661367e-02 -1.049658999999999898e+00
1.696235719249474319e-02 -9.212460000000000093e-01
1.698235997220287272e-02 -8.720620000000000038e-01
1.700236275191100224e-02 -9.021050000000000457e-01
1.702236553161913524e-02 -1.039991000000000110e+00
1.704236831132726476e-02 -1.177162999999999959e+00
1.706237109103539429e-02 -1.274364999999999970e+00
1.708237387074352728e-02 -1.250550999999999968e+00
1.710237665045165681e-02 -1.146860999999999908e+00
1.712237943015978633e-02 -1.041093999999999964e+00
1.714238220986791933e-02 -1.009428999999999910e+00
1.716238498957604885e-02 -1.016955999999999971e+00
1.718238776928417838e-02 -1.066659999999999942e+00
1.720239054899231138e-02 -1.187934000000000045e+00
1.722239332870044090e-02 -1.310896000000000061e+00
1.724239610840857043e-02 -1.417961000000000027e+00
1.726239888811669995e-02 -1.420166999999999957e+00
1.728240166782483295e-02 -1.211489000000000038e+00
1.730240444753296247e-02 -8.967190000000000438e-01
1.732240722724109200e-02 -6.870020000000000016e-01
1.734241000694922499e-02 -7.044569999999999999e-01
1.736241278665735452e-02 -9.350669999999999815e-01
1.738241556636548404e-02 -1.205648999999999971e+00
1.740241834607361704e-02 -1.387464000000000031e+00
1.742242112578174656e-02 -1.442552999999999974e+00
1.744242390548987609e-02 -1.437297999999999965e+00
1.746242668519800909e-02 -1.275662000000000074e+00
1.748242946490613861e-02 -1.039147000000000043e+00
1.750243224461426814e-02 -8.505190000000000250e-01
1.752243502432239766e-02 -7.941319999999999490e-01
1.754243780403053066e-02 -9.300059999999999993e-01
1.756244058373866018e-02 -1.165677999999999992e+00
1.758244336344678971e-02 -1.375525000000000109e+00
1.760244614315492270e-02 -1.443267000000000078e+00
1.762244892286305223e-02 -1.309015000000000040e+00
1.764245170257118175e-02 -1.093199000000000032e+00
1.766245448227931475e-02 -9.537550000000000194e-01
1.768245726198744427e-02 -9.743889999999999496e-01
1.770246004169557380e-02 -1.104489000000000054e+00
1.772246282140370680e-02 -1.247954999999999925e+00
1.774246560111183632e-02 -1.316607000000000083e+00
1.776246838081996585e-02 -1.282604999999999995e+00
1.778247116052809537e-02 -1.161589999999999900e+00
1.780247394023622837e-02 -1.057444999999999968e+00
1.782247671994435789e-02 -9.309800000000000297e-01
1.784247949965248742e-02 -8.937990000000000101e-01
1.786248227936062041e-02 -9.570640000000000258e-01
1.788248505906874994e-02 -1.161524999999999919e+00
1.790248783877687946e-02 -1.434247999999999967e+00
1.792249061848501246e-02 -1.542156000000000082e+00
1.794249339819314198e-02 -1.427305000000000046e+00
1.796249617790127151e-02 -1.169051999999999980e+00
1.798249895760940451e-02 -9.114480000000000359e-01
1.800250173731753403e-02 -7.959479999999999889e-01
1.802250451702566356e-02 -8.431220000000000381e-01
1.804250729673379308e-02 -1.003135000000000110e+00
1.806251007644192608e-02 -1.187934000000000045e+00
1.808251285615005560e-02 -1.292013999999999996e+00
1.810251563585818513e-02 -1.330297999999999981e+00
1.812251841556631812e-02 -1.288963999999999999e+00
1.814252119527444765e-02 -1.163407000000000080e+00
1.816252397498257717e-02 -1.036680999999999964e+00
1.818252675469071017e-02 -9.536900000000000377e-01
1.820252953439883969e-02 -9.951529999999999543e-01
1.822253231410696922e-02 -1.152376000000000067e+00
1.824253509381510222e-02 -1.326144999999999907e+00
1.826253787352323174e-02 -1.429834999999999967e+00
1.828254065323136127e-02 -1.383245999999999976e+00
1.830254343293949079e-02 -1.201691000000000065e+00
1.832254621264762379e-02 -1.056667000000000023e+00
1.834254899235575331e-02 -1.003913000000000055e+00
1.836255177206388284e-02 -9.835390000000000521e-01
1.838255455177201583e-02 -1.022340999999999944e+00
1.840255733148014536e-02 -1.062831000000000081e+00
1.842256011118827488e-02 -1.150169999999999915e+00
1.844256289089640788e-02 -1.252497999999999889e+00
1.846256567060453740e-02 -1.310117999999999894e+00
1.848256845031266693e-02 -1.298178000000000054e+00
1.850257123002079993e-02 -1.188582999999999945e+00
1.852257400972892945e-02 -1.068931000000000076e+00
1.854257678943705898e-02 -1.003004999999999924e+00
1.856257956914518850e-02 -9.751030000000000530e-01
1.858258234885332150e-02 -9.978139999999999787e-01
1.860258512856145102e-02 -1.027207999999999899e+00
1.862258790826958055e-02 -1.117596000000000034e+00
1.864259068797771354e-02 -1.249578000000000078e+00
1.866259346768584307e-02 -1.340354999999999963e+00
1.868259624739397259e-02 -1.375783999999999896e+00
1.870259902710210559e-02 -1.317774999999999919e+00
1.872260180681023511e-02 -1.178525999999999962e+00
1.874260458651836464e-02 -1.040315000000000101e+00
1.876260736622649763e-02 -9.791910000000000336e-01
1.878261014593462716e-02 -1.003848000000000074e+00
1.880261292564275669e-02 -1.049789000000000083e+00
1.882261570535088621e-02 -1.120451000000000086e+00
1.884261848505901921e-02 -1.195006999999999930e+00
1.886262126476714873e-02 -1.228358999999999979e+00
1.888262404447527826e-02 -1.201430999999999916e+00
1.890262682418341125e-02 -1.126420999999999895e+00
1.892262960389154078e-02 -1.021498000000000017e+00
1.894263238359967030e-02 -9.620610000000000550e-01
1.896263516330780330e-02 -9.685489999999999933e-01
1.898263794301593282e-02 -1.087747999999999937e+00
1.900264072272406235e-02 -1.218431999999999960e+00
1.902264350243219534e-02 -1.290003000000000011e+00
1.904264628214032487e-02 -1.280140000000000056e+00
1.906264906184845440e-02 -1.181251000000000051e+00
1.908265184155658392e-02 -1.094367000000000090e+00
1.910265462126471692e-02 -1.051606000000000041e+00
1.912265740097284644e-02 -1.070488000000000106e+00
1.914266018068097597e-02 -1.115000999999999909e+00
1.916266296038910896e-02 -1.195721000000000034e+00
1.918266574009723849e-02 -1.282475999999999949e+00
1.920266851980536801e-02 -1.352554000000000034e+00
1.922267129951350101e-02 -1.319007000000000041e+00
1.924267407922163053e-02 -1.163276999999999894e+00
1.926267685892976006e-02 -9.248800000000000354e-01
1.928267963863789305e-02 -7.929640000000000022e-01
1.930268241834602258e-02 -7.980249999999999844e-01
1.932268519805415211e-02 -9.508999999999999675e-01
1.934268797776228163e-02 -1.120840999999999976e+00
1.936269075747041463e-02 -1.220962000000000103e+00
1.938269353717854415e-02 -1.269757999999999942e+00
1.940269631688667368e-02 -1.271120000000000028e+00
1.942269909659480667e-02 -1.233030999999999988e+00
1.944270187630293620e-02 -1.166457000000000077e+00
1.946270465601106572e-02 -1.130573999999999968e+00
1.948270743571919872e-02 -1.119931999999999928e+00
1.950271021542732824e-02 -1.178719999999999990e+00
1.952271299513545777e-02 -1.285719999999999974e+00
1.954271577484359076e-02 -1.358135000000000092e+00
1.956271855455172029e-02 -1.327636999999999956e+00
1.958272133425984982e-02 -1.202987999999999946e+00
1.960272411396797934e-02 -1.045765999999999973e+00
1.962272689367611234e-02 -9.407130000000000214e-01
1.964272967338424186e-02 -9.704310000000000436e-01
1.966273245309237139e-02 -1.109809999999999963e+00
1.968273523280050438e-02 -1.232253000000000043e+00
1.970273801250863391e-02 -1.290456999999999965e+00
1.972274079221676343e-02 -1.248085000000000111e+00
1.974274357192489643e-02 -1.148093000000000030e+00
1.976274635163302595e-02 -1.023573999999999984e+00
1.978274913134115548e-02 -9.080740000000000478e-01
1.980275191104928847e-02 -8.392929999999999557e-01
1.982275469075741800e-02 -8.713480000000000114e-01
1.984275747046554753e-02 -1.052578999999999931e+00
1.986276025017367705e-02 -1.297204999999999941e+00
1.988276302988181005e-02 -1.518018000000000089e+00
1.990276580958993957e-02 -1.540662999999999894e+00
1.992276858929806910e-02 -1.409200999999999926e+00
1.994277136900620209e-02 -1.209476999999999913e+00
1.996277414871433162e-02 -1.035578000000000110e+00
1.998277692842246114e-02 -9.573890000000000455e-01
2.000277970813059414e-02 -9.442819999999999547e-01
2.002278248783872366e-02 -9.686789999999999567e-01
2.004278526754685319e-02 -1.031036000000000064e+00
2.006278804725498618e-02 -1.080934999999999979e+00
2.008279082696311571e-02 -1.140241999999999978e+00
2.010279360667124524e-02 -1.148547999999999902e+00
2.012279638637937476e-02 -1.125707000000000013e+00
2.014279916608750776e-02 -1.097350999999999965e+00
2.016280194579563728e-02 -1.090408000000000044e+00
2.018280472550376681e-02 -1.135895000000000099e+00
2.020280750521189980e-02 -1.191437999999999997e+00
2.022281028492002933e-02 -1.204350999999999949e+00
2.024281306462815885e-02 -1.185208999999999957e+00
2.026281584433629185e-02 -1.113442999999999961e+00
2.028281862404442137e-02 -1.068800999999999890e+00
2.030282140375255090e-02 -1.063868999999999954e+00
2.032282418346068389e-02 -1.078664000000000067e+00
2.034282696316881342e-02 -1.113572999999999924e+00
2.036282974287694295e-02 -1.110263999999999918e+00
2.038283252258507247e-02 -1.119089000000000000e+00
2.040283530229320547e-02 -1.143875999999999893e+00
2.042283808200133499e-02 -1.162174000000000040e+00
2.044284086170946452e-02 -1.183456999999999981e+00
2.046284364141759751e-02 -1.143162000000000011e+00
2.048284642112572704e-02 -1.104554000000000036e+00
2.050284920083385656e-02 -1.110068999999999972e+00
2.052285198054198956e-02 -1.081193999999999988e+00
2.054285476025011908e-02 -1.050243000000000038e+00
2.056285753995824861e-02 -1.015852999999999895e+00
2.058286031966638160e-02 -1.006639000000000062e+00
2.060286309937451113e-02 -1.055174000000000056e+00
2.062286587908264066e-02 -1.168338000000000099e+00
2.064286865879077018e-02 -1.260802999999999896e+00
2.066287143849890318e-02 -1.308689999999999909e+00
2.068287421820703270e-02 -1.265279999999999960e+00
2.070287699791516223e-02 -1.195136999999999894e+00
2.072287977762329522e-02 -1.122462999999999989e+00
2.074288255733142475e-02 -1.101634000000000002e+00
2.076288533703955427e-02 -1.074575999999999976e+00
2.078288811674768727e-02 -1.083336000000000077e+00
2.080289089645581679e-02 -1.129275999999999947e+00
2.082289367616394632e-02 -1.156333999999999973e+00
2.084289645587207931e-02 -1.172101999999999977e+00
2.086289923558020884e-02 -1.140695999999999932e+00
2.088290201528833837e-02 -1.081129000000000007e+00
2.090290479499646789e-02 -1.043689000000000089e+00
2.092290757470460089e-02 -1.058872999999999953e+00
2.094291035441273041e-02 -1.153543999999999903e+00
2.096291313412085994e-02 -1.257169999999999899e+00
2.098291591382899293e-02 -1.294804000000000066e+00
2.100291869353712246e-02 -1.228164999999999951e+00
2.102292147324525198e-02 -1.103320999999999996e+00
2.104292425295338498e-02 -9.748440000000000438e-01
2.106292703266151450e-02 -9.259830000000000005e-01
2.108292981236964403e-02 -9.643319999999999670e-01
2.110293259207777702e-02 -1.059717000000000020e+00
2.112293537178590655e-02 -1.194293000000000049e+00
2.114293815149403608e-02 -1.321927000000000074e+00
2.116294093120216560e-02 -1.395639999999999992e+00
2.118294371091029860e-02 -1.354630999999999919e+00
2.120294649061842812e-02 -1.221999999999999975e+00
2.122294927032655765e-02 -1.026299000000000072e+00
2.124295205003469064e-02 -8.861419999999999852e-01
2.126295482974282017e-02 -8.692710000000000159e-01
2.128295760945094969e-02 -9.733509999999999662e-01
2.130296038915908269e-02 -1.121359999999999912e+00
2.132296316886721221e-02 -1.238547000000000065e+00
2.134296594857534174e-02 -1.259441000000000033e+00
2.136296872828347473e-02 -1.227905000000000024e+00
2.138297150799160426e-02 -1.150493999999999906e+00
2.140297428769973379e-02 -1.095728999999999953e+00
2.142297706740786331e-02 -1.058937999999999935e+00
2.144297984711599631e-02 -1.071201999999999988e+00
2.146298262682412583e-02 -1.131482000000000099e+00
2.148298540653225536e-02 -1.221999999999999975e+00
2.150298818624038835e-02 -1.281047999999999965e+00
2.152299096594851788e-02 -1.291299999999999892e+00
2.154299374565664740e-02 -1.187610000000000054e+00
2.156299652536478040e-02 -1.059781000000000084e+00
2.158299930507290992e-02 -9.584270000000000289e-01
2.160300208478103945e-02 -9.409070000000000489e-01
2.162300486448917244e-02 -1.003654000000000046e+00
2.164300764419730197e-02 -1.092743999999999938e+00
2.166301042390543150e-02 -1.163537000000000043e+00
2.168301320361356102e-02 -1.207594999999999974e+00
2.170301598332169402e-02 -1.190465000000000106e+00
2.172301876302982354e-02 -1.154581999999999997e+00
2.174302154273795307e-02 -1.100919999999999899e+00
2.176302432244608606e-02 -1.042262000000000022e+00
2.178302710215421559e-02 -9.804890000000000549e-01
2.180302988186234511e-02 -9.797099999999999698e-01
2.182303266157047811e-02 -1.036551999999999918e+00
2.184303544127860763e-02 -1.133429000000000020e+00
2.186303822098673716e-02 -1.181121000000000087e+00
2.188304100069487015e-02 -1.205130000000000035e+00
2.190304378040299968e-02 -1.194228999999999985e+00
2.192304656011112921e-02 -1.172101999999999977e+00
2.194304933981925873e-02 -1.151921999999999890e+00
2.196305211952739173e-02 -1.121490000000000098e+00
2.198305489923552125e-02 -1.087943000000000104e+00
2.200305767894365078e-02 -1.048686000000000007e+00
2.202306045865178377e-02 -1.044402999999999970e+00
2.204306323835991330e-02 -1.047971999999999904e+00
2.206306601806804282e-02 -1.057770000000000099e+00
2.208306879777617582e-02 -1.058354000000000017e+00
2.210307157748430534e-02 -1.084632999999999958e+00
2.212307435719243487e-02 -1.119412999999999991e+00
2.214307713690056786e-02 -1.149909999999999988e+00
2.216307991660869739e-02 -1.184755000000000003e+00
2.218308269631682692e-02 -1.180731999999999893e+00
2.220308547602495644e-02 -1.183391999999999999e+00
2.222308825573308944e-02 -1.150493999999999906e+00
2.224309103544121896e-02 -1.121035000000000004e+00
2.226309381514934849e-02 -1.101634000000000002e+00
2.228309659485748148e-02 -1.064387999999999890e+00
2.230309937456561101e-02 -1.060235999999999956e+00
2.232310215427374053e-02 -1.083595000000000086e+00
2.234310493398187353e-02 -1.092743999999999938e+00
2.236310771369000305e-02 -1.121749000000000107e+00
2.238311049339813258e-02 -1.154258000000000006e+00
2.240311327310626557e-02 -1.179303999999999908e+00
2.242311605281439510e-02 -1.168663000000000007e+00
2.244311883252252462e-02 -1.127977999999999925e+00
2.246312161223065415e-02 -1.084762999999999922e+00
2.248312439193878715e-02 -1.057574999999999932e+00
2.250312717164691667e-02 -1.019551000000000096e+00
2.252312995135504620e-02 -1.014035999999999937e+00
2.254313273106317919e-02 -9.989170000000000549e-01
2.256313551077130872e-02 -1.065361999999999920e+00
2.258313829047943824e-02 -1.155165999999999915e+00
2.260314107018757124e-02 -1.227451000000000070e+00
2.262314384989570076e-02 -1.233486000000000082e+00
2.264314662960383029e-02 -1.171453000000000078e+00
2.266314940931196328e-02 -1.116168999999999967e+00
2.268315218902009281e-02 -1.071396000000000015e+00
2.270315496872822233e-02 -1.067698000000000036e+00
2.272315774843635186e-02 -1.083919999999999995e+00
2.274316052814448486e-02 -1.122333000000000025e+00
2.276316330785261438e-02 -1.175346000000000002e+00
2.278316608756074391e-02 -1.189232000000000067e+00
2.280316886726887690e-02 -1.177162999999999959e+00
2.282317164697700643e-02 -1.111366999999999994e+00
2.284317442668513595e-02 -1.017149999999999999e+00
2.286317720639326895e-02 -9.841870000000000340e-01
2.288317998610139847e-02 -9.704310000000000436e-01
2.290318276580952800e-02 -1.038758000000000070e+00
2.292318554551766099e-02 -1.152895000000000003e+00
2.294318832522579052e-02 -1.247760999999999898e+00
2.296319110493392004e-02 -1.260413999999999923e+00
2.298319388464204957e-02 -1.193060999999999927e+00
2.300319666435018257e-02 -1.103580999999999923e+00
2.302319944405831209e-02 -1.010467000000000004e+00
2.304320222376644162e-02 -9.715340000000000087e-01
2.306320500347457461e-02 -9.943750000000000089e-01
2.308320778318270414e-02 -1.071525999999999978e+00
2.310321056289083366e-02 -1.174568000000000056e+00
2.312321334259896666e-02 -1.261646999999999963e+00
2.314321612230709618e-02 -1.309468999999999994e+00
2.316321890201522571e-02 -1.267616000000000076e+00
2.318322168172335870e-02 -1.156204000000000010e+00
2.320322446143148823e-02 -1.046478999999999937e+00
2.322322724113961775e-02 -9.916490000000000027e-01
2.324323002084774728e-02 -1.013776000000000010e+00
2.326323280055588028e-02 -1.098130000000000051e+00
2.328323558026400980e-02 -1.138943999999999956e+00
2.330323835997213933e-02 -1.161005999999999982e+00
2.332324113968027232e-02 -1.133494000000000002e+00
2.334324391938840185e-02 -1.078014999999999946e+00
2.336324669909653137e-02 -1.035188999999999915e+00
2.338324947880466437e-02 -1.023573999999999984e+00
2.340325225851279389e-02 -1.053811999999999971e+00
2.342325503822092342e-02 -1.092030999999999974e+00
2.344325781792905641e-02 -1.145887000000000100e+00
2.346326059763718594e-02 -1.194164000000000003e+00
2.348326337734531546e-02 -1.204415999999999931e+00
2.350326615705344499e-02 -1.172490999999999950e+00
2.352326893676157799e-02 -1.106176000000000048e+00
2.354327171646970751e-02 -1.050048000000000092e+00
2.356327449617783704e-02 -1.039212000000000025e+00
2.358327727588597003e-02 -1.072109999999999896e+00
2.360328005559409956e-02 -1.111172000000000049e+00
2.362328283530222908e-02 -1.150234999999999896e+00
2.364328561501036208e-02 -1.154776999999999942e+00
2.366328839471849160e-02 -1.122851999999999961e+00
2.368329117442662113e-02 -1.094367000000000090e+00
2.370329395413475412e-02 -1.065101999999999993e+00
2.372329673384288365e-02 -1.062116999999999978e+00
2.374329951355101317e-02 -1.036291999999999991e+00
2.376330229325914270e-02 -1.058483999999999980e+00
2.378330507296727570e-02 -1.069385000000000030e+00
2.380330785267540522e-02 -1.091121999999999925e+00
2.382331063238353475e-02 -1.098519000000000023e+00
2.384331341209166774e-02 -1.114027000000000100e+00
2.386331619179979727e-02 -1.097741000000000078e+00
2.388331897150792679e-02 -1.104619000000000018e+00
2.390332175121605979e-02 -1.127264999999999961e+00
2.392332453092418931e-02 -1.126031999999999922e+00
2.394332731063231884e-02 -1.139658000000000060e+00
2.396333009034045183e-02 -1.128238000000000074e+00
2.398333287004858136e-02 -1.116039000000000003e+00
2.400333564975671088e-02 -1.103515999999999941e+00
2.402333842946484041e-02 -1.113963000000000036e+00
2.404334120917297341e-02 -1.083401000000000058e+00
2.406334398888110293e-02 -1.060235999999999956e+00
2.408334676858923246e-02 -1.053746999999999989e+00
2.410334954829736545e-02 -9.530410000000000270e-01
2.412335232800549498e-02 -1.077301000000000064e+00
2.414335510771362450e-02 -1.018836999999999993e+00
2.416335788742175750e-02 -1.056991000000000014e+00
2.418336066712988702e-02 -1.134662000000000059e+00
2.420336344683801655e-02 -1.094302000000000108e+00
2.422336622654614954e-02 -1.086060999999999943e+00
2.424336900625427907e-02 -1.001641999999999921e+00
2.426337178596240859e-02 -1.135375999999999941e+00
2.428337456567053812e-02 -9.677710000000000479e-01
2.430337734537867111e-02 -1.073731999999999909e+00
2.432338012508680064e-02 -1.028116000000000030e+00
2.434338290479493017e-02 -9.232580000000000231e-01
2.436338568450306316e-02 -1.181316000000000033e+00
2.438338846421119269e-02 -1.295971999999999902e+00
2.440339124391932221e-02 -1.207854999999999901e+00
2.442339402362745521e-02 -1.203637000000000068e+00
2.444339680333558473e-02 -1.093911999999999995e+00
2.446339958304371426e-02 -9.484339999999999993e-01
2.448340236275184725e-02 -9.354569999999999830e-01
2.450340514245997678e-02 -8.932799999999999629e-01
2.452340792216810630e-02 -9.375980000000000425e-01
2.454341070187623583e-02 -1.087943000000000104e+00
2.456341348158436882e-02 -1.161915000000000031e+00
2.458341626129249835e-02 -1.116168999999999967e+00
2.460341904100062788e-02 -1.090538000000000007e+00
2.462342182070876087e-02 -1.053617000000000026e+00
2.464342460041689040e-02 -1.057250999999999941e+00
2.466342738012501992e-02 -1.087034000000000056e+00
2.468343015983315292e-02 -1.057444999999999968e+00
2.470343293954128244e-02 -1.022990000000000066e+00
2.472343571924941197e-02 -1.031101000000000045e+00
2.474343849895754496e-02 -1.105852000000000057e+00
2.476344127866567449e-02 -1.152895000000000003e+00
2.478344405837380401e-02 -1.129664999999999919e+00
2.480344683808193354e-02 -1.062181999999999960e+00
2.482344961779006653e-02 -1.016955999999999971e+00
2.484345239749819606e-02 -1.053358000000000017e+00
2.486345517720632559e-02 -1.104359000000000091e+00
2.488345795691445858e-02 -1.136154000000000108e+00
2.490346073662258811e-02 -1.127849000000000101e+00
2.492346351633071763e-02 -1.128238000000000074e+00
2.494346629603885063e-02 -1.120322000000000040e+00
2.496346907574698015e-02 -1.117337000000000025e+00
2.498347185545510968e-02 -1.029673999999999978e+00
2.500347463516324267e-02 -9.774389999999999468e-01
2.502347741487137220e-02 -9.555719999999999770e-01
2.504348019457950172e-02 -1.028245999999999993e+00
2.506348297428763125e-02 -1.108057999999999987e+00
2.508348575399576424e-02 -1.144069999999999920e+00
2.510348853370389377e-02 -1.142123999999999917e+00
2.512349131341202330e-02 -1.124668999999999919e+00
2.514349409312015629e-02 -1.112405000000000088e+00
2.516349687282828582e-02 -1.110328999999999899e+00
2.518349965253641534e-02 -1.076651999999999942e+00
2.520350243224454834e-02 -1.065037000000000011e+00
2.522350521195267786e-02 -1.075290000000000079e+00
2.524350799166080739e-02 -1.099882000000000026e+00
2.526351077136894038e-02 -1.127718999999999916e+00
2.528351355107706991e-02 -1.111107999999999985e+00
2.530351633078519943e-02 -1.060948999999999920e+00
2.532351911049332896e-02 -1.017279999999999962e+00
2.534352189020146195e-02 -9.985279999999999712e-01
2.536352466990959148e-02 -1.022275999999999962e+00
2.538352744961772101e-02 -1.077820000000000000e+00
2.540353022932585400e-02 -1.111561999999999939e+00
2.542353300903398353e-02 -1.124085000000000001e+00
2.544353578874211305e-02 -1.112340000000000106e+00
2.546353856845024605e-02 -1.102606999999999893e+00
2.548354134815837557e-02 -1.086060999999999943e+00
2.550354412786650510e-02 -1.058548999999999962e+00
2.552354690757463809e-02 -9.959970000000000212e-01
2.554354968728276762e-02 -9.823709999999999942e-01
2.556355246699089714e-02 -1.022016999999999953e+00
2.558355524669902667e-02 -1.093976999999999977e+00
2.560355802640715966e-02 -1.136932999999999971e+00
2.562356080611528919e-02 -1.139073999999999920e+00
2.564356358582341872e-02 -1.122527999999999970e+00
2.566356636553155171e-02 -1.124668999999999919e+00
2.568356914523968124e-02 -1.129795000000000105e+00
2.570357192494781076e-02 -1.112146000000000079e+00
2.572357470465594376e-02 -1.077755000000000019e+00
2.574357748436407328e-02 -1.038562999999999903e+00
2.576358026407220281e-02 -1.025779999999999914e+00
2.578358304378033580e-02 -1.052902999999999922e+00
2.580358582348846533e-02 -1.080999999999999961e+00
2.582358860319659485e-02 -1.085412000000000043e+00
2.584359138290472438e-02 -1.090019000000000071e+00
2.586359416261285737e-02 -1.087943000000000104e+00
2.588359694232098690e-02 -1.119672999999999918e+00
2.590359972202911643e-02 -1.139073999999999920e+00
2.592360250173724942e-02 -1.135375999999999941e+00
2.594360528144537895e-02 -1.115455000000000085e+00
2.596360806115350847e-02 -1.114222000000000046e+00
2.598361084086164147e-02 -1.121294999999999931e+00
2.600361362056977099e-02 -1.142447999999999908e+00
2.602361640027790052e-02 -1.118635000000000046e+00
2.604361917998603351e-02 -1.073018999999999945e+00
2.606362195969416304e-02 -1.035512999999999906e+00
2.608362473940229256e-02 -1.018901999999999974e+00
2.610362751911042209e-02 -1.024353000000000069e+00
2.612363029881855508e-02 -1.061598000000000042e+00
2.614363307852668461e-02 -1.091121999999999925e+00
2.616363585823481414e-02 -1.143680999999999948e+00
2.618363863794294713e-02 -1.194099000000000022e+00
2.620364141765107666e-02 -1.222390000000000088e+00
2.622364419735920618e-02 -1.205842999999999998e+00
2.624364697706733918e-02 -1.131677000000000044e+00
2.626364975677546870e-02 -1.064648000000000039e+00
2.628365253648359823e-02 -9.980080000000000062e-01
2.630365531619173122e-02 -1.012933000000000083e+00
2.632365809589986075e-02 -1.060948999999999920e+00
2.634366087560799027e-02 -1.106759999999999966e+00
2.636366365531611980e-02 -1.120840999999999976e+00
2.638366643502425279e-02 -1.145237999999999978e+00
2.640366921473238232e-02 -1.119801999999999964e+00
2.642367199444051185e-02 -1.122462999999999989e+00
2.644367477414864484e-02 -1.105917000000000039e+00
2.646367755385677437e-02 -1.070618000000000070e+00
2.648368033356490389e-02 -1.067438000000000109e+00
2.650368311327303689e-02 -1.089695000000000080e+00
2.652368589298116641e-02 -1.161589999999999900e+00
2.654368867268929594e-02 -1.151402999999999954e+00
2.656369145239742893e-02 -1.126940000000000053e+00
2.658369423210555846e-02 -1.072629000000000055e+00
2.660369701181368798e-02 -1.023898999999999893e+00
2.662369979152181751e-02 -1.034086000000000061e+00
2.664370257122995050e-02 -1.077755000000000019e+00
2.666370535093808003e-02 -1.099167999999999923e+00
2.668370813064620956e-02 -1.119153999999999982e+00
2.670371091035434255e-02 -1.135569999999999968e+00
2.672371369006247208e-02 -1.133623999999999965e+00
2.674371646977060160e-02 -1.131742000000000026e+00
2.676371924947873460e-02 -1.092808999999999919e+00
2.678372202918686412e-02 -1.027597000000000094e+00
2.680372480889499365e-02 -1.016761000000000026e+00
2.682372758860312664e-02 -1.036875999999999909e+00
2.684373036831125617e-02 -1.098130000000000051e+00
2.686373314801938569e-02 -1.137062999999999935e+00
2.688373592772751522e-02 -1.141604999999999981e+00
2.690373870743564821e-02 -1.116946999999999912e+00
2.692374148714377774e-02 -1.085282000000000080e+00
2.694374426685190727e-02 -1.055693999999999910e+00
2.696374704656004026e-02 -1.049593999999999916e+00
2.698374982626816979e-02 -1.054850000000000065e+00
2.700375260597629931e-02 -1.080675000000000052e+00
2.702375538568443231e-02 -1.110913000000000039e+00
2.704375816539256183e-02 -1.131027999999999922e+00
2.706376094510069136e-02 -1.134727000000000041e+00
2.708376372480882435e-02 -1.125707000000000013e+00
2.710376650451695388e-02 -1.094560999999999895e+00
2.712376928422508340e-02 -1.082427000000000028e+00
2.714377206393321293e-02 -1.074510999999999994e+00
2.716377484364134592e-02 -1.077755000000000019e+00
2.718377762334947545e-02 -1.098584000000000005e+00
2.720378040305760498e-02 -1.096378000000000075e+00
2.722378318276573797e-02 -1.102802000000000060e+00
2.724378596247386750e-02 -1.100011999999999990e+00
2.726378874218199702e-02 -1.097741000000000078e+00
2.728379152189013002e-02 -1.069903999999999966e+00
2.730379430159825954e-02 -1.052319000000000004e+00
2.732379708130638907e-02 -1.042067000000000077e+00
2.734379986101452206e-02 -1.033890999999999893e+00
2.736380264072265159e-02 -1.090343999999999980e+00
2.738380542043078111e-02 -1.100270999999999999e+00
2.740380820013891064e-02 -1.114935999999999927e+00
2.742381097984704363e-02 -1.099232999999999905e+00
2.744381375955517316e-02 -1.111755999999999966e+00
2.746381653926330269e-02 -1.114027000000000100e+00
2.748381931897143568e-02 -1.111626999999999921e+00
2.750382209867956521e-02 -1.085217000000000098e+00
2.752382487838769473e-02 -1.047711999999999977e+00
2.754382765809582773e-02 -1.048880000000000035e+00
2.756383043780395725e-02 -1.061404000000000014e+00
2.758383321751208678e-02 -1.074964999999999948e+00
2.760383599722021977e-02 -1.093263000000000096e+00
2.762383877692834930e-02 -1.096247999999999889e+00
2.764384155663647882e-02 -1.099102999999999941e+00
2.766384433634460835e-02 -1.094951000000000008e+00
2.768384711605274134e-02 -1.087877999999999901e+00
2.770384989576087087e-02 -1.080545000000000089e+00
2.772385267546900040e-02 -1.045247000000000037e+00
2.774385545517713339e-02 -1.035838000000000036e+00
2.776385823488526292e-02 -1.060948999999999920e+00
2.778386101459339244e-02 -1.059717000000000020e+00
2.780386379430152544e-02 -1.088136999999999910e+00
2.782386657400965496e-02 -1.075549000000000088e+00
2.784386935371778449e-02 -1.089889000000000108e+00
2.786387213342591748e-02 -1.097480999999999929e+00
2.788387491313404701e-02 -1.094821000000000044e+00
2.790387769284217653e-02 -1.114287000000000027e+00
2.792388047255030606e-02 -1.127199999999999980e+00
2.794388325225843905e-02 -1.109680000000000000e+00
2.796388603196656858e-02 -1.109485000000000054e+00
2.798388881167469810e-02 -1.126225999999999949e+00
2.800389159138283110e-02 -1.111755999999999966e+00
2.802389437109096063e-02 -1.080090999999999912e+00
2.804389715079909015e-02 -1.041936999999999891e+00
2.806389993050722315e-02 -1.030062999999999951e+00
2.808390271021535267e-02 -1.040575000000000028e+00
2.810390548992348220e-02 -1.070292999999999939e+00
2.812390826963161519e-02 -1.106370999999999993e+00
2.814391104933974472e-02 -1.123825999999999992e+00
2.816391382904787424e-02 -1.132584999999999953e+00
2.818391660875600377e-02 -1.111561999999999939e+00
2.820391938846413676e-02 -1.090862999999999916e+00
2.822392216817226629e-02 -1.062766000000000099e+00
2.824392494788039581e-02 -1.033566999999999902e+00
2.826392772758852881e-02 -1.034021000000000079e+00
2.828393050729665834e-02 -1.064453000000000094e+00
2.830393328700478786e-02 -1.109939999999999927e+00
2.832393606671292086e-02 -1.138295000000000057e+00
2.834393884642105038e-02 -1.124473999999999974e+00
2.836394162612917991e-02 -1.110198999999999936e+00
2.838394440583731290e-02 -1.094106999999999941e+00
2.840394718554544243e-02 -1.069838999999999984e+00
2.842394996525357195e-02 -1.060624999999999929e+00
2.844395274496170148e-02 -1.056278000000000050e+00
2.846395552466983447e-02 -1.065037000000000011e+00
2.848395830437796400e-02 -1.083919999999999995e+00
2.850396108408609352e-02 -1.112146000000000079e+00
2.852396386379422652e-02 -1.074834999999999985e+00
2.854396664350235605e-02 -1.063998999999999917e+00
2.856396942321048557e-02 -1.005406000000000022e+00
2.858397220291861857e-02 -1.002226000000000061e+00
2.860397498262674809e-02 -1.009557999999999955e+00
2.862397776233487762e-02 -1.056407000000000096e+00
2.864398054204301061e-02 -1.081777999999999906e+00
2.866398332175114014e-02 -1.120516000000000068e+00
2.868398610145926966e-02 -1.124864000000000086e+00
2.870398888116739919e-02 -1.128886999999999974e+00
2.872399166087553218e-02 -1.107019999999999893e+00
2.874399444058366171e-02 -1.061404000000000014e+00
2.876399722029179123e-02 -1.039860999999999924e+00
