# time(s), 	 	 acceleration(g)
0.000000000000000000e+00 6.112828999999999624e+00
2.000277970813059281e-05 6.354080999999999868e+00
4.000555941626118562e-05 6.594034999999999869e+00
6.000833912439177504e-05 6.815236999999999767e+00
8.001111883252237124e-05 7.095487000000000322e+00
1.000138985406529674e-04 7.355166999999999788e+00
1.200166782487835501e-04 7.631587999999999816e+00
1.400194579569141598e-04 7.994114999999999860e+00
1.600222376650447425e-04 8.318877999999999773e+00
1.800250173731753251e-04 8.707748999999999739e+00
2.000277970813059349e-04 9.088964000000000709e+00
2.200305767894365175e-04 9.525397999999999143e+00
2.400333564975671002e-04 9.942949000000000481e+00
2.600361362056977099e-04 1.044336299999999973e+01
2.800389159138283197e-04 1.096564300000000003e+01
3.000416956219588752e-04 1.156111600000000017e+01
3.200444753300894850e-04 1.220032400000000017e+01
3.400472550382200947e-04 1.296268799999999999e+01
3.600500347463506503e-04 1.375061900000000037e+01
3.800528144544812600e-04 1.471932600000000058e+01
4.000555941626118698e-04 1.577004999999999946e+01
4.200583738707424253e-04 1.689591499999999868e+01
4.400611535788730351e-04 1.830384600000000006e+01
4.600639332870036448e-04 1.984434299999999851e+01
4.800667129951342003e-04 2.156126899999999935e+01
5.000694927032648101e-04 2.379307800000000128e+01
5.200722724113954198e-04 2.641051399999999916e+01
5.400750521195260296e-04 2.962997700000000023e+01
5.600778318276566393e-04 3.426976499999999959e+01
5.800806115357871407e-04 4.091723999999999961e+01
6.000833912439177504e-04 5.136278099999999824e+01
6.200861709520483602e-04 6.937830399999999997e+01
6.400889506601789699e-04 9.743349600000000521e+01
6.600917303683095797e-04 1.403928510000000074e+02
6.800945100764401894e-04 1.982125039999999956e+02
7.000972897845707992e-04 2.702739470000000210e+02
7.201000694927013005e-04 3.519266860000000179e+02
7.401028492008319103e-04 4.298054329999999936e+02
7.601056289089625200e-04 4.907459200000000124e+02
7.801084086170931298e-04 5.195814500000000180e+02
8.001111883252237395e-04 5.122418840000000273e+02
8.201139680333543493e-04 4.760648410000000013e+02
8.401167477414848506e-04 4.256123959999999897e+02
8.601195274496154604e-04 3.736117980000000216e+02
8.801223071577460701e-04 3.233886650000000031e+02
9.001250868658766799e-04 2.784256470000000263e+02
9.201278665740072896e-04 2.366105849999999862e+02
9.401306462821378994e-04 1.869054500000000019e+02
9.601334259902684007e-04 1.338977959999999996e+02
9.801362056983990104e-04 8.229314200000000312e+01
1.000138985406529620e-03 3.964946599999999677e+01
1.020141765114660230e-03 7.806849999999999845e+00
1.040144544822790840e-03 -7.951493000000000144e+00
1.060147324530921449e-03 -1.126575700000000069e+01
1.080150104239052059e-03 -2.048862999999999879e+00
1.100152883947182669e-03 1.937202600000000174e+01
1.120155663655313279e-03 4.280397700000000327e+01
1.140158443363443888e-03 6.428358900000000631e+01
1.160161223071574281e-03 7.435998399999999720e+01
1.180164002779704891e-03 6.567659600000000353e+01
1.200166782487835501e-03 4.864068100000000072e+01
1.220169562195966111e-03 1.257751599999999925e+01
1.240172341904096720e-03 -1.267537599999999998e+01
1.260175121612227330e-03 -3.474105300000000085e+01
1.280177901320357940e-03 -4.737895100000000070e+01
1.300180681028488550e-03 -3.806926800000000100e+01
1.320183460736619159e-03 -2.227504199999999912e+01
1.340186240444749769e-03 -4.047400999999999804e+00
1.360189020152880379e-03 1.543503600000000020e+01
1.380191799861010989e-03 2.717891300000000143e+01
1.400194579569141598e-03 2.937107500000000115e+01
1.420197359277271991e-03 1.679215999999999909e+01
1.440200138985402601e-03 2.631089999999999929e+00
1.460202918693533211e-03 2.184339000000000031e+00
1.480205698401663821e-03 -1.034929999999999906e+00
1.500208478109794430e-03 2.622071000000000041e+00
1.520211257817925040e-03 1.246947800000000051e+01
1.540214037526055650e-03 1.681519499999999923e+01
1.560216817234186260e-03 2.203527300000000011e+01
1.580219596942316869e-03 2.189290899999999951e+01
1.600222376650447479e-03 1.268548900000000046e+01
1.620225156358578089e-03 -7.285300000000000109e-01
1.640227936066708699e-03 -3.548740000000000006e+00
1.660230715774839308e-03 2.585408999999999846e+00
1.680233495482969701e-03 3.167839999999999989e+00
1.700236275191100311e-03 5.627858999999999945e+00
1.720239054899230921e-03 8.132910000000000750e+00
1.740241834607361530e-03 2.464847999999999928e+00
1.760244614315492140e-03 -7.019252999999999965e+00
1.780247394023622750e-03 -1.749684900000000098e+01
1.800250173731753360e-03 -2.816910700000000034e+01
1.820252953439883969e-03 -3.754640299999999797e+01
1.840255733148014579e-03 -2.949352800000000130e+01
1.860258512856145189e-03 -1.842707700000000060e+01
1.880261292564275799e-03 -9.691330000000000222e-01
1.900264072272406408e-03 2.610813800000000029e+01
1.920266851980536801e-03 3.372308699999999959e+01
1.940269631688667411e-03 4.721360800000000069e+01
1.960272411396798021e-03 4.327869400000000155e+01
1.980275191104928847e-03 2.706698199999999943e+01
2.000277970813059240e-03 1.685990299999999920e+01
2.020280750521190067e-03 -6.150407999999999653e+00
2.040283530229320460e-03 -1.435207100000000047e+01
2.060286309937450853e-03 -2.202262899999999846e+01
2.080289089645581679e-03 -2.389917799999999914e+01
2.100291869353712072e-03 -1.670995699999999928e+01
2.120294649061842899e-03 -1.084593500000000077e+01
2.140297428769973292e-03 -6.172600000000000087e+00
2.160300208478104118e-03 -3.527651999999999788e+00
2.180302988186234511e-03 -2.571791999999999856e+00
2.200305767894365338e-03 -3.760793000000000053e+00
2.220308547602495731e-03 -1.178959500000000027e+01
2.240311327310626557e-03 -1.176448300000000025e+01
2.260314107018756950e-03 -1.052383299999999977e+01
2.280316886726887777e-03 -3.813870999999999789e+00
2.300319666435018170e-03 -2.226980000000000182e+00
2.320322446143148563e-03 4.587710999999999650e+00
2.340325225851279389e-03 1.059701599999999999e+01
2.360328005559409782e-03 8.535147999999999513e+00
2.380330785267540609e-03 1.397428599999999932e+01
2.400333564975671002e-03 9.550703999999999638e+00
2.420336344683801828e-03 5.360717000000000176e+00
2.440339124391932221e-03 8.449367000000000516e+00
2.460341904100063048e-03 6.956432999999999645e+00
2.480344683808193441e-03 5.175060000000000215e-01
2.500347463516324267e-03 -5.267807000000000350e+00
2.520350243224454660e-03 -1.157163800000000009e+01
2.540353022932585487e-03 -1.594772200000000062e+01
2.560355802640715880e-03 -1.707222399999999851e+01
2.580358582348846273e-03 -1.762324999999999875e+01
2.600361362056977099e-03 -1.160797499999999971e+01
2.620364141765107492e-03 -1.307190399999999997e+01
2.640366921473238319e-03 -4.743710000000000093e+00
2.660369701181368712e-03 -5.999998999999999860e+00
2.680372480889499538e-03 -3.661329999999999862e-01
2.700375260597629931e-03 -3.234878999999999838e+00
2.720378040305760758e-03 -4.131105999999999945e+00
2.740380820013891151e-03 -1.382208000000000103e+00
2.760383599722021977e-03 1.444555000000000033e+00
2.780386379430152370e-03 7.753058000000000227e+00
2.800389159138283197e-03 1.622698899999999966e+01
2.820391938846413590e-03 1.448177199999999942e+01
2.840394718554543983e-03 7.184642000000000195e+00
2.860397498262674809e-03 5.528049999999999908e-01
2.880400277970805202e-03 -1.086840000000000028e+00
2.900403057678936029e-03 -2.691640000000000033e+00
2.920405837387066422e-03 -7.297750999999999877e+00
2.940408617095197248e-03 -1.158052700000000002e+01
2.960411396803327641e-03 -1.195927599999999913e+01
2.980414176511458468e-03 -6.964293999999999762e+00
3.000416956219588861e-03 -5.713130999999999737e+00
3.020419735927719687e-03 -7.134818000000000104e+00
3.040422515635850080e-03 -1.824733900000000020e+01
3.060425295343980907e-03 -1.899471399999999832e+01
3.080428075052111300e-03 -1.566319000000000017e+01
3.100430854760241692e-03 -1.238156500000000015e+01
3.120433634468372519e-03 -3.070777999999999786e+00
3.140436414176502912e-03 3.927414999999999878e+00
3.160439193884633739e-03 1.299526200000000031e+01
3.180441973592764131e-03 1.558946800000000010e+01
3.200444753300894958e-03 1.323255600000000065e+01
3.220447533009025351e-03 9.929258000000000806e+00
3.240450312717156178e-03 1.922711999999999977e+00
3.260453092425286570e-03 -2.632137999999999867e+00
3.280455872133417397e-03 -5.193251000000000062e+00
3.300458651841547790e-03 -5.789762999999999771e+00
3.320461431549678617e-03 -3.042422000000000182e+00
3.340464211257809009e-03 3.412272000000000194e+00
3.360466990965939402e-03 3.599473000000000145e+00
3.380469770674070229e-03 -4.311040000000000205e+00
3.400472550382200622e-03 -8.036236999999999853e+00
3.420475330090331448e-03 -1.510087399999999924e+01
3.440478109798461841e-03 -2.011331099999999950e+01
3.460480889506592668e-03 -1.908425899999999942e+01
3.480483669214723061e-03 -1.580600800000000028e+01
3.500486448922853887e-03 -1.170251599999999925e+01
3.520489228630984280e-03 -2.788451999999999931e+00
3.540492008339115107e-03 9.519493000000000649e+00
3.560494788047245500e-03 1.030106400000000022e+01
3.580497567755376326e-03 1.116134399999999971e+01
3.600500347463506719e-03 9.427806999999999604e+00
3.620503127171637112e-03 5.339880000000000182e-01
3.640505906879767939e-03 -2.182336999999999971e+00
3.660508686587898332e-03 -3.705443999999999960e+00
3.680511466296029158e-03 -3.202174999999999994e+00
3.700514246004159551e-03 -1.864590000000000136e-01
3.720517025712290378e-03 7.765379999999999505e-01
3.740519805420420771e-03 6.302809999999999802e-01
3.760522585128551597e-03 9.194200000000000150e-01
3.780525364836681990e-03 -6.261379999999999724e-01
3.800528144544812817e-03 -1.058613000000000026e+00
3.820530924252943210e-03 -3.158182000000000045e+00
3.840533703961073603e-03 -5.998765999999999821e+00
3.860536483669204429e-03 -1.245079999999999920e+01
3.880539263377334822e-03 -1.115025699999999986e+01
3.900542043085465649e-03 -1.208100499999999933e+01
3.920544822793596042e-03 -1.329836099999999988e+01
3.940547602501726435e-03 -9.829145999999999717e+00
3.960550382209857695e-03 -3.006409000000000109e+00
3.980553161917988088e-03 3.091533000000000087e+00
4.000555941626118481e-03 8.526517999999999375e+00
4.020558721334248874e-03 1.683472599999999986e+01
4.040561501042380134e-03 1.120488300000000059e+01
4.060564280750510527e-03 6.825425000000000075e+00
4.080567060458640920e-03 6.394116999999999607e+00
4.100569840166771313e-03 -1.801382000000000039e+00
4.120572619874901706e-03 -2.587755000000000027e+00
4.140575399583032966e-03 -2.496198000000000139e+00
4.160578179291163359e-03 -6.167798000000000336e+00
4.180580958999293752e-03 -5.542022000000000226e+00
4.200583738707424145e-03 -5.017146000000000328e+00
4.220586518415555405e-03 -3.638090000000000046e+00
4.240589298123685798e-03 -6.421638999999999875e+00
4.260592077831816191e-03 -6.517413000000000345e+00
4.280594857539946584e-03 -6.128281999999999563e+00
4.300597637248077844e-03 -6.981035000000000323e+00
4.320600416956208237e-03 -3.068246999999999947e+00
4.340603196664338630e-03 -1.198252000000000095e+00
4.360605976372469023e-03 -2.002727999999999842e+00
4.380608756080599415e-03 2.824520000000000142e+00
4.400611535788730676e-03 3.809448999999999863e+00
4.420614315496861069e-03 4.064847000000000321e+00
4.440617095204991462e-03 6.021272999999999875e+00
4.460619874913121854e-03 5.261568999999999718e+00
4.480622654621253115e-03 1.757573000000000052e+00
4.500625434329383508e-03 -1.931675999999999949e+00
4.520628214037513901e-03 -4.761683999999999806e+00
4.540630993745644294e-03 -5.822530999999999679e+00
4.560633773453775554e-03 -1.727475000000000094e+00
4.580636553161905947e-03 2.398857000000000017e+00
4.600639332870036340e-03 3.069925000000000015e+00
4.620642112578166733e-03 3.620626000000000122e+00
4.640644892286297125e-03 5.550700000000000078e-02
4.660647671994428386e-03 -4.378262999999999572e+00
4.680650451702558779e-03 -6.312821999999999711e+00
4.700653231410689172e-03 -1.321212599999999959e+01
4.720656011118819564e-03 -1.526419600000000010e+01
4.740658790826950825e-03 -1.138054400000000044e+01
4.760661570535081218e-03 -1.685816999999999899e+00
4.780664350243211611e-03 6.950332999999999650e+00
4.800667129951342003e-03 1.092748899999999956e+01
4.820669909659473264e-03 1.108146699999999996e+01
4.840672689367603657e-03 8.217199000000000808e+00
4.860675469075734050e-03 2.618371999999999922e+00
4.880678248783864442e-03 -2.304584999999999884e+00
4.900681028491994835e-03 -8.677650999999999115e+00
4.920683808200126096e-03 -8.848824000000000467e+00
4.940686587908256489e-03 -7.552953999999999724e+00
4.960689367616386881e-03 -1.478955000000000020e+00
4.980692147324517274e-03 2.720439999999999969e+00
5.000694927032648535e-03 3.256670999999999871e+00
5.020697706740778928e-03 -1.515357000000000065e+00
5.040700486448909320e-03 -1.997471999999999914e+00
5.060703266157039713e-03 -2.884615000000000151e+00
5.080706045865170974e-03 -1.119153999999999982e+00
5.100708825573301367e-03 1.236201000000000105e+00
5.120711605281431759e-03 -1.073796999999999890e+00
5.140714384989562152e-03 -4.107357000000000369e+00
5.160717164697692545e-03 -6.051065000000000360e+00
5.180719944405823806e-03 -5.276243000000000016e+00
5.200722724113954198e-03 -3.009719000000000033e+00
5.220725503822084591e-03 -1.632868999999999904e+00
5.240728283530214984e-03 -7.455960000000000365e-01
5.260731063238346245e-03 -1.505754000000000037e+00
5.280733842946476637e-03 1.770486000000000004e+00
5.300736622654607030e-03 5.635061999999999571e+00
5.320739402362737423e-03 4.053296999999999706e+00
5.340742182070868684e-03 2.313984000000000041e+00
5.360744961778999076e-03 -3.147085999999999828e+00
5.380747741487129469e-03 -3.931576999999999877e+00
5.400750521195259862e-03 -3.467890000000000139e+00
5.420753300903390255e-03 -3.728607999999999922e+00
5.440756080611521515e-03 -3.795117999999999991e+00
5.460758860319651908e-03 -3.757807999999999815e+00
5.480761640027782301e-03 -3.777339000000000002e+00
5.500764419735912694e-03 -4.669679999999999942e-01
5.520767199444043954e-03 1.539161999999999919e+00
5.540769979152174347e-03 -8.005550000000000166e-01
5.560772758860304740e-03 -3.379318000000000044e+00
5.580775538568435133e-03 -3.484500999999999848e+00
5.600778318276566393e-03 -4.126564000000000121e+00
5.620781097984696786e-03 -1.094756000000000062e+00
5.640783877692827179e-03 7.739420000000000188e-01
5.660786657400957572e-03 7.057449999999999557e-01
5.680789437109087965e-03 -1.756545000000000023e+00
5.700792216817219225e-03 -2.192588999999999899e+00
5.720794996525349618e-03 -1.205389000000000044e+00
5.740797776233480011e-03 -7.588979999999999615e-01
5.760800555941610404e-03 7.126230000000000064e-01
5.780803335649741664e-03 1.872280000000000055e-01
5.800806115357872057e-03 -1.584527000000000019e+00
5.820808895066002450e-03 -1.936620000000000008e-01
5.840811674774132843e-03 3.610499999999999821e-02
5.860814454482264103e-03 6.336549999999999683e-01
5.880817234190394496e-03 3.181720000000000104e-01
5.900820013898524889e-03 -3.965513000000000066e+00
5.920822793606655282e-03 -6.161179999999999879e+00
5.940825573314785675e-03 -7.107630000000000337e+00
5.960828353022916935e-03 -6.328006000000000242e+00
5.980831132731047328e-03 -4.339394999999999669e+00
6.000833912439177721e-03 -2.470696999999999921e+00
6.020836692147308114e-03 -2.436437000000000186e+00
6.040839471855439374e-03 -1.827099999999999905e-02
6.060842251563569767e-03 3.461262000000000061e+00
6.080845031271700160e-03 5.745630000000000237e+00
6.100847810979830553e-03 3.633084000000000202e+00
6.120850590687961813e-03 -5.071989999999999554e-01
6.140853370396092206e-03 -3.679424000000000028e+00
6.160856150104222599e-03 -3.104843999999999937e+00
6.180858929812352992e-03 -1.197667999999999955e+00
6.200861709520483385e-03 -3.595789999999999820e-01
6.220864489228614645e-03 -2.035756000000000121e+00
6.240867268936745038e-03 -3.216775000000000162e+00
6.260870048644875431e-03 -3.526353999999999989e+00
6.280872828353005824e-03 -1.977551999999999977e+00
6.300875608061137084e-03 -3.398539999999999894e-01
6.320878387769267477e-03 -1.433858000000000077e+00
6.340881167477397870e-03 -3.555229000000000195e+00
6.360883947185528263e-03 -4.429523999999999795e+00
6.380886726893659523e-03 -3.348237000000000130e+00
6.400889506601789916e-03 -9.381000000000000449e-03
6.420892286309920309e-03 2.317359000000000169e+00
6.440895066018050702e-03 2.507219999999999782e+00
6.460897845726181095e-03 8.391539999999999555e-01
6.480900625434312355e-03 -1.102672000000000097e+00
6.500903405142442748e-03 -1.868346000000000062e+00
6.520906184850573141e-03 -1.550785999999999998e+00
6.540908964558703534e-03 -7.301520000000000232e-01
6.560911744266834794e-03 -1.471688000000000107e+00
6.580914523974965187e-03 -1.652335000000000109e+00
6.600917303683095580e-03 8.782159999999999966e-01
6.620920083391225973e-03 1.386805999999999983e+00
6.640922863099357233e-03 -3.327809999999999935e-01
6.660925642807487626e-03 -2.846397000000000066e+00
6.680928422515618019e-03 -5.424705000000000332e+00
6.700931202223748412e-03 -5.789958000000000382e+00
6.720933981931878805e-03 -2.634020000000000028e+00
6.740936761640010065e-03 5.570100000000000051e-02
6.760939541348140458e-03 1.374152000000000040e+00
6.780942321056270851e-03 1.766593000000000080e+00
6.800945100764401244e-03 -7.533819999999999961e-01
6.820947880472532504e-03 -3.016337000000000046e+00
6.840950660180662897e-03 -2.819598000000000049e+00
6.860953439888793290e-03 -3.303335000000000132e+00
6.880956219596923683e-03 -2.143079999999999874e+00
6.900958999305054943e-03 -3.801490000000000147e-01
6.920961779013185336e-03 5.441099999999999826e-01
6.940964558721315729e-03 1.905777000000000054e+00
6.960967338429446122e-03 2.017513000000000112e+00
6.980970118137576515e-03 -2.365520000000000123e-01
7.000972897845707775e-03 -3.355245000000000033e+00
7.020975677553838168e-03 -4.491102999999999845e+00
7.040978457261968561e-03 -3.930019999999999847e+00
7.060981236970098954e-03 -2.007270000000000110e+00
7.080984016678230214e-03 1.035115000000000007e+00
7.100986796386360607e-03 1.825380999999999920e+00
7.120989576094491000e-03 2.839110000000000245e-01
7.140992355802621393e-03 -6.637720000000000287e-01
7.160995135510752653e-03 -1.906239999999999934e+00
7.180997915218883046e-03 -4.217730999999999675e+00
7.201000694927013439e-03 -5.369420999999999999e+00
7.221003474635143832e-03 -4.772649999999999615e+00
7.241006254343274225e-03 -3.519734999999999836e+00
7.261009034051405485e-03 -8.318959999999999688e-01
7.281011813759535878e-03 1.588670999999999944e+00
7.301014593467666271e-03 2.505142999999999898e+00
7.321017373175796664e-03 1.870997000000000021e+00
7.341020152883927924e-03 -5.785749999999999504e-01
7.361022932592058317e-03 -2.056195000000000217e+00
7.381025712300188710e-03 -1.479994000000000032e+00
7.401028492008319103e-03 -7.420269999999999921e-01
7.421031271716450363e-03 -7.494239999999999791e-01
7.441034051424580756e-03 -1.932973999999999970e+00
7.461036831132711149e-03 -2.718957000000000068e+00
7.481039610840841542e-03 -2.284275000000000055e+00
7.501042390548971935e-03 -1.457348000000000088e+00
7.521045170257103195e-03 -1.064907999999999966e+00
7.541047949965233588e-03 -1.445019000000000053e+00
7.561050729673363981e-03 -1.355993000000000004e+00
7.581053509381494374e-03 -1.395834000000000019e+00
7.601056289089625634e-03 -1.483173000000000075e+00
7.621059068797756027e-03 -1.911626000000000047e+00
7.641061848505886420e-03 -2.508201999999999821e+00
7.661064628214016813e-03 -2.772813999999999890e+00
7.681067407922147205e-03 -1.399856999999999907e+00
7.701070187630278466e-03 7.237699999999999689e-02
7.721072967338408859e-03 9.671000000000000429e-02
7.741075747046539252e-03 1.784040000000000070e-01
7.761078526754669644e-03 -7.050499999999999823e-02
7.781081306462800905e-03 -1.126551000000000080e+00
7.801084086170931298e-03 -1.484925000000000050e+00
7.821086865879062558e-03 -1.223688000000000109e+00
7.841089645587192083e-03 -8.675190000000000401e-01
7.861092425295323344e-03 -7.734969999999999901e-01
7.881095205003452869e-03 -1.324781999999999904e+00
7.901097984711584130e-03 -1.924862999999999991e+00
7.921100764419715390e-03 -2.267405000000000115e+00
7.941103544127844915e-03 -2.083058999999999994e+00
7.961106323835976176e-03 -2.310229999999999784e+00
7.981109103544105701e-03 -2.358181999999999778e+00
8.001111883252236961e-03 -1.642212999999999923e+00
8.021114662960368222e-03 -3.227880000000000194e-01
8.041117442668497747e-03 4.532680000000000042e-01
8.061120222376629008e-03 -3.060470000000000135e-01
8.081123002084760268e-03 -2.219647000000000148e+00
8.101125781792889793e-03 -3.251555000000000195e+00
8.121128561501021054e-03 -2.794357000000000202e+00
8.141131341209150579e-03 -1.524051999999999962e+00
8.161134120917281840e-03 -2.900200000000000000e-01
8.181136900625413100e-03 1.014545000000000030e+00
8.201139680333542625e-03 1.356243000000000087e+00
8.221142460041673886e-03 8.183249999999999691e-01
8.241145239749803411e-03 -2.988499999999999837e-02
8.261148019457934671e-03 -1.580244999999999900e+00
8.281150799166065932e-03 -2.916605000000000114e+00
8.301153578874195457e-03 -3.868959999999999955e+00
8.321156358582326718e-03 -4.106902999999999970e+00
8.341159138290457978e-03 -2.881825000000000081e+00
8.361161917998587503e-03 -8.110669999999999824e-01
8.381164697706718764e-03 1.091761999999999899e+00
8.401167477414848289e-03 1.343655000000000044e+00
8.421170257122979549e-03 -3.321319999999999828e-01
8.441173036831110810e-03 -2.513263999999999943e+00
8.461175816539240335e-03 -3.415331000000000117e+00
8.481178596247371596e-03 -2.659520000000000106e+00
8.501181375955501121e-03 -1.757128000000000023e+00
8.521184155663632381e-03 -1.316866000000000092e+00
8.541186935371763642e-03 -1.118114999999999970e+00
8.561189715079893167e-03 6.582399999999999363e-02
8.581192494788024427e-03 1.248464999999999936e+00
8.601195274496155688e-03 7.080159999999999787e-01
8.621198054204285213e-03 -9.041810000000000125e-01
8.641200833912416474e-03 -2.450257999999999825e+00
8.661203613620545999e-03 -3.294834999999999958e+00
8.681206393328677259e-03 -2.745172000000000168e+00
8.701209173036808520e-03 -1.082880999999999982e+00
8.721211952744938045e-03 4.210180000000000033e-01
8.741214732453069305e-03 5.581909999999999927e-01
8.761217512161198831e-03 -3.126010000000000177e-01
8.781220291869330091e-03 -1.409135999999999944e+00
8.801223071577461352e-03 -2.089287999999999812e+00
8.821225851285590877e-03 -2.729274999999999896e+00
8.841228630993722137e-03 -3.052804000000000073e+00
8.861231410701853398e-03 -2.754904999999999937e+00
8.881234190409982923e-03 -2.104407000000000139e+00
8.901236970118114183e-03 -6.896630000000000260e-01
8.921239749826243709e-03 1.012923000000000018e+00
8.941242529534374969e-03 1.377655999999999992e+00
8.961245309242506230e-03 2.198670000000000069e-01
8.981248088950635755e-03 -1.502574000000000076e+00
9.001250868658767015e-03 -1.930703000000000058e+00
9.021253648366896541e-03 -1.571420000000000039e+00
9.041256428075027801e-03 -1.189815999999999985e+00
9.061259207783159061e-03 -1.197343000000000046e+00
9.081261987491288587e-03 -1.482134999999999980e+00
9.101264767199419847e-03 -1.600943999999999923e+00
9.121267546907551108e-03 -1.725462999999999969e+00
9.141270326615680633e-03 -1.930312999999999946e+00
9.161273106323811893e-03 -1.929275000000000073e+00
9.181275886031941419e-03 -1.502445000000000030e+00
9.201278665740072679e-03 -1.114222000000000046e+00
9.221281445448203939e-03 -6.822650000000000103e-01
9.241284225156333465e-03 5.115900000000000308e-02
9.261287004864464725e-03 2.417340000000000044e-01
9.281289784572594251e-03 -5.487919999999999465e-01
9.301292564280725511e-03 -1.901113999999999971e+00
9.321295343988856771e-03 -2.828422999999999909e+00
9.341298123696986297e-03 -2.569520999999999944e+00
9.361300903405117557e-03 -1.339836000000000027e+00
9.381303683113248817e-03 -3.806680000000000064e-01
9.401306462821378343e-03 -5.191379999999999884e-01
9.421309242529509603e-03 -1.084049000000000040e+00
9.441312022237639129e-03 -9.478499999999999703e-01
9.461314801945770389e-03 -8.802370000000000472e-01
9.481317581653901649e-03 -1.220768000000000075e+00
9.501320361362031175e-03 -2.038676000000000155e+00
9.521323141070162435e-03 -2.600083000000000144e+00
9.541325920778291961e-03 -1.875029000000000057e+00
9.561328700486423221e-03 -8.930200000000000360e-01
9.581331480194554481e-03 -4.562620000000000009e-01
9.601334259902684007e-03 -6.762310000000000265e-01
9.621337039610815267e-03 -9.071010000000000462e-01
9.641339819318946527e-03 -9.472660000000000524e-01
9.661342599027076053e-03 -9.418809999999999683e-01
9.681345378735207313e-03 -8.743980000000000086e-01
9.701348158443336839e-03 -1.055628999999999929e+00
9.721350938151468099e-03 -1.309274000000000049e+00
9.741353717859599359e-03 -1.730979000000000045e+00
9.761356497567728885e-03 -2.141716999999999871e+00
9.781359277275860145e-03 -1.861661999999999928e+00
9.801362056983989671e-03 -8.919169999999999598e-01
9.821364836692120931e-03 7.633600000000000108e-02
9.841367616400252191e-03 -1.468780000000000086e-01
9.861370396108381717e-03 -1.353008999999999906e+00
9.881373175816512977e-03 -2.219711999999999907e+00
9.901375955524644237e-03 -2.532989999999999853e+00
9.921378735232773763e-03 -2.637718000000000007e+00
9.941381514940905023e-03 -2.433775999999999939e+00
9.961384294649034549e-03 -1.451313000000000075e+00
9.981387074357165809e-03 1.517350000000000088e-01
1.000138985406529707e-02 1.566997999999999891e+00
1.002139263377342659e-02 1.946590999999999960e+00
1.004139541348155786e-02 4.685810000000000253e-01
1.006139819318968738e-02 -1.771468999999999960e+00
1.008140097289781864e-02 -3.028471000000000135e+00
1.010140375260594990e-02 -3.591371000000000091e+00
1.012140653231407943e-02 -3.294575000000000031e+00
1.014140931202221069e-02 -2.055416999999999828e+00
1.016141209173034195e-02 -4.257650000000000046e-01
1.018141487143847147e-02 6.787520000000000220e-01
1.020141765114660273e-02 8.120960000000000401e-01
1.022142043085473226e-02 -8.342999999999999722e-03
1.024142321056286352e-02 -1.253017000000000047e+00
1.026142599027099478e-02 -2.208746000000000098e+00
1.028142876997912430e-02 -2.581655000000000033e+00
1.030143154968725556e-02 -2.755684000000000022e+00
1.032143432939538509e-02 -2.364670999999999967e+00
1.034143710910351635e-02 -8.620039999999999925e-01
1.036143988881164761e-02 3.031829999999999803e-01
1.038144266851977714e-02 8.872900000000000231e-02
1.040144544822790840e-02 -7.913409999999999611e-01
1.042144822793603966e-02 -1.575377999999999945e+00
1.044145100764416918e-02 -1.576546000000000003e+00
1.046145378735230044e-02 -9.046349999999999669e-01
1.048145656706042997e-02 -4.443230000000000235e-01
1.050145934676856123e-02 -6.321719999999999562e-01
1.052146212647669249e-02 -8.920470000000000343e-01
1.054146490618482201e-02 -1.024092999999999920e+00
1.056146768589295327e-02 -1.571161000000000030e+00
1.058147046560108280e-02 -2.091559000000000168e+00
1.060147324530921406e-02 -2.151839999999999975e+00
1.062147602501734532e-02 -1.976448999999999900e+00
1.064147880472547485e-02 -1.439178999999999986e+00
1.066148158443360611e-02 -5.282219999999999693e-01
1.068148436414173737e-02 -8.101700000000000568e-02
1.070148714384986689e-02 -2.424570000000000058e-01
1.072148992355799815e-02 -8.415000000000000258e-01
1.074149270326612768e-02 -1.704309999999999992e+00
1.076149548297425894e-02 -2.200505000000000155e+00
1.078149826268239020e-02 -1.869837999999999889e+00
1.080150104239051972e-02 -1.171972000000000014e+00
1.082150382209865098e-02 -8.964590000000000058e-01
1.084150660180678051e-02 -9.496019999999999461e-01
1.086150938151491177e-02 -8.154799999999999827e-01
1.088151216122304303e-02 -4.916260000000000074e-01
1.090151494093117256e-02 -4.903279999999999861e-01
1.092151772063930382e-02 -1.021951999999999972e+00
1.094152050034743508e-02 -1.746552000000000104e+00
1.096152328005556460e-02 -1.950558000000000014e+00
1.098152605976369586e-02 -1.287277000000000005e+00
1.100152883947182539e-02 -6.112130000000000063e-01
1.102153161917995665e-02 -5.896059999999999635e-01
1.104153439888808791e-02 -8.985360000000000014e-01
1.106153717859621743e-02 -1.119866999999999946e+00
1.108153995830434869e-02 -1.502445000000000030e+00
1.110154273801247822e-02 -1.898519000000000068e+00
1.112154551772060948e-02 -2.042504000000000097e+00
1.114154829742874074e-02 -2.038027000000000033e+00
1.116155107713687027e-02 -1.837004999999999999e+00
1.118155385684500153e-02 -1.148547999999999902e+00
1.120155663655313279e-02 -3.177269999999999817e-01
1.122155941626126231e-02 1.039780000000000010e-01
1.124156219596939357e-02 2.235659999999999870e-01
1.126156497567752310e-02 -3.877410000000000023e-01
1.128156775538565436e-02 -1.509841999999999906e+00
1.130157053509378562e-02 -2.004026000000000085e+00
1.132157331480191514e-02 -1.751808000000000032e+00
1.134157609451004640e-02 -1.530021999999999993e+00
1.136157887421817593e-02 -1.615413999999999906e+00
1.138158165392630719e-02 -1.546113999999999988e+00
1.140158443363443845e-02 -1.181316000000000033e+00
1.142158721334256798e-02 -5.343869999999999454e-01
1.144158999305069924e-02 -2.298689999999999900e-01
1.146159277275883050e-02 -7.856309999999999683e-01
1.148159555246696002e-02 -1.656098000000000070e+00
1.150159833217509128e-02 -1.855952000000000046e+00
1.152160111188322081e-02 -1.748043999999999931e+00
1.154160389159135207e-02 -1.723387000000000002e+00
1.156160667129948333e-02 -1.643186000000000035e+00
1.158160945100761285e-02 -1.340939000000000103e+00
1.160161223071574411e-02 -9.755570000000000075e-01
1.162161501042387364e-02 -6.413860000000000117e-01
1.164161779013200490e-02 -4.579489999999999950e-01
1.166162056984013616e-02 -5.502839999999999954e-01
1.168162334954826569e-02 -8.638209999999999500e-01
1.170162612925639695e-02 -1.367998000000000047e+00
1.172162890896452821e-02 -1.999093999999999927e+00
1.174163168867265773e-02 -2.095906999999999965e+00
1.176163446838078899e-02 -1.471038999999999985e+00
1.178163724808891852e-02 -5.843500000000000361e-01
1.180164002779704978e-02 -2.757450000000000179e-01
1.182164280750518104e-02 -6.971249999999999947e-01
1.184164558721331056e-02 -1.152246000000000103e+00
1.186164836692144182e-02 -1.287406999999999968e+00
1.188165114662957135e-02 -1.591145999999999949e+00
1.190165392633770261e-02 -2.126793000000000156e+00
1.192165670604583387e-02 -2.322689000000000004e+00
1.194165948575396340e-02 -1.852254000000000067e+00
1.196166226546209466e-02 -8.287820000000000187e-01
1.198166504517022592e-02 -1.976299999999999932e-02
1.200166782487835544e-02 -1.552479999999999971e-01
1.202167060458648670e-02 -8.052270000000000261e-01
1.204167338429461623e-02 -1.322057000000000038e+00
1.206167616400274749e-02 -1.738180999999999976e+00
1.208167894371087875e-02 -1.880673999999999957e+00
1.210168172341900827e-02 -1.561037999999999926e+00
1.212168450312713953e-02 -1.139462999999999893e+00
1.214168728283526906e-02 -7.737570000000000281e-01
1.216169006254340032e-02 -6.995249999999999524e-01
1.218169284225153158e-02 -1.043169999999999931e+00
1.220169562195966111e-02 -1.485055000000000014e+00
1.222169840166779237e-02 -1.600554999999999950e+00
1.224170118137592363e-02 -1.559220999999999968e+00
1.226170396108405315e-02 -1.366829999999999989e+00
1.228170674079218441e-02 -8.607059999999999711e-01
1.230170952050031394e-02 -2.501140000000000030e-01
1.232171230020844520e-02 -6.784500000000000253e-02
1.234171507991657646e-02 -7.353429999999999689e-01
1.236171785962470598e-02 -1.929210000000000091e+00
1.238172063933283724e-02 -2.744457999999999842e+00
1.240172341904096677e-02 -2.556608999999999909e+00
1.242172619874909803e-02 -1.731433000000000000e+00
1.244172897845722929e-02 -8.554500000000000437e-01
1.246173175816535882e-02 -2.869700000000000029e-01
1.248173453787349008e-02 -1.950299999999999950e-02
1.250173731758162134e-02 -9.230700000000000016e-02
1.252174009728975086e-02 -6.949830000000000174e-01
1.254174287699788212e-02 -1.625146999999999897e+00
1.256174565670601165e-02 -2.315681000000000100e+00
1.258174843641414291e-02 -2.473682000000000158e+00
1.260175121612227417e-02 -2.019468999999999959e+00
1.262175399583040369e-02 -1.153154999999999930e+00
1.264175677553853495e-02 -4.171349999999999780e-01
1.266175955524666448e-02 -1.710810000000000108e-01
1.268176233495479574e-02 -3.785270000000000024e-01
1.270176511466292700e-02 -1.022340999999999944e+00
1.272176789437105653e-02 -1.690553999999999890e+00
1.274177067407918779e-02 -1.868540000000000090e+00
1.276177345378731905e-02 -1.600878999999999941e+00
1.278177623349544857e-02 -1.373383000000000020e+00
1.280177901320357983e-02 -1.282345999999999986e+00
1.282178179291170936e-02 -1.214083999999999941e+00
1.284178457261984062e-02 -1.142382999999999926e+00
1.286178735232797188e-02 -1.042327000000000004e+00
1.288179013203610140e-02 -1.017994000000000065e+00
1.290179291174423266e-02 -1.212202000000000002e+00
1.292179569145236219e-02 -1.407448999999999950e+00
1.294179847116049345e-02 -1.297204999999999941e+00
1.296180125086862471e-02 -1.063674999999999926e+00
1.298180403057675424e-02 -9.791260000000000518e-01
1.300180681028488550e-02 -1.014035999999999937e+00
1.302180958999301676e-02 -1.163602000000000025e+00
1.304181236970114628e-02 -1.313296999999999937e+00
1.306181514940927754e-02 -1.286888000000000032e+00
1.308181792911740707e-02 -1.145628000000000091e+00
1.310182070882553833e-02 -1.145237999999999978e+00
1.312182348853366959e-02 -1.220442999999999945e+00
1.314182626824179911e-02 -1.370981999999999923e+00
1.316182904794993037e-02 -1.552602999999999955e+00
1.318183182765805990e-02 -1.404919000000000029e+00
1.320183460736619116e-02 -1.078599000000000085e+00
1.322183738707432242e-02 -8.640160000000000062e-01
1.324184016678245195e-02 -8.693359999999999976e-01
1.326184294649058321e-02 -9.340289999999999981e-01
1.328184572619871447e-02 -1.000734000000000012e+00
1.330184850590684399e-02 -1.143680999999999948e+00
1.332185128561497525e-02 -1.455595999999999890e+00
1.334185406532310478e-02 -1.698274999999999979e+00
1.336185684503123604e-02 -1.723710999999999993e+00
1.338185962473936730e-02 -1.490634999999999932e+00
1.340186240444749682e-02 -1.157372000000000067e+00
1.342186518415562808e-02 -9.438269999999999715e-01
1.344186796386375761e-02 -1.017668999999999935e+00
1.346187074357188887e-02 -1.168857999999999953e+00
1.348187352328002013e-02 -1.187349999999999905e+00
1.350187630298814966e-02 -1.240752999999999995e+00
1.352187908269628092e-02 -1.235756999999999994e+00
1.354188186240441218e-02 -1.177032999999999996e+00
1.356188464211254170e-02 -1.093976999999999977e+00
1.358188742182067296e-02 -9.766599999999999726e-01
1.360189020152880249e-02 -9.638130000000000308e-01
1.362189298123693375e-02 -1.191567999999999961e+00
1.364189576094506501e-02 -1.493425000000000002e+00
1.366189854065319453e-02 -1.533849999999999936e+00
1.368190132036132579e-02 -1.496151000000000009e+00
1.370190410006945532e-02 -1.372279999999999944e+00
1.372190687977758658e-02 -1.050113000000000074e+00
1.374190965948571784e-02 -8.018530000000000380e-01
1.376191243919384737e-02 -8.879590000000000538e-01
1.378191521890197863e-02 -1.213889999999999914e+00
1.380191799861010989e-02 -1.591340999999999894e+00
1.382192077831823941e-02 -1.698145999999999933e+00
1.384192355802637067e-02 -1.558183000000000096e+00
1.386192633773450020e-02 -1.475775999999999977e+00
1.388192911744263146e-02 -1.274170000000000025e+00
1.390193189715076272e-02 -8.482480000000000020e-01
1.392193467685889224e-02 -4.660599999999999743e-01
1.394193745656702350e-02 -4.074659999999999949e-01
1.396194023627515303e-02 -7.885510000000000019e-01
1.398194301598328429e-02 -1.447808999999999902e+00
1.400194579569141555e-02 -2.008957000000000104e+00
1.402194857539954508e-02 -2.061906000000000017e+00
1.404195135510767634e-02 -1.688153000000000015e+00
1.406195413481580760e-02 -1.221157000000000048e+00
1.408195691452393712e-02 -8.370870000000000255e-01
1.410195969423206838e-02 -5.289359999999999618e-01
1.412196247394019791e-02 -5.123250000000000304e-01
1.414196525364832917e-02 -8.172960000000000225e-01
1.416196803335646043e-02 -1.365531999999999968e+00
1.418197081306458995e-02 -1.858937000000000062e+00
1.420197359277272121e-02 -2.006946000000000119e+00
1.422197637248085074e-02 -1.816955000000000098e+00
1.424197915218898200e-02 -1.349180000000000046e+00
1.426198193189711326e-02 -7.428059999999999663e-01
1.428198471160524279e-02 -3.016349999999999865e-01
1.430198749131337405e-02 -3.416699999999999737e-01
1.432199027102150531e-02 -8.919820000000000526e-01
1.434199305072963483e-02 -1.508478999999999903e+00
1.436199583043776609e-02 -1.848749999999999893e+00
1.438199861014589562e-02 -1.771598000000000006e+00
1.440200138985402688e-02 -1.485768999999999895e+00
1.442200416956215814e-02 -1.200523000000000007e+00
1.444200694927028766e-02 -9.747139999999999693e-01
1.446200972897841892e-02 -7.923149999999999915e-01
1.448201250868654845e-02 -7.186669999999999447e-01
1.450201528839467971e-02 -8.937340000000000284e-01
1.452201806810281097e-02 -1.287277000000000005e+00
1.454202084781094050e-02 -1.627353000000000049e+00
1.456202362751907176e-02 -1.626314999999999955e+00
1.458202640722720302e-02 -1.287147999999999959e+00
1.460202918693533254e-02 -9.875620000000000509e-01
1.462203196664346380e-02 -9.248800000000000354e-01
1.464203474635159333e-02 -1.022796000000000038e+00
1.466203752605972459e-02 -1.235238000000000058e+00
1.468204030576785585e-02 -1.320500000000000007e+00
1.470204308547598537e-02 -1.224466000000000054e+00
1.472204586518411663e-02 -1.048426000000000080e+00
1.474204864489224616e-02 -8.996389999999999665e-01
1.476205142460037742e-02 -9.307849999999999735e-01
1.478205420430850868e-02 -1.044921999999999906e+00
1.480205698401663821e-02 -1.202858999999999901e+00
1.482205976372476947e-02 -1.303693999999999908e+00
1.484206254343290073e-02 -1.349115000000000064e+00
1.486206532314103025e-02 -1.385258000000000100e+00
1.488206810284916151e-02 -1.330168000000000017e+00
1.490207088255729104e-02 -1.098130000000000051e+00
1.492207366226542230e-02 -7.802459999999999951e-01
1.494207644197355356e-02 -7.043920000000000181e-01
1.496207922168168308e-02 -9.635529999999999928e-01
1.498208200138981434e-02 -1.242245000000000044e+00
1.500208478109794387e-02 -1.345676000000000094e+00
1.502208756080607513e-02 -1.318229000000000095e+00
1.504209034051420639e-02 -1.166457000000000077e+00
1.506209312022233592e-02 -1.060559999999999947e+00
1.508209589993046718e-02 -1.019096999999999920e+00
1.510209867963859844e-02 -1.024612000000000078e+00
1.512210145934672796e-02 -1.092939000000000105e+00
1.514210423905485922e-02 -1.194099000000000022e+00
1.516210701876298875e-02 -1.231668999999999903e+00
1.518210979847112001e-02 -1.255287999999999959e+00
1.520211257817925127e-02 -1.262035999999999936e+00
1.522211535788738079e-02 -1.221027000000000085e+00
1.524211813759551205e-02 -1.234523999999999955e+00
1.526212091730364158e-02 -1.236795000000000089e+00
1.528212369701177284e-02 -1.226801999999999948e+00
1.530212647671990410e-02 -1.189232000000000067e+00
1.532212925642803363e-02 -1.081973000000000074e+00
1.534213203613616489e-02 -8.522710000000000008e-01
1.536213481584429441e-02 -6.217249999999999721e-01
1.538213759555242567e-02 -5.750060000000000171e-01
1.540214037526055693e-02 -8.839360000000000550e-01
1.542214315496868646e-02 -1.299671000000000021e+00
1.544214593467681772e-02 -1.606654000000000027e+00
1.546214871438494898e-02 -1.708787000000000056e+00
1.548215149409307850e-02 -1.655319999999999903e+00
1.550215427380120976e-02 -1.379807000000000006e+00
1.552215705350933929e-02 -9.643969999999999487e-01
1.554215983321747055e-02 -5.746820000000000261e-01
1.556216261292560181e-02 -5.137519999999999865e-01
1.558216539263373134e-02 -7.765469999999999873e-01
1.560216817234186260e-02 -1.230436000000000085e+00
1.562217095204999212e-02 -1.565126000000000017e+00
1.564217373175812512e-02 -1.701389999999999958e+00
1.566217651146625464e-02 -1.599580999999999920e+00
1.568217929117438417e-02 -1.214992999999999990e+00
1.570218207088251369e-02 -8.362439999999999873e-01
1.572218485059064669e-02 -5.842199999999999616e-01
1.574218763029877621e-02 -6.310040000000000093e-01
1.576219041000690574e-02 -9.954129999999999923e-01
1.578219318971503873e-02 -1.378379999999999939e+00
1.580219596942316826e-02 -1.414457000000000075e+00
1.582219874913129778e-02 -1.321342999999999934e+00
1.584220152883943078e-02 -1.212591999999999892e+00
1.586220430854756031e-02 -1.028894999999999893e+00
1.588220708825568983e-02 -7.982200000000000406e-01
1.590220986796382283e-02 -6.552719999999999656e-01
1.592221264767195235e-02 -7.823219999999999619e-01
1.594221542738008188e-02 -1.185923000000000060e+00
1.596221820708821140e-02 -1.623979000000000061e+00
1.598222098679634440e-02 -1.750769999999999937e+00
1.600222376650447392e-02 -1.526712999999999987e+00
1.602222654621260345e-02 -1.208178999999999892e+00
1.604222932592073644e-02 -9.478499999999999703e-01
1.606223210562886597e-02 -7.406639999999999890e-01
1.608223488533699549e-02 -6.389200000000000434e-01
1.610223766504512849e-02 -7.004340000000000011e-01
1.612224044475325802e-02 -9.128110000000000390e-01
1.614224322446138754e-02 -1.155945000000000000e+00
1.616224600416952054e-02 -1.320629999999999971e+00
1.618224878387765006e-02 -1.354047000000000001e+00
1.620225156358577959e-02 -1.267422000000000049e+00
1.622225434329390911e-02 -1.159254000000000007e+00
1.624225712300204211e-02 -1.034993999999999970e+00
1.626225990271017163e-02 -9.928820000000000423e-01
1.628226268241830116e-02 -1.109809999999999963e+00
1.630226546212643415e-02 -1.217848000000000042e+00
1.632226824183456368e-02 -1.238351999999999897e+00
1.634227102154269320e-02 -1.108511999999999942e+00
1.636227380125082620e-02 -9.708210000000000450e-01
1.638227658095895573e-02 -9.520680000000000254e-01
1.640227936066708525e-02 -1.059652000000000038e+00
1.642228214037521825e-02 -1.199548999999999976e+00
1.644228492008334777e-02 -1.267422000000000049e+00
1.646228769979147730e-02 -1.358328999999999898e+00
1.648229047949960682e-02 -1.427953999999999946e+00
1.650229325920773982e-02 -1.435740000000000016e+00
1.652229603891586934e-02 -1.275598000000000010e+00
1.654229881862399887e-02 -9.629039999999999822e-01
1.656230159833213186e-02 -7.086750000000000549e-01
1.658230437804026139e-02 -6.552719999999999656e-01
1.660230715774839091e-02 -7.856309999999999683e-01
1.662230993745652391e-02 -9.967110000000000136e-01
1.664231271716465344e-02 -1.182484000000000091e+00
1.666231549687278296e-02 -1.308496000000000103e+00
1.668231827658091596e-02 -1.331790000000000029e+00
1.670232105628904548e-02 -1.253276000000000057e+00
1.672232383599717501e-02 -1.170479999999999965e+00
1.674232661570530453e-02 -1.060365000000000002e+00
1.676232939541343753e-02 -9.749079999999999968e-01
1.678233217512156705e-02 -9.466170000000000417e-01
1.680233495482969658e-02 -1.022860000000000102e+00
1.682233773453782957e-02 -1.152959999999999985e+00
1.684234051424595910e-02 -1.276051999999999964e+00
1.686234329395408862e-02 -1.318683000000000050e+00
1.688234607366222162e-02 -1.229268000000000027e+00
1.690234885337035114e-02 -1.119607999999999937e+00
1.692235163307848067e-02 -1.088656000000000068e+00
1.694235441278661367e-02 -1.024742000000000042e+00
1.696235719249474319e-02 -9.862640000000000295e-01
1.698235997220287272e-02 -9.603089999999999682e-01
1.700236275191100224e-02 -9.854199999999999626e-01
1.702236553161913524e-02 -1.065881000000000078e+00
1.704236831132726476e-02 -1.206037999999999943e+00
1.706237109103539429e-02 -1.330556999999999990e+00
1.708237387074352728e-02 -1.364622999999999919e+00
1.710237665045165681e-02 -1.277090000000000058e+00
1.712237943015978633e-02 -1.119218000000000046e+00
1.714238220986791933e-02 -9.636179999999999746e-01
1.716238498957604885e-02 -8.639510000000000245e-01
1.718238776928417838e-02 -8.854929999999999746e-01
1.720239054899231138e-02 -9.847059999999999702e-01
1.722239332870044090e-02 -1.163537000000000043e+00
1.724239610840857043e-02 -1.383764999999999912e+00
1.726239888811669995e-02 -1.545984000000000025e+00
1.728240166782483295e-02 -1.543063999999999991e+00
1.730240444753296247e-02 -1.282669999999999977e+00
1.732240722724109200e-02 -9.075550000000000006e-01
1.734241000694922499e-02 -6.392449999999999521e-01
1.736241278665735452e-02 -6.348970000000000447e-01
1.738241556636548404e-02 -8.879590000000000538e-01
1.740241834607361704e-02 -1.144460000000000033e+00
1.742242112578174656e-02 -1.355215000000000058e+00
1.744242390548987609e-02 -1.502119999999999900e+00
1.746242668519800909e-02 -1.476294999999999913e+00
1.748242946490613861e-02 -1.311674999999999924e+00
1.750243224461426814e-02 -1.032853000000000021e+00
1.752243502432239766e-02 -8.173610000000000042e-01
1.754243780403053066e-02 -7.914060000000000539e-01
1.756244058373866018e-02 -9.546639999999999571e-01
1.758244336344678971e-02 -1.222714000000000079e+00
1.760244614315492270e-02 -1.408941999999999917e+00
1.762244892286305223e-02 -1.412900000000000045e+00
1.764245170257118175e-02 -1.261322000000000054e+00
1.766245448227931475e-02 -1.026170000000000027e+00
1.768245726198744427e-02 -8.797180000000000000e-01
1.770246004169557380e-02 -8.871799999999999686e-01
1.772246282140370680e-02 -1.073018999999999945e+00
1.774246560111183632e-02 -1.267161999999999900e+00
1.776246838081996585e-02 -1.361054999999999904e+00
1.778247116052809537e-02 -1.302980000000000027e+00
1.780247394023622837e-02 -1.180601999999999929e+00
1.782247671994435789e-02 -1.061339000000000032e+00
1.784247949965248742e-02 -9.684850000000000403e-01
1.786248227936062041e-02 -9.154069999999999707e-01
1.788248505906874994e-02 -9.958019999999999650e-01
1.790248783877687946e-02 -1.223816999999999933e+00
1.792249061848501246e-02 -1.450015000000000054e+00
1.794249339819314198e-02 -1.508998000000000062e+00
1.796249617790127151e-02 -1.371631000000000045e+00
1.798249895760940451e-02 -1.093717999999999968e+00
1.800250173731753403e-02 -8.423429999999999529e-01
1.802250451702566356e-02 -7.696039999999999548e-01
1.804250729673379308e-02 -8.502589999999999870e-01
1.806251007644192608e-02 -1.041482999999999937e+00
1.808251285615005560e-02 -1.239389999999999992e+00
1.810251563585818513e-02 -1.331336000000000075e+00
1.812251841556631812e-02 -1.300059999999999993e+00
1.814252119527444765e-02 -1.191956999999999933e+00
1.816252397498257717e-02 -1.101245000000000029e+00
1.818252675469071017e-02 -1.022860000000000102e+00
1.820252953439883969e-02 -1.031944999999999890e+00
1.822253231410696922e-02 -1.090278999999999998e+00
1.824253509381510222e-02 -1.228294999999999915e+00
1.826253787352323174e-02 -1.376173000000000091e+00
1.828254065323136127e-02 -1.440217000000000080e+00
1.830254343293949079e-02 -1.356641999999999904e+00
1.832254621264762379e-02 -1.145497999999999905e+00
1.834254899235575331e-02 -9.822410000000000307e-01
1.836255177206388284e-02 -9.408419999999999561e-01
1.838255455177201583e-02 -1.001317999999999930e+00
1.840255733148014536e-02 -1.088201999999999892e+00
1.842256011118827488e-02 -1.182938000000000045e+00
1.844256289089640788e-02 -1.226801999999999948e+00
1.846256567060453740e-02 -1.283967999999999998e+00
1.848256845031266693e-02 -1.295582999999999929e+00
1.850257123002079993e-02 -1.223881999999999914e+00
1.852257400972892945e-02 -1.087293999999999983e+00
1.854257678943705898e-02 -1.000993000000000022e+00
1.856257956914518850e-02 -9.365599999999999481e-01
1.858258234885332150e-02 -9.152120000000000255e-01
1.860258512856145102e-02 -9.423350000000000337e-01
1.862258790826958055e-02 -1.055304000000000020e+00
1.864259068797771354e-02 -1.183197999999999972e+00
1.866259346768584307e-02 -1.333931999999999896e+00
1.868259624739397259e-02 -1.431327999999999934e+00
1.870259902710210559e-02 -1.439049000000000023e+00
1.872260180681023511e-02 -1.333801999999999932e+00
1.874260458651836464e-02 -1.192995999999999945e+00
1.876260736622649763e-02 -1.052774000000000099e+00
1.878261014593462716e-02 -9.784119999999999484e-01
1.880261292564275669e-02 -9.404529999999999834e-01
1.882261570535088621e-02 -9.750379999999999603e-01
1.884261848505901921e-02 -1.085282000000000080e+00
1.886262126476714873e-02 -1.183391999999999999e+00
1.888262404447527826e-02 -1.241271999999999931e+00
1.890262682418341125e-02 -1.208374000000000059e+00
1.892262960389154078e-02 -1.129210999999999965e+00
1.894263238359967030e-02 -1.022016999999999953e+00
1.896263516330780330e-02 -9.827599999999999669e-01
1.898263794301593282e-02 -1.022275999999999962e+00
1.900264072272406235e-02 -1.145563000000000109e+00
1.902264350243219534e-02 -1.267161999999999900e+00
1.904264628214032487e-02 -1.303628999999999927e+00
1.906264906184845440e-02 -1.269627999999999979e+00
1.908265184155658392e-02 -1.185727999999999893e+00
1.910265462126471692e-02 -1.116427999999999976e+00
1.912265740097284644e-02 -1.065166999999999975e+00
1.914266018068097597e-02 -1.055174000000000056e+00
1.916266296038910896e-02 -1.064778000000000002e+00
1.918266574009723849e-02 -1.161070999999999964e+00
1.920266851980536801e-02 -1.274558999999999997e+00
1.922267129951350101e-02 -1.354176000000000046e+00
1.924267407922163053e-02 -1.318813000000000013e+00
1.926267685892976006e-02 -1.143941000000000097e+00
1.928267963863789305e-02 -9.292920000000000069e-01
1.930268241834602258e-02 -7.926389999999999825e-01
1.932268519805415211e-02 -8.373469999999999525e-01
1.934268797776228163e-02 -9.722480000000000011e-01
1.936269075747041463e-02 -1.112276000000000042e+00
1.938269353717854415e-02 -1.192477000000000009e+00
1.940269631688667368e-02 -1.266772999999999927e+00
1.942269909659480667e-02 -1.271249999999999991e+00
1.944270187630293620e-02 -1.250226999999999977e+00
1.946270465601106572e-02 -1.208178999999999892e+00
1.948270743571919872e-02 -1.179044999999999899e+00
1.950271021542732824e-02 -1.177488000000000090e+00
1.952271299513545777e-02 -1.255937000000000081e+00
1.954271577484359076e-02 -1.357679999999999998e+00
1.956271855455172029e-02 -1.378899000000000097e+00
1.958272133425984982e-02 -1.302006999999999914e+00
1.960272411396797934e-02 -1.099102999999999941e+00
1.962272689367611234e-02 -8.968490000000000073e-01
1.964272967338424186e-02 -8.028910000000000213e-01
1.966273245309237139e-02 -8.897760000000000113e-01
1.968273523280050438e-02 -1.062766000000000099e+00
1.970273801250863391e-02 -1.259830000000000005e+00
1.972274079221676343e-02 -1.345286999999999900e+00
1.974274357192489643e-02 -1.342821000000000042e+00
1.976274635163302595e-02 -1.210320999999999980e+00
1.978274913134115548e-02 -1.064063999999999899e+00
1.980275191104928847e-02 -9.099559999999999871e-01
1.982275469075741800e-02 -8.307280000000000220e-01
1.984275747046554753e-02 -8.568780000000000285e-01
1.986276025017367705e-02 -1.043689000000000089e+00
1.988276302988181005e-02 -1.281566999999999901e+00
1.990276580958993957e-02 -1.491608000000000045e+00
1.992276858929806910e-02 -1.501211999999999991e+00
1.994277136900620209e-02 -1.361183999999999950e+00
1.996277414871433162e-02 -1.170350000000000001e+00
1.998277692842246114e-02 -1.013646000000000047e+00
2.000277970813059414e-02 -9.627099999999999547e-01
2.002278248783872366e-02 -9.704310000000000436e-01
2.004278526754685319e-02 -1.038888000000000034e+00
2.006278804725498618e-02 -1.084373999999999949e+00
2.008279082696311571e-02 -1.106889999999999930e+00
2.010279360667124524e-02 -1.107474000000000069e+00
2.012279638637937476e-02 -1.083401000000000058e+00
2.014279916608750776e-02 -1.053876999999999953e+00
2.016280194579563728e-02 -1.062766000000000099e+00
2.018280472550376681e-02 -1.093588000000000005e+00
2.020280750521189980e-02 -1.163602000000000025e+00
2.022281028492002933e-02 -1.220962000000000103e+00
2.024281306462815885e-02 -1.258467000000000002e+00
2.026281584433629185e-02 -1.223622999999999905e+00
2.028281862404442137e-02 -1.141604999999999981e+00
2.030282140375255090e-02 -1.071525999999999978e+00
2.032282418346068389e-02 -1.046154999999999946e+00
2.034282696316881342e-02 -1.050308000000000019e+00
2.036282974287694295e-02 -1.096638000000000002e+00
2.038283252258507247e-02 -1.121035000000000004e+00
2.040283530229320547e-02 -1.130314000000000041e+00
2.042283808200133499e-02 -1.128821999999999992e+00
2.044284086170946452e-02 -1.146147000000000027e+00
2.046284364141759751e-02 -1.163926000000000016e+00
2.048284642112572704e-02 -1.155361000000000082e+00
2.050284920083385656e-02 -1.163602000000000025e+00
2.052285198054198956e-02 -1.123696000000000028e+00
2.054285476025011908e-02 -1.072499000000000091e+00
2.056285753995824861e-02 -1.020523999999999987e+00
2.058286031966638160e-02 -9.806190000000000184e-01
2.060286309937451113e-02 -9.728970000000000118e-01
2.062286587908264066e-02 -1.050308000000000019e+00
2.064286865879077018e-02 -1.139788000000000023e+00
2.066287143849890318e-02 -1.259959999999999969e+00
2.068287421820703270e-02 -1.322057000000000038e+00
2.070287699791516223e-02 -1.317061000000000037e+00
2.072287977762329522e-02 -1.253211000000000075e+00
2.074288255733142475e-02 -1.179368999999999890e+00
2.076288533703955427e-02 -1.089695000000000080e+00
2.078288811674768727e-02 -1.085412000000000043e+00
2.080289089645581679e-02 -1.088980999999999977e+00
2.082289367616394632e-02 -1.129016999999999937e+00
2.084289645587207931e-02 -1.148676999999999948e+00
2.086289923558020884e-02 -1.160487000000000046e+00
2.088290201528833837e-02 -1.116946999999999912e+00
2.090290479499646789e-02 -1.063803999999999972e+00
2.092290757470460089e-02 -1.058029000000000108e+00
2.094291035441273041e-02 -1.107863000000000042e+00
2.096291313412085994e-02 -1.196369999999999933e+00
2.098291591382899293e-02 -1.279166000000000025e+00
2.100291869353712246e-02 -1.305576000000000070e+00
2.102292147324525198e-02 -1.218237000000000014e+00
2.104292425295338498e-02 -1.086060999999999943e+00
2.106292703266151450e-02 -9.534960000000000102e-01
2.108292981236964403e-02 -8.937990000000000101e-01
2.110293259207777702e-02 -9.359760000000000302e-01
2.112293537178590655e-02 -1.059587000000000057e+00
2.114293815149403608e-02 -1.214863000000000026e+00
2.116294093120216560e-02 -1.345806000000000058e+00
2.118294371091029860e-02 -1.395510000000000028e+00
2.120294649061842812e-02 -1.335684000000000093e+00
2.122294927032655765e-02 -1.167170000000000041e+00
2.124295205003469064e-02 -9.957369999999999832e-01
2.126295482974282017e-02 -8.813410000000000410e-01
2.128295760945094969e-02 -8.917869999999999964e-01
2.130296038915908269e-02 -1.005665000000000031e+00
2.132296316886721221e-02 -1.137516999999999889e+00
2.134296594857534174e-02 -1.247306999999999944e+00
2.136296872828347473e-02 -1.278971999999999998e+00
2.138297150799160426e-02 -1.218950999999999896e+00
2.140297428769973379e-02 -1.131742000000000026e+00
2.142297706740786331e-02 -1.070098999999999911e+00
2.144297984711599631e-02 -1.039147000000000043e+00
2.146298262682412583e-02 -1.091901000000000010e+00
2.148298540653225536e-02 -1.160422000000000065e+00
2.150298818624038835e-02 -1.252237999999999962e+00
2.152299096594851788e-02 -1.290456999999999965e+00
2.154299374565664740e-02 -1.260478999999999905e+00
2.156299652536478040e-02 -1.144460000000000033e+00
2.158299930507290992e-02 -1.005665000000000031e+00
2.160300208478103945e-02 -9.020399999999999530e-01
2.162300486448917244e-02 -8.852989999999999471e-01
2.164300764419730197e-02 -9.585569999999999924e-01
2.166301042390543150e-02 -1.089564999999999895e+00
2.168301320361356102e-02 -1.193060999999999927e+00
2.170301598332169402e-02 -1.247500999999999971e+00
2.172301876302982354e-02 -1.229203000000000046e+00
2.174302154273795307e-02 -1.180536999999999948e+00
2.176302432244608606e-02 -1.112146000000000079e+00
2.178302710215421559e-02 -1.045376000000000083e+00
2.180302988186234511e-02 -9.983330000000000259e-01
2.182303266157047811e-02 -1.017539999999999889e+00
2.184303544127860763e-02 -1.071720999999999924e+00
2.186303822098673716e-02 -1.132584999999999953e+00
2.188304100069487015e-02 -1.171713000000000005e+00
2.190304378040299968e-02 -1.189362000000000030e+00
2.192304656011112921e-02 -1.180797000000000097e+00
2.194304933981925873e-02 -1.154452000000000034e+00
2.196305211952739173e-02 -1.122527999999999970e+00
2.198305489923552125e-02 -1.129470999999999892e+00
2.200305767894365078e-02 -1.113703000000000110e+00
2.202306045865178377e-02 -1.093976999999999977e+00
2.204306323835991330e-02 -1.061079000000000105e+00
2.206306601806804282e-02 -1.072629000000000055e+00
2.208306879777617582e-02 -1.034151000000000042e+00
2.210307157748430534e-02 -1.022275999999999962e+00
2.212307435719243487e-02 -1.062766000000000099e+00
2.214307713690056786e-02 -1.114676000000000000e+00
2.216307991660869739e-02 -1.176125000000000087e+00
2.218308269631682692e-02 -1.233030999999999988e+00
2.220308547602495644e-02 -1.239001000000000019e+00
2.222308825573308944e-02 -1.203182999999999891e+00
2.224309103544121896e-02 -1.187934000000000045e+00
2.226309381514934849e-02 -1.136673000000000044e+00
2.228309659485748148e-02 -1.093134000000000050e+00
2.230309937456561101e-02 -1.037849000000000022e+00
2.232310215427374053e-02 -1.024418000000000051e+00
2.234310493398187353e-02 -1.034929999999999906e+00
2.236310771369000305e-02 -1.060105999999999993e+00
2.238311049339813258e-02 -1.091706000000000065e+00
2.240311327310626557e-02 -1.128757000000000010e+00
2.242311605281439510e-02 -1.147963999999999984e+00
2.244311883252252462e-02 -1.159383999999999970e+00
2.246312161223065415e-02 -1.150300000000000100e+00
2.248312439193878715e-02 -1.140501999999999905e+00
2.250312717164691667e-02 -1.100270999999999999e+00
2.252312995135504620e-02 -1.073796999999999890e+00
2.254313273106317919e-02 -1.037265000000000104e+00
2.256313551077130872e-02 -1.023703999999999947e+00
2.258313829047943824e-02 -1.060754999999999892e+00
2.260314107018757124e-02 -1.141410000000000036e+00
2.262314384989570076e-02 -1.193254999999999955e+00
2.264314662960383029e-02 -1.219405000000000072e+00
2.266314940931196328e-02 -1.164574999999999916e+00
2.268315218902009281e-02 -1.101634000000000002e+00
2.270315496872822233e-02 -1.086840000000000028e+00
2.272315774843635186e-02 -1.094236999999999904e+00
2.274316052814448486e-02 -1.127849000000000101e+00
2.276316330785261438e-02 -1.155556000000000028e+00
2.278316608756074391e-02 -1.189491999999999994e+00
2.280316886726887690e-02 -1.178395999999999999e+00
2.282317164697700643e-02 -1.138230999999999993e+00
2.284317442668513595e-02 -1.059326999999999908e+00
2.286317720639326895e-02 -9.695230000000000237e-01
2.288317998610139847e-02 -9.387659999999999894e-01
2.290318276580952800e-02 -9.393500000000000183e-01
2.292318554551766099e-02 -1.055045000000000011e+00
2.294318832522579052e-02 -1.202404000000000028e+00
2.296319110493392004e-02 -1.312583999999999973e+00
2.298319388464204957e-02 -1.322446000000000010e+00
2.300319666435018257e-02 -1.226088000000000067e+00
2.302319944405831209e-02 -1.084373999999999949e+00
2.304320222376644162e-02 -9.937909999999999799e-01
2.306320500347457461e-02 -9.538849999999999829e-01
2.308320778318270414e-02 -1.005471000000000004e+00
2.310321056289083366e-02 -1.082103000000000037e+00
2.312321334259896666e-02 -1.166196999999999928e+00
2.314321612230709618e-02 -1.254963000000000051e+00
2.316321890201522571e-02 -1.280982999999999983e+00
2.318322168172335870e-02 -1.242634999999999934e+00
2.320322446143148823e-02 -1.143356999999999957e+00
2.322322724113961775e-02 -1.034410000000000052e+00
2.324323002084774728e-02 -9.960620000000000029e-01
2.326323280055588028e-02 -1.030451999999999924e+00
2.328323558026400980e-02 -1.104878000000000027e+00
2.330323835997213933e-02 -1.157631999999999994e+00
2.332324113968027232e-02 -1.159772999999999943e+00
2.334324391938840185e-02 -1.098908999999999914e+00
2.336324669909653137e-02 -1.019616000000000078e+00
2.338324947880466437e-02 -9.867829999999999657e-01
2.340325225851279389e-02 -1.001641999999999921e+00
2.342325503822092342e-02 -1.058029000000000108e+00
2.344325781792905641e-02 -1.113963000000000036e+00
2.346326059763718594e-02 -1.191114000000000006e+00
2.348326337734531546e-02 -1.228684000000000109e+00
2.350326615705344499e-02 -1.218431999999999960e+00
2.352326893676157799e-02 -1.166261999999999910e+00
2.354327171646970751e-02 -1.110198999999999936e+00
2.356327449617783704e-02 -1.056861999999999968e+00
2.358327727588597003e-02 -1.028764999999999930e+00
2.360328005559409956e-02 -1.032269000000000103e+00
2.362328283530222908e-02 -1.080610000000000070e+00
2.364328561501036208e-02 -1.129729999999999901e+00
2.366328839471849160e-02 -1.124733999999999901e+00
2.368329117442662113e-02 -1.092549999999999910e+00
2.370329395413475412e-02 -1.054396000000000111e+00
2.372329673384288365e-02 -1.054915000000000047e+00
2.374329951355101317e-02 -1.071914999999999951e+00
2.376330229325914270e-02 -1.085153000000000034e+00
2.378330507296727570e-02 -1.095469999999999944e+00
2.380330785267540522e-02 -1.097610999999999892e+00
2.382331063238353475e-02 -1.082556999999999992e+00
2.384331341209166774e-02 -1.086710000000000065e+00
2.386331619179979727e-02 -1.080934999999999979e+00
2.388331897150792679e-02 -1.072435000000000027e+00
2.390332175121605979e-02 -1.074705999999999939e+00
2.392332453092418931e-02 -1.084114000000000022e+00
2.394332731063231884e-02 -1.114546999999999954e+00
2.396333009034045183e-02 -1.133688000000000029e+00
2.398333287004858136e-02 -1.164379999999999971e+00
2.400333564975671088e-02 -1.153804000000000052e+00
2.402333842946484041e-02 -1.122203000000000062e+00
2.404334120917297341e-02 -1.085023000000000071e+00
2.406334398888110293e-02 -1.053487000000000062e+00
2.408334676858923246e-02 -1.025260999999999978e+00
2.410334954829736545e-02 -1.011374999999999913e+00
2.412335232800549498e-02 -9.880160000000000053e-01
2.414335510771362450e-02 -1.011700000000000044e+00
2.416335788742175750e-02 -1.030647000000000091e+00
2.418336066712988702e-02 -1.072044999999999915e+00
2.420336344683801655e-02 -1.106759999999999966e+00
2.422336622654614954e-02 -1.125707000000000013e+00
2.424336900625427907e-02 -1.116103999999999985e+00
2.426337178596240859e-02 -1.082297000000000065e+00
2.428337456567053812e-02 -1.026364000000000054e+00
2.430337734537867111e-02 -9.987869999999999804e-01
2.432338012508680064e-02 -9.163799999999999724e-01
2.434338290479493017e-02 -1.014359999999999928e+00
2.436338568450306316e-02 -1.113703000000000110e+00
2.438338846421119269e-02 -1.096313000000000093e+00
2.440339124391932221e-02 -1.247241999999999962e+00
2.442339402362745521e-02 -1.198836000000000013e+00
2.444339680333558473e-02 -1.149715999999999960e+00
2.446339958304371426e-02 -9.871069999999999567e-01
2.448340236275184725e-02 -1.085736000000000034e+00
2.450340514245997678e-02 -9.888590000000000435e-01
2.452340792216810630e-02 -9.698470000000000146e-01
2.454341070187623583e-02 -1.055304000000000020e+00
2.456341348158436882e-02 -8.932799999999999629e-01
2.458341626129249835e-02 -1.064713000000000021e+00
2.460341904100062788e-02 -1.270016999999999951e+00
2.462342182070876087e-02 -1.128303000000000056e+00
2.464342460041689040e-02 -1.076327999999999951e+00
2.466342738012501992e-02 -1.053487000000000062e+00
2.468343015983315292e-02 -9.509649999999999492e-01
2.470343293954128244e-02 -1.014035999999999937e+00
2.472343571924941197e-02 -1.061274000000000051e+00
2.474343849895754496e-02 -1.092873999999999901e+00
2.476344127866567449e-02 -1.175864999999999938e+00
2.478344405837380401e-02 -1.200587999999999989e+00
2.480344683808193354e-02 -1.119024000000000019e+00
2.482344961779006653e-02 -1.010467000000000004e+00
2.484345239749819606e-02 -9.843169999999999975e-01
2.486345517720632559e-02 -1.015463000000000005e+00
2.488345795691445858e-02 -1.089110999999999940e+00
2.490346073662258811e-02 -1.174697000000000102e+00
2.492346351633071763e-02 -1.150884000000000018e+00
2.494346629603885063e-02 -1.133429000000000020e+00
2.496346907574698015e-02 -1.125253000000000059e+00
2.498347185545510968e-02 -1.089499999999999913e+00
2.500347463516324267e-02 -1.030712000000000073e+00
2.502347741487137220e-02 -9.710800000000000542e-01
2.504348019457950172e-02 -9.622549999999999715e-01
2.506348297428763125e-02 -1.044467999999999952e+00
2.508348575399576424e-02 -1.111820999999999948e+00
2.510348853370389377e-02 -1.139788000000000023e+00
2.512349131341202330e-02 -1.108446999999999960e+00
2.514349409312015629e-02 -1.105787000000000075e+00
2.516349687282828582e-02 -1.091706000000000065e+00
2.518349965253641534e-02 -1.108446999999999960e+00
2.520350243224454834e-02 -1.101893999999999929e+00
2.522350521195267786e-02 -1.097676000000000096e+00
2.524350799166080739e-02 -1.107604000000000033e+00
2.526351077136894038e-02 -1.154646999999999979e+00
2.528351355107706991e-02 -1.179888000000000048e+00
2.530351633078519943e-02 -1.140112000000000014e+00
2.532351911049332896e-02 -1.037136000000000058e+00
2.534352189020146195e-02 -9.526520000000000543e-01
2.536352466990959148e-02 -9.624500000000000277e-01
2.538352744961772101e-02 -1.010855999999999977e+00
2.540353022932585400e-02 -1.080155999999999894e+00
2.542353300903398353e-02 -1.123825999999999992e+00
2.544353578874211305e-02 -1.144069999999999920e+00
2.546353856845024605e-02 -1.138749999999999929e+00
2.548354134815837557e-02 -1.133817999999999993e+00
2.550354412786650510e-02 -1.097480999999999929e+00
2.552354690757463809e-02 -1.047323000000000004e+00
2.554354968728276762e-02 -9.855500000000000371e-01
2.556355246699089714e-02 -9.956730000000000302e-01
2.558355524669902667e-02 -1.025260999999999978e+00
2.560355802640715966e-02 -1.094560999999999895e+00
2.562356080611528919e-02 -1.131351999999999913e+00
2.564356358582341872e-02 -1.126290999999999931e+00
2.566356636553155171e-02 -1.111626999999999921e+00
2.568356914523968124e-02 -1.118635000000000046e+00
2.570357192494781076e-02 -1.146665999999999963e+00
2.572357470465594376e-02 -1.146665999999999963e+00
2.574357748436407328e-02 -1.115000999999999909e+00
2.576358026407220281e-02 -1.081649000000000083e+00
2.578358304378033580e-02 -1.064842999999999984e+00
2.580358582348846533e-02 -1.078468999999999900e+00
2.582358860319659485e-02 -1.092030999999999974e+00
2.584359138290472438e-02 -1.066400000000000015e+00
2.586359416261285737e-02 -1.046089999999999964e+00
2.588359694232098690e-02 -1.046089999999999964e+00
2.590359972202911643e-02 -1.068931000000000076e+00
2.592360250173724942e-02 -1.133817999999999993e+00
2.594360528144537895e-02 -1.140306999999999960e+00
2.596360806115350847e-02 -1.133558999999999983e+00
2.598361084086164147e-02 -1.126355999999999913e+00
2.600361362056977099e-02 -1.161200999999999928e+00
2.602361640027790052e-02 -1.173723999999999990e+00
2.604361917998603351e-02 -1.142254000000000103e+00
2.606362195969416304e-02 -1.077949999999999964e+00
2.608362473940229256e-02 -1.032203999999999899e+00
2.610362751911042209e-02 -9.903520000000000101e-01
2.612363029881855508e-02 -1.026753999999999944e+00
2.614363307852668461e-02 -1.049528999999999934e+00
2.616363585823481414e-02 -1.084958000000000089e+00
2.618363863794294713e-02 -1.126420999999999895e+00
2.620364141765107666e-02 -1.190140999999999893e+00
2.622364419735920618e-02 -1.232771999999999979e+00
2.624364697706733918e-02 -1.211683000000000066e+00
2.626364975677546870e-02 -1.142643000000000075e+00
2.628365253648359823e-02 -1.079766999999999921e+00
2.630365531619173122e-02 -1.023573999999999984e+00
2.632365809589986075e-02 -1.048750999999999989e+00
2.634366087560799027e-02 -1.077949999999999964e+00
2.636366365531611980e-02 -1.115131000000000094e+00
2.638366643502425279e-02 -1.110394000000000103e+00
2.640366921473238232e-02 -1.098778999999999950e+00
2.642367199444051185e-02 -1.086645000000000083e+00
2.644367477414864484e-02 -1.094171999999999922e+00
2.646367755385677437e-02 -1.099493000000000054e+00
2.648368033356490389e-02 -1.093588000000000005e+00
2.650368311327303689e-02 -1.086384999999999934e+00
2.652368589298116641e-02 -1.131092999999999904e+00
2.654368867268929594e-02 -1.164574999999999916e+00
2.656369145239742893e-02 -1.159448999999999952e+00
2.658369423210555846e-02 -1.104100000000000081e+00
2.660369701181368798e-02 -1.057380999999999904e+00
2.662369979152181751e-02 -9.843819999999999792e-01
2.664370257122995050e-02 -9.982029999999999514e-01
2.666370535093808003e-02 -1.067438000000000109e+00
2.668370813064620956e-02 -1.123696000000000028e+00
2.670371091035434255e-02 -1.156398999999999955e+00
2.672371369006247208e-02 -1.160357000000000083e+00
2.674371646977060160e-02 -1.147315000000000085e+00
2.676371924947873460e-02 -1.129536000000000096e+00
2.678372202918686412e-02 -1.077625999999999973e+00
2.680372480889499365e-02 -1.036486999999999936e+00
2.682372758860312664e-02 -1.021498000000000017e+00
2.684373036831125617e-02 -1.042327000000000004e+00
2.686373314801938569e-02 -1.089110999999999940e+00
2.688373592772751522e-02 -1.110978000000000021e+00
2.690373870743564821e-02 -1.116687999999999903e+00
2.692374148714377774e-02 -1.103191000000000033e+00
2.694374426685190727e-02 -1.066529999999999978e+00
2.696374704656004026e-02 -1.047193000000000040e+00
2.698374982626816979e-02 -1.046869000000000050e+00
2.700375260597629931e-02 -1.056667000000000023e+00
2.702375538568443231e-02 -1.094041999999999959e+00
2.704375816539256183e-02 -1.130055000000000032e+00
2.706376094510069136e-02 -1.149845000000000006e+00
2.708376372480882435e-02 -1.135116000000000014e+00
2.710376650451695388e-02 -1.115650000000000031e+00
2.712376928422508340e-02 -1.081258999999999970e+00
2.714377206393321293e-02 -1.049398999999999971e+00
2.716377484364134592e-02 -1.037395000000000067e+00
2.718377762334947545e-02 -1.064972000000000030e+00
2.720378040305760498e-02 -1.084632999999999958e+00
2.722378318276573797e-02 -1.115909000000000040e+00
2.724378596247386750e-02 -1.105072999999999972e+00
2.726378874218199702e-02 -1.104748999999999981e+00
2.728379152189013002e-02 -1.084827999999999903e+00
2.730379430159825954e-02 -1.077171000000000101e+00
2.732379708130638907e-02 -1.055757999999999974e+00
2.734379986101452206e-02 -1.045700999999999992e+00
2.736380264072265159e-02 -1.045765999999999973e+00
2.738380542043078111e-02 -1.060300999999999938e+00
2.740380820013891064e-02 -1.081129000000000007e+00
2.742381097984704363e-02 -1.093458000000000041e+00
2.744381375955517316e-02 -1.080481000000000025e+00
2.746381653926330269e-02 -1.092419999999999947e+00
2.748381931897143568e-02 -1.113118999999999970e+00
2.750382209867956521e-02 -1.115324999999999900e+00
2.752382487838769473e-02 -1.113053999999999988e+00
2.754382765809582773e-02 -1.100400999999999962e+00
2.756383043780395725e-02 -1.091317000000000093e+00
2.758383321751208678e-02 -1.100011999999999990e+00
2.760383599722021977e-02 -1.095469999999999944e+00
2.762383877692834930e-02 -1.088462000000000041e+00
2.764384155663647882e-02 -1.067827999999999999e+00
2.766384433634460835e-02 -1.060041000000000011e+00
2.768384711605274134e-02 -1.067307999999999923e+00
2.770384989576087087e-02 -1.070033999999999930e+00
2.772385267546900040e-02 -1.079118000000000022e+00
2.774385545517713339e-02 -1.069190000000000085e+00
2.776385823488526292e-02 -1.067698000000000036e+00
2.778386101459339244e-02 -1.066529999999999978e+00
2.780386379430152544e-02 -1.076781999999999906e+00
2.782386657400965496e-02 -1.081843000000000110e+00
2.784386935371778449e-02 -1.076847000000000110e+00
2.786387213342591748e-02 -1.085282000000000080e+00
2.788387491313404701e-02 -1.088201999999999892e+00
2.790387769284217653e-02 -1.085801000000000016e+00
2.792388047255030606e-02 -1.079183000000000003e+00
2.794388325225843905e-02 -1.103191000000000033e+00
2.796388603196656858e-02 -1.119737999999999900e+00
2.798388881167469810e-02 -1.127199999999999980e+00
2.800389159138283110e-02 -1.120322000000000040e+00
2.802389437109096063e-02 -1.099493000000000054e+00
2.804389715079909015e-02 -1.054135999999999962e+00
2.806389993050722315e-02 -1.041028999999999982e+00
2.808390271021535267e-02 -1.017085000000000017e+00
2.810390548992348220e-02 -1.028245999999999993e+00
2.812390826963161519e-02 -1.046415000000000095e+00
2.814391104933974472e-02 -1.061404000000000014e+00
2.816391382904787424e-02 -1.076262999999999970e+00
2.818391660875600377e-02 -1.111237000000000030e+00
2.820391938846413676e-02 -1.122074000000000016e+00
2.822392216817226629e-02 -1.100076999999999972e+00
2.824392494788039581e-02 -1.072305000000000064e+00
2.826392772758852881e-02 -1.044856999999999925e+00
2.828393050729665834e-02 -1.064063999999999899e+00
2.830393328700478786e-02 -1.087293999999999983e+00
2.832393606671292086e-02 -1.117466999999999988e+00
2.834393884642105038e-02 -1.115974000000000022e+00
2.836394162612917991e-02 -1.100400999999999962e+00
2.838394440583731290e-02 -1.070812000000000097e+00
2.840394718554544243e-02 -1.056602000000000041e+00
2.842394996525357195e-02 -1.045376000000000083e+00
2.844395274496170148e-02 -1.054915000000000047e+00
2.846395552466983447e-02 -1.047906999999999922e+00
2.848395830437796400e-02 -1.070683000000000051e+00
2.850396108408609352e-02 -1.081388999999999934e+00
2.852396386379422652e-02 -1.112989000000000006e+00
2.854396664350235605e-02 -1.087034000000000056e+00
2.856396942321048557e-02 -1.049854000000000065e+00
2.858397220291861857e-02 -9.984629999999999894e-01
2.860397498262674809e-02 -9.666029999999999900e-01
2.862397776233487762e-02 -9.701070000000000526e-01
2.864398054204301061e-02 -1.024483000000000033e+00
2.866398332175114014e-02 -1.061663000000000023e+00
2.868398610145926966e-02 -1.086256000000000110e+00
2.870398888116739919e-02 -1.090408000000000044e+00
2.872399166087553218e-02 -1.089304999999999968e+00
2.874399444058366171e-02 -1.094302000000000108e+00
2.876399722029179123e-02 -1.076847000000000110e+00
