# time(s), 	 	 acceleration(g)
0.000000000000000000e+00 6.178949000000000247e+00
2.000277970813066735e-05 6.387304000000000315e+00
4.000555941626133470e-05 6.622910000000000075e+00
6.000833912439200544e-05 6.882719999999999949e+00
8.001111883252266940e-05 7.152458000000000204e+00
1.000138985406533334e-04 7.457169999999999632e+00
1.200166782487840109e-04 7.793483000000000160e+00
1.400194579569146748e-04 8.121553999999999718e+00
1.600222376650453388e-04 8.466627000000000791e+00
1.800250173731760028e-04 8.820133999999999475e+00
2.000277970813066667e-04 9.217245999999999384e+00
2.200305767894373307e-04 9.601575999999999667e+00
2.400333564975680217e-04 1.006085000000000029e+01
2.600361362056986857e-04 1.055152999999999963e+01
2.800389159138293497e-04 1.108983800000000031e+01
3.000416956219600136e-04 1.174747299999999939e+01
3.200444753300906776e-04 1.239271600000000007e+01
3.400472550382213415e-04 1.321432300000000026e+01
3.600500347463520055e-04 1.420450699999999955e+01
3.800528144544826695e-04 1.502877499999999955e+01
4.000555941626133334e-04 1.612238999999999933e+01
4.200583738707439974e-04 1.737446100000000015e+01
4.400611535788746614e-04 1.883728699999999989e+01
4.600639332870053253e-04 2.036564999999999870e+01
4.800667129951360435e-04 2.228106700000000018e+01
5.000694927032666532e-04 2.463324199999999919e+01
5.200722724113973714e-04 2.771767399999999881e+01
5.400750521195279812e-04 3.144072999999999851e+01
5.600778318276586993e-04 3.694566499999999820e+01
5.800806115357893091e-04 4.534808999999999912e+01
6.000833912439200273e-04 5.900413900000000211e+01
6.200861709520506370e-04 8.111303200000000402e+01
6.400889506601813552e-04 1.154780240000000049e+02
6.600917303683120733e-04 1.631148660000000064e+02
6.800945100764426831e-04 2.238017719999999997e+02
7.000972897845734013e-04 2.943522429999999872e+02
7.201000694927040110e-04 3.656945370000000253e+02
7.401028492008347292e-04 4.285259790000000066e+02
7.601056289089653389e-04 4.708062199999999962e+02
7.801084086170960571e-04 4.870241619999999898e+02
8.001111883252266669e-04 4.753600969999999961e+02
8.201139680333573850e-04 4.431454800000000205e+02
8.401167477414879948e-04 4.003544430000000034e+02
8.601195274496187130e-04 3.539385260000000244e+02
8.801223071577493227e-04 3.063874650000000202e+02
9.001250868658800409e-04 2.644602130000000102e+02
9.201278665740106506e-04 2.183452440000000081e+02
9.401306462821413688e-04 1.677377180000000010e+02
9.601334259902720870e-04 1.139082630000000051e+02
9.801362056984026967e-04 6.740163300000000390e+01
1.000138985406533306e-03 3.043445300000000131e+01
1.020141765114664133e-03 5.600865999999999900e+00
1.040144544822794743e-03 -5.326140999999999792e+00
1.060147324530925353e-03 -3.714852000000000043e+00
1.080150104239055962e-03 8.817797999999999803e+00
1.100152883947186789e-03 2.945484499999999883e+01
1.120155663655317399e-03 5.006924699999999717e+01
1.140158443363448008e-03 6.535936100000000692e+01
1.160161223071578618e-03 6.682737799999999595e+01
1.180164002779709445e-03 5.552058399999999949e+01
1.200166782487840055e-03 3.289732699999999710e+01
1.220169562195970664e-03 1.397707000000000033e+00
1.240172341904101274e-03 -1.923382499999999951e+01
1.260175121612232101e-03 -3.616630899999999826e+01
1.280177901320362710e-03 -4.009226799999999713e+01
1.300180681028493320e-03 -2.737955499999999986e+01
1.320183460736624147e-03 -1.309759900000000066e+01
1.340186240444754756e-03 3.818079000000000001e+00
1.360189020152885366e-03 1.934412400000000076e+01
1.380191799861015976e-03 2.859794000000000125e+01
1.400194579569146803e-03 2.335294499999999829e+01
1.420197359277277412e-03 8.835902000000000811e+00
1.440200138985408022e-03 3.983477000000000157e+00
1.460202918693538632e-03 1.462399999999999922e+00
1.480205698401669458e-03 8.684699999999999365e-02
1.500208478109800068e-03 3.094711999999999907e+00
1.520211257817930678e-03 1.395365199999999994e+01
1.540214037526061288e-03 1.559070099999999925e+01
1.560216817234192114e-03 2.028635699999999886e+01
1.580219596942322724e-03 2.165749699999999933e+01
1.600222376650453334e-03 8.170738999999999308e+00
1.620225156358584160e-03 3.874719999999999831e-01
1.640227936066714770e-03 4.757392000000000287e+00
1.660230715774845380e-03 1.164824999999999999e+00
1.680233495482975990e-03 2.831658000000000008e+00
1.700236275191106816e-03 3.407989000000000157e+00
1.720239054899237426e-03 4.162177999999999933e+00
1.740241834607368036e-03 -2.965465000000000018e+00
1.760244614315498645e-03 -1.054271499999999939e+01
1.780247394023629472e-03 -1.966630100000000070e+01
1.800250173731760082e-03 -3.038125499999999946e+01
1.820252953439890692e-03 -2.747201899999999952e+01
1.840255733148021301e-03 -2.148730600000000024e+01
1.860258512856152128e-03 -1.037121699999999969e+01
1.880261292564282738e-03 1.059033299999999933e+01
1.900264072272413347e-03 2.706425600000000031e+01
1.920266851980544174e-03 3.187346600000000052e+01
1.940269631688674784e-03 4.318850100000000225e+01
1.960272411396805393e-03 3.266061700000000201e+01
1.980275191104936220e-03 1.890535399999999910e+01
2.000277970813066613e-03 1.053290699999999980e+01
2.020280750521197440e-03 -7.948703000000000074e+00
2.040283530229328266e-03 -1.625885800000000003e+01
2.060286309937458659e-03 -1.797357799999999983e+01
2.080289089645589486e-03 -1.865035599999999860e+01
2.100291869353719879e-03 -1.368359899999999918e+01
2.120294649061850705e-03 -8.815860999999999947e+00
2.140297428769981532e-03 -6.349548000000000414e+00
2.160300208478111925e-03 -5.176574999999999704e+00
2.180302988186242751e-03 -5.229652999999999885e+00
2.200305767894373578e-03 -5.245161000000000406e+00
2.220308547602503971e-03 -1.184027200000000057e+01
2.240311327310634797e-03 -8.479808000000000234e+00
2.260314107018765624e-03 -4.245243999999999573e+00
2.280316886726896017e-03 -2.143663999999999792e+00
2.300319666435026843e-03 1.016037999999999997e+00
2.320322446143157236e-03 5.820509999999999629e+00
2.340325225851288063e-03 6.360570000000000057e+00
2.360328005559418890e-03 8.583358999999999739e+00
2.380330785267549282e-03 1.087538400000000038e+01
2.400333564975680109e-03 6.826398000000000188e+00
2.420336344683810936e-03 7.369571999999999790e+00
2.440339124391941329e-03 9.024271000000000598e+00
2.460341904100072155e-03 3.727819999999999911e+00
2.480344683808202548e-03 -1.779320000000000013e+00
2.500347463516333375e-03 -6.295042999999999722e+00
2.520350243224464201e-03 -1.348471900000000012e+01
2.540353022932594594e-03 -1.534303500000000042e+01
2.560355802640725421e-03 -1.780967199999999906e+01
2.580358582348856247e-03 -1.336857000000000006e+01
2.600361362056986640e-03 -1.221110499999999988e+01
2.620364141765117467e-03 -8.723591000000000761e+00
2.640366921473248293e-03 -4.396561000000000163e+00
2.660369701181378686e-03 -3.624528999999999890e+00
2.680372480889509513e-03 -9.072310000000000096e-01
2.700375260597639906e-03 -4.078676999999999886e+00
2.720378040305770732e-03 -3.567752000000000034e+00
2.740380820013901559e-03 -1.060300999999999938e+00
2.760383599722031952e-03 2.755869000000000124e+00
2.780386379430162778e-03 1.079907599999999945e+01
2.800389159138293605e-03 1.551854600000000062e+01
2.820391938846423998e-03 9.777162000000000575e+00
2.840394718554554825e-03 5.250926999999999900e+00
2.860397498262685217e-03 3.013599999999999959e-02
2.880400277970816044e-03 4.350339999999999763e-01
2.900403057678946871e-03 -4.138697999999999766e+00
2.920405837387077264e-03 -8.871534999999999727e+00
2.940408617095208090e-03 -1.194311899999999937e+01
2.960411396803338917e-03 -8.669539999999999580e+00
2.980414176511469310e-03 -1.005398100000000028e+01
3.000416956219600136e-03 -8.360934000000000310e+00
3.020419735927730963e-03 -1.203740099999999913e+01
3.040422515635861356e-03 -1.914304699999999926e+01
3.060425295343992182e-03 -1.339835300000000018e+01
3.080428075052122575e-03 -1.012237299999999962e+01
3.100430854760253402e-03 -7.822432000000000052e+00
3.120433634468384228e-03 1.649664999999999937e+00
3.140436414176514621e-03 8.112080999999999875e+00
3.160439193884645448e-03 1.218611399999999989e+01
3.180441973592776275e-03 1.209222100000000033e+01
3.200444753300906667e-03 9.873519999999999186e+00
3.220447533009037494e-03 3.882512000000000185e+00
3.240450312717168321e-03 -4.021460000000000035e-01
3.260453092425298714e-03 -2.054832999999999910e+00
3.280455872133429540e-03 -6.979606999999999672e+00
3.300458651841559933e-03 -5.686397000000000368e+00
3.320461431549690760e-03 1.870087999999999973e+00
3.340464211257821586e-03 3.451010000000000133e+00
3.360466990965951979e-03 -7.952350000000000252e-01
3.380469770674082806e-03 -3.126452000000000009e+00
3.400472550382213632e-03 -1.144653399999999976e+01
3.420475330090344025e-03 -1.804352700000000098e+01
3.440478109798474852e-03 -1.764686899999999881e+01
3.460480889506605245e-03 -1.709960699999999889e+01
3.480483669214736071e-03 -1.436777400000000071e+01
3.500486448922866898e-03 -7.041314999999999991e+00
3.520489228630997291e-03 2.415274000000000143e+00
3.540492008339128117e-03 7.219356999999999580e+00
3.560494788047258944e-03 9.628698999999999231e+00
3.580497567755389337e-03 1.054582000000000086e+01
3.600500347463520164e-03 4.019359999999999822e+00
3.620503127171650990e-03 2.000706999999999791e+00
3.640505906879781383e-03 -1.799369999999999914e+00
3.660508686587912210e-03 -4.422126999999999697e+00
3.680511466296042603e-03 -1.094236999999999904e+00
3.700514246004173429e-03 -2.059829000000000132e+00
3.720517025712304256e-03 -2.522931999999999952e+00
3.740519805420434649e-03 1.804097999999999979e+00
3.760522585128565475e-03 -9.590109999999999468e-01
3.780525364836696302e-03 -2.080918000000000045e+00
3.800528144544826695e-03 6.029630000000000267e-01
3.820530924252957521e-03 -4.470339000000000063e+00
3.840533703961088348e-03 -8.314733999999999625e+00
3.860536483669218741e-03 -9.224913000000000807e+00
3.880539263377349567e-03 -1.118704900000000002e+01
3.900542043085479960e-03 -1.270308299999999946e+01
3.920544822793610787e-03 -1.025136999999999965e+01
3.940547602501741180e-03 -9.226340000000000430e+00
3.960550382209872440e-03 -1.756998999999999977e+00
3.980553161918002833e-03 3.978480999999999934e+00
4.000555941626133226e-03 1.221836300000000008e+01
4.020558721334264486e-03 1.324092599999999997e+01
4.040561501042394879e-03 9.304779999999999163e+00
4.060564280750525272e-03 9.837312000000000722e+00
4.080567060458656532e-03 1.583090000000000108e+00
4.100569840166786925e-03 -1.033047999999999966e+00
4.120572619874917318e-03 -2.402695000000000025e+00
4.140575399583047711e-03 -7.726657999999999582e+00
4.160578179291178971e-03 -6.600273999999999752e+00
4.180580958999309364e-03 -7.709851999999999705e+00
4.200583738707439757e-03 -7.823730000000000295e+00
4.220586518415571017e-03 -5.390704000000000384e+00
4.240589298123701410e-03 -6.577562999999999604e+00
4.260592077831831803e-03 -4.986259999999999692e+00
4.280594857539963063e-03 -1.338084000000000051e+00
4.300597637248093456e-03 -1.816370999999999958e+00
4.320600416956223849e-03 -3.786699999999999788e-02
4.340603196664355110e-03 5.324299999999999589e-01
4.360605976372485502e-03 1.513660999999999923e+00
4.380608756080615895e-03 1.931667000000000023e+00
4.400611535788747156e-03 2.313010999999999928e+00
4.420614315496877549e-03 3.007957000000000214e+00
4.440617095205007941e-03 1.003838999999999926e+00
4.460619874913139202e-03 2.406773999999999969e+00
4.480622654621269595e-03 -1.791388999999999898e+00
4.500625434329399988e-03 -5.008516000000000190e+00
4.520628214037531248e-03 -2.834912000000000099e+00
4.540630993745661641e-03 -3.103936000000000028e+00
4.560633773453792034e-03 -2.579000000000000181e-01
4.580636553161922427e-03 2.852097000000000104e+00
4.600639332870053687e-03 1.540394000000000041e+00
4.620642112578184080e-03 1.616052999999999962e+00
4.640644892286314473e-03 -2.469529000000000085e+00
4.660647671994445733e-03 -2.550574000000000119e+00
4.680650451702576126e-03 -8.966010999999999953e+00
4.700653231410706519e-03 -1.008804699999999954e+01
4.720656011118837779e-03 -9.038230999999999682e+00
4.740658790826968172e-03 -5.166517999999999944e+00
4.760661570535098565e-03 4.759922999999999682e+00
4.780664350243229825e-03 5.624615000000000364e+00
4.800667129951360218e-03 5.242296999999999763e+00
4.820669909659490611e-03 8.664014999999999134e+00
4.840672689367621871e-03 1.733953999999999995e+00
4.860675469075752264e-03 -1.151013000000000064e+00
4.880678248783882657e-03 -5.184102000000000210e+00
4.900681028492013917e-03 -8.572272999999999143e+00
4.920683808200144310e-03 -7.545427000000000106e+00
4.940686587908274703e-03 -2.564655000000000129e+00
4.960689367616405096e-03 2.009662000000000059e+00
4.980692147324536356e-03 2.014269000000000087e+00
5.000694927032666749e-03 2.406902999999999793e+00
5.020697706740797142e-03 -7.733029999999999626e-01
5.040700486448928402e-03 -1.867437000000000014e+00
5.060703266157058795e-03 9.920290000000000497e-01
5.080706045865189188e-03 -7.856309999999999683e-01
5.100708825573320448e-03 -3.183812000000000086e+00
5.120711605281450841e-03 -2.093700000000000117e+00
5.140714384989581234e-03 -5.644479999999999720e+00
5.160717164697712495e-03 -5.237375000000000114e+00
5.180719944405842887e-03 -2.243656000000000095e+00
5.200722724113973280e-03 -1.507246000000000086e+00
5.220725503822104541e-03 -2.267405000000000115e+00
5.240728283530234934e-03 -1.675758999999999999e+00
5.260731063238365326e-03 -7.925090000000000190e-01
5.280733842946496587e-03 1.964564999999999895e+00
5.300736622654626980e-03 3.305597000000000119e+00
5.320739402362757373e-03 3.183412999999999826e+00
5.340742182070887765e-03 -1.690553999999999890e+00
5.360744961779019026e-03 -3.107840000000000047e-01
5.380747741487149419e-03 -4.992820000000000036e-01
5.400750521195279812e-03 -2.255335000000000090e+00
5.420753300903411072e-03 -9.548579999999999846e-01
5.440756080611541465e-03 -3.520188999999999790e+00
5.460758860319671858e-03 -6.225678000000000267e+00
5.480761640027803118e-03 -2.908882999999999885e+00
5.500764419735933511e-03 -1.520029000000000075e+00
5.520767199444063904e-03 -2.916215999999999919e+00
5.540769979152195164e-03 -4.133637000000000228e+00
5.560772758860325557e-03 -3.510132000000000030e+00
5.580775538568455950e-03 -4.015736000000000416e+00
5.600778318276587210e-03 -1.171842000000000050e+00
5.620781097984717603e-03 2.807713999999999821e+00
5.640783877692847996e-03 2.445187000000000221e+00
5.660786657400979256e-03 2.605783999999999878e+00
5.680789437109109649e-03 6.781030000000000113e-01
5.700792216817240042e-03 -1.026947999999999972e+00
5.720794996525370435e-03 -8.723859999999999948e-01
5.740797776233501695e-03 -8.592140000000000333e-01
5.760800555941632088e-03 -2.379011000000000209e+00
5.780803335649762481e-03 -3.676178999999999863e+00
5.800806115357893741e-03 -3.101274999999999782e+00
5.820808895066024134e-03 -3.113408999999999871e+00
5.840811674774154527e-03 -1.501989999999999936e+00
5.860814454482285787e-03 8.477190000000000003e-01
5.880817234190416180e-03 -2.796628000000000114e+00
5.900820013898546573e-03 -3.281597999999999793e+00
5.920822793606677834e-03 -3.307099000000000011e+00
5.940825573314808226e-03 -3.819904999999999884e+00
5.960828353022938619e-03 -1.285849999999999937e+00
5.980831132731069880e-03 -9.414909999999999668e-01
6.000833912439200273e-03 -3.183228000000000169e+00
6.020836692147330665e-03 -2.006620999999999988e+00
6.040839471855461926e-03 -1.054654999999999898e+00
6.060842251563592319e-03 1.390892999999999935e+00
6.080845031271722712e-03 3.426937000000000122e+00
6.100847810979853972e-03 3.445159999999999889e-01
6.120850590687984365e-03 -2.679505999999999943e+00
6.140853370396114758e-03 -2.496262999999999899e+00
6.160856150104245151e-03 -1.128042999999999907e+00
6.180858929812376411e-03 -7.252859999999999863e-01
6.200861709520506804e-03 -1.431716999999999906e+00
6.220864489228637197e-03 -2.464338000000000140e+00
6.240867268936768457e-03 -3.936637999999999860e+00
6.260870048644898850e-03 -2.178053999999999935e+00
6.280872828353029243e-03 -2.847640000000000171e-01
6.300875608061160503e-03 -5.359439999999999760e-01
6.320878387769290896e-03 -6.905059999999999532e-01
6.340881167477421289e-03 -3.105297999999999892e+00
6.360883947185552549e-03 -4.150117999999999974e+00
6.380886726893682942e-03 -1.331855000000000011e+00
6.400889506601813335e-03 1.144249999999999989e-01
6.420892286309944595e-03 4.761079999999999757e-01
6.440895066018074988e-03 1.002671000000000090e+00
6.460897845726205381e-03 -7.370309999999999917e-01
6.480900625434336641e-03 -2.186294999999999877e+00
6.500903405142467034e-03 -1.613791999999999893e+00
6.520906184850597427e-03 -6.809030000000000360e-01
6.540908964558727820e-03 -1.077042000000000055e+00
6.560911744266859080e-03 -1.119737999999999900e+00
6.580914523974989473e-03 3.512640000000000207e-01
6.600917303683119866e-03 1.418536000000000019e+00
6.620920083391251126e-03 1.049260000000000081e+00
6.640922863099381519e-03 -1.248928999999999956e+00
6.660925642807511912e-03 -4.088734999999999786e+00
6.680928422515643172e-03 -5.471099999999999852e+00
6.700931202223773565e-03 -4.414989000000000274e+00
6.720933981931903958e-03 -2.321067000000000213e+00
6.740936761640035219e-03 -3.475999999999999923e-03
6.760939541348165611e-03 1.495298000000000016e+00
6.780942321056296004e-03 -4.097370000000000179e-01
6.800945100764427265e-03 -1.545660000000000034e+00
6.820947880472557658e-03 -1.922072999999999920e+00
6.840950660180688050e-03 -2.879878999999999856e+00
6.860953439888819311e-03 -1.792621999999999938e+00
6.880956219596949704e-03 -9.197539999999999605e-01
6.900958999305080097e-03 -7.557180000000000009e-01
6.920961779013210489e-03 9.887200000000000433e-01
6.940964558721341750e-03 1.644798999999999900e+00
6.960967338429472143e-03 8.324709999999999610e-01
6.980970118137602536e-03 -6.436570000000000347e-01
7.000972897845733796e-03 -2.876114999999999977e+00
7.020975677553864189e-03 -4.072642000000000095e+00
7.040978457261994582e-03 -2.735113999999999823e+00
7.060981236970125842e-03 -1.121683999999999903e+00
7.080984016678256235e-03 -3.846910000000000052e-01
7.100986796386386628e-03 -6.060219999999999496e-01
7.120989576094517888e-03 -8.666110000000000202e-01
7.140992355802648281e-03 -1.150234999999999896e+00
7.160995135510778674e-03 -1.357550999999999952e+00
7.180997915218909934e-03 -2.880202999999999847e+00
7.201000694927040327e-03 -3.579562000000000133e+00
7.221003474635170720e-03 -3.157014000000000209e+00
7.241006254343301980e-03 -2.378492000000000051e+00
7.261009034051432373e-03 -8.403960000000000319e-01
7.281011813759562766e-03 6.741449999999999942e-01
7.301014593467693159e-03 1.139777999999999958e+00
7.321017373175824419e-03 -3.209060000000000246e-01
7.341020152883954812e-03 -1.136349000000000053e+00
7.361022932592085205e-03 -6.748680000000000234e-01
7.381025712300216465e-03 -2.720460000000000100e-01
7.401028492008346858e-03 8.139000000000000401e-03
7.421031271716477251e-03 -4.467229999999999812e-01
7.441034051424608511e-03 -1.884633000000000003e+00
7.461036831132738904e-03 -2.204852999999999952e+00
7.481039610840869297e-03 -2.112322999999999951e+00
7.501042390549000557e-03 -2.260202000000000044e+00
7.521045170257130950e-03 -2.178897999999999779e+00
7.541047949965261343e-03 -2.203361000000000125e+00
7.561050729673392604e-03 -2.039909000000000194e+00
7.581053509381522997e-03 -1.355280000000000040e+00
7.601056289089653389e-03 -1.160746999999999973e+00
7.621059068797784650e-03 -1.615803000000000100e+00
7.641061848505915043e-03 -1.502510000000000012e+00
7.661064628214045436e-03 -1.110652999999999890e+00
7.681067407922176696e-03 -1.762070000000000025e-01
7.701070187630307089e-03 2.583449999999999913e-01
7.721072967338437482e-03 -9.295599999999999696e-02
7.741075747046567875e-03 -6.670169999999999710e-01
7.761078526754699135e-03 -8.740080000000000071e-01
7.781081306462829528e-03 -1.478890000000000038e+00
7.801084086170959921e-03 -2.047499999999999876e+00
7.821086865879090314e-03 -1.093717999999999968e+00
7.841089645587221574e-03 -8.174259999999999859e-01
7.861092425295352834e-03 -1.448328000000000060e+00
7.881095205003482360e-03 -1.166326999999999892e+00
7.901097984711613620e-03 -1.748693000000000053e+00
7.921100764419744880e-03 -2.130621999999999794e+00
7.941103544127874406e-03 -1.783862000000000059e+00
7.961106323836005666e-03 -2.177925000000000111e+00
7.981109103544136926e-03 -2.264289999999999914e+00
8.001111883252266452e-03 -1.182484000000000091e+00
8.021114662960397712e-03 -3.653540000000000121e-01
8.041117442668528972e-03 -5.931750000000000078e-01
8.061120222376658498e-03 -1.236664999999999903e+00
8.081123002084789758e-03 -1.946341000000000099e+00
8.101125781792921018e-03 -2.096230999999999955e+00
8.121128561501050544e-03 -1.030906000000000100e+00
8.141131341209181804e-03 -3.525070000000000148e-01
8.161134120917313065e-03 -1.889899999999999913e-01
8.181136900625442590e-03 4.546299999999999786e-01
8.201139680333573850e-03 3.320580000000000198e-01
8.221142460041705111e-03 -4.815679999999999961e-01
8.241145239749834636e-03 -1.204545999999999895e+00
8.261148019457965896e-03 -2.290829000000000004e+00
8.281150799166095422e-03 -3.448099000000000025e+00
8.301153578874226682e-03 -3.792523000000000089e+00
8.321156358582357943e-03 -3.215282999999999891e+00
8.341159138290487468e-03 -1.947313999999999989e+00
8.361161917998618728e-03 1.239630000000000037e-01
8.381164697706749989e-03 1.625396999999999981e+00
8.401167477414879514e-03 8.642659999999999787e-01
8.421170257123010774e-03 -9.399990000000000290e-01
8.441173036831142035e-03 -2.340014000000000038e+00
8.461175816539271560e-03 -2.959496000000000127e+00
8.481178596247402821e-03 -2.531432000000000127e+00
8.501181375955534081e-03 -2.125820000000000043e+00
8.521184155663663606e-03 -2.117319999999999869e+00
8.541186935371794867e-03 -8.711529999999999552e-01
8.561189715079926127e-03 7.999619999999999509e-01
8.581192494788055652e-03 1.131278000000000006e+00
8.601195274496186913e-03 1.861250000000000127e-01
8.621198054204318173e-03 -1.267681000000000058e+00
8.641200833912447699e-03 -2.572440999999999978e+00
8.661203613620578959e-03 -2.930686000000000124e+00
8.681206393328710219e-03 -1.935829000000000022e+00
8.701209173036839745e-03 -7.154880000000000129e-01
8.721211952744971005e-03 -1.686799999999999966e-01
8.741214732453102265e-03 -2.157239999999999991e-01
8.761217512161231791e-03 -1.022601000000000093e+00
8.781220291869363051e-03 -1.394276999999999989e+00
8.801223071577494311e-03 -1.804041999999999923e+00
8.821225851285623837e-03 -2.674185000000000034e+00
8.841228630993755097e-03 -2.584055999999999909e+00
8.861231410701886357e-03 -2.161507999999999985e+00
8.881234190410015883e-03 -1.531320000000000014e+00
8.901236970118147143e-03 2.761890000000000178e-01
8.921239749826278403e-03 1.290642000000000067e+00
8.941242529534407929e-03 5.672099999999999920e-01
8.961245309242539189e-03 -8.421480000000000077e-01
8.981248088950670450e-03 -1.764591000000000021e+00
9.001250868658799975e-03 -1.731627999999999945e+00
9.021253648366931235e-03 -1.233614999999999906e+00
9.041256428075062496e-03 -1.163146999999999931e+00
9.061259207783192021e-03 -1.640006000000000075e+00
9.081261987491323281e-03 -1.771014000000000088e+00
9.101264767199452807e-03 -1.866724000000000050e+00
9.121267546907584067e-03 -2.169814000000000132e+00
9.141270326615715328e-03 -1.826557999999999904e+00
9.161273106323844853e-03 -1.352230000000000043e+00
9.181275886031976113e-03 -1.244256999999999946e+00
9.201278665740107374e-03 -8.509079999999999977e-01
9.221281445448236899e-03 1.294000000000000011e-02
9.241284225156368159e-03 4.707870000000000110e-01
9.261287004864499420e-03 1.530980000000000119e-01
9.281289784572628945e-03 -1.101374000000000075e+00
9.301292564280760206e-03 -2.473228000000000204e+00
9.321295343988891466e-03 -2.642454999999999998e+00
9.341298123697020991e-03 -2.077088999999999963e+00
9.361300903405152252e-03 -1.241076999999999986e+00
9.381303683113283512e-03 -7.152279999999999749e-01
9.401306462821413037e-03 -1.011830000000000007e+00
9.421309242529544298e-03 -1.207594999999999974e+00
9.441312022237675558e-03 -7.463090000000000002e-01
9.461314801945805084e-03 -7.622069999999999679e-01
9.481317581653936344e-03 -1.371825999999999990e+00
9.501320361362067604e-03 -2.001689999999999969e+00
9.521323141070197130e-03 -2.068328999999999862e+00
9.541325920778328390e-03 -1.526129000000000069e+00
9.561328700486459650e-03 -9.911950000000000482e-01
9.581331480194589176e-03 -7.551339999999999719e-01
9.601334259902720436e-03 -7.341109999999999580e-01
9.621337039610851696e-03 -7.225610000000000088e-01
9.641339819318981222e-03 -7.891350000000000309e-01
9.661342599027112482e-03 -8.520109999999999628e-01
9.681345378735243742e-03 -7.654509999999999925e-01
9.701348158443373268e-03 -9.206619999999999804e-01
9.721350938151504528e-03 -1.683675999999999950e+00
9.741353717859635789e-03 -2.362400000000000055e+00
9.761356497567765314e-03 -2.338651000000000035e+00
9.781359277275896574e-03 -1.702817999999999943e+00
9.801362056984027835e-03 -5.197869999999999990e-01
9.821364836692157360e-03 1.774300000000000044e-01
9.841367616400288620e-03 -6.128360000000000474e-01
9.861370396108418146e-03 -1.571420000000000039e+00
9.881373175816549406e-03 -1.783927000000000040e+00
9.901375955524680667e-03 -2.025113999999999859e+00
9.921378735232810192e-03 -2.225227999999999984e+00
9.941381514940941452e-03 -1.777568000000000037e+00
9.961384294649072713e-03 -1.075353999999999921e+00
9.981387074357202238e-03 -6.466500000000000026e-02
1.000138985406533350e-02 9.446609999999999729e-01
1.002139263377346476e-02 6.323569999999999469e-01
1.004139541348159428e-02 -6.358059999999999823e-01
1.006139819318972554e-02 -1.774712999999999985e+00
1.008140097289785680e-02 -2.635707000000000022e+00
1.010140375260598633e-02 -2.909857000000000138e+00
1.012140653231411759e-02 -2.194990000000000219e+00
1.014140931202224885e-02 -1.127912999999999943e+00
1.016141209173037838e-02 -2.240939999999999876e-01
1.018141487143850964e-02 1.961829999999999963e-01
1.020141765114664090e-02 -6.070699999999999708e-02
1.022142043085477042e-02 -8.897760000000000113e-01
1.024142321056290168e-02 -1.632543999999999995e+00
1.026142599027103294e-02 -2.131334999999999980e+00
1.028142876997916247e-02 -2.599239999999999995e+00
1.030143154968729373e-02 -2.575686000000000142e+00
1.032143432939542499e-02 -1.647273999999999905e+00
1.034143710910355451e-02 -2.426520000000000066e-01
1.036143988881168577e-02 2.019579999999999986e-01
1.038144266851981704e-02 -2.961840000000000028e-01
1.040144544822794656e-02 -8.544770000000000421e-01
1.042144822793607782e-02 -1.192021999999999915e+00
1.044145100764420908e-02 -1.228358999999999979e+00
1.046145378735233861e-02 -1.080545000000000089e+00
1.048145656706046987e-02 -1.144006000000000078e+00
1.050145934676860113e-02 -1.298113999999999990e+00
1.052146212647673065e-02 -1.170544999999999947e+00
1.054146490618486191e-02 -9.767900000000000471e-01
1.056146768589299317e-02 -1.346001000000000003e+00
1.058147046560112270e-02 -1.626768999999999910e+00
1.060147324530925396e-02 -1.692045999999999939e+00
1.062147602501738522e-02 -1.513994999999999980e+00
1.064147880472551475e-02 -8.777719999999999967e-01
1.066148158443364601e-02 -3.562699999999999756e-01
1.068148436414177553e-02 -4.750139999999999918e-01
1.070148714384990679e-02 -8.832219999999999516e-01
1.072148992355803805e-02 -1.380066999999999933e+00
1.074149270326616758e-02 -1.952634999999999899e+00
1.076149548297429884e-02 -2.018365999999999882e+00
1.078149826268243010e-02 -1.578751999999999933e+00
1.080150104239055962e-02 -1.342691000000000079e+00
1.082150382209869088e-02 -1.098000000000000087e+00
1.084150660180682214e-02 -5.990149999999999642e-01
1.086150938151495167e-02 -9.392999999999999960e-02
1.088151216122308293e-02 -7.030999999999999750e-02
1.090151494093121419e-02 -6.319780000000000397e-01
1.092151772063934372e-02 -1.385258000000000100e+00
1.094152050034747498e-02 -2.036014999999999908e+00
1.096152328005560624e-02 -1.905397000000000007e+00
1.098152605976373576e-02 -1.222714000000000079e+00
1.100152883947186702e-02 -9.274759999999999671e-01
1.102153161917999828e-02 -8.368929999999999980e-01
1.104153439888812781e-02 -7.381339999999999568e-01
1.106153717859625907e-02 -8.979519999999999724e-01
1.108153995830439033e-02 -1.265344999999999942e+00
1.110154273801251985e-02 -1.604967000000000033e+00
1.112154551772065111e-02 -1.989621000000000084e+00
1.114154829742878237e-02 -2.263122000000000078e+00
1.116155107713691190e-02 -1.877559999999999896e+00
1.118155385684504316e-02 -1.104554000000000036e+00
1.120155663655317442e-02 -4.517849999999999921e-01
1.122155941626130395e-02 2.124600000000000100e-02
1.124156219596943521e-02 -1.093080000000000024e-01
1.126156497567756647e-02 -7.708369999999999944e-01
1.128156775538569599e-02 -1.243219000000000074e+00
1.130157053509382725e-02 -1.284682000000000102e+00
1.132157331480195851e-02 -1.296556000000000042e+00
1.134157609451008804e-02 -1.581866999999999912e+00
1.136157887421821930e-02 -1.858287999999999940e+00
1.138158165392635056e-02 -1.803587999999999969e+00
1.140158443363448008e-02 -1.379871999999999987e+00
1.142158721334261134e-02 -8.263160000000000505e-01
1.144158999305074087e-02 -7.742109999999999825e-01
1.146159277275887213e-02 -1.059196999999999944e+00
1.148159555246700339e-02 -1.312713000000000019e+00
1.150159833217513292e-02 -1.217848000000000042e+00
1.152160111188326418e-02 -1.336592000000000002e+00
1.154160389159139544e-02 -1.606654000000000027e+00
1.156160667129952496e-02 -1.655450000000000088e+00
1.158160945100765622e-02 -1.538262999999999936e+00
1.160161223071578748e-02 -1.298308000000000018e+00
1.162161501042391701e-02 -8.452629999999999866e-01
1.164161779013204827e-02 -4.637240000000000251e-01
1.166162056984017953e-02 -5.691659999999999497e-01
1.168162334954830905e-02 -9.313040000000000207e-01
1.170162612925644031e-02 -1.530540999999999929e+00
1.172162890896457157e-02 -1.946925000000000017e+00
1.174163168867270110e-02 -1.667324000000000028e+00
1.176163446838083236e-02 -1.071914999999999951e+00
1.178163724808896362e-02 -6.944639999999999702e-01
1.180164002779709315e-02 -7.839439999999999742e-01
1.182164280750522441e-02 -1.083919999999999995e+00
1.184164558721335567e-02 -1.111885999999999930e+00
1.186164836692148519e-02 -1.189297000000000049e+00
1.188165114662961645e-02 -1.601723000000000008e+00
1.190165392633774771e-02 -2.023556999999999828e+00
1.192165670604587724e-02 -1.990140000000000020e+00
1.194165948575400850e-02 -1.357550999999999952e+00
1.196166226546213976e-02 -5.868160000000000043e-01
1.198166504517026928e-02 -3.378419999999999757e-01
1.200166782487840055e-02 -7.061439999999999939e-01
1.202167060458653181e-02 -1.283708999999999989e+00
1.204167338429466133e-02 -1.705348000000000086e+00
1.206167616400279259e-02 -1.814942999999999973e+00
1.208167894371092385e-02 -1.511203999999999992e+00
1.210168172341905338e-02 -1.157826999999999940e+00
1.212168450312718464e-02 -8.614199999999999635e-01
1.214168728283531590e-02 -6.990060000000000162e-01
1.216169006254344542e-02 -8.463009999999999700e-01
1.218169284225157668e-02 -1.206426999999999916e+00
1.220169562195970794e-02 -1.488882999999999956e+00
1.222169840166783747e-02 -1.604708000000000023e+00
1.224170118137596873e-02 -1.652010999999999896e+00
1.226170396108409825e-02 -1.410498999999999947e+00
1.228170674079222952e-02 -7.439740000000000242e-01
1.230170952050036078e-02 -1.837989999999999902e-01
1.232171230020849030e-02 -3.426440000000000041e-01
1.234171507991662156e-02 -1.199678999999999940e+00
1.236171785962475282e-02 -2.172473999999999794e+00
1.238172063933288235e-02 -2.556478999999999946e+00
1.240172341904101361e-02 -2.142236000000000029e+00
1.242172619874914487e-02 -1.367868000000000084e+00
1.244172897845727439e-02 -7.211330000000000240e-01
1.246173175816540565e-02 -3.417350000000000110e-01
1.248173453787353691e-02 -1.179380000000000012e-01
1.250173731758166644e-02 -2.490110000000000101e-01
1.252174009728979770e-02 -7.781040000000000179e-01
1.254174287699792896e-02 -1.541571999999999942e+00
1.256174565670605849e-02 -2.191680999999999990e+00
1.258174843641418975e-02 -2.345204999999999984e+00
1.260175121612232101e-02 -1.906889000000000056e+00
1.262175399583045053e-02 -1.247695999999999916e+00
1.264175677553858179e-02 -6.356760000000000188e-01
1.266175955524671305e-02 -3.447850000000000081e-01
1.268176233495484258e-02 -6.125110000000000277e-01
1.270176511466297384e-02 -1.136803000000000008e+00
1.272176789437110510e-02 -1.481097000000000108e+00
1.274177067407923462e-02 -1.503482999999999903e+00
1.276177345378736588e-02 -1.458515999999999924e+00
1.278177623349549714e-02 -1.413353999999999999e+00
1.280177901320362667e-02 -1.393888000000000016e+00
1.282178179291175793e-02 -1.295712999999999893e+00
1.284178457261988919e-02 -1.053422000000000081e+00
1.286178735232801872e-02 -8.025670000000000304e-01
1.288179013203614998e-02 -8.522710000000000008e-01
1.290179291174428124e-02 -1.129081000000000001e+00
1.292179569145241076e-02 -1.432171000000000083e+00
1.294179847116054202e-02 -1.408357999999999999e+00
1.296180125086867328e-02 -1.283384000000000080e+00
1.298180403057680281e-02 -1.278647000000000089e+00
1.300180681028493407e-02 -1.353593000000000046e+00
1.302180958999306359e-02 -1.356057999999999986e+00
1.304181236970119485e-02 -1.227190999999999921e+00
1.306181514940932611e-02 -9.520030000000000436e-01
1.308181792911745564e-02 -7.261290000000000244e-01
1.310182070882558690e-02 -7.681120000000000170e-01
1.312182348853371816e-02 -9.460330000000000128e-01
1.314182626824184769e-02 -1.253859999999999975e+00
1.316182904794997895e-02 -1.481551000000000062e+00
1.318183182765811021e-02 -1.481810000000000072e+00
1.320183460736623973e-02 -1.404854000000000047e+00
1.322183738707437099e-02 -1.386554999999999982e+00
1.324184016678250225e-02 -1.256844999999999990e+00
1.326184294649063178e-02 -1.133688000000000029e+00
1.328184572619876304e-02 -1.066724000000000006e+00
1.330184850590689430e-02 -1.081777999999999906e+00
1.332185128561502382e-02 -1.240947999999999940e+00
1.334185406532315508e-02 -1.392978999999999967e+00
1.336185684503128634e-02 -1.477851999999999943e+00
1.338185962473941587e-02 -1.375588999999999951e+00
1.340186240444754713e-02 -1.263787999999999911e+00
1.342186518415567839e-02 -1.180601999999999929e+00
1.344186796386380792e-02 -1.167753999999999959e+00
1.346187074357193918e-02 -1.145758000000000054e+00
1.348187352328007044e-02 -1.125448000000000004e+00
1.350187630298819996e-02 -1.185273999999999939e+00
1.352187908269633122e-02 -1.201950000000000074e+00
1.354188186240446248e-02 -1.225244999999999918e+00
1.356188464211259201e-02 -1.180407999999999902e+00
1.358188742182072327e-02 -1.086319999999999952e+00
1.360189020152885453e-02 -1.125253000000000059e+00
1.362189298123698405e-02 -1.265540000000000109e+00
1.364189576094511532e-02 -1.387399000000000049e+00
1.366189854065324658e-02 -1.440800999999999998e+00
1.368190132036137610e-02 -1.417572000000000054e+00
1.370190410006950736e-02 -1.212202000000000002e+00
1.372190687977763862e-02 -9.825000000000000400e-01
1.374190965948576815e-02 -8.841310000000000002e-01
1.376191243919389941e-02 -9.865230000000000388e-01
1.378191521890203067e-02 -1.233745000000000092e+00
1.380191799861016019e-02 -1.469740999999999964e+00
1.382192077831829145e-02 -1.561492000000000102e+00
1.384192355802642098e-02 -1.605356000000000005e+00
1.386192633773455224e-02 -1.569863000000000008e+00
1.388192911744268350e-02 -1.266772999999999927e+00
1.390193189715081303e-02 -8.247590000000000199e-01
1.392193467685894429e-02 -4.721589999999999954e-01
1.394193745656707555e-02 -4.880570000000000186e-01
1.396194023627520507e-02 -9.014560000000000350e-01
1.398194301598333633e-02 -1.495567000000000091e+00
1.400194579569146759e-02 -1.860104999999999897e+00
1.402194857539959712e-02 -1.849852999999999970e+00
1.404195135510772838e-02 -1.521846000000000032e+00
1.406195413481585964e-02 -1.143810999999999911e+00
1.408195691452398916e-02 -8.398120000000000029e-01
1.410195969423212042e-02 -5.772770000000000401e-01
1.412196247394025168e-02 -6.308740000000000459e-01
1.414196525364838121e-02 -1.005276000000000058e+00
1.416196803335651247e-02 -1.449106999999999923e+00
1.418197081306464373e-02 -1.805209999999999981e+00
1.420197359277277326e-02 -1.921812999999999994e+00
1.422197637248090452e-02 -1.699962999999999891e+00
1.424197915218903578e-02 -1.147250000000000103e+00
1.426198193189716530e-02 -5.766930000000000112e-01
1.428198471160529656e-02 -3.153259999999999952e-01
1.430198749131342782e-02 -5.476239999999999997e-01
1.432199027102155735e-02 -1.048750999999999989e+00
1.434199305072968861e-02 -1.433144999999999891e+00
1.436199583043781987e-02 -1.560842999999999980e+00
1.438199861014594939e-02 -1.471688000000000107e+00
1.440200138985408065e-02 -1.336268000000000011e+00
1.442200416956221191e-02 -1.225568999999999908e+00
1.444200694927034144e-02 -1.077301000000000064e+00
1.446200972897847270e-02 -8.803670000000000107e-01
1.448201250868660396e-02 -8.052920000000000078e-01
1.450201528839473349e-02 -1.013905999999999974e+00
1.452201806810286475e-02 -1.310248000000000079e+00
1.454202084781099601e-02 -1.426201999999999970e+00
1.456202362751912553e-02 -1.236860000000000070e+00
1.458202640722725679e-02 -1.021173000000000108e+00
1.460202918693538632e-02 -9.357159999999999922e-01
1.462203196664351758e-02 -9.873020000000000129e-01
1.464203474635164884e-02 -1.157048000000000076e+00
1.466203752605977836e-02 -1.315568000000000071e+00
1.468204030576790962e-02 -1.287406999999999968e+00
1.470204308547604088e-02 -1.155880000000000019e+00
1.472204586518417041e-02 -1.048556000000000044e+00
1.474204864489230167e-02 -1.032269000000000103e+00
1.476205142460043293e-02 -1.068087000000000009e+00
1.478205420430856246e-02 -1.121164999999999967e+00
1.480205698401669372e-02 -1.169766000000000084e+00
1.482205976372482498e-02 -1.166261999999999910e+00
1.484206254343295450e-02 -1.179953000000000030e+00
1.486206532314108576e-02 -1.192671000000000037e+00
1.488206810284921702e-02 -1.104359000000000091e+00
1.490207088255734655e-02 -8.948369999999999935e-01
1.492207366226547781e-02 -7.409240000000000270e-01
1.494207644197360907e-02 -8.712180000000000479e-01
1.496207922168173859e-02 -1.152117000000000058e+00
1.498208200138986985e-02 -1.305835000000000079e+00
1.500208478109800111e-02 -1.350737000000000076e+00
1.502208756080613064e-02 -1.270081999999999933e+00
1.504209034051426190e-02 -1.167300000000000004e+00
1.506209312022239316e-02 -1.156787999999999927e+00
1.508209589993052269e-02 -1.137516999999999889e+00
1.510209867963865395e-02 -1.135116000000000014e+00
1.512210145934678521e-02 -1.111626999999999921e+00
1.514210423905491473e-02 -1.071072000000000024e+00
1.516210701876304599e-02 -1.139204000000000105e+00
1.518210979847117725e-02 -1.198056999999999928e+00
1.520211257817930678e-02 -1.217263999999999902e+00
1.522211535788743804e-02 -1.191049000000000024e+00
1.524211813759556930e-02 -1.218755999999999950e+00
1.526212091730369882e-02 -1.213694999999999968e+00
1.528212369701183009e-02 -1.195526000000000089e+00
1.530212647671996135e-02 -1.167883999999999922e+00
1.532212925642809087e-02 -9.893140000000000267e-01
1.534213203613622213e-02 -7.243129999999999846e-01
1.536213481584435339e-02 -5.670899999999999830e-01
1.538213759555248292e-02 -7.087400000000000366e-01
1.540214037526061418e-02 -1.095015000000000072e+00
1.542214315496874370e-02 -1.448782999999999932e+00
1.544214593467687496e-02 -1.608406000000000002e+00
1.546214871438500622e-02 -1.650517999999999930e+00
1.548215149409313575e-02 -1.477333000000000007e+00
1.550215427380126701e-02 -1.186506999999999978e+00
1.552215705350939827e-02 -8.735540000000000527e-01
1.554215983321752780e-02 -6.639019999999999921e-01
1.556216261292565906e-02 -6.280189999999999939e-01
1.558216539263379032e-02 -8.154150000000000009e-01
1.560216817234191984e-02 -1.175929999999999920e+00
1.562217095205005110e-02 -1.513540000000000108e+00
1.564217373175818063e-02 -1.633971999999999980e+00
1.566217651146631362e-02 -1.485508999999999968e+00
1.568217929117444315e-02 -1.130184000000000077e+00
1.570218207088257267e-02 -8.087309999999999777e-01
1.572218485059070567e-02 -6.542339999999999822e-01
1.574218763029883519e-02 -7.479320000000000412e-01
1.576219041000696472e-02 -9.590109999999999468e-01
1.578219318971509771e-02 -1.151208000000000009e+00
1.580219596942322724e-02 -1.263657999999999948e+00
1.582219874913135677e-02 -1.320175000000000098e+00
1.584220152883948976e-02 -1.324262999999999968e+00
1.586220430854761929e-02 -1.191178999999999988e+00
1.588220708825574881e-02 -9.651100000000000234e-01
1.590220986796388181e-02 -8.366329999999999600e-01
1.592221264767201133e-02 -9.796449999999999880e-01
1.594221542738014086e-02 -1.232253000000000043e+00
1.596221820708827385e-02 -1.408293000000000017e+00
1.598222098679640338e-02 -1.436064999999999925e+00
1.600222376650453290e-02 -1.298243000000000036e+00
1.602222654621266590e-02 -1.095404999999999962e+00
1.604222932592079542e-02 -8.781609999999999694e-01
1.606223210562892495e-02 -7.175639999999999796e-01
1.608223488533705794e-02 -7.564969999999999750e-01
1.610223766504518747e-02 -9.447360000000000202e-01
1.612224044475331700e-02 -1.056148000000000087e+00
1.614224322446144999e-02 -1.181121000000000087e+00
1.616224600416957952e-02 -1.273455999999999921e+00
1.618224878387770904e-02 -1.239001000000000019e+00
1.620225156358584204e-02 -1.216679999999999984e+00
1.622225434329397156e-02 -1.141475000000000017e+00
1.624225712300210109e-02 -9.994359999999999911e-01
1.626225990271023408e-02 -9.907409999999999828e-01
1.628226268241836361e-02 -1.128368000000000038e+00
1.630226546212649313e-02 -1.225959000000000021e+00
1.632226824183462613e-02 -1.252172999999999981e+00
1.634227102154275565e-02 -1.135440000000000005e+00
1.636227380125088518e-02 -9.747789999999999511e-01
1.638227658095901818e-02 -9.498619999999999841e-01
1.640227936066714770e-02 -9.976190000000000335e-01
1.642228214037527723e-02 -1.103191000000000033e+00
1.644228492008341022e-02 -1.265474999999999905e+00
1.646228769979153975e-02 -1.426266999999999951e+00
1.648229047949966927e-02 -1.448069000000000051e+00
1.650229325920780227e-02 -1.349504999999999955e+00
1.652229603891593179e-02 -1.107148999999999939e+00
1.654229881862406132e-02 -8.385799999999999921e-01
1.656230159833219084e-02 -7.043920000000000181e-01
1.658230437804032384e-02 -7.333969999999999656e-01
1.660230715774845336e-02 -8.743980000000000086e-01
1.662230993745658289e-02 -1.071137000000000006e+00
1.664231271716471589e-02 -1.263203999999999994e+00
1.666231549687284541e-02 -1.386490999999999918e+00
1.668231827658097494e-02 -1.381364000000000036e+00
1.670232105628910793e-02 -1.258207999999999993e+00
1.672232383599723746e-02 -1.101310000000000011e+00
1.674232661570536698e-02 -9.702370000000000161e-01
1.676232939541349998e-02 -9.194299999999999695e-01
1.678233217512162950e-02 -9.630339999999999456e-01
1.680233495482975903e-02 -1.067244000000000081e+00
1.682233773453789202e-02 -1.170998999999999901e+00
1.684234051424602155e-02 -1.227451000000000070e+00
1.686234329395415107e-02 -1.236016000000000004e+00
1.688234607366228407e-02 -1.173529000000000044e+00
1.690234885337041359e-02 -1.162627999999999995e+00
1.692235163307854312e-02 -1.109291000000000027e+00
1.694235441278667612e-02 -1.057380999999999904e+00
1.696235719249480564e-02 -9.857449999999999823e-01
1.698235997220293517e-02 -9.301359999999999628e-01
1.700236275191106816e-02 -9.771149999999999558e-01
1.702236553161919769e-02 -1.160552000000000028e+00
1.704236831132732721e-02 -1.283967999999999998e+00
1.706237109103546021e-02 -1.304667000000000021e+00
1.708237387074358973e-02 -1.287082999999999977e+00
1.710237665045171926e-02 -1.237314000000000025e+00
1.712237943015985225e-02 -1.151532999999999918e+00
1.714238220986798178e-02 -1.064324000000000048e+00
1.716238498957611130e-02 -9.860039999999999916e-01
1.718238776928424430e-02 -9.176130000000000120e-01
1.720239054899237383e-02 -9.974239999999999773e-01
1.722239332870050335e-02 -1.195071999999999912e+00
1.724239610840863635e-02 -1.412250999999999923e+00
1.726239888811676587e-02 -1.560648999999999953e+00
1.728240166782489540e-02 -1.431327999999999934e+00
1.730240444753302839e-02 -1.121749000000000107e+00
1.732240722724115792e-02 -8.056170000000000275e-01
1.734241000694928744e-02 -7.060140000000000304e-01
1.736241278665742044e-02 -8.235259999999999803e-01
1.738241556636554996e-02 -1.026040000000000063e+00
1.740241834607367949e-02 -1.207985000000000086e+00
1.742242112578181248e-02 -1.340745000000000076e+00
1.744242390548994201e-02 -1.401154999999999928e+00
1.746242668519807154e-02 -1.349958999999999909e+00
1.748242946490620453e-02 -1.215900999999999899e+00
1.750243224461433406e-02 -1.040704000000000073e+00
1.752243502432246358e-02 -8.728399999999999492e-01
1.754243780403059658e-02 -8.745920000000000361e-01
1.756244058373872610e-02 -1.024612000000000078e+00
1.758244336344685563e-02 -1.249252999999999947e+00
1.760244614315498862e-02 -1.386295999999999973e+00
1.762244892286311815e-02 -1.336915999999999993e+00
1.764245170257124767e-02 -1.186247000000000051e+00
1.766245448227938067e-02 -1.009622999999999937e+00
1.768245726198751019e-02 -9.552479999999999860e-01
1.770246004169563972e-02 -1.077236000000000082e+00
1.772246282140377271e-02 -1.223103999999999969e+00
1.774246560111190224e-02 -1.286888000000000032e+00
1.776246838082003177e-02 -1.238351999999999897e+00
1.778247116052816476e-02 -1.201041999999999943e+00
1.780247394023629429e-02 -1.145628000000000091e+00
1.782247671994442381e-02 -1.099102999999999941e+00
1.784247949965255681e-02 -1.016826000000000008e+00
1.786248227936068633e-02 -9.714049999999999629e-01
1.788248505906881586e-02 -1.055498999999999965e+00
1.790248783877694885e-02 -1.276310999999999973e+00
1.792249061848507838e-02 -1.403426000000000062e+00
1.794249339819320790e-02 -1.391810999999999909e+00
1.796249617790134090e-02 -1.229397999999999991e+00
1.798249895760947042e-02 -9.664730000000000265e-01
1.800250173731759995e-02 -8.285219999999999807e-01
1.802250451702573295e-02 -8.227470000000000061e-01
1.804250729673386247e-02 -9.615420000000000078e-01
1.806251007644199200e-02 -1.140891000000000099e+00
1.808251285615012499e-02 -1.306483999999999979e+00
1.810251563585825452e-02 -1.345741000000000076e+00
1.812251841556638404e-02 -1.334060999999999941e+00
1.814252119527451357e-02 -1.268329999999999957e+00
1.816252397498264656e-02 -1.169766000000000084e+00
1.818252675469077609e-02 -1.061857999999999969e+00
1.820252953439890561e-02 -1.000669000000000031e+00
1.822253231410703861e-02 -1.047258000000000022e+00
1.824253509381516813e-02 -1.187025999999999915e+00
1.826253787352329766e-02 -1.322057000000000038e+00
1.828254065323143066e-02 -1.338473999999999942e+00
1.830254343293956018e-02 -1.245360000000000023e+00
1.832254621264768971e-02 -1.123242000000000074e+00
1.834254899235582270e-02 -1.038108999999999948e+00
1.836255177206395223e-02 -9.958019999999999650e-01
1.838255455177208175e-02 -1.049983000000000111e+00
1.840255733148021475e-02 -1.098908999999999914e+00
1.842256011118834427e-02 -1.174503000000000075e+00
1.844256289089647380e-02 -1.256585999999999981e+00
1.846256567060460679e-02 -1.277090000000000058e+00
1.848256845031273632e-02 -1.220118999999999954e+00
1.850257123002086584e-02 -1.107669000000000015e+00
1.852257400972899884e-02 -1.021627999999999981e+00
1.854257678943712837e-02 -9.538200000000000012e-01
1.856257956914525789e-02 -9.392850000000000366e-01
1.858258234885339089e-02 -1.000343999999999900e+00
1.860258512856152041e-02 -1.083660000000000068e+00
1.862258790826964994e-02 -1.209476999999999913e+00
1.864259068797778293e-02 -1.288899999999999935e+00
1.866259346768591246e-02 -1.356902000000000053e+00
1.868259624739404198e-02 -1.351320999999999994e+00
1.870259902710217498e-02 -1.307976999999999945e+00
1.872260180681030450e-02 -1.198056999999999928e+00
1.874260458651843403e-02 -1.081388999999999934e+00
1.876260736622656702e-02 -1.002291000000000043e+00
1.878261014593469655e-02 -9.483049999999999535e-01
1.880261292564282607e-02 -9.623199999999999532e-01
1.882261570535095907e-02 -1.042521000000000031e+00
1.884261848505908860e-02 -1.136673000000000044e+00
1.886262126476721812e-02 -1.199224999999999985e+00
1.888262404447535112e-02 -1.267552000000000012e+00
1.890262682418348064e-02 -1.263333999999999957e+00
1.892262960389161017e-02 -1.213889999999999914e+00
1.894263238359974316e-02 -1.110003999999999991e+00
1.896263516330787269e-02 -1.045830999999999955e+00
1.898263794301600221e-02 -1.067113999999999896e+00
1.900264072272413521e-02 -1.111561999999999939e+00
1.902264350243226473e-02 -1.193580000000000085e+00
1.904264628214039426e-02 -1.234329000000000010e+00
1.906264906184852725e-02 -1.227710999999999997e+00
1.908265184155665678e-02 -1.187025999999999915e+00
1.910265462126478631e-02 -1.154906999999999906e+00
1.912265740097291930e-02 -1.139528000000000096e+00
1.914266018068104883e-02 -1.102672000000000097e+00
1.916266296038917835e-02 -1.110524000000000067e+00
1.918266574009731135e-02 -1.165354000000000001e+00
1.920266851980544087e-02 -1.213241000000000014e+00
1.922267129951357040e-02 -1.235627000000000031e+00
1.924267407922170339e-02 -1.171583000000000041e+00
1.926267685892983292e-02 -1.045182000000000055e+00
1.928267963863796244e-02 -9.565449999999999786e-01
1.930268241834609544e-02 -9.124219999999999553e-01
1.932268519805422496e-02 -9.942450000000000454e-01
1.934268797776235449e-02 -1.133494000000000002e+00
1.936269075747048748e-02 -1.237638000000000016e+00
1.938269353717861701e-02 -1.306159999999999988e+00
1.940269631688674654e-02 -1.309728000000000003e+00
1.942269909659487953e-02 -1.247695999999999916e+00
1.944270187630300906e-02 -1.160422000000000065e+00
1.946270465601113858e-02 -1.113637999999999906e+00
1.948270743571927158e-02 -1.084827999999999903e+00
1.950271021542740110e-02 -1.141021000000000063e+00
1.952271299513553063e-02 -1.219081000000000081e+00
1.954271577484366362e-02 -1.288510000000000044e+00
1.956271855455179315e-02 -1.321733000000000047e+00
1.958272133425992267e-02 -1.228814000000000073e+00
1.960272411396805567e-02 -1.064194000000000084e+00
1.962272689367618519e-02 -9.385710000000000441e-01
1.964272967338431472e-02 -8.895809999999999551e-01
1.966273245309244772e-02 -9.701720000000000343e-01
1.968273523280057724e-02 -1.136997999999999953e+00
1.970273801250870677e-02 -1.271055000000000046e+00
1.972274079221683629e-02 -1.320823999999999998e+00
1.974274357192496929e-02 -1.264566999999999997e+00
1.976274635163309881e-02 -1.157826999999999940e+00
1.978274913134122834e-02 -1.003524000000000083e+00
1.980275191104936133e-02 -8.847800000000000109e-01
1.982275469075749086e-02 -8.621990000000000487e-01
1.984275747046562038e-02 -9.666679999999999717e-01
1.986276025017375338e-02 -1.183716999999999908e+00
1.988276302988188290e-02 -1.354824999999999946e+00
1.990276580959001243e-02 -1.454167999999999905e+00
1.992276858929814543e-02 -1.399532999999999916e+00
1.994277136900627495e-02 -1.247826000000000102e+00
1.996277414871440448e-02 -1.083010999999999946e+00
1.998277692842253747e-02 -9.488240000000000007e-01
2.000277970813066700e-02 -9.128760000000000208e-01
2.002278248783879652e-02 -9.302009999999999446e-01
2.004278526754692952e-02 -1.007222000000000062e+00
2.006278804725505904e-02 -1.114935999999999927e+00
2.008279082696318857e-02 -1.169570999999999916e+00
2.010279360667132156e-02 -1.198445999999999900e+00
2.012279638637945109e-02 -1.151856999999999909e+00
2.014279916608758061e-02 -1.126225999999999949e+00
2.016280194579571361e-02 -1.133688000000000029e+00
2.018280472550384314e-02 -1.155880000000000019e+00
2.020280750521197266e-02 -1.184755000000000003e+00
2.022281028492010566e-02 -1.197084000000000037e+00
2.024281306462823518e-02 -1.160033000000000092e+00
2.026281584433636471e-02 -1.107409000000000088e+00
2.028281862404449770e-02 -1.077105999999999897e+00
2.030282140375262723e-02 -1.086775000000000047e+00
2.032282418346075675e-02 -1.104294000000000109e+00
2.034282696316888975e-02 -1.109356000000000009e+00
2.036282974287701927e-02 -1.126160999999999968e+00
2.038283252258514880e-02 -1.155491000000000046e+00
2.040283530229328179e-02 -1.152506000000000030e+00
2.042283808200141132e-02 -1.192930999999999964e+00
2.044284086170954085e-02 -1.160487000000000046e+00
2.046284364141767384e-02 -1.107669000000000015e+00
2.048284642112580337e-02 -1.065101999999999993e+00
2.050284920083393289e-02 -1.057770000000000099e+00
2.052285198054206589e-02 -1.081064999999999943e+00
2.054285476025019541e-02 -1.097869999999999902e+00
2.056285753995832494e-02 -1.063933999999999935e+00
2.058286031966645793e-02 -1.054720000000000102e+00
2.060286309937458746e-02 -1.073342999999999936e+00
2.062286587908271698e-02 -1.164964000000000111e+00
2.064286865879084998e-02 -1.249382999999999910e+00
2.066287143849897950e-02 -1.286045000000000105e+00
2.068287421820710903e-02 -1.271574999999999900e+00
2.070287699791524202e-02 -1.200004000000000071e+00
2.072287977762337155e-02 -1.158150999999999931e+00
2.074288255733150108e-02 -1.126875000000000071e+00
2.076288533703963407e-02 -1.108316999999999997e+00
2.078288811674776360e-02 -1.109744999999999981e+00
2.080289089645589312e-02 -1.128821999999999992e+00
2.082289367616402612e-02 -1.130832999999999977e+00
2.084289645587215564e-02 -1.176579000000000041e+00
2.086289923558028517e-02 -1.186701999999999924e+00
2.088290201528841816e-02 -1.170155000000000056e+00
2.090290479499654769e-02 -1.104619000000000018e+00
2.092290757470467721e-02 -1.049658999999999898e+00
2.094291035441281021e-02 -1.073666999999999927e+00
2.096291313412093973e-02 -1.145108999999999932e+00
2.098291591382906926e-02 -1.189491999999999994e+00
2.100291869353720225e-02 -1.181121000000000087e+00
2.102292147324533178e-02 -1.098000000000000087e+00
2.104292425295346131e-02 -1.005276000000000058e+00
2.106292703266159430e-02 -9.821109999999999562e-01
2.108292981236972383e-02 -9.992410000000000458e-01
2.110293259207785335e-02 -1.097156999999999938e+00
2.112293537178598635e-02 -1.194941999999999949e+00
2.114293815149411587e-02 -1.269498000000000015e+00
2.116294093120224540e-02 -1.313167999999999891e+00
2.118294371091037839e-02 -1.300450000000000106e+00
2.120294649061850792e-02 -1.200393000000000043e+00
2.122294927032663744e-02 -1.061468999999999996e+00
2.124295205003477044e-02 -9.267619999999999747e-01
2.126295482974289996e-02 -8.617439999999999545e-01
2.128295760945102949e-02 -9.034020000000000383e-01
2.130296038915915902e-02 -1.054850000000000065e+00
2.132296316886729201e-02 -1.193645000000000067e+00
2.134296594857542154e-02 -1.268199999999999994e+00
2.136296872828355106e-02 -1.282929999999999904e+00
2.138297150799168406e-02 -1.201106999999999925e+00
2.140297428769981358e-02 -1.087423999999999946e+00
2.142297706740794311e-02 -1.041223999999999927e+00
2.144297984711607610e-02 -1.006898000000000071e+00
2.146298262682420563e-02 -1.044728000000000101e+00
2.148298540653233515e-02 -1.121879000000000071e+00
2.150298818624046815e-02 -1.167689999999999895e+00
2.152299096594859767e-02 -1.212591999999999892e+00
2.154299374565672720e-02 -1.204674999999999940e+00
2.156299652536486020e-02 -1.134662000000000059e+00
2.158299930507298972e-02 -1.036875999999999909e+00
2.160300208478111925e-02 -9.711450000000000360e-01
2.162300486448925224e-02 -9.747139999999999693e-01
2.164300764419738177e-02 -1.030257999999999896e+00
2.166301042390551129e-02 -1.160746999999999973e+00
2.168301320361364429e-02 -1.245100000000000096e+00
2.170301598332177381e-02 -1.246332999999999913e+00
2.172301876302990334e-02 -1.171842000000000050e+00
2.174302154273803633e-02 -1.070877000000000079e+00
2.176302432244616586e-02 -1.018513000000000002e+00
2.178302710215429538e-02 -1.000215000000000076e+00
2.180302988186242838e-02 -1.023768999999999929e+00
2.182303266157055791e-02 -1.068216999999999972e+00
2.184303544127868743e-02 -1.128042999999999907e+00
2.186303822098682043e-02 -1.183391999999999999e+00
2.188304100069494995e-02 -1.206037999999999943e+00
2.190304378040307948e-02 -1.210320999999999980e+00
2.192304656011121247e-02 -1.155035999999999952e+00
2.194304933981934200e-02 -1.109550000000000036e+00
2.196305211952747152e-02 -1.065685999999999911e+00
2.198305489923560452e-02 -1.061792999999999987e+00
2.200305767894373404e-02 -1.106759999999999966e+00
2.202306045865186357e-02 -1.136154000000000108e+00
2.204306323835999656e-02 -1.137321999999999944e+00
2.206306601806812609e-02 -1.113118999999999970e+00
2.208306879777625562e-02 -1.070292999999999939e+00
2.210307157748438861e-02 -1.065037000000000011e+00
2.212307435719251814e-02 -1.105072999999999972e+00
2.214307713690064766e-02 -1.168792999999999971e+00
2.216307991660878066e-02 -1.192865999999999982e+00
2.218308269631691018e-02 -1.197019000000000055e+00
2.220308547602503971e-02 -1.187090999999999896e+00
2.222308825573317270e-02 -1.174762000000000084e+00
2.224309103544130223e-02 -1.134208000000000105e+00
2.226309381514943175e-02 -1.067633000000000054e+00
2.228309659485756475e-02 -1.033632000000000106e+00
2.230309937456569427e-02 -9.996960000000000290e-01
2.232310215427382380e-02 -1.020848999999999895e+00
2.234310493398195679e-02 -1.062376999999999905e+00
2.236310771369008632e-02 -1.127523999999999971e+00
2.238311049339821585e-02 -1.176838999999999968e+00
2.240311327310634884e-02 -1.198836000000000013e+00
2.242311605281447837e-02 -1.178460999999999981e+00
2.244311883252260789e-02 -1.138166000000000011e+00
2.246312161223074089e-02 -1.111107999999999985e+00
2.248312439193887041e-02 -1.085736000000000034e+00
2.250312717164699994e-02 -1.043430000000000080e+00
2.252312995135513293e-02 -1.008585000000000065e+00
2.254313273106326246e-02 -9.979440000000000532e-01
2.256313551077139198e-02 -1.043299999999999894e+00
2.258313829047952498e-02 -1.120257000000000058e+00
2.260314107018765450e-02 -1.201561000000000101e+00
2.262314384989578403e-02 -1.233225999999999933e+00
2.264314662960391702e-02 -1.210970000000000102e+00
2.266314940931204655e-02 -1.135116000000000014e+00
2.268315218902017608e-02 -1.098778999999999950e+00
2.270315496872830907e-02 -1.067113999999999896e+00
2.272315774843643860e-02 -1.064648000000000039e+00
2.274316052814456812e-02 -1.092225000000000001e+00
2.276316330785270112e-02 -1.123890000000000056e+00
2.278316608756083064e-02 -1.150365000000000082e+00
2.280316886726896017e-02 -1.154063000000000061e+00
2.282317164697709316e-02 -1.137516999999999889e+00
2.284317442668522269e-02 -1.067307999999999923e+00
2.286317720639335221e-02 -1.018383000000000038e+00
2.288317998610148174e-02 -9.876260000000000039e-01
2.290318276580961473e-02 -1.015398000000000023e+00
2.292318554551774426e-02 -1.107278999999999902e+00
2.294318832522587379e-02 -1.188453999999999899e+00
2.296319110493400678e-02 -1.247241999999999962e+00
2.298319388464213631e-02 -1.220247999999999999e+00
2.300319666435026583e-02 -1.118894000000000055e+00
2.302319944405839883e-02 -1.039212000000000025e+00
2.304320222376652835e-02 -1.000863999999999976e+00
2.306320500347465788e-02 -9.945049999999999724e-01
2.308320778318279087e-02 -1.052319000000000004e+00
2.310321056289092040e-02 -1.117531000000000052e+00
2.312321334259904992e-02 -1.188712999999999909e+00
2.314321612230718292e-02 -1.233549999999999924e+00
2.316321890201531244e-02 -1.234782999999999964e+00
2.318322168172344197e-02 -1.171257999999999910e+00
2.320322446143157497e-02 -1.065881000000000078e+00
2.322322724113970449e-02 -9.971649999999999681e-01
2.324323002084783402e-02 -9.961269999999999847e-01
2.326323280055596701e-02 -1.027792000000000039e+00
2.328323558026409654e-02 -1.112211000000000061e+00
2.330323835997222606e-02 -1.157243000000000022e+00
2.332324113968035906e-02 -1.149909999999999988e+00
2.334324391938848858e-02 -1.108316999999999997e+00
2.336324669909661811e-02 -1.046089999999999964e+00
2.338324947880475110e-02 -1.037654999999999994e+00
2.340325225851288063e-02 -1.049919000000000047e+00
2.342325503822101015e-02 -1.085736000000000034e+00
2.344325781792914315e-02 -1.136932999999999971e+00
2.346326059763727268e-02 -1.182094999999999896e+00
2.348326337734540220e-02 -1.200911999999999979e+00
2.350326615705353520e-02 -1.172360999999999986e+00
2.352326893676166472e-02 -1.137710999999999917e+00
2.354327171646979425e-02 -1.046739000000000086e+00
2.356327449617792724e-02 -1.013452000000000019e+00
2.358327727588605677e-02 -1.030451999999999924e+00
2.360328005559418629e-02 -1.091771000000000047e+00
2.362328283530231929e-02 -1.149326000000000070e+00
2.364328561501044881e-02 -1.153348999999999958e+00
2.366328839471857834e-02 -1.143486000000000002e+00
2.368329117442671133e-02 -1.107539000000000051e+00
2.370329395413484086e-02 -1.056537000000000059e+00
2.372329673384297039e-02 -1.029997999999999969e+00
2.374329951355110338e-02 -1.003004999999999924e+00
2.376330229325923291e-02 -1.001058000000000003e+00
2.378330507296736243e-02 -1.055498999999999965e+00
2.380330785267549543e-02 -1.109031000000000100e+00
2.382331063238362495e-02 -1.163537000000000043e+00
2.384331341209175448e-02 -1.154646999999999979e+00
2.386331619179988747e-02 -1.116557999999999939e+00
2.388331897150801700e-02 -1.101245000000000029e+00
2.390332175121614652e-02 -1.084308999999999967e+00
2.392332453092427952e-02 -1.093652999999999986e+00
2.394332731063240904e-02 -1.088656000000000068e+00
2.396333009034053857e-02 -1.106565000000000021e+00
2.398333287004867156e-02 -1.119218000000000046e+00
2.400333564975680109e-02 -1.120905999999999958e+00
2.402333842946493062e-02 -1.116492999999999958e+00
2.404334120917306361e-02 -1.091447000000000056e+00
2.406334398888119314e-02 -1.048230999999999913e+00
2.408334676858932266e-02 -1.016566000000000081e+00
2.410334954829745566e-02 -9.846420000000000172e-01
2.412335232800558518e-02 -9.995659999999999545e-01
2.414335510771371471e-02 -1.025001999999999969e+00
2.416335788742184770e-02 -1.056732000000000005e+00
2.418336066712997723e-02 -1.084632999999999958e+00
2.420336344683810675e-02 -1.110263999999999918e+00
2.422336622654623975e-02 -1.110913000000000039e+00
2.424336900625436927e-02 -1.108122999999999969e+00
2.426337178596249880e-02 -1.069644000000000039e+00
2.428337456567063180e-02 -1.022601000000000093e+00
2.430337734537876132e-02 -9.950890000000000013e-01
2.432338012508689085e-02 -9.998899999999999455e-01
2.434338290479502384e-02 -1.041223999999999927e+00
2.436338568450315337e-02 -1.100335999999999981e+00
2.438338846421128289e-02 -1.139982999999999969e+00
2.440339124391941589e-02 -1.162822999999999940e+00
2.442339402362754541e-02 -1.145108999999999932e+00
2.444339680333567494e-02 -1.095858999999999916e+00
2.446339958304380446e-02 -1.057380999999999904e+00
2.448340236275193746e-02 -9.774389999999999468e-01
2.450340514246006698e-02 -9.285139999999999505e-01
2.452340792216819651e-02 -1.033697000000000088e+00
2.454341070187632950e-02 -1.027466999999999908e+00
2.456341348158445903e-02 -1.091641000000000084e+00
2.458341626129258856e-02 -1.150689000000000073e+00
2.460341904100072155e-02 -1.146665999999999963e+00
2.462342182070885108e-02 -1.066011000000000042e+00
2.464342460041698060e-02 -1.066853999999999969e+00
2.466342738012511360e-02 -1.097350999999999965e+00
2.468343015983324312e-02 -1.022860000000000102e+00
2.470343293954137265e-02 -1.149715999999999960e+00
2.472343571924950564e-02 -1.063414999999999999e+00
2.474343849895763517e-02 -1.049334999999999907e+00
2.476344127866576469e-02 -1.188647999999999927e+00
2.478344405837389769e-02 -1.190790000000000015e+00
2.480344683808202721e-02 -1.097285999999999984e+00
2.482344961779015674e-02 -1.070942000000000061e+00
2.484345239749828974e-02 -1.005276000000000058e+00
2.486345517720641926e-02 -9.848360000000000447e-01
2.488345795691454879e-02 -1.048230999999999913e+00
2.490346073662268178e-02 -1.107798000000000060e+00
2.492346351633081131e-02 -1.140695999999999932e+00
2.494346629603894083e-02 -1.183003000000000027e+00
2.496346907574707383e-02 -1.079506999999999994e+00
2.498347185545520335e-02 -9.721180000000000376e-01
2.500347463516333288e-02 -9.301359999999999628e-01
2.502347741487146587e-02 -9.669919999999999627e-01
2.504348019457959540e-02 -1.058742999999999990e+00
2.506348297428772492e-02 -1.153933000000000098e+00
2.508348575399585792e-02 -1.164705000000000101e+00
2.510348853370398745e-02 -1.160552000000000028e+00
2.512349131341211697e-02 -1.160552000000000028e+00
2.514349409312024997e-02 -1.150428999999999924e+00
2.516349687282837949e-02 -1.105007999999999990e+00
2.518349965253650902e-02 -1.049398999999999971e+00
2.520350243224464201e-02 -1.016242000000000090e+00
2.522350521195277154e-02 -1.056537000000000059e+00
2.524350799166090106e-02 -1.127005000000000035e+00
2.526351077136903406e-02 -1.156204000000000010e+00
2.528351355107716358e-02 -1.114611000000000018e+00
2.530351633078529311e-02 -1.061079000000000105e+00
2.532351911049342610e-02 -1.017214999999999980e+00
2.534352189020155563e-02 -1.025325999999999960e+00
2.536352466990968516e-02 -1.059717000000000020e+00
2.538352744961781815e-02 -1.063414999999999999e+00
2.540353022932594768e-02 -1.071331000000000033e+00
2.542353300903407720e-02 -1.111950999999999912e+00
2.544353578874221020e-02 -1.167300000000000004e+00
2.546353856845033972e-02 -1.150559000000000109e+00
2.548354134815846925e-02 -1.116039000000000003e+00
2.550354412786660224e-02 -1.024092999999999920e+00
2.552354690757473177e-02 -9.884699999999999598e-01
2.554354968728286129e-02 -9.945690000000000364e-01
2.556355246699099429e-02 -1.055822999999999956e+00
2.558355524669912381e-02 -1.102802000000000060e+00
2.560355802640725334e-02 -1.114287000000000027e+00
2.562356080611538633e-02 -1.130444000000000004e+00
2.564356358582351586e-02 -1.154128000000000043e+00
2.566356636553164539e-02 -1.166522000000000059e+00
2.568356914523977838e-02 -1.154258000000000006e+00
2.570357192494790791e-02 -1.083140999999999909e+00
2.572357470465603743e-02 -1.048750999999999989e+00
2.574357748436417043e-02 -1.050113000000000074e+00
2.576358026407229995e-02 -1.070683000000000051e+00
2.578358304378042948e-02 -1.097610999999999892e+00
2.580358582348856247e-02 -1.083660000000000068e+00
2.582358860319669200e-02 -1.052513999999999950e+00
2.584359138290482152e-02 -1.050826999999999956e+00
2.586359416261295452e-02 -1.089954000000000089e+00
2.588359694232108404e-02 -1.118505000000000082e+00
2.590359972202921357e-02 -1.135634999999999950e+00
2.592360250173734657e-02 -1.108835999999999933e+00
2.594360528144547609e-02 -1.096961999999999993e+00
2.596360806115360562e-02 -1.113053999999999988e+00
2.598361084086173861e-02 -1.154063000000000061e+00
2.600361362056986814e-02 -1.142382999999999926e+00
2.602361640027799766e-02 -1.097156999999999938e+00
2.604361917998612719e-02 -1.036356999999999973e+00
2.606362195969426018e-02 -1.016177000000000108e+00
2.608362473940238971e-02 -1.049919000000000047e+00
2.610362751911051923e-02 -1.070422999999999902e+00
2.612363029881865223e-02 -1.070422999999999902e+00
2.614363307852678175e-02 -1.067113999999999896e+00
2.616363585823491128e-02 -1.087812999999999919e+00
2.618363863794304428e-02 -1.150884000000000018e+00
2.620364141765117380e-02 -1.177747000000000099e+00
2.622364419735930333e-02 -1.171257999999999910e+00
2.624364697706743632e-02 -1.119607999999999937e+00
2.626364975677556585e-02 -1.056278000000000050e+00
2.628365253648369537e-02 -1.026623999999999981e+00
2.630365531619182837e-02 -1.034799999999999942e+00
2.632365809589995789e-02 -1.048750999999999989e+00
2.634366087560808742e-02 -1.077949999999999964e+00
2.636366365531622041e-02 -1.112535000000000052e+00
2.638366643502434994e-02 -1.116298999999999930e+00
2.640366921473247946e-02 -1.107474000000000069e+00
2.642367199444061246e-02 -1.098065000000000069e+00
2.644367477414874198e-02 -1.084827999999999903e+00
2.646367755385687151e-02 -1.073018999999999945e+00
2.648368033356500451e-02 -1.072175000000000100e+00
2.650368311327313403e-02 -1.078338999999999936e+00
2.652368589298126356e-02 -1.100270999999999999e+00
2.654368867268939655e-02 -1.107733000000000079e+00
2.656369145239752608e-02 -1.104359000000000091e+00
2.658369423210565560e-02 -1.058094000000000090e+00
2.660369701181378860e-02 -1.029479000000000033e+00
2.662369979152191812e-02 -1.017214999999999980e+00
2.664370257123004765e-02 -1.038238999999999912e+00
2.666370535093818064e-02 -1.084568999999999894e+00
2.668370813064631017e-02 -1.133364000000000038e+00
2.670371091035443969e-02 -1.169570999999999916e+00
2.672371369006257269e-02 -1.163990999999999998e+00
2.674371646977070222e-02 -1.116168999999999967e+00
2.676371924947883174e-02 -1.060300999999999938e+00
2.678372202918696474e-02 -1.011505000000000098e+00
2.680372480889509426e-02 -9.827599999999999669e-01
2.682372758860322379e-02 -9.965159999999999574e-01
2.684373036831135678e-02 -1.025260999999999978e+00
2.686373314801948631e-02 -1.070812000000000097e+00
2.688373592772761583e-02 -1.115065999999999891e+00
2.690373870743574883e-02 -1.136154000000000108e+00
2.692374148714387835e-02 -1.120905999999999958e+00
2.694374426685200788e-02 -1.076457999999999915e+00
2.696374704656014087e-02 -1.026429000000000036e+00
2.698374982626827040e-02 -1.026753999999999944e+00
2.700375260597639993e-02 -1.064713000000000021e+00
2.702375538568453292e-02 -1.103904999999999914e+00
2.704375816539266245e-02 -1.133234000000000075e+00
2.706376094510079197e-02 -1.135958999999999941e+00
2.708376372480892497e-02 -1.111237000000000030e+00
2.710376650451705449e-02 -1.108187999999999951e+00
2.712376928422518402e-02 -1.079183000000000003e+00
2.714377206393331701e-02 -1.053617000000000026e+00
2.716377484364144654e-02 -1.027338000000000084e+00
2.718377762334957606e-02 -1.030647000000000091e+00
2.720378040305770906e-02 -1.060105999999999993e+00
2.722378318276583858e-02 -1.095663999999999971e+00
2.724378596247396811e-02 -1.108122999999999969e+00
2.726378874218210110e-02 -1.098260000000000014e+00
2.728379152189023063e-02 -1.078209999999999891e+00
2.730379430159836016e-02 -1.061792999999999987e+00
2.732379708130649315e-02 -1.051541000000000059e+00
2.734379986101462268e-02 -1.060041000000000011e+00
2.736380264072275220e-02 -1.085736000000000034e+00
2.738380542043088520e-02 -1.105332999999999899e+00
2.740380820013901472e-02 -1.101180000000000048e+00
2.742381097984714425e-02 -1.115650000000000031e+00
2.744381375955527724e-02 -1.107669000000000015e+00
2.746381653926340677e-02 -1.108900999999999915e+00
2.748381931897153629e-02 -1.096443000000000056e+00
2.750382209867966929e-02 -1.069709000000000021e+00
2.752382487838779881e-02 -1.060170999999999975e+00
2.754382765809592834e-02 -1.078988000000000058e+00
2.756383043780406134e-02 -1.083595000000000086e+00
2.758383321751219086e-02 -1.084762999999999922e+00
2.760383599722032039e-02 -1.078599000000000085e+00
2.762383877692844991e-02 -1.061209000000000069e+00
2.764384155663658291e-02 -1.069774000000000003e+00
2.766384433634471243e-02 -1.068994999999999918e+00
2.768384711605284196e-02 -1.071396000000000015e+00
2.770384989576097495e-02 -1.057639999999999914e+00
2.772385267546910448e-02 -1.060885000000000078e+00
2.774385545517723400e-02 -1.061144000000000087e+00
2.776385823488536700e-02 -1.073407999999999918e+00
2.778386101459349652e-02 -1.072888999999999982e+00
2.780386379430162605e-02 -1.055887999999999938e+00
2.782386657400975905e-02 -1.055757999999999974e+00
2.784386935371788857e-02 -1.073212999999999973e+00
2.786387213342601810e-02 -1.098713999999999968e+00
2.788387491313415109e-02 -1.094821000000000044e+00
2.790387769284228062e-02 -1.105202999999999935e+00
2.792388047255041014e-02 -1.086319999999999952e+00
2.794388325225854314e-02 -1.091641000000000084e+00
2.796388603196667266e-02 -1.101310000000000011e+00
2.798388881167480219e-02 -1.091382000000000074e+00
2.800389159138293518e-02 -1.075614000000000070e+00
2.802389437109106471e-02 -1.034929999999999906e+00
2.804389715079919423e-02 -1.007805999999999980e+00
2.806389993050732723e-02 -1.004043000000000019e+00
2.808390271021545676e-02 -1.042650999999999994e+00
2.810390548992358628e-02 -1.035319000000000100e+00
2.812390826963171928e-02 -1.082103000000000037e+00
2.814391104933984880e-02 -1.070422999999999902e+00
2.816391382904797833e-02 -1.094626000000000099e+00
2.818391660875611132e-02 -1.126810000000000089e+00
2.820391938846424085e-02 -1.090927999999999898e+00
2.822392216817237037e-02 -1.070942000000000061e+00
2.824392494788050337e-02 -1.035123999999999933e+00
2.826392772758863289e-02 -1.026494000000000018e+00
2.828393050729676242e-02 -1.059846000000000066e+00
2.830393328700489541e-02 -1.095923999999999898e+00
2.832393606671302494e-02 -1.110652999999999890e+00
2.834393884642115446e-02 -1.084697999999999940e+00
2.836394162612928746e-02 -1.082621999999999973e+00
2.838394440583741699e-02 -1.062311999999999923e+00
2.840394718554554651e-02 -1.047452999999999967e+00
2.842394996525367951e-02 -1.042002000000000095e+00
2.844395274496180903e-02 -1.012348999999999943e+00
2.846395552466993856e-02 -1.036227000000000009e+00
2.848395830437807155e-02 -1.076392999999999933e+00
2.850396108408620108e-02 -1.091056999999999944e+00
2.852396386379433060e-02 -1.073018999999999945e+00
2.854396664350246360e-02 -1.015787999999999913e+00
2.856396942321059312e-02 -1.001122999999999985e+00
2.858397220291872265e-02 -9.713399999999999812e-01
2.860397498262685564e-02 -9.709499999999999797e-01
2.862397776233498517e-02 -1.048361000000000098e+00
2.864398054204311470e-02 -1.055757999999999974e+00
2.866398332175124769e-02 -1.106889999999999930e+00
2.868398610145937722e-02 -1.157891999999999921e+00
2.870398888116750674e-02 -1.152506000000000030e+00
2.872399166087563974e-02 -1.115259999999999918e+00
2.874399444058376926e-02 -1.047063000000000077e+00
2.876399722029189879e-02 -1.034151000000000042e+00
