# time(s), 	 	 acceleration(g)
0.000000000000000000e+00 6.113348000000000226e+00
2.000277970813066735e-05 6.337081000000000408e+00
4.000555941626133470e-05 6.577423999999999715e+00
6.000833912439200544e-05 6.809787000000000035e+00
8.001111883252266940e-05 7.084975000000000023e+00
1.000138985406533334e-04 7.349262000000000405e+00
1.200166782487840109e-04 7.680253999999999692e+00
1.400194579569146748e-04 7.988405000000000200e+00
1.600222376650453388e-04 8.324522999999999229e+00
1.800250173731760028e-04 8.698793999999999471e+00
2.000277970813066667e-04 9.039649000000000711e+00
2.200305767894373307e-04 9.475369000000000597e+00
2.400333564975680217e-04 9.912452000000000041e+00
2.600361362056986857e-04 1.042071699999999979e+01
2.800389159138293497e-04 1.095688299999999948e+01
3.000416956219600136e-04 1.154612700000000025e+01
3.200444753300906776e-04 1.220674799999999927e+01
3.400472550382213415e-04 1.292667600000000050e+01
3.600500347463520055e-04 1.373725199999999980e+01
3.800528144544826695e-04 1.471711900000000028e+01
4.000555941626133334e-04 1.566525700000000043e+01
4.200583738707439974e-04 1.686691000000000074e+01
4.400611535788746614e-04 1.818964400000000126e+01
4.600639332870053253e-04 1.964306200000000047e+01
4.800667129951360435e-04 2.147094500000000039e+01
5.000694927032666532e-04 2.348797599999999974e+01
5.200722724113973714e-04 2.630870499999999979e+01
5.400750521195279812e-04 2.930722600000000000e+01
5.600778318276586993e-04 3.393319300000000283e+01
5.800806115357893091e-04 4.062187099999999873e+01
6.000833912439200273e-04 5.096787499999999937e+01
6.200861709520506370e-04 6.873053099999999915e+01
6.400889506601813552e-04 9.601648099999999886e+01
6.600917303683120733e-04 1.372337980000000073e+02
6.800945100764426831e-04 1.928032139999999970e+02
7.000972897845734013e-04 2.612858469999999897e+02
7.201000694927040110e-04 3.384321419999999989e+02
7.401028492008347292e-04 4.131427509999999756e+02
7.601056289089653389e-04 4.720507640000000151e+02
7.801084086170960571e-04 5.021843059999999923e+02
8.001111883252266669e-04 4.990438110000000052e+02
8.201139680333573850e-04 4.678802430000000072e+02
8.401167477414879948e-04 4.214566050000000246e+02
8.601195274496187130e-04 3.712345760000000041e+02
8.801223071577493227e-04 3.221054480000000240e+02
9.001250868658800409e-04 2.757909500000000094e+02
9.201278665740106506e-04 2.341926129999999944e+02
9.401306462821413688e-04 1.866261090000000138e+02
9.601334259902720870e-04 1.351163860000000057e+02
9.801362056984026967e-04 8.481876200000000665e+01
1.000138985406533306e-03 4.390142099999999914e+01
1.020141765114664133e-03 1.228260200000000069e+01
1.040144544822794743e-03 -3.843783999999999867e+00
1.060147324530925353e-03 -7.680588000000000193e+00
1.080150104239055962e-03 4.025259999999999949e-01
1.100152883947186789e-03 1.831208699999999823e+01
1.120155663655317399e-03 4.161393799999999743e+01
1.140158443363448008e-03 6.000691199999999981e+01
1.160161223071578618e-03 7.006377600000000427e+01
1.180164002779709445e-03 6.316362900000000025e+01
1.200166782487840055e-03 4.520656999999999925e+01
1.220169562195970664e-03 1.336284999999999989e+01
1.240172341904101274e-03 -1.324469900000000067e+01
1.260175121612232101e-03 -3.345485099999999790e+01
1.280177901320362710e-03 -4.302116500000000343e+01
1.300180681028493320e-03 -3.178140000000000143e+01
1.320183460736624147e-03 -1.622959399999999874e+01
1.340186240444754756e-03 3.872120000000000006e-01
1.360189020152885366e-03 1.970658699999999897e+01
1.380191799861015976e-03 2.835363800000000012e+01
1.400194579569146803e-03 2.922520799999999852e+01
1.420197359277277412e-03 9.706369000000000469e+00
1.440200138985408022e-03 -8.320260000000000433e-01
1.460202918693538632e-03 -7.595844999999999736e+00
1.480205698401669458e-03 -6.750878000000000156e+00
1.500208478109800068e-03 8.634870000000000045e-01
1.520211257817930678e-03 7.523291000000000395e+00
1.540214037526061288e-03 2.099278899999999837e+01
1.560216817234192114e-03 2.401155400000000029e+01
1.580219596942322724e-03 2.611981700000000117e+01
1.600222376650453334e-03 1.910079599999999900e+01
1.620225156358584160e-03 2.923862999999999879e+00
1.640227936066714770e-03 2.804015999999999842e+00
1.660230715774845380e-03 3.520828999999999986e+00
1.680233495482975990e-03 -1.835318000000000005e+00
1.700236275191106816e-03 4.177556000000000047e+00
1.720239054899237426e-03 2.903229000000000060e+00
1.740241834607368036e-03 2.711875000000000036e+00
1.760244614315498645e-03 -6.964941999999999744e+00
1.780247394023629472e-03 -1.755362500000000026e+01
1.800250173731760082e-03 -2.716860499999999945e+01
1.820252953439890692e-03 -3.334590500000000191e+01
1.840255733148021301e-03 -2.609867300000000157e+01
1.860258512856152128e-03 -1.783582200000000029e+01
1.880261292564282738e-03 -1.016111999999999904e+00
1.900264072272413347e-03 2.239812399999999926e+01
1.920266851980544174e-03 3.230120500000000305e+01
1.940269631688674784e-03 4.109308500000000208e+01
1.960272411396805393e-03 3.962007200000000040e+01
1.980275191104936220e-03 2.699742200000000025e+01
2.000277970813066613e-03 1.145093699999999970e+01
2.020280750521197440e-03 -1.451248000000000093e+00
2.040283530229328266e-03 -1.353286499999999926e+01
2.060286309937458659e-03 -1.977920500000000104e+01
2.080289089645589486e-03 -1.822774300000000025e+01
2.100291869353719879e-03 -1.432741399999999921e+01
2.120294649061850705e-03 -7.549774000000000207e+00
2.140297428769981532e-03 -3.228324999999999889e+00
2.160300208478111925e-03 -1.482329999999999925e+00
2.180302988186242751e-03 -8.880240000000000355e-01
2.200305767894373578e-03 -6.767360000000000042e+00
2.220308547602503971e-03 -1.438951100000000061e+01
2.240311327310634797e-03 -1.755751899999999921e+01
2.260314107018765624e-03 -1.232121899999999926e+01
2.280316886726896017e-03 -5.778147999999999840e+00
2.300319666435026843e-03 -4.809960000000000235e+00
2.320322446143157236e-03 5.129521999999999693e+00
2.340325225851288063e-03 1.028464699999999965e+01
2.360328005559418890e-03 1.348977000000000004e+01
2.380330785267549282e-03 1.479907200000000067e+01
2.400333564975680109e-03 1.261910899999999991e+01
2.420336344683810936e-03 7.179905999999999899e+00
2.440339124391941329e-03 5.208295999999999815e+00
2.460341904100072155e-03 6.349344000000000321e+00
2.480344683808202548e-03 -1.628521000000000107e+00
2.500347463516333375e-03 -7.394303999999999988e+00
2.520350243224464201e-03 -1.139890699999999946e+01
2.540353022932594594e-03 -1.579614499999999921e+01
2.560355802640725421e-03 -1.623822399999999888e+01
2.580358582348856247e-03 -1.312595499999999937e+01
2.600361362056986640e-03 -7.343431999999999960e+00
2.620364141765117467e-03 -7.154479000000000255e+00
2.640366921473248293e-03 -6.683460000000000178e+00
2.660369701181378686e-03 -5.735776999999999681e+00
2.680372480889509513e-03 -5.898385000000000211e+00
2.700375260597639906e-03 -6.533635000000000304e+00
2.720378040305770732e-03 -5.143288000000000082e+00
2.740380820013901559e-03 -5.750570999999999877e+00
2.760383599722031952e-03 8.780219999999999692e-01
2.780386379430162778e-03 5.755817000000000405e+00
2.800389159138293605e-03 1.824389000000000038e+01
2.820391938846423998e-03 1.670118799999999837e+01
2.840394718554554825e-03 8.732796000000000447e+00
2.860397498262685217e-03 2.285369000000000206e+00
2.880400277970816044e-03 -1.754280000000000006e-01
2.900403057678946871e-03 -2.404253000000000196e+00
2.920405837387077264e-03 -6.421249000000000429e+00
2.940408617095208090e-03 -1.140416300000000049e+01
2.960411396803338917e-03 -1.230013100000000037e+01
2.980414176511469310e-03 -8.200207999999999942e+00
3.000416956219600136e-03 -6.139507000000000048e+00
3.020419735927730963e-03 -6.659581000000000195e+00
3.040422515635861356e-03 -1.697281600000000168e+01
3.060425295343992182e-03 -1.780817899999999909e+01
3.080428075052122575e-03 -1.434551800000000021e+01
3.100430854760253402e-03 -1.281949099999999930e+01
3.120433634468384228e-03 -4.163096000000000352e+00
3.140436414176514621e-03 5.030243999999999716e+00
3.160439193884645448e-03 9.779757000000000033e+00
3.180441973592776275e-03 1.326869800000000055e+01
3.200444753300906667e-03 1.266037700000000044e+01
3.220447533009037494e-03 7.969262999999999764e+00
3.240450312717168321e-03 2.038082000000000171e+00
3.260453092425298714e-03 -1.377666000000000057e+00
3.280455872133429540e-03 -5.017859999999999765e+00
3.300458651841559933e-03 -6.661398000000000152e+00
3.320461431549690760e-03 -7.589630000000000543e-01
3.340464211257821586e-03 4.054075000000000095e+00
3.360466990965951979e-03 3.777654000000000067e+00
3.380469770674082806e-03 -1.189686000000000021e+00
3.400472550382213632e-03 -6.663668999999999620e+00
3.420475330090344025e-03 -1.469136800000000065e+01
3.440478109798474852e-03 -1.829542000000000002e+01
3.460480889506605245e-03 -1.938254699999999886e+01
3.480483669214736071e-03 -1.721367899999999906e+01
3.500486448922866898e-03 -1.364687299999999937e+01
3.520489228630997291e-03 -4.836109999999999687e+00
3.540492008339128117e-03 5.138735999999999748e+00
3.560494788047258944e-03 9.611243999999999232e+00
3.580497567755389337e-03 1.313139600000000051e+01
3.600500347463520164e-03 8.844920999999999367e+00
3.620503127171650990e-03 3.760912999999999951e+00
3.640505906879781383e-03 -1.126875000000000071e+00
3.660508686587912210e-03 -4.950700999999999574e+00
3.680511466296042603e-03 8.295399999999999996e-02
3.700514246004173429e-03 -1.184495000000000076e+00
3.720517025712304256e-03 -3.106142000000000181e+00
3.740519805420434649e-03 -3.843659999999999854e-01
3.760522585128565475e-03 -5.699450000000000349e-01
3.780525364836696302e-03 -4.030540000000000234e-01
3.800528144544826695e-03 4.450270000000000059e-01
3.820530924252957521e-03 -9.900000000000000813e-03
3.840533703961088348e-03 -3.816142000000000145e+00
3.860536483669218741e-03 -7.928134000000000015e+00
3.880539263377349567e-03 -9.171379999999999200e+00
3.900542043085479960e-03 -1.271508700000000047e+01
3.920544822793610787e-03 -1.416850400000000043e+01
3.940547602501741180e-03 -1.338394800000000018e+01
3.960550382209872440e-03 -6.994011999999999674e+00
3.980553161918002833e-03 -1.030712000000000073e+00
4.000555941626133226e-03 7.876732999999999763e+00
4.020558721334264486e-03 1.405383800000000072e+01
4.040561501042394879e-03 1.190534500000000051e+01
4.060564280750525272e-03 9.355197000000000429e+00
4.080567060458656532e-03 5.058469999999999800e+00
4.100569840166786925e-03 1.282661000000000051e+00
4.120572619874917318e-03 1.388220000000000010e-01
4.140575399583047711e-03 -3.056308000000000025e+00
4.160578179291178971e-03 -3.013546999999999976e+00
4.180580958999309364e-03 -5.868211999999999762e+00
4.200583738707439757e-03 -4.708801000000000236e+00
4.220586518415571017e-03 -1.997212999999999905e+00
4.240589298123701410e-03 -4.801264999999999894e+00
4.260592077831831803e-03 -7.989777000000000129e+00
4.280594857539963063e-03 -6.609553000000000011e+00
4.300597637248093456e-03 -6.677425000000000388e+00
4.320600416956223849e-03 -6.600079000000000029e+00
4.340603196664355110e-03 -3.084404000000000146e+00
4.360605976372485502e-03 -1.932844000000000007e+00
4.380608756080615895e-03 -1.729630000000000056e-01
4.400611535788747156e-03 4.475065999999999988e+00
4.420614315496877549e-03 6.321443000000000367e+00
4.440617095205007941e-03 5.952556999999999654e+00
4.460619874913139202e-03 4.677126000000000339e+00
4.480622654621269595e-03 3.033717999999999915e+00
4.500625434329399988e-03 -2.518194999999999961e+00
4.520628214037531248e-03 -4.784784000000000148e+00
4.540630993745661641e-03 -3.516426000000000052e+00
4.560633773453792034e-03 -1.717351999999999990e+00
4.580636553161922427e-03 3.335185000000000066e+00
4.600639332870053687e-03 4.951794999999999725e+00
4.620642112578184080e-03 2.902969000000000133e+00
4.640644892286314473e-03 6.781679999999999930e-01
4.660647671994445733e-03 -3.232089000000000212e+00
4.680650451702576126e-03 -9.409582999999999586e+00
4.700653231410706519e-03 -1.375555899999999987e+01
4.720656011118837779e-03 -1.612298399999999887e+01
4.740658790826968172e-03 -1.175624299999999955e+01
4.760661570535098565e-03 -1.227516000000000052e+00
4.780664350243229825e-03 7.196191999999999922e+00
4.800667129951360218e-03 1.055639700000000047e+01
4.820669909659490611e-03 1.082911900000000038e+01
4.840672689367621871e-03 7.400978000000000279e+00
4.860675469075752264e-03 3.480404000000000053e+00
4.880678248783882657e-03 -1.828244999999999898e+00
4.900681028492013917e-03 -6.217501999999999640e+00
4.920683808200144310e-03 -8.575972000000000151e+00
4.940686587908274703e-03 -8.286184000000000438e+00
4.960689367616405096e-03 -2.909012999999999849e+00
4.980692147324536356e-03 1.659788000000000041e+00
5.000694927032666749e-03 1.753290999999999933e+00
5.020697706740797142e-03 4.132319999999999882e-01
5.040700486448928402e-03 -1.674201999999999968e+00
5.060703266157058795e-03 -1.563244000000000078e+00
5.080706045865189188e-03 8.414249999999999785e-01
5.100708825573320448e-03 1.820643999999999929e+00
5.120711605281450841e-03 8.464859999999999607e-01
5.140714384989581234e-03 -4.635932000000000386e+00
5.160717164697712495e-03 -7.776816000000000173e+00
5.180719944405842887e-03 -6.317624000000000350e+00
5.200722724113973280e-03 -5.651292999999999900e+00
5.220725503822104541e-03 -3.397746999999999851e+00
5.240728283530234934e-03 -3.081880000000000175e-01
5.260731063238365326e-03 -2.766529999999999823e-01
5.280733842946496587e-03 2.904720999999999886e+00
5.300736622654626980e-03 5.797735000000000305e+00
5.320739402362757373e-03 4.682252000000000081e+00
5.340742182070887765e-03 1.300829000000000013e+00
5.360744961779019026e-03 -1.689256000000000091e+00
5.380747741487149419e-03 -3.689741000000000160e+00
5.400750521195279812e-03 -3.975894999999999957e+00
5.420753300903411072e-03 -3.597795000000000076e+00
5.440756080611541465e-03 -3.695256000000000096e+00
5.460758860319671858e-03 -3.662942000000000142e+00
5.480761640027803118e-03 -2.962934999999999874e+00
5.500764419735933511e-03 -7.892000000000000126e-01
5.520767199444063904e-03 5.760999999999999455e-01
5.540769979152195164e-03 7.841199999999999559e-02
5.560772758860325557e-03 -2.293165000000000120e+00
5.580775538568455950e-03 -4.630416000000000309e+00
5.600778318276587210e-03 -2.943532999999999955e+00
5.620781097984717603e-03 -6.916090000000000293e-01
5.640783877692847996e-03 -1.696529999999999982e-01
5.660786657400979256e-03 3.146030000000000215e-01
5.680789437109109649e-03 -1.715600000000000014e+00
5.700792216817240042e-03 -3.460039000000000087e+00
5.720794996525370435e-03 -2.213353000000000126e+00
5.740797776233501695e-03 -1.880090000000000039e+00
5.760800555941632088e-03 -7.916659999999999808e-01
5.780803335649762481e-03 7.198909999999999476e-01
5.800806115357893741e-03 4.419770000000000088e-01
5.820808895066024134e-03 8.483030000000000292e-01
5.840811674774154527e-03 2.193099000000000132e+00
5.860814454482285787e-03 1.565765999999999991e+00
5.880817234190416180e-03 -4.717049999999999854e-01
5.900820013898546573e-03 -3.333832000000000129e+00
5.920822793606677834e-03 -5.495302999999999827e+00
5.940825573314808226e-03 -8.308569999999999567e+00
5.960828353022938619e-03 -7.559442999999999913e+00
5.980831132731069880e-03 -4.521080999999999683e+00
6.000833912439200273e-03 -3.422728000000000215e+00
6.020836692147330665e-03 -1.541312000000000015e+00
6.040839471855461926e-03 2.329739999999999867e-01
6.060842251563592319e-03 2.095183000000000018e+00
6.080845031271722712e-03 4.200656000000000390e+00
6.100847810979853972e-03 2.968506000000000089e+00
6.120850590687984365e-03 -9.337050000000000072e-01
6.140853370396114758e-03 -2.367914999999999992e+00
6.160856150104245151e-03 -1.269303999999999988e+00
6.180858929812376411e-03 -7.896539999999999671e-01
6.200861709520506804e-03 -3.197380000000000222e-01
6.220864489228637197e-03 -7.243129999999999846e-01
6.240867268936768457e-03 -3.473275999999999808e+00
6.260870048644898850e-03 -3.567492999999999803e+00
6.280872828353029243e-03 -1.792038000000000020e+00
6.300875608061160503e-03 -1.253147000000000011e+00
6.320878387769290896e-03 -2.207447999999999855e+00
6.340881167477421289e-03 -3.279066999999999954e+00
6.360883947185552549e-03 -3.894785999999999859e+00
6.380886726893682942e-03 -2.714933999999999958e+00
6.400889506601813335e-03 -1.832799999999999985e-01
6.420892286309944595e-03 1.387453999999999965e+00
6.440895066018074988e-03 1.426257000000000108e+00
6.460897845726205381e-03 5.956310000000000215e-01
6.480900625434336641e-03 -8.795889999999999542e-01
6.500903405142467034e-03 -1.659148000000000067e+00
6.520906184850597427e-03 -1.241791000000000089e+00
6.540908964558727820e-03 -1.137516999999999889e+00
6.560911744266859080e-03 -1.200523000000000007e+00
6.580914523974989473e-03 -9.815920000000000201e-01
6.600917303683119866e-03 4.703330000000000011e-01
6.620920083391251126e-03 1.162164999999999893e+00
6.640922863099381519e-03 -3.098110000000000031e-01
6.660925642807511912e-03 -2.843996000000000191e+00
6.680928422515643172e-03 -4.033710000000000129e+00
6.700931202223773565e-03 -4.357498999999999789e+00
6.720933981931903958e-03 -2.435788000000000064e+00
6.740936761640035219e-03 3.198590000000000044e-01
6.760939541348165611e-03 6.211320000000000174e-01
6.780942321056296004e-03 -6.715590000000000170e-01
6.800945100764427265e-03 -1.642341999999999969e+00
6.820947880472557658e-03 -3.071816000000000102e+00
6.840950660180688050e-03 -3.722443999999999864e+00
6.860953439888819311e-03 -2.279668000000000028e+00
6.880956219596949704e-03 -1.178395999999999999e+00
6.900958999305080097e-03 -2.349299999999999999e-01
6.920961779013210489e-03 1.386676000000000020e+00
6.940964558721341750e-03 2.544855000000000089e+00
6.960967338429472143e-03 1.291744999999999921e+00
6.980970118137602536e-03 -1.132584999999999953e+00
7.000972897845733796e-03 -3.572163999999999895e+00
7.020975677553864189e-03 -4.946614000000000289e+00
7.040978457261994582e-03 -3.630173999999999790e+00
7.060981236970125842e-03 -9.366900000000000226e-01
7.080984016678256235e-03 1.141855000000000064e+00
7.100986796386386628e-03 2.095962000000000103e+00
7.120989576094517888e-03 7.908779999999999699e-01
7.140992355802648281e-03 -1.443073000000000050e+00
7.160995135510778674e-03 -2.709938000000000180e+00
7.180997915218909934e-03 -3.820943000000000200e+00
7.201000694927040327e-03 -5.444430999999999798e+00
7.221003474635170720e-03 -5.009165000000000312e+00
7.241006254343301980e-03 -2.792863999999999791e+00
7.261009034051432373e-03 -7.944560000000000510e-01
7.281011813759562766e-03 1.329768999999999979e+00
7.301014593467693159e-03 2.442461999999999911e+00
7.321017373175824419e-03 1.471548999999999996e+00
7.341020152883954812e-03 -4.493840000000000057e-01
7.361022932592085205e-03 -1.362352000000000007e+00
7.381025712300216465e-03 -1.346195000000000030e+00
7.401028492008346858e-03 -8.958099999999999952e-01
7.421031271716477251e-03 -1.026688999999999963e+00
7.441034051424608511e-03 -2.209719000000000211e+00
7.461036831132738904e-03 -2.853340000000000209e+00
7.481039610840869297e-03 -2.159495999999999860e+00
7.501042390549000557e-03 -1.450339999999999963e+00
7.521045170257130950e-03 -9.806190000000000184e-01
7.541047949965261343e-03 -8.831569999999999698e-01
7.561050729673392604e-03 -8.252129999999999743e-01
7.581053509381522997e-03 -1.146147000000000027e+00
7.601056289089653389e-03 -1.443073000000000050e+00
7.621059068797784650e-03 -1.814359000000000055e+00
7.641061848505915043e-03 -2.430791999999999842e+00
7.661064628214045436e-03 -2.905378999999999934e+00
7.681067407922176696e-03 -2.235803999999999903e+00
7.701070187630307089e-03 -6.304849999999999621e-01
7.721072967338437482e-03 1.019010000000000055e-01
7.741075747046567875e-03 -3.054629999999999845e-01
7.761078526754699135e-03 -4.334859999999999824e-01
7.781081306462829528e-03 -6.305500000000000549e-01
7.801084086170959921e-03 -1.389410000000000034e+00
7.821086865879090314e-03 -7.166559999999999597e-01
7.841089645587221574e-03 3.581420000000000159e-01
7.861092425295352834e-03 -3.932559999999999945e-01
7.881095205003482360e-03 -1.304343000000000030e+00
7.901097984711613620e-03 -2.131594999999999906e+00
7.921100764419744880e-03 -2.781184999999999796e+00
7.941103544127874406e-03 -2.427871999999999808e+00
7.961106323836005666e-03 -2.087470999999999854e+00
7.981109103544136926e-03 -2.185386999999999968e+00
8.001111883252266452e-03 -1.791778000000000093e+00
8.021114662960397712e-03 -6.929070000000000507e-01
8.041117442668528972e-03 -4.669100000000000333e-02
8.061120222376658498e-03 -5.012940000000000174e-01
8.081123002084789758e-03 -1.538975999999999900e+00
8.101125781792921018e-03 -2.532989999999999853e+00
8.121128561501050544e-03 -2.711365999999999943e+00
8.141131341209181804e-03 -1.587188000000000043e+00
8.161134120917313065e-03 -2.160479999999999901e-01
8.181136900625442590e-03 6.977640000000000509e-01
8.201139680333573850e-03 9.420659999999999590e-01
8.221142460041705111e-03 2.283669999999999867e-01
8.241145239749834636e-03 -6.557910000000000128e-01
8.261148019457965896e-03 -1.507376000000000049e+00
8.281150799166095422e-03 -2.287908999999999970e+00
8.301153578874226682e-03 -2.829460999999999782e+00
8.321156358582357943e-03 -2.929711999999999872e+00
8.341159138290487468e-03 -2.359933999999999976e+00
8.361161917998618728e-03 -1.186765999999999988e+00
8.381164697706749989e-03 1.898239999999999927e-01
8.401167477414879514e-03 2.425130000000000063e-01
8.421170257123010774e-03 -1.075938000000000061e+00
8.441173036831142035e-03 -2.601834999999999898e+00
8.461175816539271560e-03 -3.048910999999999927e+00
8.481178596247402821e-03 -2.143015000000000114e+00
8.501181375955534081e-03 -1.048491000000000062e+00
8.521184155663663606e-03 -5.603420000000000067e-01
8.541186935371794867e-03 -5.401620000000000310e-01
8.561189715079926127e-03 -4.707319999999999838e-01
8.581192494788055652e-03 -1.996310000000000029e-01
8.601195274496186913e-03 -3.146120000000000028e-01
8.621198054204318173e-03 -1.174957000000000029e+00
8.641200833912447699e-03 -2.165335999999999927e+00
8.661203613620578959e-03 -2.428584999999999994e+00
8.681206393328710219e-03 -1.823509000000000047e+00
8.701209173036839745e-03 -5.036300000000000221e-01
8.721211952744971005e-03 6.354070000000000551e-01
8.741214732453102265e-03 5.649389999999999690e-01
8.761217512161231791e-03 -6.354809999999999626e-01
8.781220291869363051e-03 -1.833501000000000047e+00
8.801223071577494311e-03 -2.526371000000000144e+00
8.821225851285623837e-03 -2.829785000000000217e+00
8.841228630993755097e-03 -2.787868000000000013e+00
8.861231410701886357e-03 -2.333848999999999840e+00
8.881234190410015883e-03 -1.967883000000000049e+00
8.901236970118147143e-03 -8.227470000000000061e-01
8.921239749826278403e-03 7.052910000000000013e-01
8.941242529534407929e-03 8.054769999999999985e-01
8.961245309242539189e-03 -1.608289999999999997e-01
8.981248088950670450e-03 -1.246917000000000053e+00
9.001250868658799975e-03 -1.947962999999999889e+00
9.021253648366931235e-03 -1.561557000000000084e+00
9.041256428075062496e-03 -6.194539999999999491e-01
9.061259207783192021e-03 -4.048709999999999809e-01
9.081261987491323281e-03 -1.004626999999999937e+00
9.101264767199452807e-03 -1.451054000000000066e+00
9.121267546907584067e-03 -1.909613999999999923e+00
9.141270326615715328e-03 -2.303481999999999807e+00
9.161273106323844853e-03 -2.151190999999999853e+00
9.181275886031976113e-03 -1.738245999999999958e+00
9.201278665740107374e-03 -1.364494000000000096e+00
9.221281445448236899e-03 -9.399990000000000290e-01
9.241284225156368159e-03 -2.966380000000000128e-01
9.261287004864499420e-03 -3.338900000000000201e-02
9.281289784572628945e-03 -4.297230000000000216e-01
9.301292564280760206e-03 -1.384738999999999942e+00
9.321295343988891466e-03 -2.280381999999999909e+00
9.341298123697020991e-03 -2.140874000000000166e+00
9.361300903405152252e-03 -1.141475000000000017e+00
9.381303683113283512e-03 -4.629449999999999954e-01
9.401306462821413037e-03 -4.830599999999999894e-01
9.421309242529544298e-03 -8.104179999999999717e-01
9.441312022237675558e-03 -1.084373999999999949e+00
9.461314801945805084e-03 -1.255481999999999987e+00
9.481317581653936344e-03 -1.428992000000000040e+00
9.501320361362067604e-03 -1.838238000000000039e+00
9.521323141070197130e-03 -2.200699999999999878e+00
9.541325920778328390e-03 -1.879636000000000084e+00
9.561328700486459650e-03 -1.081453999999999915e+00
9.581331480194589176e-03 -6.073849999999999527e-01
9.601334259902720436e-03 -7.244420000000000304e-01
9.621337039610851696e-03 -8.540879999999999583e-01
9.641339819318981222e-03 -9.445409999999999640e-01
9.661342599027112482e-03 -1.148417999999999939e+00
9.681345378735243742e-03 -9.955429999999999557e-01
9.701348158443373268e-03 -9.662140000000000173e-01
9.721350938151504528e-03 -1.192217000000000082e+00
9.741353717859635789e-03 -1.535992000000000024e+00
9.761356497567765314e-03 -1.874444999999999917e+00
9.781359277275896574e-03 -1.670568000000000053e+00
9.801362056984027835e-03 -8.698550000000000448e-01
9.821364836692157360e-03 -1.455150000000000055e-01
9.841367616400288620e-03 -3.301850000000000063e-01
9.861370396108418146e-03 -1.226801999999999948e+00
9.881373175816549406e-03 -1.858093999999999912e+00
9.901375955524680667e-03 -2.344945000000000057e+00
9.921378735232810192e-03 -2.616823999999999817e+00
9.941381514940941452e-03 -2.109792999999999807e+00
9.961384294649072713e-03 -1.311935000000000073e+00
9.981387074357202238e-03 -2.083909999999999929e-01
1.000138985406533350e-02 9.375890000000000057e-01
1.002139263377346476e-02 1.258458000000000077e+00
1.004139541348159428e-02 1.856710000000000027e-01
1.006139819318972554e-02 -1.508674000000000071e+00
1.008140097289785680e-02 -2.621626000000000012e+00
1.010140375260598633e-02 -3.027368000000000059e+00
1.012140653231411759e-02 -2.676521000000000150e+00
1.014140931202224885e-02 -1.559676000000000062e+00
1.016141209173037838e-02 -4.294629999999999836e-01
1.018141487143850964e-02 1.710069999999999923e-01
1.020141765114664090e-02 4.343799999999999745e-02
1.022142043085477042e-02 -5.427570000000000450e-01
1.024142321056290168e-02 -1.275662000000000074e+00
1.026142599027103294e-02 -1.753624999999999989e+00
1.028142876997916247e-02 -2.018625999999999809e+00
1.030143154968729373e-02 -2.076764999999999972e+00
1.032143432939542499e-02 -1.630338000000000065e+00
1.034143710910355451e-02 -7.798559999999999937e-01
1.036143988881168577e-02 -2.026810000000000000e-01
1.038144266851981704e-02 -5.848689999999999722e-01
1.040144544822794656e-02 -1.377990000000000048e+00
1.042144822793607782e-02 -1.863609000000000071e+00
1.044145100764420908e-02 -1.588160999999999934e+00
1.046145378735233861e-02 -7.845280000000000031e-01
1.048145656706046987e-02 -8.270399999999999974e-02
1.050145934676860113e-02 -1.547290000000000054e-01
1.052146212647673065e-02 -6.093969999999999665e-01
1.054146490618486191e-02 -1.048621000000000025e+00
1.056146768589299317e-02 -1.634686000000000083e+00
1.058147046560112270e-02 -2.156057000000000112e+00
1.060147324530925396e-02 -2.270389000000000213e+00
1.062147602501738522e-02 -2.032252000000000169e+00
1.064147880472551475e-02 -1.401934000000000013e+00
1.066148158443364601e-02 -3.811220000000000163e-01
1.068148436414177553e-02 2.241489999999999871e-01
1.070148714384990679e-02 1.190199999999999939e-02
1.072148992355803805e-02 -7.749899999999999567e-01
1.074149270326616758e-02 -1.687893000000000088e+00
1.076149548297429884e-02 -2.132438000000000056e+00
1.078149826268243010e-02 -1.829866999999999910e+00
1.080150104239055962e-02 -1.238286999999999916e+00
1.082150382209869088e-02 -1.166846000000000050e+00
1.084150660180682214e-02 -1.289808000000000066e+00
1.086150938151495167e-02 -1.039406999999999970e+00
1.088151216122308293e-02 -7.812839999999999785e-01
1.090151494093121419e-02 -6.677309999999999635e-01
1.092151772063934372e-02 -9.605679999999999774e-01
1.094152050034747498e-02 -1.515228000000000019e+00
1.096152328005560624e-02 -1.561622000000000066e+00
1.098152605976373576e-02 -8.609660000000000091e-01
1.100152883947186702e-02 -2.689960000000000129e-01
1.102153161917999828e-02 -2.447930000000000106e-01
1.104153439888812781e-02 -7.083500000000000352e-01
1.106153717859625907e-02 -1.304537000000000058e+00
1.108153995830439033e-02 -1.822470000000000034e+00
1.110154273801251985e-02 -2.038546000000000191e+00
1.112154551772065111e-02 -2.093246000000000162e+00
1.114154829742878237e-02 -2.078581999999999930e+00
1.116155107713691190e-02 -1.868540000000000090e+00
1.118155385684504316e-02 -1.262555000000000094e+00
1.120155663655317442e-02 -4.515899999999999914e-01
1.122155941626130395e-02 1.736669999999999880e-01
1.124156219596943521e-02 2.094850000000000045e-01
1.126156497567756647e-02 -4.971409999999999996e-01
1.128156775538569599e-02 -1.510100999999999916e+00
1.130157053509382725e-02 -2.007530000000000037e+00
1.132157331480195851e-02 -1.859391000000000016e+00
1.134157609451008804e-02 -1.479409999999999892e+00
1.136157887421821930e-02 -1.327766999999999920e+00
1.138158165392635056e-02 -1.240104000000000095e+00
1.140158443363448008e-02 -9.240369999999999973e-01
1.142158721334261134e-02 -4.622319999999999762e-01
1.144158999305074087e-02 -3.065660000000000052e-01
1.146159277275887213e-02 -8.078229999999999578e-01
1.148159555246700339e-02 -1.617361000000000049e+00
1.150159833217513292e-02 -2.074494000000000060e+00
1.152160111188326418e-02 -2.003636000000000195e+00
1.154160389159139544e-02 -1.796191000000000093e+00
1.156160667129952496e-02 -1.481486000000000081e+00
1.158160945100765622e-02 -1.091121999999999925e+00
1.160161223071578748e-02 -8.712180000000000479e-01
1.162161501042391701e-02 -7.600660000000000194e-01
1.164161779013204827e-02 -6.528709999999999791e-01
1.166162056984017953e-02 -6.782420000000000115e-01
1.168162334954830905e-02 -9.905460000000000376e-01
1.170162612925644031e-02 -1.483627000000000029e+00
1.172162890896457157e-02 -1.868216000000000099e+00
1.174163168867270110e-02 -1.761476000000000042e+00
1.176163446838083236e-02 -1.190919000000000061e+00
1.178163724808896362e-02 -5.677389999999999937e-01
1.180164002779709315e-02 -3.373880000000000212e-01
1.182164280750522441e-02 -7.374849999999999461e-01
1.184164558721335567e-02 -1.266642999999999963e+00
1.186164836692148519e-02 -1.448393000000000042e+00
1.188165114662961645e-02 -1.528853999999999935e+00
1.190165392633774771e-02 -1.770494999999999930e+00
1.192165670604587724e-02 -1.909874000000000072e+00
1.194165948575400850e-02 -1.627871999999999986e+00
1.196166226546213976e-02 -9.730269999999999753e-01
1.198166504517026928e-02 -4.703419999999999823e-01
1.200166782487840055e-02 -4.988929999999999754e-01
1.202167060458653181e-02 -1.035058999999999951e+00
1.204167338429466133e-02 -1.512437000000000031e+00
1.206167616400279259e-02 -1.718585000000000029e+00
1.208167894371092385e-02 -1.645326999999999984e+00
1.210168172341905338e-02 -1.185988000000000042e+00
1.212168450312718464e-02 -6.984219999999999873e-01
1.214168728283531590e-02 -6.620850000000000346e-01
1.216169006254344542e-02 -9.020399999999999530e-01
1.218169284225157668e-02 -1.208504000000000023e+00
1.220169562195970794e-02 -1.471492999999999940e+00
1.222169840166783747e-02 -1.598997000000000002e+00
1.224170118137596873e-02 -1.480253000000000041e+00
1.226170396108409825e-02 -1.281566999999999901e+00
1.228170674079222952e-02 -8.819890000000000230e-01
1.230170952050036078e-02 -3.900120000000000253e-01
1.232171230020849030e-02 -2.732789999999999941e-01
1.234171507991662156e-02 -8.171019999999999950e-01
1.236171785962475282e-02 -1.766342999999999996e+00
1.238172063933288235e-02 -2.423070000000000057e+00
1.240172341904101361e-02 -2.341635999999999829e+00
1.242172619874914487e-02 -1.568500000000000005e+00
1.244172897845727439e-02 -7.229499999999999815e-01
1.246173175816540565e-02 -2.268840000000000023e-01
1.248173453787353691e-02 -1.930129999999999901e-01
1.250173731758166644e-02 -4.480210000000000026e-01
1.252174009728979770e-02 -1.073862000000000094e+00
1.254174287699792896e-02 -1.729940999999999951e+00
1.256174565670605849e-02 -2.196807000000000176e+00
1.258174843641418975e-02 -2.253064000000000178e+00
1.260175121612232101e-02 -1.797682999999999920e+00
1.262175399583045053e-02 -1.026818999999999926e+00
1.264175677553858179e-02 -3.360250000000000181e-01
1.266175955524671305e-02 -8.302800000000000458e-02
1.268176233495484258e-02 -4.378340000000000010e-01
1.270176511466297384e-02 -1.122981999999999925e+00
1.272176789437110510e-02 -1.685038000000000036e+00
1.274177067407923462e-02 -1.813839999999999897e+00
1.276177345378736588e-02 -1.613791999999999893e+00
1.278177623349549714e-02 -1.320111000000000034e+00
1.280177901320362667e-02 -1.203313000000000077e+00
1.282178179291175793e-02 -1.148417999999999939e+00
1.284178457261988919e-02 -1.085347000000000062e+00
1.286178735232801872e-02 -1.042715999999999976e+00
1.288179013203614998e-02 -1.103515999999999941e+00
1.290179291174428124e-02 -1.331205999999999889e+00
1.292179569145241076e-02 -1.491867999999999972e+00
1.294179847116054202e-02 -1.376238000000000072e+00
1.296180125086867328e-02 -1.017020999999999953e+00
1.298180403057680281e-02 -7.916009999999999991e-01
1.300180681028493407e-02 -8.105480000000000462e-01
1.302180958999306359e-02 -1.028440999999999939e+00
1.304181236970119485e-02 -1.210255999999999998e+00
1.306181514940932611e-02 -1.288121000000000071e+00
1.308181792911745564e-02 -1.221287000000000011e+00
1.310182070882558690e-02 -1.313361999999999918e+00
1.312182348853371816e-02 -1.457867000000000024e+00
1.314182626824184769e-02 -1.568111000000000033e+00
1.316182904794997895e-02 -1.489012999999999920e+00
1.318183182765811021e-02 -1.188323999999999936e+00
1.320183460736623973e-02 -8.677139999999999853e-01
1.322183738707437099e-02 -7.614279999999999937e-01
1.324184016678250225e-02 -8.860120000000000218e-01
1.326184294649063178e-02 -1.082297000000000065e+00
1.328184572619876304e-02 -1.165289000000000019e+00
1.330184850590689430e-02 -1.258856999999999893e+00
1.332185128561502382e-02 -1.468963000000000019e+00
1.334185406532315508e-02 -1.670698000000000016e+00
1.336185684503128634e-02 -1.663365999999999900e+00
1.338185962473941587e-02 -1.383051000000000030e+00
1.340186240444754713e-02 -1.041158999999999946e+00
1.342186518415567839e-02 -8.793290000000000273e-01
1.344186796386380792e-02 -9.811379999999999546e-01
1.346187074357193918e-02 -1.246332999999999913e+00
1.348187352328007044e-02 -1.364103999999999983e+00
1.350187630298819996e-02 -1.286953000000000014e+00
1.352187908269633122e-02 -1.118894000000000055e+00
1.354188186240446248e-02 -9.959970000000000212e-01
1.356188464211259201e-02 -9.871720000000000494e-01
1.358188742182072327e-02 -9.835390000000000521e-01
1.360189020152885453e-02 -1.030647000000000091e+00
1.362189298123698405e-02 -1.176320000000000032e+00
1.364189576094511532e-02 -1.433923000000000059e+00
1.366189854065324658e-02 -1.585501000000000049e+00
1.368190132036137610e-02 -1.512437000000000031e+00
1.370190410006950736e-02 -1.363974999999999937e+00
1.372190687977763862e-02 -1.066076000000000024e+00
1.374190965948576815e-02 -8.046429999999999971e-01
1.376191243919389941e-02 -8.724509999999999765e-01
1.378191521890203067e-02 -1.264631999999999978e+00
1.380191799861016019e-02 -1.611067000000000027e+00
1.382192077831829145e-02 -1.684844000000000008e+00
1.384192355802642098e-02 -1.537160000000000082e+00
1.386192633773455224e-02 -1.319526999999999894e+00
1.388192911744268350e-02 -1.084503999999999913e+00
1.390193189715081303e-02 -8.257320000000000215e-01
1.392193467685894429e-02 -6.265269999999999451e-01
1.394193745656707555e-02 -6.169879999999999809e-01
1.396194023627520507e-02 -9.780879999999999574e-01
1.398194301598333633e-02 -1.532616999999999896e+00
1.400194579569146759e-02 -1.944847999999999910e+00
1.402194857539959712e-02 -1.952504999999999935e+00
1.404195135510772838e-02 -1.516524999999999901e+00
1.406195413481585964e-02 -9.564160000000000439e-01
1.408195691452398916e-02 -6.083579999999999544e-01
1.410195969423212042e-02 -5.546309999999999851e-01
1.412196247394025168e-02 -7.147740000000000204e-01
1.414196525364838121e-02 -1.058742999999999990e+00
1.416196803335651247e-02 -1.536899999999999933e+00
1.418197081306464373e-02 -1.910846999999999962e+00
1.420197359277277326e-02 -1.945691999999999977e+00
1.422197637248090452e-02 -1.698015999999999970e+00
1.424197915218903578e-02 -1.225894000000000039e+00
1.426198193189716530e-02 -6.977740000000000054e-01
1.428198471160529656e-02 -3.207769999999999788e-01
1.430198749131342782e-02 -4.328370000000000273e-01
1.432199027102155735e-02 -9.383770000000000167e-01
1.434199305072968861e-02 -1.498486999999999902e+00
1.436199583043781987e-02 -1.747136000000000022e+00
1.438199861014594939e-02 -1.678808999999999996e+00
1.440200138985408065e-02 -1.344897999999999927e+00
1.442200416956221191e-02 -1.081518999999999897e+00
1.444200694927034144e-02 -9.601790000000000047e-01
1.446200972897847270e-02 -8.840010000000000367e-01
1.448201250868660396e-02 -8.828329999999999789e-01
1.450201528839473349e-02 -1.075225000000000097e+00
1.452201806810286475e-02 -1.387399000000000049e+00
1.454202084781099601e-02 -1.615674000000000055e+00
1.456202362751912553e-02 -1.565970000000000084e+00
1.458202640722725679e-02 -1.257104999999999917e+00
1.460202918693538632e-02 -9.459689999999999488e-01
1.462203196664351758e-02 -8.451980000000000048e-01
1.464203474635164884e-02 -1.001058000000000003e+00
1.466203752605977836e-02 -1.215187000000000017e+00
1.468204030576790962e-02 -1.351061999999999985e+00
1.470204308547604088e-02 -1.290651999999999910e+00
1.472204586518417041e-02 -1.122527999999999970e+00
1.474204864489230167e-02 -9.808780000000000276e-01
1.476205142460043293e-02 -9.178720000000000212e-01
1.478205420430856246e-02 -9.196239999999999970e-01
1.480205698401669372e-02 -9.843169999999999975e-01
1.482205976372482498e-02 -1.045765999999999973e+00
1.484206254343295450e-02 -1.122786999999999979e+00
1.486206532314108576e-02 -1.302461000000000091e+00
1.488206810284921702e-02 -1.419713000000000003e+00
1.490207088255734655e-02 -1.351969999999999894e+00
1.492207366226547781e-02 -1.130120000000000013e+00
1.494207644197360907e-02 -9.893779999999999797e-01
1.496207922168173859e-02 -1.058418999999999999e+00
1.498208200138986985e-02 -1.142317999999999945e+00
1.500208478109800111e-02 -1.211489000000000038e+00
1.502208756080613064e-02 -1.093328000000000078e+00
1.504209034051426190e-02 -9.475259999999999794e-01
1.506209312022239316e-02 -9.053489999999999593e-01
1.508209589993052269e-02 -9.581669999999999909e-01
1.510209867963865395e-02 -1.026040000000000063e+00
1.512210145934678521e-02 -1.101569000000000020e+00
1.514210423905491473e-02 -1.153674000000000088e+00
1.516210701876304599e-02 -1.155296000000000101e+00
1.518210979847117725e-02 -1.221481000000000039e+00
1.520211257817930678e-02 -1.263787999999999911e+00
1.522211535788743804e-02 -1.300450000000000106e+00
1.524211813759556930e-02 -1.315827999999999998e+00
1.526212091730369882e-02 -1.295582999999999929e+00
1.528212369701183009e-02 -1.218885999999999914e+00
1.530212647671996135e-02 -1.144719000000000042e+00
1.532212925642809087e-02 -1.020070000000000032e+00
1.534213203613622213e-02 -8.250180000000000291e-01
1.536213481584435339e-02 -6.282140000000000502e-01
1.538213759555248292e-02 -5.763690000000000202e-01
1.540214037526061418e-02 -8.448740000000000139e-01
1.542214315496874370e-02 -1.240493000000000068e+00
1.544214593467687496e-02 -1.508933000000000080e+00
1.546214871438500622e-02 -1.584008000000000083e+00
1.548215149409313575e-02 -1.432690000000000019e+00
1.550215427380126701e-02 -1.208244000000000096e+00
1.552215705350939827e-02 -9.673169999999999824e-01
1.554215983321752780e-02 -7.794020000000000392e-01
1.556216261292565906e-02 -7.705130000000000035e-01
1.558216539263379032e-02 -9.856150000000000189e-01
1.560216817234191984e-02 -1.269887999999999906e+00
1.562217095205005110e-02 -1.482718999999999898e+00
1.564217373175818063e-02 -1.520612999999999992e+00
1.566217651146631362e-02 -1.401154999999999928e+00
1.568217929117444315e-02 -1.067633000000000054e+00
1.570218207088257267e-02 -7.847229999999999484e-01
1.572218485059070567e-02 -6.796050000000000146e-01
1.574218763029883519e-02 -8.492859999999999854e-01
1.576219041000696472e-02 -1.174568000000000056e+00
1.578219318971509771e-02 -1.423605999999999927e+00
1.580219596942322724e-02 -1.450793999999999917e+00
1.582219874913135677e-02 -1.292338999999999904e+00
1.584220152883948976e-02 -1.062311999999999923e+00
1.586220430854761929e-02 -8.232009999999999605e-01
1.588220708825574881e-02 -6.420350000000000223e-01
1.590220986796388181e-02 -6.191299999999999581e-01
1.592221264767201133e-02 -8.102890000000000370e-01
1.594221542738014086e-02 -1.215381999999999962e+00
1.596221820708827385e-02 -1.662976999999999927e+00
1.598222098679640338e-02 -1.797099000000000002e+00
1.600222376650453290e-02 -1.561752000000000029e+00
1.602222654621266590e-02 -1.165289000000000019e+00
1.604222932592079542e-02 -8.666760000000000019e-01
1.606223210562892495e-02 -6.944639999999999702e-01
1.608223488533705794e-02 -6.494320000000000093e-01
1.610223766504518747e-02 -7.765469999999999873e-01
1.612224044475331700e-02 -9.936610000000000165e-01
1.614224322446144999e-02 -1.173594000000000026e+00
1.616224600416957952e-02 -1.258207999999999993e+00
1.618224878387770904e-02 -1.269692999999999961e+00
1.620225156358584204e-02 -1.166976000000000013e+00
1.622225434329397156e-02 -1.006768000000000107e+00
1.624225712300210109e-02 -9.165750000000000286e-01
1.626225990271023408e-02 -9.443460000000000187e-01
1.628226268241836361e-02 -1.103709999999999969e+00
1.630226546212649313e-02 -1.287925999999999904e+00
1.632226824183462613e-02 -1.303045000000000009e+00
1.634227102154275565e-02 -1.196174999999999988e+00
1.636227380125088518e-02 -9.937259999999999982e-01
1.638227658095901818e-02 -8.952259999999999662e-01
1.640227936066714770e-02 -9.642020000000000035e-01
1.642228214037527723e-02 -1.064713000000000021e+00
1.644228492008341022e-02 -1.173270000000000035e+00
1.646228769979153975e-02 -1.253794999999999993e+00
1.648229047949966927e-02 -1.358783999999999992e+00
1.650229325920780227e-02 -1.391226999999999991e+00
1.652229603891593179e-02 -1.323679000000000050e+00
1.654229881862406132e-02 -1.113507999999999942e+00
1.656230159833219084e-02 -8.540229999999999766e-01
1.658230437804032384e-02 -7.187970000000000192e-01
1.660230715774845336e-02 -7.825819999999999999e-01
1.662230993745658289e-02 -9.494730000000000114e-01
1.664231271716471589e-02 -1.144265000000000088e+00
1.666231549687284541e-02 -1.247760999999999898e+00
1.668231827658097494e-02 -1.236080999999999985e+00
1.670232105628910793e-02 -1.154906999999999906e+00
1.672232383599723746e-02 -1.094756000000000062e+00
1.674232661570536698e-02 -1.022016999999999953e+00
1.676232939541349998e-02 -9.388309999999999711e-01
1.678233217512162950e-02 -8.879590000000000538e-01
1.680233495482975903e-02 -9.464879999999999960e-01
1.682233773453789202e-02 -1.073927000000000076e+00
1.684234051424602155e-02 -1.227062000000000097e+00
1.686234329395415107e-02 -1.325301999999999980e+00
1.688234607366228407e-02 -1.314205999999999985e+00
1.690234885337041359e-02 -1.225894000000000039e+00
1.692235163307854312e-02 -1.157437000000000049e+00
1.694235441278667612e-02 -1.058159000000000072e+00
1.696235719249480564e-02 -9.921689999999999676e-01
1.698235997220293517e-02 -9.445409999999999640e-01
1.700236275191106816e-02 -9.268920000000000492e-01
1.702236553161919769e-02 -9.885350000000000525e-01
1.704236831132732721e-02 -1.100595999999999908e+00
1.706237109103546021e-02 -1.245813999999999977e+00
1.708237387074358973e-02 -1.281892000000000031e+00
1.710237665045171926e-02 -1.217522999999999911e+00
1.712237943015985225e-02 -1.088786000000000032e+00
1.714238220986798178e-02 -9.734810000000000407e-01
1.716238498957611130e-02 -9.723129999999999828e-01
1.718238776928424430e-02 -1.019420999999999911e+00
1.720239054899237383e-02 -1.103385999999999978e+00
1.722239332870050335e-02 -1.199678999999999940e+00
1.724239610840863635e-02 -1.311155999999999988e+00
1.726239888811676587e-02 -1.359626999999999919e+00
1.728240166782489540e-02 -1.306159999999999988e+00
1.730240444753302839e-02 -1.096247999999999889e+00
1.732240722724115792e-02 -8.462359999999999882e-01
1.734241000694928744e-02 -6.749979999999999869e-01
1.736241278665742044e-02 -7.677869999999999973e-01
1.738241556636554996e-02 -1.030062999999999951e+00
1.740241834607367949e-02 -1.280982999999999983e+00
1.742242112578181248e-02 -1.404983000000000093e+00
1.744242390548994201e-02 -1.426395999999999997e+00
1.746242668519807154e-02 -1.334775000000000045e+00
1.748242946490620453e-02 -1.172231999999999941e+00
1.750243224461433406e-02 -9.788670000000000426e-01
1.752243502432246358e-02 -8.572670000000000012e-01
1.754243780403059658e-02 -8.609660000000000091e-01
1.756244058373872610e-02 -1.032399000000000067e+00
1.758244336344685563e-02 -1.217587999999999893e+00
1.760244614315498862e-02 -1.370527999999999968e+00
1.762244892286311815e-02 -1.360015999999999892e+00
1.764245170257124767e-02 -1.190334999999999921e+00
1.766245448227938067e-02 -9.876909999999999856e-01
1.768245726198751019e-02 -8.806920000000000304e-01
1.770246004169563972e-02 -9.473960000000000159e-01
1.772246282140377271e-02 -1.134401999999999910e+00
1.774246560111190224e-02 -1.282086000000000059e+00
1.776246838082003177e-02 -1.320240000000000080e+00
1.778247116052816476e-02 -1.245360000000000023e+00
1.780247394023629429e-02 -1.098843999999999932e+00
1.782247671994442381e-02 -1.015268999999999977e+00
1.784247949965255681e-02 -9.531060000000000088e-01
1.786248227936068633e-02 -9.220899999999999652e-01
1.788248505906881586e-02 -9.992410000000000458e-01
1.790248783877694885e-02 -1.202987999999999946e+00
1.792249061848507838e-02 -1.424838999999999967e+00
1.794249339819320790e-02 -1.512566999999999995e+00
1.796249617790134090e-02 -1.363066000000000111e+00
1.798249895760947042e-02 -1.101893999999999929e+00
1.800250173731759995e-02 -8.607709999999999528e-01
1.802250451702573295e-02 -7.723290000000000433e-01
1.804250729673386247e-02 -8.717369999999999841e-01
1.806251007644199200e-02 -1.043949000000000016e+00
1.808251285615012499e-02 -1.197797000000000001e+00
1.810251563585825452e-02 -1.263203999999999994e+00
1.812251841556638404e-02 -1.233355999999999897e+00
1.814252119527451357e-02 -1.178136000000000072e+00
1.816252397498264656e-02 -1.113378999999999897e+00
1.818252675469077609e-02 -1.030842000000000036e+00
1.820252953439890561e-02 -9.944399999999999906e-01
1.822253231410703861e-02 -1.041417999999999955e+00
1.824253509381516813e-02 -1.180666999999999911e+00
1.826253787352329766e-02 -1.356448000000000098e+00
1.828254065323143066e-02 -1.442488999999999910e+00
1.830254343293956018e-02 -1.369814000000000087e+00
1.832254621264768971e-02 -1.161979000000000095e+00
1.834254899235582270e-02 -9.888590000000000435e-01
1.836255177206395223e-02 -9.394150000000000000e-01
1.838255455177208175e-02 -9.846420000000000172e-01
1.840255733148021475e-02 -1.031231000000000009e+00
1.842256011118834427e-02 -1.096508000000000038e+00
1.844256289089647380e-02 -1.162368999999999986e+00
1.846256567060460679e-02 -1.246917000000000053e+00
1.848256845031273632e-02 -1.308885000000000076e+00
1.850257123002086584e-02 -1.260478999999999905e+00
1.852257400972899884e-02 -1.163667000000000007e+00
1.854257678943712837e-02 -1.024936999999999987e+00
1.856257956914525789e-02 -9.563509999999999511e-01
1.858258234885339089e-02 -9.543390000000000484e-01
1.860258512856152041e-02 -9.911299999999999555e-01
1.862258790826964994e-02 -1.075484000000000107e+00
1.864259068797778293e-02 -1.153154999999999930e+00
1.866259346768591246e-02 -1.251265000000000072e+00
1.868259624739404198e-02 -1.312713000000000019e+00
1.870259902710217498e-02 -1.325496000000000008e+00
1.872260180681030450e-02 -1.276570999999999900e+00
1.874260458651843403e-02 -1.156983000000000095e+00
1.876260736622656702e-02 -1.030386999999999942e+00
1.878261014593469655e-02 -9.879510000000000236e-01
1.880261292564282607e-02 -1.008844999999999992e+00
1.882261570535095907e-02 -1.100789999999999935e+00
1.884261848505908860e-02 -1.153867999999999894e+00
1.886262126476721812e-02 -1.196239999999999970e+00
1.888262404447535112e-02 -1.185014999999999930e+00
1.890262682418348064e-02 -1.124538999999999955e+00
1.892262960389161017e-02 -1.046804000000000068e+00
1.894263238359974316e-02 -9.682250000000000023e-01
1.896263516330787269e-02 -9.379229999999999512e-01
1.898263794301600221e-02 -9.900919999999999721e-01
1.900264072272413521e-02 -1.125253000000000059e+00
1.902264350243226473e-02 -1.258531999999999984e+00
1.904264628214039426e-02 -1.314205999999999985e+00
1.906264906184852725e-02 -1.267422000000000049e+00
1.908265184155665678e-02 -1.156983000000000095e+00
1.910265462126478631e-02 -1.060300999999999938e+00
1.912265740097291930e-02 -1.037201000000000040e+00
1.914266018068104883e-02 -1.038693000000000088e+00
1.916266296038917835e-02 -1.093458000000000041e+00
1.918266574009731135e-02 -1.192736000000000018e+00
1.920266851980544087e-02 -1.275014000000000092e+00
1.922267129951357040e-02 -1.307067999999999897e+00
1.924267407922170339e-02 -1.251004999999999923e+00
1.926267685892983292e-02 -1.080155999999999894e+00
1.928267963863796244e-02 -8.988599999999999923e-01
1.930268241834609544e-02 -7.739519999999999733e-01
1.932268519805422496e-02 -8.469499999999999806e-01
1.934268797776235449e-02 -1.005080999999999891e+00
1.936269075747048748e-02 -1.155815000000000037e+00
1.938269353717861701e-02 -1.225568999999999908e+00
1.940269631688674654e-02 -1.242958999999999925e+00
1.942269909659487953e-02 -1.198706000000000049e+00
1.944270187630300906e-02 -1.165224000000000038e+00
1.946270465601113858e-02 -1.123242000000000074e+00
1.948270743571927158e-02 -1.126355999999999913e+00
1.950271021542740110e-02 -1.124668999999999919e+00
1.952271299513553063e-02 -1.218755999999999950e+00
1.954271577484366362e-02 -1.323290000000000077e+00
1.956271855455179315e-02 -1.377405999999999908e+00
1.958272133425992267e-02 -1.309209000000000067e+00
1.960272411396805567e-02 -1.139658000000000060e+00
1.962272689367618519e-02 -9.730269999999999753e-01
1.964272967338431472e-02 -8.888030000000000097e-01
1.966273245309244772e-02 -9.564799999999999969e-01
1.968273523280057724e-02 -1.095858999999999916e+00
1.970273801250870677e-02 -1.229786999999999964e+00
1.972274079221683629e-02 -1.273001999999999967e+00
1.974274357192496929e-02 -1.227321000000000106e+00
1.976274635163309881e-02 -1.107993000000000006e+00
1.978274913134122834e-02 -1.007222000000000062e+00
1.980275191104936133e-02 -9.182620000000000227e-01
1.982275469075749086e-02 -8.730999999999999872e-01
1.984275747046562038e-02 -9.387010000000000076e-01
1.986276025017375338e-02 -1.113768000000000091e+00
1.988276302988188290e-02 -1.328999999999999959e+00
1.990276580959001243e-02 -1.476294999999999913e+00
1.992276858929814543e-02 -1.471688000000000107e+00
1.994277136900627495e-02 -1.325885999999999898e+00
1.996277414871440448e-02 -1.123825999999999992e+00
1.998277692842253747e-02 -9.882100000000000328e-01
2.000277970813066700e-02 -9.606329999999999592e-01
2.002278248783879652e-02 -9.989820000000000366e-01
2.004278526754692952e-02 -1.026299000000000072e+00
2.006278804725505904e-02 -1.068670999999999927e+00
2.008279082696318857e-02 -1.087682999999999955e+00
2.010279360667132156e-02 -1.095598999999999990e+00
2.012279638637945109e-02 -1.081453999999999915e+00
2.014279916608758061e-02 -1.054654999999999898e+00
2.016280194579571361e-02 -1.041808000000000067e+00
2.018280472550384314e-02 -1.060365000000000002e+00
2.020280750521197266e-02 -1.128627000000000047e+00
2.022281028492010566e-02 -1.206426999999999916e+00
2.024281306462823518e-02 -1.239845000000000086e+00
2.026281584433636471e-02 -1.215187000000000017e+00
2.028281862404449770e-02 -1.175929999999999920e+00
2.030282140375262723e-02 -1.086710000000000065e+00
2.032282418346075675e-02 -1.070942000000000061e+00
2.034282696316888975e-02 -1.044078999999999979e+00
2.036282974287701927e-02 -1.052578999999999931e+00
2.038283252258514880e-02 -1.063091000000000008e+00
2.040283530229328179e-02 -1.048230999999999913e+00
2.042283808200141132e-02 -1.084179000000000004e+00
2.044284086170954085e-02 -1.148547999999999902e+00
2.046284364141767384e-02 -1.162044000000000077e+00
2.048284642112580337e-02 -1.163018000000000107e+00
2.050284920083393289e-02 -1.137582000000000093e+00
2.052285198054206589e-02 -1.097285999999999984e+00
2.054285476025019541e-02 -1.054915000000000047e+00
2.056285753995832494e-02 -1.034669999999999979e+00
2.058286031966645793e-02 -1.025390999999999941e+00
2.060286309937458746e-02 -1.029349000000000069e+00
2.062286587908271698e-02 -1.099947000000000008e+00
2.064286865879084998e-02 -1.189945999999999948e+00
2.066287143849897950e-02 -1.261970999999999954e+00
2.068287421820710903e-02 -1.279879999999999907e+00
2.070287699791524202e-02 -1.212202000000000002e+00
2.072287977762337155e-02 -1.122657999999999934e+00
2.074288255733150108e-02 -1.072044999999999915e+00
2.076288533703963407e-02 -1.065555999999999948e+00
2.078288811674776360e-02 -1.068670999999999927e+00
2.080289089645589312e-02 -1.101115000000000066e+00
2.082289367616402612e-02 -1.146665999999999963e+00
2.084289645587215564e-02 -1.156917999999999891e+00
2.086289923558028517e-02 -1.135958999999999941e+00
2.088290201528841816e-02 -1.104424000000000072e+00
2.090290479499654769e-02 -1.051930000000000032e+00
2.092290757470467721e-02 -1.037201000000000040e+00
2.094291035441281021e-02 -1.071396000000000015e+00
2.096291313412093973e-02 -1.181705000000000005e+00
2.098291591382906926e-02 -1.280658999999999992e+00
2.100291869353720225e-02 -1.285590000000000011e+00
2.102292147324533178e-02 -1.201365999999999934e+00
2.104292425295346131e-02 -1.068475999999999981e+00
2.106292703266159430e-02 -9.486940000000000373e-01
2.108292981236972383e-02 -9.071010000000000462e-01
2.110293259207785335e-02 -9.616069999999999895e-01
2.112293537178598635e-02 -1.084893000000000107e+00
2.114293815149411587e-02 -1.183716999999999908e+00
2.116294093120224540e-02 -1.297204999999999941e+00
2.118294371091037839e-02 -1.323094999999999910e+00
2.120294649061850792e-02 -1.296232000000000051e+00
2.122294927032663744e-02 -1.151726999999999945e+00
2.124295205003477044e-02 -1.000993000000000022e+00
2.126295482974289996e-02 -8.945779999999999843e-01
2.128295760945102949e-02 -8.888679999999999914e-01
2.130296038915915902e-02 -9.897029999999999994e-01
2.132296316886729201e-02 -1.158539999999999903e+00
2.134296594857542154e-02 -1.230825000000000058e+00
2.136296872828355106e-02 -1.224596000000000018e+00
2.138297150799168406e-02 -1.161915000000000031e+00
2.140297428769981358e-02 -1.095728999999999953e+00
2.142297706740794311e-02 -1.064842999999999984e+00
2.144297984711607610e-02 -1.066400000000000015e+00
2.146298262682420563e-02 -1.093523000000000023e+00
2.148298540653233515e-02 -1.162174000000000040e+00
2.150298818624046815e-02 -1.213046000000000069e+00
2.152299096594859767e-02 -1.267031999999999936e+00
2.154299374565672720e-02 -1.247695999999999916e+00
2.156299652536486020e-02 -1.148028999999999966e+00
2.158299930507298972e-02 -1.006248999999999949e+00
2.160300208478111925e-02 -9.093719999999999581e-01
2.162300486448925224e-02 -8.995739999999999847e-01
2.164300764419738177e-02 -9.841870000000000340e-01
2.166301042390551129e-02 -1.075679000000000052e+00
2.168301320361364429e-02 -1.144784000000000024e+00
2.170301598332177381e-02 -1.181899999999999951e+00
2.172301876302990334e-02 -1.167883999999999922e+00
2.174302154273803633e-02 -1.127005000000000035e+00
2.176302432244616586e-02 -1.088721000000000050e+00
2.178302710215429538e-02 -1.035384000000000082e+00
2.180302988186242838e-02 -9.919740000000000224e-01
2.182303266157055791e-02 -1.013776000000000010e+00
2.184303544127868743e-02 -1.082168000000000019e+00
2.186303822098682043e-02 -1.123177000000000092e+00
2.188304100069494995e-02 -1.182938000000000045e+00
2.190304378040307948e-02 -1.174048999999999898e+00
2.192304656011121247e-02 -1.146795999999999927e+00
2.194304933981934200e-02 -1.111237000000000030e+00
2.196305211952747152e-02 -1.075938000000000061e+00
2.198305489923560452e-02 -1.078468999999999900e+00
2.200305767894373404e-02 -1.076003000000000043e+00
2.202306045865186357e-02 -1.055563999999999947e+00
2.204306323835999656e-02 -1.055822999999999956e+00
2.206306601806812609e-02 -1.050373000000000001e+00
2.208306879777625562e-02 -1.067048999999999914e+00
2.210307157748438861e-02 -1.058029000000000108e+00
2.212307435719251814e-02 -1.064324000000000048e+00
2.214307713690064766e-02 -1.096378000000000075e+00
2.216307991660878066e-02 -1.114546999999999954e+00
2.218308269631691018e-02 -1.151143000000000027e+00
2.220308547602503971e-02 -1.169505999999999935e+00
2.222308825573317270e-02 -1.177942000000000045e+00
2.224309103544130223e-02 -1.157567000000000013e+00
2.226309381514943175e-02 -1.123112000000000110e+00
2.228309659485756475e-02 -1.110718000000000094e+00
2.230309937456569427e-02 -1.082427000000000028e+00
2.232310215427382380e-02 -1.060235999999999956e+00
2.234310493398195679e-02 -1.048102000000000089e+00
2.236310771369008632e-02 -1.048686000000000007e+00
2.238311049339821585e-02 -1.088201999999999892e+00
2.240311327310634884e-02 -1.087747999999999937e+00
2.242311605281447837e-02 -1.131936000000000053e+00
2.244311883252260789e-02 -1.147315000000000085e+00
2.246312161223074089e-02 -1.119089000000000000e+00
2.248312439193887041e-02 -1.092743999999999938e+00
2.250312717164699994e-02 -1.071137000000000006e+00
2.252312995135513293e-02 -1.032529000000000030e+00
2.254313273106326246e-02 -1.022925000000000084e+00
2.256313551077139198e-02 -1.032464000000000048e+00
2.258313829047952498e-02 -1.078858000000000095e+00
2.260314107018765450e-02 -1.148676999999999948e+00
2.262314384989578403e-02 -1.200067999999999913e+00
2.264314662960391702e-02 -1.207141000000000020e+00
2.266314940931204655e-02 -1.137451999999999908e+00
2.268315218902017608e-02 -1.078729000000000049e+00
2.270315496872830907e-02 -1.039277000000000006e+00
2.272315774843643860e-02 -1.056083000000000105e+00
2.274316052814456812e-02 -1.085023000000000071e+00
2.276316330785270112e-02 -1.127264999999999961e+00
2.278316608756083064e-02 -1.160487000000000046e+00
2.280316886726896017e-02 -1.165418000000000065e+00
2.282317164697709316e-02 -1.127394000000000007e+00
2.284317442668522269e-02 -1.080221000000000098e+00
2.286317720639335221e-02 -9.986570000000000169e-01
2.288317998610148174e-02 -9.579729999999999634e-01
2.290318276580961473e-02 -9.604390000000000427e-01
2.292318554551774426e-02 -1.068540999999999963e+00
2.294318832522587379e-02 -1.165613000000000010e+00
2.296319110493400678e-02 -1.255872000000000099e+00
2.298319388464213631e-02 -1.245878999999999959e+00
2.300319666435026583e-02 -1.150884000000000018e+00
2.302319944405839883e-02 -1.038823000000000052e+00
2.304320222376652835e-02 -9.765310000000000379e-01
2.306320500347465788e-02 -9.679649999999999643e-01
2.308320778318279087e-02 -1.020394999999999941e+00
2.310321056289092040e-02 -1.091771000000000047e+00
2.312321334259904992e-02 -1.179759000000000002e+00
2.314321612230718292e-02 -1.235821999999999976e+00
2.316321890201531244e-02 -1.247565999999999953e+00
2.318322168172344197e-02 -1.221675999999999984e+00
2.320322446143157497e-02 -1.127199999999999980e+00
2.322322724113970449e-02 -1.018513000000000002e+00
2.324323002084783402e-02 -9.987869999999999804e-01
2.326323280055596701e-02 -1.034216000000000024e+00
2.328323558026409654e-02 -1.106306000000000012e+00
2.330323835997222606e-02 -1.154711999999999961e+00
2.332324113968035906e-02 -1.152895000000000003e+00
2.334324391938848858e-02 -1.091121999999999925e+00
2.336324669909661811e-02 -1.029155000000000042e+00
2.338324947880475110e-02 -1.004496999999999973e+00
2.340325225851288063e-02 -1.008520000000000083e+00
2.342325503822101015e-02 -1.036875999999999909e+00
2.344325781792914315e-02 -1.062311999999999923e+00
2.346326059763727268e-02 -1.118699000000000110e+00
2.348326337734540220e-02 -1.155685000000000073e+00
2.350326615705353520e-02 -1.174438000000000093e+00
2.352326893676166472e-02 -1.151402999999999954e+00
2.354327171646979425e-02 -1.116883000000000070e+00
2.356327449617792724e-02 -1.052902999999999922e+00
2.358327727588605677e-02 -1.049334999999999907e+00
2.360328005559418629e-02 -1.071460999999999997e+00
2.362328283530231929e-02 -1.114222000000000046e+00
2.364328561501044881e-02 -1.122009000000000034e+00
2.366328839471857834e-02 -1.121294999999999931e+00
2.368329117442671133e-02 -1.075484000000000107e+00
2.370329395413484086e-02 -1.051606000000000041e+00
2.372329673384297039e-02 -1.040510000000000046e+00
2.374329951355110338e-02 -1.039860999999999924e+00
2.376330229325923291e-02 -1.018448000000000020e+00
2.378330507296736243e-02 -1.045830999999999955e+00
2.380330785267549543e-02 -1.048880000000000035e+00
2.382331063238362495e-02 -1.072759000000000018e+00
2.384331341209175448e-02 -1.094236999999999904e+00
2.386331619179988747e-02 -1.100919999999999899e+00
2.388331897150801700e-02 -1.082297000000000065e+00
2.390332175121614652e-02 -1.084893000000000107e+00
2.392332453092427952e-02 -1.078794000000000031e+00
2.394332731063240904e-02 -1.092939000000000105e+00
2.396333009034053857e-02 -1.104424000000000072e+00
2.398333287004867156e-02 -1.102217999999999920e+00
2.400333564975680109e-02 -1.111431999999999976e+00
2.402333842946493062e-02 -1.102022999999999975e+00
2.404334120917306361e-02 -1.095469999999999944e+00
2.406334398888119314e-02 -1.069514999999999993e+00
2.408334676858932266e-02 -1.040510000000000046e+00
2.410334954829745566e-02 -1.005341000000000040e+00
2.412335232800558518e-02 -9.903520000000000101e-01
2.414335510771371471e-02 -9.959970000000000212e-01
2.416335788742184770e-02 -1.015787999999999913e+00
2.418336066712997723e-02 -1.049204999999999943e+00
2.420336344683810675e-02 -1.042910999999999921e+00
2.422336622654623975e-02 -1.057185999999999959e+00
2.424336900625436927e-02 -1.159968000000000110e+00
2.426337178596249880e-02 -1.017409999999999926e+00
2.428337456567063180e-02 -1.060105999999999993e+00
2.430337734537876132e-02 -9.904809999999999448e-01
2.432338012508689085e-02 -9.623850000000000460e-01
2.434338290479502384e-02 -9.128760000000000208e-01
2.436338568450315337e-02 -1.062831000000000081e+00
2.438338846421128289e-02 -1.187221000000000082e+00
2.440339124391941589e-02 -1.134662000000000059e+00
2.442339402362754541e-02 -1.266318999999999972e+00
2.444339680333567494e-02 -1.034216000000000024e+00
2.446339958304380446e-02 -9.568699999999999983e-01
2.448340236275193746e-02 -1.084827999999999903e+00
2.450340514246006698e-02 -9.841870000000000340e-01
2.452340792216819651e-02 -9.279950000000000143e-01
2.454341070187632950e-02 -1.016566000000000081e+00
2.456341348158445903e-02 -9.935960000000000347e-01
2.458341626129258856e-02 -1.073666999999999927e+00
2.460341904100072155e-02 -1.121164999999999967e+00
2.462342182070885108e-02 -1.084827999999999903e+00
2.464342460041698060e-02 -1.046739000000000086e+00
2.466342738012511360e-02 -1.046089999999999964e+00
2.468343015983324312e-02 -9.848360000000000447e-01
2.470343293954137265e-02 -9.628390000000000004e-01
2.472343571924950564e-02 -9.865230000000000388e-01
2.474343849895763517e-02 -1.072370000000000045e+00
2.476344127866576469e-02 -1.155426000000000064e+00
2.478344405837389769e-02 -1.203313000000000077e+00
2.480344683808202721e-02 -1.113507999999999942e+00
2.482344961779015674e-02 -1.023638999999999966e+00
2.484345239749828974e-02 -9.866530000000000022e-01
2.486345517720641926e-02 -1.021303000000000072e+00
2.488345795691454879e-02 -1.069255000000000067e+00
2.490346073662268178e-02 -1.085412000000000043e+00
2.492346351633081131e-02 -1.084893000000000107e+00
2.494346629603894083e-02 -1.119866999999999946e+00
2.496346907574707383e-02 -1.096573000000000020e+00
2.498347185545520335e-02 -1.044532999999999934e+00
2.500347463516333288e-02 -9.899620000000000086e-01
2.502347741487146587e-02 -9.501209999999999933e-01
2.504348019457959540e-02 -1.026235000000000008e+00
2.506348297428772492e-02 -1.088267000000000095e+00
2.508348575399585792e-02 -1.164055999999999980e+00
2.510348853370398745e-02 -1.144525000000000015e+00
2.512349131341211697e-02 -1.111755999999999966e+00
2.514349409312024997e-02 -1.083010999999999946e+00
2.516349687282837949e-02 -1.074834999999999985e+00
2.518349965253650902e-02 -1.044337999999999989e+00
2.520350243224464201e-02 -1.026623999999999981e+00
2.522350521195277154e-02 -1.014879000000000087e+00
2.524350799166090106e-02 -1.065361999999999920e+00
2.526351077136903406e-02 -1.121618999999999922e+00
2.528351355107716358e-02 -1.154387999999999970e+00
2.530351633078529311e-02 -1.119866999999999946e+00
2.532351911049342610e-02 -1.035449000000000064e+00
2.534352189020155563e-02 -1.005859999999999976e+00
2.536352466990968516e-02 -1.009883000000000086e+00
2.538352744961781815e-02 -1.048167000000000071e+00
2.540353022932594768e-02 -1.067244000000000081e+00
2.542353300903407720e-02 -1.076781999999999906e+00
2.544353578874221020e-02 -1.083140999999999909e+00
2.546353856845033972e-02 -1.082751999999999937e+00
2.548354134815846925e-02 -1.083401000000000058e+00
2.550354412786660224e-02 -1.060235999999999956e+00
2.552354690757473177e-02 -1.017668999999999935e+00
2.554354968728286129e-02 -9.876909999999999856e-01
2.556355246699099429e-02 -1.004302999999999946e+00
2.558355524669912381e-02 -1.067633000000000054e+00
2.560355802640725334e-02 -1.105981000000000103e+00
2.562356080611538633e-02 -1.122527999999999970e+00
2.564356358582351586e-02 -1.110848000000000058e+00
2.566356636553164539e-02 -1.100270999999999999e+00
2.568356914523977838e-02 -1.115520000000000067e+00
2.570357192494790791e-02 -1.113183999999999951e+00
2.572357470465603743e-02 -1.093652999999999986e+00
2.574357748436417043e-02 -1.046284999999999910e+00
2.576358026407229995e-02 -1.024872000000000005e+00
2.578358304378042948e-02 -1.037654999999999994e+00
2.580358582348856247e-02 -1.079506999999999994e+00
2.582358860319669200e-02 -1.092225000000000001e+00
2.584359138290482152e-02 -1.080416000000000043e+00
2.586359416261295452e-02 -1.065037000000000011e+00
2.588359694232108404e-02 -1.082038000000000055e+00
2.590359972202921357e-02 -1.088267000000000095e+00
2.592360250173734657e-02 -1.105137999999999954e+00
2.594360528144547609e-02 -1.084308999999999967e+00
2.596360806115360562e-02 -1.076392999999999933e+00
2.598361084086173861e-02 -1.099167999999999923e+00
2.600361362056986814e-02 -1.145432999999999923e+00
2.602361640027799766e-02 -1.147574000000000094e+00
2.604361917998612719e-02 -1.112340000000000106e+00
2.606362195969426018e-02 -1.045636000000000010e+00
2.608362473940238971e-02 -1.015527999999999986e+00
2.610362751911051923e-02 -1.005730000000000013e+00
2.612363029881865223e-02 -1.028245999999999993e+00
2.614363307852678175e-02 -1.031360999999999972e+00
2.616363585823491128e-02 -1.068866000000000094e+00
2.618363863794304428e-02 -1.104554000000000036e+00
2.620364141765117380e-02 -1.178525999999999962e+00
2.622364419735930333e-02 -1.201430999999999916e+00
2.624364697706743632e-02 -1.179240000000000066e+00
2.626364975677556585e-02 -1.089110999999999940e+00
2.628365253648369537e-02 -1.030127999999999933e+00
2.630365531619182837e-02 -1.026882999999999990e+00
2.632365809589995789e-02 -1.045506000000000046e+00
2.634366087560808742e-02 -1.082686999999999955e+00
2.636366365531622041e-02 -1.102541999999999911e+00
2.638366643502434994e-02 -1.088332000000000077e+00
2.640366921473247946e-02 -1.094756000000000062e+00
2.642367199444061246e-02 -1.105332999999999899e+00
2.644367477414874198e-02 -1.093911999999999995e+00
2.646367755385687151e-02 -1.083336000000000077e+00
2.648368033356500451e-02 -1.061922999999999950e+00
2.650368311327313403e-02 -1.069968999999999948e+00
2.652368589298126356e-02 -1.108576999999999924e+00
2.654368867268939655e-02 -1.149197000000000024e+00
2.656369145239752608e-02 -1.149974999999999969e+00
2.658369423210565560e-02 -1.090602999999999989e+00
2.660369701181378860e-02 -1.036032999999999982e+00
2.662369979152191812e-02 -1.014944000000000068e+00
2.664370257123004765e-02 -1.027142999999999917e+00
2.666370535093818064e-02 -1.058872999999999953e+00
2.668370813064631017e-02 -1.099817000000000045e+00
2.670371091035443969e-02 -1.106500999999999957e+00
2.672371369006257269e-02 -1.132714999999999916e+00
2.674371646977070222e-02 -1.128433000000000019e+00
2.676371924947883174e-02 -1.109291000000000027e+00
2.678372202918696474e-02 -1.058483999999999980e+00
2.680372480889509426e-02 -1.027792000000000039e+00
2.682372758860322379e-02 -1.019031999999999938e+00
2.684373036831135678e-02 -1.053033000000000108e+00
2.686373314801948631e-02 -1.076781999999999906e+00
2.688373592772761583e-02 -1.114157000000000064e+00
2.690373870743574883e-02 -1.107019999999999893e+00
2.692374148714387835e-02 -1.080934999999999979e+00
2.694374426685200788e-02 -1.069838999999999984e+00
2.696374704656014087e-02 -1.040834000000000037e+00
2.698374982626827040e-02 -1.031814999999999927e+00
2.700375260597639993e-02 -1.038173999999999930e+00
2.702375538568453292e-02 -1.077105999999999897e+00
2.704375816539266245e-02 -1.106046000000000085e+00
2.706376094510079197e-02 -1.123566000000000065e+00
2.708376372480892497e-02 -1.118699000000000110e+00
2.710376650451705449e-02 -1.097676000000000096e+00
2.712376928422518402e-02 -1.078144999999999909e+00
2.714377206393331701e-02 -1.048750999999999989e+00
2.716377484364144654e-02 -1.040315000000000101e+00
2.718377762334957606e-02 -1.049593999999999916e+00
2.720378040305770906e-02 -1.056017999999999901e+00
2.722378318276583858e-02 -1.075029999999999930e+00
2.724378596247396811e-02 -1.098908999999999914e+00
2.726378874218210110e-02 -1.080090999999999912e+00
2.728379152189023063e-02 -1.077301000000000064e+00
2.730379430159836016e-02 -1.057509999999999950e+00
2.732379708130649315e-02 -1.042586000000000013e+00
2.734379986101462268e-02 -1.013646000000000047e+00
2.736380264072275220e-02 -1.044532999999999934e+00
2.738380542043088520e-02 -1.059326999999999908e+00
2.740380820013901472e-02 -1.075679000000000052e+00
2.742381097984714425e-02 -1.075418999999999903e+00
2.744381375955527724e-02 -1.071525999999999978e+00
2.746381653926340677e-02 -1.081193999999999988e+00
2.748381931897153629e-02 -1.096832000000000029e+00
2.750382209867966929e-02 -1.089434999999999931e+00
2.752382487838779881e-02 -1.076457999999999915e+00
2.754382765809592834e-02 -1.051865000000000050e+00
2.756383043780406134e-02 -1.051345999999999892e+00
2.758383321751219086e-02 -1.083336000000000077e+00
2.760383599722032039e-02 -1.071072000000000024e+00
2.762383877692844991e-02 -1.089110999999999940e+00
2.764384155663658291e-02 -1.078468999999999900e+00
2.766384433634471243e-02 -1.069838999999999984e+00
2.768384711605284196e-02 -1.072044999999999915e+00
2.770384989576097495e-02 -1.043884000000000034e+00
2.772385267546910448e-02 -1.043430000000000080e+00
2.774385545517723400e-02 -1.024547000000000097e+00
2.776385823488536700e-02 -1.041352999999999973e+00
2.778386101459349652e-02 -1.066529999999999978e+00
2.780386379430162605e-02 -1.075744000000000034e+00
2.782386657400975905e-02 -1.068087000000000009e+00
2.784386935371788857e-02 -1.076716999999999924e+00
2.786387213342601810e-02 -1.096702000000000066e+00
2.788387491313415109e-02 -1.078729000000000049e+00
2.790387769284228062e-02 -1.063220000000000054e+00
2.792388047255041014e-02 -1.067372999999999905e+00
2.794388325225854314e-02 -1.060041000000000011e+00
2.796388603196667266e-02 -1.110524000000000067e+00
2.798388881167480219e-02 -1.117077000000000098e+00
2.800389159138293518e-02 -1.116753000000000107e+00
2.802389437109106471e-02 -1.108707000000000109e+00
2.804389715079919423e-02 -1.068866000000000094e+00
2.806389993050732723e-02 -1.032853000000000021e+00
2.808390271021545676e-02 -1.044597999999999915e+00
2.810390548992358628e-02 -1.038693000000000088e+00
2.812390826963171928e-02 -1.059002999999999917e+00
2.814391104933984880e-02 -1.066594999999999960e+00
2.816391382904797833e-02 -1.077366000000000046e+00
2.818391660875611132e-02 -1.086449999999999916e+00
2.820391938846424085e-02 -1.092030999999999974e+00
2.822392216817237037e-02 -1.049463999999999952e+00
2.824392494788050337e-02 -1.025651000000000090e+00
2.826392772758863289e-02 -1.033241999999999994e+00
2.828393050729676242e-02 -1.037590000000000012e+00
2.830393328700489541e-02 -1.081388999999999934e+00
2.832393606671302494e-02 -1.127458999999999989e+00
2.834393884642115446e-02 -1.143875999999999893e+00
2.836394162612928746e-02 -1.099232999999999905e+00
2.838394440583741699e-02 -1.097869999999999902e+00
2.840394718554554651e-02 -1.057250999999999941e+00
2.842394996525367951e-02 -1.052319000000000004e+00
2.844395274496180903e-02 -1.052189999999999959e+00
2.846395552466993856e-02 -1.044143999999999961e+00
2.848395830437807155e-02 -1.038238999999999912e+00
2.850396108408620108e-02 -1.086969000000000074e+00
2.852396386379433060e-02 -1.099167999999999923e+00
2.854396664350246360e-02 -1.083919999999999995e+00
2.856396942321059312e-02 -1.029284000000000088e+00
2.858397220291872265e-02 -9.919090000000000407e-01
2.860397498262685564e-02 -9.780229999999999757e-01
2.862397776233498517e-02 -1.004496999999999973e+00
2.864398054204311470e-02 -1.027857000000000021e+00
2.866398332175124769e-02 -1.048167000000000071e+00
2.868398610145937722e-02 -1.070618000000000070e+00
2.870398888116750674e-02 -1.073731999999999909e+00
2.872399166087563974e-02 -1.094302000000000108e+00
2.874399444058376926e-02 -1.090602999999999989e+00
2.876399722029189879e-02 -1.053487000000000062e+00
